0.896015447624451 -1.32995197272697 0.464678356858749 0.958573756280207 1.92725005821059 -0.180948973722781 -0.414688943307145 -1.81668844879028 1.56635723330456 -0.667431540281899
-3.14476252006306 1.71397237205454 -4.26627901810539 1.42700861769905 0.0181901507700035 1.1268164963737 0.271182273103466 -1.15308389797793 -1.62143196990449 3.05033938934095
1.94660043180398 1.75139992967366 -0.10326179863435 1.36810340572571 4.04477599677981 1.62423878935974 -0.694637107163043 1.28034400405471 -2.80495931502287 -0.0734852516247939
-0.503925425417402 0.64621031890516 3.73460341526221 0.654146008811389 -2.23891957990867 0.303049241599584 5.95493980065836 -0.284840470697809 0.588632885068397 0.0668655575993932
1.99521049672047 0.422726717808417 -2.06176214605299 -0.294615138867676 0.282775411088823 1.35250005648089 -0.512674317138468 0.686481182570998 -2.14503035944298 -1.13726552161605
0.784234989771947 2.71226289690004 0.118384914282511 2.59652002535034 -0.881187955405635 3.06462301935761 2.0055128587064 -2.51953702321088 -3.08897949152072 -0.724828691138183
0.409499840052061 0.215232714949073 12.3043570972022 -0.858102772317423 2.14677196149096 -5.45119054444929 0.0544901389176226 -1.07675750997013 0.120264286443193 0.88935374889953
0.911904973090725 -4.24819207394159 1.24391975330591 -1.83760446838906 3.87859840677588 -3.5868745949512 0.597244638695777 -0.674487748335225 3.26799855850084 4.70034767634314
-4.60624092746795 2.04028875301152 0.457107613995952 -0.422395730925838 1.03147317135954 -2.29923922917075 -2.02323395755531 -2.04932970521936 12.366632844449 2.20047054694306
-2.78560793912366 2.55331022843067 7.98424788940272 -1.6953186623009 -5.17991959253586 -1.94747666548469 -1.99339321907446 -1.95078906522419 1.07283777349983 3.36840201137797
0.734984171632152 0.578887006146359 -0.107280927610548 -0.376603949149529 3.16843777193329 1.33885137505643 -0.499255785525582 -2.05504081517893 -2.36633503885314 -1.15512601618074
0.170705548418945 -0.903992743005145 1.62147877806701 -0.678272168252149 -2.16921421613803 6.15193971315677 -0.200068985893198 0.20142993927515 -0.79849874066749 0.578073656722037
-0.580559291771474 1.93962125894457 -1.51235511021917 -3.60404728182891 -3.24649932578327 0.529381127872239 -2.12198762760116 -0.478482262435598 1.79242777139542 -0.459112089159399
-0.0231100105264711 2.63245110890487 -1.91619428430241 -0.374659157126641 -1.09264112793852 -1.24446918489765 -1.85321946513783 -2.02723804491461 1.7501359144057 1.81158897839337
1.37302410826923 -0.519822880374345 5.16748186901976 -2.24217122903289 0.860986542683373 1.73977375703081 -1.40209643749702 -2.23930518286253 3.81805144417931 1.9201078440395
-0.613423259978184 -0.458746681683311 5.98681315585894 1.65079492563099 -0.817976781911007 -0.871188028317161 2.26477872035927 1.94653203272119 -0.0227739280061385 -2.66629592891341
0.936482144503086 1.69165887379971 9.49393200914394 0.687202091733678 1.08287254023586 1.24227431469252 -2.10336871574751 2.48513235288039 0.404199958237941 -1.60100553095532
-2.0801699803667 0.0350901261403899 -0.647218778049029 2.41860605673021 1.54617279608085 3.22550206212094 0.80852871946162 3.64453700240069 2.90939798637101 0.858899445523535
-0.678127687881257 -2.56240695133436 0.604229577759949 1.82758095354892 -2.14833491243188 -1.8190470147382 1.87495783510703 -1.95754558355299 0.0462864762935544 -1.84219639687851
-1.55568492843784 -5.22963730240447 12.3394216361937 -0.111475463099577 4.95513103482351 -0.909317469673386 1.1071380854899 1.83179605980027 1.59900773381677 1.2665836921065
2.48486487304505 -0.688481248868419 0.326560608427087 -1.02504328296396 0.957872914357538 3.5803113505035 0.47766962847824 -1.27378195580636 -4.47131244427033 -2.71880306078545
1.20489294204209 -0.173924927606573 1.10458512709122 -3.10978318119183 -0.548636748565274 2.78743951607995 1.69123802150472 -1.28797483122696 2.64809497358696 3.06001643843163
-1.68406103114757 0.524426851666826 2.37652912160311 -0.711051771867688 -1.75485402431879 -1.45369615332945 -2.2107757103234 2.09347132938749 0.284036504301974 0.57247506680268
-2.47848274025046 -2.27623497416065 -0.706275035862339 -1.91659900562667 -3.32036864312509 -1.21580659657256 1.49030343377081 -0.705870089036543 3.91865858251131 -0.0018536741854191
0.0310961968427544 -1.77382305117524 5.5990177287806 2.38609876594402 -4.10153765560434 0.118595117165127 -2.79626493072739 -0.825333437423849 -0.0593222826527488 1.52083676352623
4.53110446834523 -0.643873199212797 -0.0152251252714749 -0.150964085942876 -0.992856093583785 1.64062256091367 5.85864133628498 3.99289771614496 3.27504178768022 1.963463472095
-1.13720367872272 -1.09779098968285 5.92351968621224 1.11023762311024 5.71066037328341 4.24998872440284 -0.203681733911591 -1.01696963770362 -1.89167389906207 -3.28470735366603
1.86978964983944 -0.609936574371559 8.01888576389313 -0.742143135350873 -3.29640383303705 -2.86343016721982 0.159788383035723 2.90657057000972 3.00016680703172 0.78883475928961
-1.10072705192285 3.07299561810063 7.06284736636846 0.796048955630423 1.90460964003586 0.76515782504143 -1.21783412389811 0.379416359716243 1.80419459667856 2.90230349123078
-2.48436320662294 -0.829743781007752 4.1587933081924 -0.821556188931421 2.89920976758248 1.66870328354792 0.75153822526234 2.32284022850668 0.0156101437679592 0.454871413121706
-3.53132277276673 2.01858252274379 5.28264873289528 -0.0098447413514605 0.0800017590180692 1.08527634984108 -0.464005933575215 2.22080015914401 2.28199744808294 4.74134366879126
1.51338519107741 0.236850967826895 5.21224513266811 -0.1678163359483 -5.85588490537914 -0.0798136932973324 -0.396169339004084 2.14031646053213 -1.00189241871655 -0.78875128063258
-0.674239806819827 -3.74430590245253 8.32534158292658 1.49075215131762 2.69532618904738 4.33932986034694 0.412753188143613 -0.312231335515986 -1.86380173510061 -0.180708937311844
0.56021265300216 2.5860166492878 2.9763342375727 0.537967768701999 -0.505271430529421 -1.19550883096853 -0.969757016950651 0.0514469702279882 0.176323355798805 -0.597195890716074
-0.968231059629544 4.06457286842311 5.1339978295751 1.4628943521454 -1.17601372579645 3.22635329109744 4.22511225678864 -0.265681209768672 0.29752616240381 0.771570869039446
-0.0399907439674533 1.42550936807192 7.1703012085277 1.95702331376636 -0.692274914446194 -1.69713282428922 -0.489371741393816 -1.02124629361721 -3.15842385837221 -2.47977207361279
-4.02996837519221 2.21546026642459 6.27588903105178 -2.25306739393611 0.245499160057834 -0.980170686082898 0.425736691095458 1.83568002286111 -2.0467659509875 -1.16982337003232
0.857793153350969 1.22578852671739 -1.1956945002199 0.630592638435485 -1.20449676161508 -1.82119782309297 2.24474204111183 0.0302930622796321 8.862045266602 0.382506704433643
1.89058594397929 2.38792173869248 -0.188873669279829 1.54127127068775 0.337057635467868 1.49973507249854 1.93541620262868 -1.41573365095935 -0.12289919845413 -3.23237261472022
-0.0706614752171325 -3.22132793429334 4.49009553287817 -1.75893123272097 0.135245446742991 1.12303005863864 1.17537425090012 0.421607191730481 -4.10575162343605 0.529451176087262
4.16955420706285 0.634734983963689 1.29450391154666 0.585092679470363 3.65297523347796 -3.94958189326469 -0.657356296225443 -5.99144265895912 -2.94891887108457 -1.32313410327049
-3.04012474116915 -0.757898352631333 7.2300933433838 2.56650527043025 2.20038898655231 4.63572605559109 1.82206714830356 -2.08315982858763 -1.4193355952107 0.957576498520718
-0.853114238237401 -0.0353679121607328 4.71092772365936 0.241616732876655 -0.93030531058361 1.69140574325008 2.09143518687627 3.04541022310355 2.48237167871192 -0.809725077172525
-0.648973490274775 -0.49440995704916 7.6425651914166 0.585265276461289 0.860990233011731 -1.64965654487399 -1.28507395480691 -1.42170222606843 -2.55309230190096 -2.32425828544024
-0.585941866573409 0.448913085597563 7.12871548353419 2.18611554719858 0.617645598485728 -2.42633321694068 -4.5695905966835 0.35433618783074 -0.0737423635051564 -1.16497574106399
1.82961123588824 0.530460819314595 4.29616728711787 -1.73583511641884 -1.42175190233596 -1.45854449576995 3.24854736528823 -1.03362604961627 -1.75612012817424 2.35860378197874
1.99882421977537 0.783640291266137 6.61912738675836 -2.04993402186621 -1.17621242099086 -0.284153234992539 -1.51651732741292 -0.761394247612224 0.565715974338442 3.37005078025583
1.93374034993247 -0.202767104664569 -0.059269410007214 0.562535988605959 1.51013865977964 -1.78052162879503 1.19057533651617 -2.79086313859776 -0.910411632906819 4.4025527749546
0.406961446570653 2.27185842757845 6.409844227612 -0.281210324268312 0.740815231242389 1.47047572888064 0.370559299289509 0.520467007945851 1.02478172088191 0.700395217265976
0.843551507554452 -0.309758747920519 1.14293733820319 2.08507997863138 -4.69116086539333 -0.842978956656822 -0.740253645992705 1.52431988622977 -0.470658747398766 3.61542151889769
-2.8953162088454 -1.10461974807757 4.41642507857298 -1.76496274629556 -0.0456008391522898 -1.38712311323238 0.365854815173665 -2.34131602071822 0.649902740710897 1.71311582542436
-2.45250894664424 0.161102575669369 -0.400307571018297 -1.21218393594984 1.04834474972729 -0.890292696738544 -0.318021633199631 0.715361102511168 -0.244913293296271 -3.89116932515187
-2.0800066940773 0.938195026900232 6.59346244682187 -1.21635012556862 -2.01732563515255 -3.19579975802885 -0.829524774779731 0.935440877653567 2.05903654646984 3.46700565453729
-0.54723511607239 1.66750939273368 1.15973275729538 -0.484759389009504 -0.180818307874356 -0.441361858086377 -0.541259926925443 -6.58703341338075 -3.49470010012722 1.19738756827217
-1.1170464741449 -0.730892399231472 3.2541015682524 2.95393470373231 0.770026544532588 -1.82954494898337 -2.43553201054561 1.58961632240622 3.60196310923242 1.91714826382319
-2.96177202539085 -2.52623429737222 8.55459828010586 0.276703724309815 0.107460677689136 -1.11424622393054 -0.208081421437078 1.65612515401706 -1.52029669411276 -0.120892429692418
-4.24166082557785 -1.94531431756588 5.0324407625778 0.0229936797990148 -5.20251868575555 4.25101196397628 1.83472628991337 3.2644601071278 2.08751582497983 1.44904247631627
-1.55129794316146 1.26764932181661 5.76372095846728 -1.57824414928495 -0.545206233036486 0.13813870678377 0.687203226378651 1.13680192292939 -0.807424153458839 -1.39800595289811
2.76050585264305 -0.504622181715226 1.66882588945385 -1.30582096636091 1.09495112163976 3.41058268170489 0.555831336863441 -1.25757212217666 0.204775686582762 -2.07736239515619
-1.2367643683227 -0.387787303371186 0.0875545941224342 0.402393367355786 -4.11167238746811 1.15859411249635 -0.568080472919463 1.57258415131982 7.07974963133312 0.171021315393494
0.702591758594707 -3.30732931742138 -1.24269372487361 3.23429029463008 3.09037025903371 -1.17728668987821 -0.448659771934671 -2.33032762905209 2.57197497887798 -1.03225490452629
0.805297958742905 -0.495656221198869 5.75934206207985 -0.566868749847568 1.01638741568248 -0.95867284498959 2.18986273998277 2.36779092086871 1.39104860310805 0.340414457621677
-1.77875329370141 1.40750715906262 1.78085734864083 -0.366145634341798 -1.36818082480071 -0.490932474163299 2.35823509794986 2.90433917884326 4.87540791424439 0.590905353097686
-0.65627101333362 1.40786797539281 -1.52946433262024 0.573826885094931 -3.20731603990273 0.214276937103955 0.144073661771273 -1.74315687715023 3.75241622960945 -4.59835895550368
-1.0141291479061 -2.47840793156847 9.0074244391142 2.57349081839003 -5.19748715485871 0.561982200006352 -2.59542821421784 -1.34220206878131 3.13054038490485 -1.45425093786553
3.11768456986724 1.27595596058445 -1.89686169978404 -1.85845231287009 -2.36636286396434 -2.41412354296411 1.47434544449926 -0.336156457047629 1.15003903385245 3.35558156530983
2.95133987616281 1.72522987574743 -2.41661032945435 0.685576340398193 0.575921420536877 2.44781499356957 -0.979469154357234 2.26517441019032 -1.06494358089104 0.812833444337187
1.38892611705939 0.594027015907235 1.54048269910408 1.37045984934413 -0.255478342844698 0.932560802508206 1.10685752909322 -1.49078601000628 -0.290848307674875 2.52105833850371
3.39880490249449 -1.80805180181474 3.59845576674318 -0.581562601958568 -3.48924283098061 -1.01882647381426 1.2696208092598 -2.23991053178201 -4.2151095909289 -1.44291101640207
0.399965692328645 0.307489709151044 -2.41930858965282 0.438332361769199 -1.91264815265449 0.332554683833217 2.82263098922492 -3.46090653527807 0.172496025276871 1.16311850185569
0.194456445065746 1.57251369681012 6.1526741900133 0.597520841481371 3.59767896521062 -1.0104580979774 -3.67257979799109 1.35605067274146 1.15507084604323 -2.22424844318822
-1.43084048584499 -1.09605929967718 7.88747629939867 2.01569255209626 -2.96928398355082 0.44646381695961 -0.769383481935249 3.39005839427084 -2.18380541891408 -1.12588360528185
-0.518451285616363 -1.55606750438616 -1.20773198900479 1.8283523119709 -0.439229504716126 10.488948078345 2.01017547222762 -1.04826620044086 1.7623379470689 -3.0637681257553
-2.69363623068759 0.661357001640663 3.49496266236975 -0.192643014961016 -0.159210790538875 1.54606860210826 2.15448266475198 1.9143998892157 1.65598657338795 2.04294436949344
1.69853509417456 -0.870035137299503 8.75051368868494 -0.753202833010224 1.67645103988264 2.39355103457458 -0.305948580566883 2.80038910181286 -2.75379062592969 -3.15419182836616
1.54832053819138 2.42238579761112 8.3206705426472 1.40172926776466 -2.80238639910827 0.74538545047805 -1.00752430399117 3.31904581643669 -2.33166011730128 1.01457794069131
1.00761555546849 -0.810419146388778 0.407252252394143 -0.878453792118281 -0.869381905731062 5.6798028689544 9.94441318786379 1.67781077265449 -0.108206933141796 -4.72715329001718
-0.790876327283846 4.91677332810619 2.72675967278155 -2.96062984255641 -1.66443521730377 -0.317753385852397 -0.0287864059908858 -0.317829936679565 2.13631348476043 4.90435077710212
1.06561858587344 -0.901505366646915 2.92130235850919 3.78682612525009 2.93205198649879 -1.42032688602836 0.664192478943463 0.414822723583276 -0.32532484527109 1.40872930998398
-0.695838906501368 -1.70312749948168 12.1228524083468 -1.33672237693809 -2.93816920075401 1.06440582029527 -0.874124342742948 -3.72324432001023 0.837869319092024 1.14834136020631
3.01139729210192 -2.21610845337693 3.44901129630841 -2.24392127415758 -0.644377532612634 -2.8205146029634 -0.397686687562428 0.289340020401849 0.289056493531114 4.01551353306155
-2.75981110836182 1.07936151709829 0.216155558774247 0.860452346752141 -3.62904272917006 0.716299987230754 -1.7550450780396 -2.58483084693858 -0.398950993833717 -2.76375098614198
0.12095806415292 -1.1377001482491 2.09314333917824 0.484555655849052 0.311388285035413 1.2363676942165 -0.572778896625328 -0.255398516054132 1.06348396113348 -1.54746886565633
-2.08698747623134 3.7675275724988 8.44185515308698 0.64994593722216 -2.23808379256232 0.605215581553126 2.96179087889023 -1.48597613902244 0.59305196831739 2.4739825697617
-1.13594255097278 1.44866806588154 -0.252679577452253 2.23840674340214 -0.612542470587384 5.24313488835843 1.12159055852712 0.853509052837256 2.21428834992657 -1.11275111369809
-1.98117958418215 -1.38760862538728 2.00071627109861 -2.24390887903465 1.41783208321379 11.8550836478724 0.839350116186359 -4.10521084204796 3.01462425707725 2.56218645946947
-0.0232167952034786 5.28270487364933 0.0178288526326851 2.82448898036729 -1.35722525177825 -1.80796804182101 -2.7324471918497 0.903272194986713 -0.34395882718606 2.18762630998036
-0.868436829660546 -1.66547235365392 0.43275135837364 0.132449217882493 0.488208576689608 -1.15062284717048 -0.269957074974714 5.92289203160817 -5.45158470718506 -0.142560652513214
1.30723298239888 0.116340828462539 5.82949565885459 -1.55725462086798 -0.199960885869764 -0.232678866812432 -0.725326607937946 1.93616390621158 2.79032299439211 0.605917636109696
2.0163304522465 3.53563782237292 4.44527913634268 -3.95374790786766 -0.58951205243125 0.53202337499109 -1.54485299322793 -3.59034751974406 -0.738181207376957 -0.617442449348183
-2.20856246218412 -1.69590512407539 -0.847612961753638 -2.60457558606357 -0.256422265881254 -3.70264997529045 -3.07777290263855 4.90814172080713 1.24736847141348 1.69489171842473
1.45072836428522 3.14076259679963 5.86679800935667 0.572716309171323 -1.07530015526309 1.55262280434518 0.850523754435169 1.73852989593612 0.771659308756899 -2.30860301139606
-1.62315730790052 -1.0283952185744 3.13584819135544 -1.44242542908488 -1.66596478828342 2.94914648105261 5.19590193780762 0.315637710553343 -1.83494729765535 -0.067739968429712
0.619491914523776 -1.97657211815427 7.89009197709561 -2.6543032159057 3.13333653003779 -2.2326629350277 1.62664577815993 0.483365143795479 -0.281152855782714 -0.362396050864476
-1.22009621003149 0.243088013522053 2.49088639971431 -1.37089242107724 -1.16350709297554 1.12795840017022 1.41918642845146 -2.46574686955515 2.79010678913893 -2.21295870923298
1.00531289680615 2.50495983595306 5.33704786705027 -4.24569880808436 0.950277455191447 0.222260093908388 -0.997228661010572 -1.65628754048531 -1.46910055572423 -1.70055194719297
-1.26187923379053 0.716388677283094 -2.98315803068089 -2.1378530632813 1.66442628743785 -0.0441993248732907 1.07584332520426 1.70307748602424 6.26326221861511 -0.805699879540582
-1.3151310642355 0.740018198852842 6.28538748001902 0.982582669627321 0.508954684973519 4.58311176619881 -1.41532860481385 0.861748346938003 3.25648198267861 0.189951046913478
1.63883305289485 -0.749381928408401 6.94268434601269 1.25020410136495 4.30646980025113 -0.0730805519153885 0.528900190208022 1.15095971455408 -0.268191423223508 1.94653125100229
1.10808399579375 -2.18013142315453 7.89941598288499 1.09901598889694 -0.780979769402643 -1.19851356481648 -4.90357595266259 -1.48359875961353 0.98478761710411 -0.320996639171429
0.211874264185017 -2.12049445565284 -1.00454261898627 1.98084335971029 -1.02117240114002 -0.795283077196781 -1.48784539735995 -2.47869785260755 0.856533611223263 3.45902486622432
-2.34589995937882 -0.159638055061072 4.44223274488416 -0.513587011759726 1.85025143278266 0.183132693802802 -0.665690202061866 0.8193880931666 -0.0755636622342965 1.06726218204551
-2.2230987153871 1.9651546386619 -0.307789646216793 -0.956998640191083 -2.61458997611401 -1.18633099395607 0.669843518440332 -3.25682924578343 -2.60836509794731 -1.67512420602768
-0.844208755782357 -3.58460554807942 -0.610336659941358 -1.07885044728785 -0.0175410383815511 0.206795526752858 2.59690903285273 0.179061454751745 4.82082165275191 -3.44713772529675
-1.46750605598487 -2.31025369724865 -1.47808380707333 -0.716646757479164 -0.908990391067252 3.91958320323805 2.53768409817097 -0.0670265031745902 3.58824168426851 -0.767530001796273
0.688204303360189 3.11320015839749 -1.9947780459668 -2.83633850983574 0.828304632844867 -0.665056231555631 2.21300453212295 -3.54669287069155 -2.13840638094123 -2.83221490722642
-1.59088669053168 8.55256396095414 -4.3701714678763 2.29115755699207 1.70950027714737 2.57583651167878 0.428548179974172 4.61113942655511 0.21298765669479 4.23076418726789
2.97637017497896 0.0379002267399779 -0.283444499881593 1.35699515279002 -1.44131911138032 0.317671899842174 -2.68087109182037 1.91362677940282 1.01993524920812 -1.58418037806199
-1.03224207925647 -0.849183689245453 -3.92603610592993 -0.178316737809975 2.39303034871989 -0.111673163824894 2.47199372418532 -0.462222764867687 -1.27137885508798 -0.600526081533031
-1.28234411030044 0.861838621943742 1.12283740584471 0.71882155573066 1.72053930564137 2.92648616791648 2.80350200529472 -3.94704116662502 -3.32941651286958 5.14882019625144
-0.956157935418316 1.58828262352128 -0.335021728730494 2.1988718689468 1.2574224895911 -2.46922535218269 0.709634017663911 0.880147049294359 1.88053201321339 -0.954563970144579
2.23339029372264 0.970508165514834 0.657777419307621 2.23643212671395 1.93382948727584 1.59246529137031 0.322265740665797 4.826243090601 -1.9017600760262 -0.32770629832332
2.87462810943171 1.31650555815885 4.50363058567632 -0.175445866193121 1.08197445197472 1.3370071941152 1.29875917250226 -0.998181825552993 -0.900653103455984 2.48643528147239
1.14214637395076 -1.22884527650598 -1.16374213599582 -0.881207609370147 2.46266165617836 -0.547627851679843 0.561837662334506 0.77800986443378 0.373963684520685 -1.42308567980556
1.60186530984517 2.0079716257136 11.3995055589297 -0.691848952961745 -1.9221556608794 0.0457335415757413 -0.452688260701211 -0.36956116050661 1.6551044272117 -0.242340330023619
1.31651995650677 -2.80546773543999 0.506769586878782 -1.33137653810571 -2.12872059641451 4.2219382664032 -0.519650852874933 1.76046791628516 -3.3915424857494 -1.11633935428863
0.8022061515594 1.65479444301173 -1.63885859845098 -0.920343262043275 -0.757644486644498 -1.72548555275988 2.32113196921096 3.00719914780147 1.33004031154907 2.39960436435279
2.10516917754554 -1.84882120043303 -0.0019863564318712 0.134306284404553 -2.78267401677037 1.49969549908289 -2.32608249171879 -0.00319278841942841 0.363801991243497 -3.40857071127857
0.0470427159384047 5.20820397982282 4.51608359345281 -0.0304883608049369 0.978000483167837 -2.06136975947228 -4.57899861895233 7.82704943506446 0.0866793168885924 0.618100155897575
-0.643985151334965 7.79468689474314 3.07685257881619 -0.690522466933119 -0.105726704598782 -1.71391461368606 -2.64565227331639 -3.30557253077389 0.179596753485002 -0.332076144869989
-2.45388816532044 10.0575588741801 2.17449448262592 0.77861267806096 0.547275252631518 -3.14104044978629 0.2699563429605 0.315740201297078 -3.84417935070727 0.230288228008382
-2.27363691209615 7.46963530624082 -0.60011710942278 -1.41159687613879 -1.35784170992413 -0.735425475260796 0.603005119695468 -0.713720245810539 -2.76232661074217 -0.73529314555964
0.930955810724136 6.39254486751906 -0.32591495433857 -0.674290284220245 -2.55402355500099 -0.566545548597849 1.67522269231587 3.21194291266983 -0.913271281320796 1.71852978000641
0.67559262162865 -3.06292679727604 8.86904705985139 3.11031643058256 2.42458686316543 -3.00301876911603 0.685977443964921 2.55957506596367 -2.59657967768045 -0.106634265747735
-2.31918900973343 3.38484167397246 2.65678486274878 2.22698251520609 0.818517741434616 11.7321250179428 0.839333057547035 3.34409924321924 -0.485970294454555 -1.63000289773379
-3.92212433539932 -1.28169436871408 -0.814276312559486 -4.11634026790068 -1.70212823817723 -2.55676855378077 -1.1162432472186 3.48389132545898 -1.04947215058942 -3.751457888232
-3.98559702121087 6.71844577102978 2.26804710316162 -1.31436943659173 2.29093896272225 1.08782143195692 -0.0945365777647834 0.445873844793705 -0.241434471316234 2.6663948349255
-1.44874508943651 5.54550142569523 -3.09769817429445 -1.95283417694325 1.91905701877924 -2.19121049485047 0.0222249583682509 3.42936142753623 2.13232935843089 1.02145929114372
1.80910225949308 0.863198695179956 7.49064207551358 -1.67484900267673 3.39308014122066 0.434792627516248 2.33308173080435 0.216344869431648 -0.758502773765517 1.30231621289588
0.37399992969702 -0.497375026794692 -1.82262931565846 0.346273171445131 0.168459853840518 -0.836185760279753 -2.20097365099421 1.21096258693007 0.636800677359752 -1.07996721617042
-0.647958500595654 0.136090901235525 -1.5401140791825 -0.786075808606586 -2.17265864593782 1.08379113921914 -2.90954309683462 0.290970303439681 1.72771924023518 -1.15377045246267
2.7127015250291 1.65464097846725 8.62682946573068 -4.8152921747624 -2.91944211338242 -0.0836651896024316 2.17526579781504 0.337877817190086 -0.0460529300789872 -2.57496436619079
-2.56537899842309 0.484309315769124 -2.8539401595121 -0.0840998733323088 2.71566303821732 0.262429563130999 1.04306614751812 1.87754385332988 -4.05907943384215 -2.38255449374641
-1.60993269175106 1.0825470183989 2.98213297623167 0.877541740921006 2.02685097943183 -2.13755251044656 -2.05289574864628 3.53114783747087 -0.481638411885732 -0.776190527592091
0.823328255659612 -0.147104573507878 7.42585629990142 -2.29955434699045 -3.0315955579622 -4.3238241530926 -1.44708053269389 0.0728378003737843 -2.24802419278314 2.28965261108909
-0.714635894378775 -0.464267441445189 -0.0268412994562874 -3.79234409233375 -4.54737886244938 0.176129829894239 -2.2972409621898 1.24531390192992 1.03782895890149 -0.928050840310381
-3.20436236788072 0.47811999981841 1.16255781168323 0.743203543887381 2.86432845685159 0.331077693727465 0.408267133569318 2.33241155461295 -0.218720648827742 4.53714186883209
2.47965566940876 0.446568832385251 4.86489398022986 2.20719920041088 -0.256488866094951 -0.0905224477185497 -1.19698742697759 -0.888374236573277 2.4996776943466 0.00103399286033375
-2.04699243632704 -0.191438596178089 3.22028091492098 -3.27561684461983 1.52947993355031 -0.997939890148281 -0.924717855400555 0.394414038242864 8.56094781479456 0.284273437477069
0.791230391874937 0.701536858297536 2.7182444668699 1.45299382087136 -1.05582629628552 -1.15153530444336 3.35948007052271 2.66891425634599 4.72327652884238 0.449237558002143
-0.288781938673832 2.57599510624301 6.62941829690766 1.18744596113076 1.00414439613549 -1.37891130145715 -0.17037897200782 -1.40657654396833 4.10275746630201 -2.38107932340309
-2.29273433433143 8.42783751838959 2.58279586878726 -0.827849842368542 -1.41063053853683 -0.760897850867742 -1.99853559467275 -2.92772607393086 -2.49551180170646 0.413050710945452
-1.49079004493879 -1.53457381711584 0.389586207178066 -0.2148736026925 2.89372644997188 1.48956403119407 -0.0691129955530672 1.22635417322378 2.08086028574789 -0.157240437808007
2.07903245665072 1.22037516848004 7.74349039125195 -2.92208978841067 -0.105234738157074 -1.40566693579077 3.12874791484702 1.584284533745 -1.32098328834954 0.0437362896516646
-0.298138233224279 -0.186045301935214 3.23794155299007 -1.37171292318424 1.60945160477013 0.795946099261879 1.40351902312288 -1.16917288996058 0.740296382768603 2.78909625968806
-0.0754344837662005 1.51582585327978 6.28887289443212 1.19621825330475 -3.82005417763367 -0.843773047690898 -0.807653024195316 1.88864819410824 -2.5588473731236 -3.53799066548
0.214425014517194 -1.46822260070558 -1.71214858149151 1.22863662410069 2.1830333933365 3.27105978035587 -0.759112862024345 2.86283653020033 0.248365943240779 0.13297847237938
1.9580326482467 -0.521005461666537 7.25584557416554 -1.59452797473191 -0.740861249030539 2.73130123260987 -0.725494445512492 -4.44768310666302 -1.22666892175022 -1.87044209087963
0.137001085968439 5.65676311708343 -2.51771066518843 1.85920033717362 0.293655201132872 -1.02599153671223 -4.55482977325788 -0.145219998763787 -2.37367614967408 0.520646904179198
1.15835255235022 1.18319900573822 8.34467816305146 -0.221444960507242 -3.59342617505567 -4.04929841801651 -1.99881150589428 1.23741232724743 3.2165867801054 1.20712375843684
0.253900068904165 0.258316910956751 10.7229505057878 0.531675206506914 0.955645780930425 1.10899017792215 -3.73397720394438 0.681858842754873 0.491372113310898 1.78335808149623
0.276954860096025 -2.03263289211939 2.98098706784375 1.42236669343668 -2.3201845345107 -1.35256133660107 -0.612602663600816 -0.635835465847956 1.64215379606623 -0.816323029350178
-0.755527970986314 -3.47544567408077 13.6683842641731 -0.314459419574337 -2.80329291322059 -1.023220036237 -1.6363753172617 3.26832287891599 0.0949085145174126 -3.28293260884338
0.522893788326923 -0.236873885295376 8.35146565535071 -0.468023405959218 1.13251755757409 0.84777750883621 -0.785134792090514 -0.744944413395059 -2.67455713551236 -0.0670942448252677
1.54853645491204 0.444244268079952 0.452057100941686 1.95909687780367 -2.43752043697456 1.80935055445658 0.370607901977903 -1.56901236078139 5.44534175392004 1.15938952608046
-0.351067959594068 0.233018677396797 -1.17935487009144 1.76970561480794 -2.26995489859804 -3.67950047167224 -0.911507073943196 -1.9341412857533 1.12622382331017 0.76893078818289
-0.42375238892521 1.37408963696392 -1.38207100319048 1.16035640074175 -1.071303817147 1.26227555809674 0.819508147472551 1.19054907302236 6.96268442478928 -0.655392526370854
0.746344342737215 0.982593497575783 0.011317008281625 0.451901163964695 0.993530807375494 6.54453072598233 0.245214544855477 -1.31084229493754 2.88156716943517 0.794181061848466
0.77291895769566 -1.06747554830575 2.56285835619997 3.07147658982459 -0.539297746767387 -0.0534578857309432 -0.940523780566256 0.976105358428882 -2.13105248391671 -0.306187103918969
-0.761042108643769 -1.85800783251013 1.7246585851662 0.788202676970238 1.07252599507811 6.96283284590098 0.250926521377628 -2.25684443652539 -1.7916389001915 0.630527516164385
0.782808573022601 -0.160131127973564 -5.85312343319218 -1.3805682759032 1.65913538323868 1.28709319137801 -4.29459648515181 -3.00277183097473 -1.88721226423204 -1.26748400437548
1.2654141430169 1.75685224109936 3.97936314382168 -1.51914532549924 -1.42082705226075 0.954670099657459 -3.82038924325419 -0.431253226305726 -0.302387473361052 -3.38433428626298
0.897481719699127 -0.579869132852728 1.63535248195927 0.19917956358105 0.869984782172723 -2.86305306574174 -0.618291822079772 -3.49680623566577 -2.19475610545818 -0.819346639271018
-0.591119998069644 -1.15256876051678 8.04605680118966 -1.05473203991771 -0.714138416642783 -3.48894558607559 -0.908039679255995 1.95967948683971 3.08242718909838 -0.147075410289802
1.81871348203566 -5.26262527703969 11.7158213074199 1.59976309606261 -0.749039821252428 1.22259981860239 -2.30346699874202 2.64124822334433 -1.81239760243916 -0.798138223899838
-0.83389513191718 1.31070957132603 2.6854034315733 -1.68497958789842 2.10813966585743 -0.841111384635869 0.489254159360402 -0.305562489496345 6.87157801789399 -0.561866135750367
0.686554569604618 -2.29210112359407 7.59460874183092 -1.07652311894151 -1.58655127887338 1.05962764932795 -1.85867022596127 3.10703451222216 -5.70365093634164 1.37147924046133
-1.7329282782142 0.23893105120272 -2.08467479830366 -1.38646976987829 4.07114526813919 -8.78238939236302 1.74888110715678 -0.597431352492113 -0.144737890132265 -2.70963877843956
-0.563547374623159 -0.308981651646194 0.0375927364816998 -0.348061365895273 -4.00463568314786 3.99989079607269 -3.32659207684707 0.727683721666716 -2.21847465859732 -2.69205543011749
-2.29700720778349 -0.28327927624897 3.80570713392328 -0.901252973445426 1.56534024115307 0.0910538004453607 -1.86802468194033 2.59082144591922 -1.57118267365166 0.0135392533013395
-1.95818091704582 1.54000957847407 4.75108842434745 -0.588145756963984 -1.93420288296791 0.0406146974753988 0.312929504994119 -2.39329737088776 3.27832923182087 2.22339321028996
-2.18626428495988 -1.19059431205636 -0.96310661410834 0.617621475976951 0.767571822962067 1.11569393715681 -0.743773331999618 -1.27253081440361 -3.34493885104516 -0.966154790054452
3.7168284642823 -1.5114384627157 7.80406702295752 -3.92497771862665 4.37519845070082 -3.23620661652532 0.0179828662468786 -3.66639478165047 1.97653766301088 -0.872798625815213
0.589545766024387 -1.05427028704117 0.833475763790378 1.08774691710701 0.957101851568874 2.63134169671758 -1.1647804825414 -4.45586920658677 0.93045392734673 -1.21074297911627
1.03042628385575 -0.333867686601562 -2.75614484711434 0.329273417352393 0.664644339014037 -0.556949769867083 1.77009194270175 3.8560065195137 -0.750641316863096 1.42999863868628
3.14157420314514 3.84768749831997 -1.04749409497533 0.576981198269883 2.57803482768038 -0.53874372418315 -1.31630913116474 -0.737106687697961 -0.984744807499851 0.234173101312979
-2.25243331529635 0.967892136708759 12.4801608429678 2.27524461175299 -3.73098351989929 0.927643287242567 0.627952272589851 -1.39905367773634 2.70907431772929 2.83481748216356
0.660774239299029 -3.98026545347339 6.84095137523702 1.7881662021584 -2.89394127717058 -0.999239482564424 1.13727654035536 -1.40440913231979 -0.023616311736793 -1.76266953450087
-2.32815643113868 -2.09267706199281 6.93002074348627 -0.21129435512377 2.32317942501948 -0.293359527871074 2.71034745543523 -2.00137349094571 -3.04364247687073 -1.19432077811519
-1.298374677737 0.0237550743026105 0.309424149899696 -0.542599175612932 -0.3778884811636 -3.77963986197957 -0.298391442350299 -0.395795654175168 -0.349442000974371 0.963896716369235
-3.49827080513183 3.60169248680936 4.61803979796058 -4.6699095264354 0.517737486496144 -0.868600522811966 -0.980535610247582 0.84133708134699 0.928825889780179 3.41576098801378
-2.76593242599812 -0.757713486494124 1.82975237358311 4.62464424571908 0.872844558860913 3.38966419398675 -2.39397826832158 1.74196509127235 -0.668307725629071 2.95703885998032
-0.626675272698986 1.20263749294809 5.24473980752587 1.14303555546813 2.18913068886816 0.63944800128435 -1.46075647319919 0.227640790813043 -2.52191638506028 -0.96218404773616
-1.88573570293957 -0.572775846021401 4.06842291293407 4.31404446736464 0.816707622177855 2.83143057533983 1.01016172298603 -1.6059451173767 0.505216853103595 0.065025018583393
1.44492388428623 3.2297684518244 10.8704545768988 -0.110248981862287 -0.990961107116726 -1.36121241607307 -1.76811767302056 -0.721888862413946 -0.0795261860452593 -1.63238625271163
0.11121850261595 0.146364648806791 8.33970228850568 0.212341816348388 -4.51864930999671 -2.85651464835038 2.94365993505092 1.29720676182047 -4.39810817149587 2.28568503001032
4.27638702648564 2.3487510591362 9.83775356850961 0.278532457998322 -0.127811458054096 0.55563400662668 -2.19741685602635 0.494299027542819 1.23605992384598 1.48483660938462
7.08998644501293 -5.03614390633266 3.56171093323661 1.24156023595003 0.346411496059892 -1.80944242657036 -0.446156468489611 1.99322035118692 0.224008275736889 -2.80644332558987
2.27390697569152 -0.851568306020342 -0.570558560176635 -1.16438509972882 1.00896794402688 3.9384454630832 0.181891649331579 -2.62309112029991 2.35802074340708 -0.3481291012379
0.622546026080014 0.0494118936986296 -0.974865404999935 0.839403578631881 1.37139418691153 1.66916950709355 -1.21873256077994 0.157772774364859 -1.30105784607945 -0.223163891379538
-0.191743776998779 -0.184528778188949 -0.272864757942121 2.45633468593479 3.62569163195136 5.65638224339686 0.930959617981167 1.45426660915597 -0.502229645988476 2.17774500136719
2.84885771900437 0.733283774891298 3.90425221972774 0.818949434843521 -0.644763722371743 -0.372845687755876 0.479209074176014 -0.609800681347217 1.68587954771551 -0.743076273014773
-0.729254872911805 1.67590011081264 -2.42823663904545 0.311056759840702 -0.311892036436696 0.274383166382081 -1.058998566586 1.77922713225654 -1.57275998464255 -1.13050962169171
4.98714753668638 -2.04819305507616 -2.07335448142128 2.41616207954901 0.391118153917623 -0.833645151740038 3.53318231662477 1.69825124458784 0.805493544635583 -2.67170728664165
-0.854424416994299 0.0600487750479456 7.86833312940344 -2.09102557002961 -0.705949524665383 2.68002935722524 -4.37075587282045 -2.0023168881882 -0.897428710870671 -2.17904056270095
-1.1774523761873 0.987514631759267 -0.766341898960204 0.230617136427921 0.965731117168352 1.24905311934906 3.83491673316519 0.624826282813931 0.423867050187593 3.87496325046904
1.24358410586837 -2.54941522826652 0.742748040958372 -2.70010249882168 0.971849693879987 1.1005201474424 1.15465744676248 2.59746457096761 1.80802791763193 -0.655117081543491
3.64924143588955 -1.44439345653529 -2.05319393664557 -1.46873109975889 2.79056914611214 -0.867405945600607 -0.0519183060726542 3.66310396351292 1.4162571369807 1.20657008272694
0.855174936975483 4.43403633213421 0.671166124403492 -3.50587222836303 -1.86602110210359 0.510080413577794 -1.70195426775781 1.38694343130371 -3.11798468204737 4.73082911694656
-0.241055651176879 0.996552323439021 0.468919752407708 -1.88368620569656 -2.55716779681482 -0.133478357524279 3.69985770759709 0.00874583655086991 1.29591568650315 -0.755462414184699
3.34115661519713 -2.12170219640628 -0.370176429471897 0.0897881149746047 1.14195981714595 -1.60580922747871 -1.60814656479107 -0.653055100805863 -2.4863075260592 -3.34032585898912
2.54609417458426 0.524562045028233 2.44742804506186 -0.823262983053466 5.27919028955422 3.3420892721436 -0.743242141127899 -0.373938445215495 0.810846931973523 0.466166818254376
-1.95873790464668 9.90524238447128 1.5169046091483 -0.293230309893989 -2.09032037701358 -1.23650315619202 4.4931724831924 0.622922092779798 1.05736827045686 0.137609926349274
1.69199566389329 0.376765913092797 0.473884269713892 1.51435701741815 -0.0770422533299615 3.24957460199402 -0.748009914856657 2.42471831459678 -1.11500121077578 -0.554341406918192
-4.39114002269628 2.58794724980285 1.82182028863897 -1.44665839002242 -0.69771095578088 -0.15733216315415 -2.09394478013066 -1.79833970967385 1.02256528180667 -0.146555698520401
-0.200023565341039 -0.136080269930761 5.18122553947487 -0.650032602800876 -1.06703067038852 -0.749279675489562 3.24431906696473 -3.20958961452604 0.157840621778983 0.410324659144546
-0.574943845628294 1.84497395463407 0.854719073031829 -0.559448907386143 0.413148796238196 2.35969741413033 0.622923280568949 0.987867839029199 1.08143663953405 -0.201314891722544
1.20080875021346 0.539934144818564 7.78935476710148 1.40449784263097 -0.914606014163792 0.41720553664344 2.47454770226221 -1.41915716972652 -0.958740592405616 -2.36625266325421
-0.515941314343997 0.0358586016287095 10.8018767810467 3.40367878775796 0.963337813173474 0.885602814020039 -0.663468441532555 1.48398098277999 2.12871497134611 -1.08714101229064
-0.397554671779421 -1.530042608107 5.79897124976046 1.41992448614634 1.52571216249999 1.26844218256207 1.4695757887895 -0.86073183983864 -4.68783638090187 -3.35384866122402
0.668481280949216 4.9328709163677 11.8093495451277 -1.31407656133638 -1.52777354295289 -2.0610638530727 -0.453210453571272 0.113128813923743 0.837666078883709 0.846235583272625
-0.385243504118211 2.09051659708017 6.01904438745549 1.52898012982402 -0.910785497612015 3.02061363728548 -1.22999800983788 -1.37260761839642 -0.689481742579697 2.41064948988286
0.234867687862626 6.20681529950062 8.73431707059809 1.63711334078728 1.66016162935363 -0.553708388277922 -2.36573721501454 3.67682572390502 2.54847032543831 1.64429813947808
2.52482279759556 -2.28846321312427 7.83285949240437 -1.01055740229673 3.26426086390965 -0.599692239465289 -2.3386460311572 -0.917257353457621 0.454539761892221 3.08843452620528
0.97267112780415 2.38308853724955 8.96664351091871 2.17137537692407 2.65549483026564 0.628116036691364 0.343525736565444 1.33688790781322 0.26732874289838 1.42824403439938
-1.01166784017204 -4.62084126697788 0.524886796231906 -2.37984387202009 -2.36109232552091 1.01104892301326 -3.01086473103061 0.389672016802207 8.77676702923932 1.11362233741675
