-0.514599056464645 1.67957270269603 -5.14696834737574 -0.94310584928955 -0.885514145860445 -0.119727025746194 -2.73281796285906 -0.821785455450729 -2.19976079827437 2.49454826255774
2.41516346666187 -0.954886402011449 -2.89572733049699 -1.30681526095427 -0.894605328018281 -2.46195378430963 -2.45792457255011 3.37181864204045 2.14282174436225 0.358195188750566
2.86660228880813 1.85677268713359 2.38604440576733 -2.3353840509896 -0.247560039806609 0.450063722798139 -0.115415471866664 1.60354239575166 -0.820214954191406 1.15264805143335
0.0747099765253765 -0.868892375109559 -0.462510601175526 -0.289254313079006 0.786289242055726 7.83080433851174 -0.28402741114424 -2.54635798867742 0.914444347367942 1.9417402232427
9.81745670466094 -0.80121782973763 -0.777737069337662 -4.0299673318574 -0.860144179678302 -0.654732124387479 -2.30424480336795 1.56682908995018 -1.50715577731464 1.18789375986262
10.2712361981526 3.57167995991446 -2.06379078992535 -0.612790661927679 1.05603889359983 -1.45355879089032 0.176531267367279 -1.34497697556014 -1.32322618176447 2.25620870033064
1.7907293847338 -0.353066543814994 1.72918087579239 -0.144682348144193 5.15709001106876 4.83968893026366 1.68768699457924 1.21926672167293 4.54710089757537 -0.453743614364953
-1.93177159639072 1.55506463757309 -0.336014611873584 -0.575518482265813 -0.981858158500081 1.01052995526794 1.67111321759698 1.35502883788498 -0.517316063117919 0.0435394539913204
14.8325352212036 -0.528335032930464 -0.670384435325949 -0.785735496352189 0.0764763994903325 -1.14172601948623 -0.828474117131732 1.45059937106101 0.235260418136454 -3.04173964509554
9.31176387241674 -3.03176388308447 0.826270015616642 0.781480125317597 -1.05361848740271 -1.65290831767517 -1.70356025713092 -4.43239550826745 -1.03620145321391 -4.21119636739927
0.388283107003103 1.57063266804914 -1.57363821666344 -0.522361118850846 2.01419890213734 -0.618188167600639 -1.54048333559274 2.84952758139362 -0.933972433311079 -0.658051391717279
8.09002856601614 -0.267479586225877 -0.573780506480743 -0.45784685638103 0.112819192587803 5.90382799525723 0.474762275583448 -1.71068387944196 0.669817361000279 -1.57255355258236
8.01775498975151 -1.0684469963127 0.56060809556863 -0.199211331302319 1.50804292176451 7.05826321674665 -0.427913186067088 -2.87912724353616 -1.04619722851793 -0.58965621256126
5.44160922041874 -1.06525920742119 0.598077103835328 0.983934708205958 5.09621331497994 -0.823261435667175 0.560520744529075 1.1998667625642 0.827042223527322 -0.747201470123431
10.3606816993488 -0.786700779277645 0.120070029171774 -0.668915734918281 -0.123925784561002 -2.2902317969889 1.64346939161118 1.21957724187651 -0.406559690784815 -3.01885853132007
5.01529672857406 -2.10146051898922 -0.709371138068345 1.9397074748798 2.05656697994032 -1.83500316023145 -1.1894939543075 2.59323459090051 -4.75812072065163 -0.487091803061117
5.20972568270823 3.39079632757938 3.42613472598156 -2.56041222613696 -3.16477174606695 2.36128536643996 1.05200372827221 0.954952749275276 1.12661785577132 -0.247317198478232
5.96799860205155 -1.81804014465653 -2.43733181252099 2.02346901326507 0.692277353531165 0.279928408038404 -0.979444934256037 -1.36265070299165 2.06427622126495 1.73537277032342
8.0100453505563 -1.55074263306692 0.283798104963499 2.09398026500132 1.4869612122402 -2.37194232962235 -0.899599633078677 1.25122301885949 -0.60328156396025 2.06072992599638
-4.30223313225357 1.45811696631471 1.99424416724127 2.89102370355833 -2.42385271205249 -0.0992561541968207 0.648169542278205 -1.06954019317945 -2.22171451214244 -1.18934241740716
6.61698718302494 1.4889522473573 0.13702796007852 3.87997238565704 0.625599368535401 2.54123537549026 1.11657862631034 0.953362371260757 -0.582776003454265 1.31184496146376
7.29866385930022 -1.26106679026704 3.18677924036306 0.415485868963727 -1.49080909972665 -2.04970265687223 -0.379733841343522 -3.61386488246691 2.22854120476702 -0.323994003635756
5.37299505367418 5.79416863918005 1.44384120817838 3.31241673597043 1.9076243730706 0.333788365266142 -2.82868249929711 -2.43052445459935 -2.71614264300044 0.855556682716898
10.7681626959328 0.422623687251722 -2.82762281949085 -1.32109909113233 2.4614922553561 -4.18254684593315 -1.48775262335201 1.44160147584339 -2.15769871780813 -1.09336137533164
0.404046648459537 1.10411250610745 -1.20014374290107 0.149931920033509 -1.8792827986471 -1.08772205124965 -0.556756912730898 -0.707323149566233 0.568133824792085 -3.15753014210542
3.91341377264162 0.840876747379293 1.32732451902778 1.85017689805126 -0.378619647486994 1.00653112615016 1.43410610393175 0.57643580741768 -0.672018529070123 3.0833567987286
4.5286583637843 -0.971316642854744 0.161542010227182 5.27718265698549 -1.63646930888606 1.81769985783807 1.94883450981129 1.6482115228579 3.25013910966364 5.26287250749523
9.50771317959942 -0.665695884847646 -1.37916350700081 0.634326604509137 -1.89765930974748 -0.672350304532979 2.16919249482289 2.89326294586956 -1.09957427799221 -0.680018733332435
2.7204395499058 -2.10477814235775 -0.487094588194897 0.64956062693896 1.22666162464502 -1.94723924309776 -0.762306357343141 -1.68725643461007 -0.616397574875284 0.971540399759954
5.47118319860906 -0.728912076882865 -2.81942730698604 -1.04013824807945 3.4445056240443 -0.10770701736335 0.426797280089406 1.02457745491839 0.222634824332307 -0.770937382833873
5.17036258963871 -2.94868337966213 -2.75590170943452 -2.27167487164793 1.49622856145249 1.71081079503917 0.648923432708464 -2.53054676408603 -3.50473432703145 -2.08947505566768
5.9076102639155 2.85292693546159 -3.06132321382597 1.47325178547803 -1.49207237005852 -1.21347420783522 -0.562437264707243 2.41909526749776 1.2851537706308 -0.797287135149023
8.00671940391681 3.30187922454287 -0.247044335105761 0.179225918175498 1.97692545771171 -2.41930209146012 2.85674848658278 -1.38166884485343 2.23514407378919 0.0333868806508357
6.49371245539419 1.22429009049665 1.91697028422948 0.0716588709883501 0.569404935598357 1.30415203345639 -0.289635460334683 -0.0708263787681112 -3.29964588513454 -0.355603769759403
5.87704912731861 1.96541140446539 1.11934537061702 -2.08183976585212 2.25992230222588 0.641589241590936 2.47766019505662 0.0898224499969187 -1.70843836352735 -0.998729530828835
6.1996903897461 3.03408681416114 -1.69995790488308 -4.95897087233514 -0.489405581482176 0.701961020835332 -1.63378460241688 -3.13409288986384 3.44632816069415 -1.6552322447401
7.30016479741363 -1.95596671623277 3.92116474825708 2.14513134743084 1.32086928769481 -2.63661797056837 3.8750015161699 -0.733779165298537 0.594533461195579 2.3478157862796
2.294722985672 -0.615094416705128 -0.525985020374658 -4.55653873793938 0.352838821847379 3.13013277148305 1.31703023952676 -0.723798861372259 0.926436439612203 -0.1269917036151
10.7869455953816 0.759446149664089 3.26101976082846 1.2726610810201 3.30352942358275 0.198181013467054 0.421779785583657 1.33398622867888 2.04560206392788 -2.2146062718401
3.46666300964649 -0.158208237583504 -0.357199971786562 -3.2923934039822 -0.00639353471545147 -3.05629451424483 1.06855077049755 0.376044431151971 3.19620406555921 2.19709136366873
6.98035182939997 0.939931577312939 1.2384072224903 1.93700598045316 1.16803891032163 1.01452085755201 1.39731849762083 0.124201526288351 -1.71402612604663 -0.356787809374557
-1.64646599708104 -1.13650562379587 2.76876627007441 -0.354069091074008 -2.00248154757318 0.569528663582199 -0.653846504881129 -1.24577766237339 -1.30227355006517 0.795345154520538
2.36593767479853 1.44063375052356 0.809210323914744 0.0239809665971231 1.74219951479744 0.81287992077158 -2.89671884344975 4.387751671028 0.208112273639918 4.80807869017388
2.60485449595349 -0.342301500537119 -0.31501151606027 1.67169865779021 -0.358771088995845 -1.36169601167195 0.526089570347745 -1.47272189106574 -2.89006955147589 -0.373156995178653
5.0177089463796 -1.37969209135918 3.10527792360506 -0.874539346318103 0.245384483628869 0.531452517481727 -2.38554311791803 -0.484419862291593 -4.74043329835298 1.21233234822217
1.61800519458882 -5.29616158230174 2.35822763485917 -3.51441208675436 1.9151152539257 -1.01369245184562 -0.209965685592487 0.100444033997985 1.988865174177 -2.98903812223706
10.644903010856 4.14132193452595 0.571834892009825 3.42688954044855 -0.257863218708472 -1.76028207375345 -2.17183112704662 -1.93070400115451 -1.58453351577454 0.238308235399176
13.5836253350819 -2.20293153985835 -1.80315904623882 -1.18272487740297 0.128187955256869 0.0196784363412073 -1.71863194441306 2.14332664512998 0.875059387345464 0.970760961872887
-0.209371383241424 0.0176326253362459 0.379751000429195 1.39994681607897 -0.449268901199592 -0.891842871084715 2.48139266818646 -3.76022904165076 -0.651703206452029 2.32811086160897
8.12725362836871 -1.70052738313712 -0.171688414192843 5.95089236109536 2.90891166111365 -1.05031110249182 0.615165048943861 -1.78170579757931 6.41405800497522 -0.0275860206493164
6.81033188146982 -1.90523775128671 2.38082479355902 -1.82182082490601 2.24874615906957 -3.18849508334373 -2.06699630951734 1.93531540713219 -1.01098179036535 0.978651064232316
2.79456638917455 -1.47544511920727 1.00303390178624 2.31422017854621 0.0545903101413687 -3.4666819827025 3.87667628849297 0.578638848269809 -3.59637473084325 -0.0796057400297422
0.28280503132741 2.34696084858554 0.187869508220225 -1.69995690366769 -2.7082274541257 2.55529848997978 -1.42231044213726 -1.99327845367012 1.34712310267481 3.56417599624759
2.43584132300371 1.95474029338909 -2.58377473652832 0.363556138977877 -2.72630028161361 -0.74167151144307 -0.364540864096852 1.47107864134314 1.97649388019585 -6.72252101821647
-4.86700063859543 2.55839929358743 0.658289659602882 -0.599607325398635 -4.16720534117707 -1.15565484870765 -0.322357159009148 -1.15753054406145 0.236360144014728 -2.00204367518223
1.78588744594903 1.77974006477804 -4.33571687813947 -1.64250368366365 -0.365258762943989 -1.58727400899003 -0.362570675077445 -1.38482340528172 -4.45233434696557 3.39440401506887
7.51228260505044 -0.184108174185147 -3.66915705376247 -0.921527076933132 -5.28585411684738 0.364065789038816 4.33985939039147 -1.95735295706477 -1.77595043891226 5.32073674387995
13.5786383284748 1.0086740102544 0.172786860683404 -1.26477305145718 1.89341122332821 -2.43582609502296 0.0912718497557384 -0.696764947371864 -2.10327737839003 -1.31077314806212
-3.88233773656988 -2.79553269486752 -1.43995549981427 2.2281216751898 -1.18491384242094 0.5986948775887 -0.281916332894926 0.157210228761022 1.40839522007755 -1.29031327523543
9.83435066608146 -0.37119581079202 1.55518153457411 1.18388853015391 -1.86304666513652 1.15036843019429 -2.04357282079023 1.30045798985424 -0.740072917691045 0.522032814875276
5.18994127593762 0.675585954416067 1.45672036876467 -1.42268346061039 0.201161314321927 2.77359506481048 1.19629490654339 0.182415004390116 2.11417940601444 3.10516907278321
8.3934045032355 2.10307581533671 1.40442903489987 0.53926990342904 -4.43361474600859 0.516871915326819 -3.29859949983349 0.429464615856259 0.228649847328299 0.925076685823096
3.5772204517376 0.0690404526625674 -1.7241364412957 6.44913348384846 -1.01727363510698 -0.575703164558874 2.95957032109505 -0.460924280801213 1.05765129224644 0.169521198820785
5.05362132364531 0.987598044881182 1.40695247466858 -1.30663946299595 1.94929929742785 0.838679005118584 2.22768573787363 0.381954736957336 -0.344300565725802 -1.62876359126059
5.64541799536869 -3.03782274594742 -1.55359096239272 -0.744155437294217 2.60521802956364 2.04554697920339 0.322302885059435 4.73917548642307 -2.8723340548225 -0.390839822422141
7.33231534096785 3.94222180256922 2.27716626766546 3.64143898791707 0.968889818262537 2.55697078591004 -1.8045963666566 -1.31578813731004 0.979770019757369 2.92501882697791
-1.1577027264629 -1.70244033426545 -0.310829103394972 3.50686395152771 0.350470138776132 -0.1911380058248 -0.443647679722125 -0.593373587383934 1.20473241870968 1.92573147869384
1.03929963641095 0.575588670356585 0.846354049668051 0.107927960807587 -0.587540873946944 -3.7335581763776 -2.85986164442736 3.4624028256989 1.05615309332896 0.494852694479479
4.04164226661755 2.52650830513194 -3.56745765917196 -2.79942311410666 -0.672165003901155 0.999076159580302 4.42583767317322 1.53175322565547 2.19714686576758 -2.26408327510699
6.54752547986675 -0.68878197283641 -1.28123136783464 -1.16960208452582 0.624377722981518 0.127370637329758 1.80786881784193 -0.426092239121756 -1.52596479347362 -1.48380844976683
3.71238671820198 -1.18205736880105 1.78897141434652 1.52624542439043 0.320733346315771 0.0535509912537177 -1.81670257935891 1.59846599469267 -5.23978450856856 3.29455915486129
0.982594623243522 0.272579297934765 -7.58148928460958 -1.07431810758057 -2.17885761850538 2.16862892094111 3.21152568902764 0.118433580901186 2.18857795536231 1.2724325564163
2.51762278671269 -1.15954778419467 0.639032735819294 -5.44609948819702 2.12204430112048 -1.5639311246215 -0.69482690227511 -2.98399917067106 -1.75219013473629 -3.46729594356981
0.918100992127948 2.67626945950235 -2.44126605922425 0.859348907719247 -2.22245216941582 0.062123564650571 0.56019929899206 0.0664535217191229 1.6828499532302 2.44252047903648
8.80960428041625 -0.286790394698707 -0.106965315734335 0.427730510053661 1.37236138984041 4.17828029486271 -1.12723568553528 1.55192767822975 -0.976930329592702 0.214318777164694
3.29887242934313 1.57162986634874 -2.53609973170587 -0.351954913792692 -0.755750252645801 2.79253697479766 2.81422177373779 0.0192712370138868 1.32745064969479 -0.687035615007307
-1.23104575339592 2.47894942756179 3.17924452450044 -1.82484705791617 -2.28673674143317 1.80713605456585 -0.611031711766348 0.506259527495937 1.33793339526955 -0.200563826565372
2.11576165491324 4.36116125263915 -1.53223460009106 0.344347982753572 -1.18749190034844 -1.39981673526046 2.17925976030372 1.16450850282767 1.32245566996938 2.35491824070382
-0.874608176495979 1.76064486396622 1.7325026693595 1.89588272196034 -0.52111978478961 0.0296260291645242 -4.57145902949884 -0.506205740251435 0.952529221666916 -0.285763306070929
4.80947247852164 1.39195784431056 -3.22666530004197 -1.17748505695891 1.02120695769953 -2.41413782505511 2.78443756700586 -2.84647439338097 -0.0409401740059853 2.24308371104035
2.6243819095085 2.277817118137 1.72636395637106 0.305663225281351 -0.504641440602611 0.614188142885102 4.39106360429823 0.432996523754066 -1.6086150756032 1.30289378811062
5.14939994318903 1.60583816789437 1.87555825701091 2.47948831165942 -0.0671749684095219 -3.8291222526522 -0.196307314057624 -2.23818521990259 -0.133389060130933 -3.30213337034172
1.23352455631871 2.7348870756663 0.424489613288106 2.04869431270749 -0.273219795789041 4.22247000783619 0.238610198684714 -4.65370390624951 -2.8789436742336 3.88702980485615
13.8538290604493 0.111520859567088 2.9114335837917 0.471195912826937 2.62045199862721 0.594254696941389 0.966877693041793 0.510894794295829 -0.749206190433267 -2.02947397641396
7.53054121641843 1.34859730001136 2.038799943421 0.543480078168232 -1.93832377728533 2.54487820153762 -2.08706206128221 1.5847060183018 -0.743311968820396 -0.15842471568812
4.58125080745335 -0.932526366191381 0.663869922642207 -1.15491271890411 -0.202587336061686 -0.173917074595056 -0.0226496601732991 0.282073704288256 -0.945250270846171 -4.79061755478866
4.91131127288497 -2.47429718701121 -1.12581548626065 1.67646729627225 -2.10503781709258 -1.69386338538338 0.424153145219339 -2.32315290539828 1.13056517381204 -4.18127085626938
11.3949948624117 -0.815663341129803 0.570457825641894 0.135849987967437 4.00123976346442 -1.56151382791052 -2.42236225266962 -1.28892066827021 -2.73168740370254 2.91672799449687
6.50572069025119 -1.1028742961311 1.53483427288429 -0.814968573828389 0.050052690155684 -1.86033307374716 -1.55604121821795 4.30719662226862 0.152097709773563 -0.387271201684199
1.28329011775029 -0.97317843356781 -1.64532198458573 0.319141932796661 -1.68691130192584 1.85099812888216 1.73475198696203 -1.81137827253025 1.51325460273689 2.97059861616621
6.29664174074598 -2.41363057138947 1.71792335764894 2.59642156649818 -0.327732482179602 -0.128894778227014 -0.701837577820462 -0.795070899818178 3.64927500762273 -0.870387476766474
4.85028709120945 2.72931056927452 2.5675330113663 -0.777254235806908 0.315619020225025 2.84025854031527 -0.573328327143415 1.10650768179343 0.617865293606262 1.66975381699443
-1.04917391283712 -3.29664052716963 1.43914748324915 0.575206234866925 0.710419853121923 -0.358098945659751 1.59685530007217 -1.00139895032108 -0.689018537711748 0.137030515860691
4.48731030214269 2.4799518271321 -4.36607768663147 -3.83026477028624 1.8767666835939 -1.91025679581984 0.186565295399048 3.08391438558663 -2.64714026074632 -0.506574213898078
3.26836377508422 0.865515817705876 1.78277902046505 -1.47061146751303 0.407764200668615 -0.597034275146029 2.789023792332 -1.84673653668142 0.553418862456668 -0.696019070854319
0.84071318582278 0.91523864832953 -4.97522016580848 0.700624337670815 0.418123180348629 -0.668951651421084 -0.562631426540114 -0.502806669175065 1.5580079582254 1.5571866157515
0.8853509782915 0.133688928899783 -1.67130109905629 2.35809971656928 1.09262437512006 0.196467380971502 0.397497114025337 2.71835011108638 -1.02893775704406 -1.75727863688049
6.20282008992006 0.269560046817575 0.47539995659727 -1.32604719106512 -0.4102390362395 -2.390646841045 2.96760014233023 -0.743446358676822 -1.53340857828856 0.758804705951591
6.72523369196883 -2.21136053980205 1.04980559964312 -2.72811427016798 -3.57570062672953 -0.270006129589944 1.54005819517638 1.77643467274547 -0.373605491100792 -0.154781008106374
2.37865310971846 -4.42797444956092 -1.10430874773379 0.489186842202748 4.27305730860581 -0.78705981865708 -2.99443952871927 -0.159654570312451 0.716397231825924 2.11621589094024
2.27753233562714 1.10670407885115 0.717348324683543 -0.820682582859887 -2.50130660817756 -0.223319669976829 0.79955890930584 0.634331805429616 -3.51737829959612 2.3182173849641
-0.131440048455433 1.31691177146592 -0.797297805835273 -1.45227158455395 0.92022390170263 0.309471938164017 -2.28760955076352 -0.848074030999336 0.633753543281098 1.49633857668589
14.5185657107915 2.38408219645592 1.71579449998208 -0.566423922213726 3.92772795489507 1.32270932539018 -5.67678034093423 0.945585558166892 1.3082959347295 1.87192448204612
2.93317353427368 1.9700680939681 1.14274314823565 -3.47960848982324 1.31307989073948 1.18928292735683 -2.48772113314818 0.825253549480621 -2.85746739241711 0.101567611869595
7.82057723615387 0.0810758709040212 0.969035766781629 4.97706146280952 1.02018092643962 0.175550392132969 3.60044126721535 1.02316007990835 0.249938148229177 0.106622078139159
11.9732392867438 0.598779153468705 4.10211506585987 1.29553088495245 -3.20882905286969 0.365235726315335 2.32533580994296 -4.98508729694182 -1.32266163837511 2.52627810227378
0.0248215395462026 -1.45619217383664 -2.25639362918172 -0.906482118395549 -2.91276127830113 6.77293978139442 0.962419715803325 0.459323187753311 -2.26474876494668 -0.622902448664525
9.57080546762901 2.7111942588734 1.78654574325067 -0.0165873205501716 0.275376142075569 -1.211494599695 -1.51704166472448 0.366800648002082 -1.1966130315364 2.28844433402329
-1.25596129102648 -2.95349352734645 0.456122950382942 -4.16071311194298 0.715705864090386 0.328438272947694 -1.52716621814172 -0.859730411753941 0.33367347415679 1.77145325054788
9.47083825473814 1.10747504161436 -1.76701695778503 -1.24190508201391 0.986831416507366 -3.18617747786594 -0.187314478636796 2.17254328022348 0.666455713605447 -1.11372846365711
-3.70306857130864 -1.07560680593593 0.336670540614959 -1.12732334746564 -1.00300864758246 -1.32907919185657 1.52567231806343 -1.40439135393579 -0.877954887146955 1.37280535478975
8.06339078585962 0.445779445632823 -2.76215809587313 -0.948563239149145 0.0213108018385321 0.416807370015808 -3.56771932792656 2.08932056527123 0.230586205012482 -1.70871805877945
-0.239200842298328 -0.0414083384639991 -4.79134745821624 -2.03313729321918 2.92125128437795 -0.306322982690216 3.30481827795243 3.0663263721606 0.618481420750638 1.088967935597
1.02368866363538 0.396507835074278 -1.20542322018204 -1.50415562728202 1.94474596373784 4.0435554149169 -2.04084857582388 0.694190219564229 -0.91167432612136 -0.310646619069336
4.12829189483875 -1.22878751768295 -1.46458813777328 -5.47717131508181 -1.2052764235834 0.41172162128605 -0.850596055441703 -0.495335803657868 3.55526108933186 -1.31779889331071
9.26863789490634 1.81129280880306 1.02895967809985 -2.5263763291961 -0.592824795129119 -1.59167968775099 0.299677981204126 -2.72025593256236 -1.12980660053634 -0.758690158681236
-0.504452489438372 -0.931152925291611 -2.44133517515013 1.79133932433093 0.543035361017377 2.67715457052906 1.46401914800051 -3.04844342197116 2.51603279684627 -3.16352947933003
10.6859729398665 0.754394672627962 5.50054746896266 -2.9206652559661 0.917986670004565 -0.930863684293615 0.00104859916990141 -2.54463287755541 1.06165525517865 2.83568166483632
1.32372354066221 -1.83391747283627 2.21951234162436 -1.1147404072743 1.6823227956947 -4.51304611826245 1.34022446548995 -0.164120344804215 -0.101748701964055 2.43153047965467
7.20270106436088 -2.78297717780629 1.03188444023883 -1.29339062586597 -3.12269418562613 1.93305161140402 -3.51944868365165 -0.232419593976 -1.26555898432079 -2.49342490959179
-0.272725870665774 0.237924046103743 -4.6019428789318 1.90056128664628 4.0964167191718 -0.474676027793245 -2.22438087694889 -1.73164006576198 0.47473628256662 4.97121385317017
4.16425076954066 -2.96908639658092 0.844020811279307 -1.13951924962786 0.796657977836713 1.50904953535969 -2.14570975636931 0.904526761531724 -1.62252663888517 0.436311020650129
0.510281844406022 -2.86631793562423 1.42778016014402 1.00186906713061 -1.98586227037233 -1.88818083037086 4.77732495896493 1.28616087345649 3.99506749509286 1.54612526883121
4.43735929950508 -0.046737418851492 -2.08970136802606 1.49042716609015 1.10809314263558 2.876766373259 0.804686886566094 -4.728598534185 1.1936700716657 0.340913334817262
-1.08999770916785 2.74529137713901 -1.16896923818356 -0.0767989545746537 0.353529379142272 8.06655482814109 1.07263202654464 -1.04120318999245 0.683975616005287 -1.08750884438665
1.20569199606528 -4.48291124351987 -4.45499026510101 -0.71493769604436 2.69673477339909 -0.955304903715268 0.595264508332876 1.32213185804997 2.48491903231625 -1.23906542636868
8.7307394434276 -1.00748015609432 2.25753228616957 0.90642971843276 0.493756571321502 -0.563514354132406 -1.63508789911231 -0.0942787746517468 1.41915387553876 -0.195856515341868
3.69689326861487 -0.414247138830628 1.74164797334564 4.26445115346509 0.689608591660575 0.666444345473018 0.596638534190528 -0.531992435387278 4.41927355846966 -2.74719695048407
8.39613521455773 -2.29740785134805 0.801146234902409 2.75809221386612 1.38576746099929 0.517389115465262 0.354422673494805 -2.52644173915361 1.28731639479206 -2.05683451593791
-2.26646731597359 0.207535940653004 -0.0895309940193161 -3.85502077036893 2.41990197068624 -1.13192237313537 1.90942835869279 1.14834952425414 2.13236738235236 1.6735784329567
1.09536138689688 -0.908466786265906 1.54737854864676 2.81299451561179 0.121497186189055 -0.870084984900538 -0.313598782020905 -3.54498231749713 -0.893725020950645 1.29776205137369
6.27739346738134 -1.97405215228877 -1.98640124939729 1.27092566603689 -4.47873440209879 -2.09826335132318 1.86212183386731 -0.188348455340695 -1.42686228668541 3.91351266124941
-3.39653262369656 -1.49363064749007 2.36578085814142 2.60544134775715 0.641007316616812 -0.977490330625525 -0.103110734506875 2.21678319123487 0.00183649215468505 2.2675956439872
-3.9239830126272 -1.24977644299995 -1.80902340423244 0.534581782911687 2.11999071896552 -3.87835715885726 -0.433823217305779 -0.111807681289758 -1.20129840240012 0.393942253696423
10.858617925281 -2.52647880280696 -0.747089553327337 -0.727839375618806 -0.110788341501432 0.394815267706519 -1.53626243287685 -0.585873409655587 -0.998865316701571 -0.822608168617711
5.7912067274444 1.58444973358989 -0.167621946291814 -0.296135769985396 -1.42078211143036 -1.68169506090328 -3.0326151098392 -1.33110140619549 -1.37946387169125 -1.74801032945168
-3.92347359844269 0.682725031773983 -0.531404087496284 0.862269789827171 -0.823699637170462 -0.382242403653038 0.443606042429254 -0.480818399363003 -0.987572045463701 -1.91283011139743
6.0491282188792 1.57671423676447 1.26066517894179 -2.38073042378828 2.6907838925675 -1.83703795504523 1.43566883458733 2.86246556403627 0.917245939923704 -2.66328435270834
5.36162756166958 -1.60929331209323 -0.628866200092353 -0.852942227102459 1.44201627667221 0.224954060403341 0.0433544425018291 2.52956477446376 -1.07637967530017 0.117922359753608
0.714452383584312 2.28242178239616 -2.99116715666993 1.78143809790764 -2.74604171634129 -2.19307837114669 1.24648139435904 -2.88917641956232 -1.61000010935944 0.87702829953224
-2.83114490127371 3.35436654072967 1.50535974314277 -1.07016835282419 -1.11756782743821 2.23535033843565 -1.77330873674032 -0.183224848956739 -0.525954953500089 -0.926181233701301
5.38116604329978 3.56796737143498 1.67026792907651 3.2525704452094 0.0128251448874075 -2.51511145360285 1.97370065063098 2.862801880024 -1.98060197223767 1.95133420843178
-0.0596189466509252 -1.18773038429536 -2.99845044244359 -0.136163769396757 -2.01061724811973 1.09145274639367 2.01609861217551 1.35403118825026 -3.18485527793252 -4.9172193170981
11.960178462231 -1.4746290638831 -3.10300877103065 1.55599131125211 2.77653236182436 2.25250178142773 -1.25897660179952 2.65994941079854 -0.537239964908844 -1.4386253192497
5.71621791573532 -2.7506849781701 2.29652391990531 -3.83483837405578 -0.281913526695301 -1.6172777444823 4.07305372685585 0.739900567401467 0.552403951310252 -2.39004230004144
8.78918309110557 -5.71884551547091 -1.31734000188465 2.2978949361126 -2.18227233062453 1.10570145063653 1.00266992272254 2.33553081474675 2.97458754739538 -1.99943955693284
6.93304677387582 3.31140912892757 -2.51330387881242 -4.79827362623303 -1.2828335968372 -1.99719010673757 -0.972352005729937 -0.243313718237693 2.04142197857389 5.76098957203351
8.67514034786412 1.1833067719818 -3.76337722508107 2.26858386159674 -1.77864929446052 3.55604220768556 -0.461679366187601 -1.30236238279617 -0.906225314612893 -0.859610372461061
-0.946251335385832 2.44307077625216 -1.23067603328688 -4.37845798017729 2.95351537344022 1.24276702695751 0.816364664159454 -1.65957284109619 0.456272791921375 3.1612401868247
5.37710653358441 -2.22375859455183 3.12673569386784 3.65091669420648 -1.71852023712546 0.242520187476647 2.17311637452185 0.0121783237031932 -5.46588231080737 -4.44339955697366
-2.39928110156946 3.95407497320751 -1.91985305361154 -0.971511157493579 0.817209714850206 1.7078442743542 -0.485351290688739 -0.216570324210986 0.949063924988154 -0.443611873540618
6.7097753883301 -0.985211464026913 0.539403168992305 -1.20510314827529 -2.50204791403798 -1.51147202743954 1.14345837629375 -0.770410170922203 3.61196150664783 -0.232937568722191
0.157449793575327 1.16276364799075 0.402958022948454 -3.2884965242053 3.13253338714058 1.31396467305815 -3.36396070373658 -1.48320306556043 0.203345332850199 -2.46076837219922
4.86786698122044 0.48115280410749 -0.395312942058875 1.30402113200505 1.22604818310331 2.33806549085907 1.75894574723277 1.59093824419297 0.664141884025932 0.520314383951819
0.0463145134872667 -4.10494651338151 1.98069090425746 0.222530518845438 2.23092820163174 0.791388866208587 0.15621946130312 1.74357233081426 -1.20137590951519 -0.000846071747344201
12.3382684835251 -0.286521221797607 -0.495177405099623 3.31245390992923 -1.64568499985149 -2.58717025640059 1.10140802203878 -1.45398662374017 2.51644112300823 -1.7511953128483
-2.78364417200955 3.73677595585331 0.787014097789612 -1.98380445493959 -0.408610944293871 -0.325651555114428 3.45119382131736 2.87618551122085 4.66312961745751 -1.09717209300074
6.68488443390809 1.42403538750314 -0.678325073147746 1.19849798121416 1.232363415057 -1.38346881713234 0.808441722509244 -1.33635472456099 0.909320484000383 1.57021642045492
0.0590941416838299 3.41237790390848 -0.0773085942799734 -2.21011017759763 -1.43118777281797 -0.732166489156079 -0.941471898723056 3.02941045402147 -0.610889329343453 -0.425853539519259
11.7551529274984 -3.45963487307148 -1.65847365839642 0.501049852341306 -0.217022931419234 -0.596402805673621 1.78409294060109 -1.76827494263974 -0.00129377151742566 -0.681751533466108
15.7275476880484 0.133158563966614 1.38652379901458 -0.189367413202703 -3.18511578873576 -1.3829363036404 0.298745345871376 -1.01650165326163 -1.34587569091656 -2.70191844670886
-1.1258998985582 -1.4194838778515 -1.21496556537472 -1.22498498167162 0.0181569238150538 4.04442662514587 -2.82979029452134 0.782910487487308 -0.719245090605362 0.705971452834413
7.00901455623722 4.28075511176661 2.29220737881482 -2.21063077842759 1.43328360955564 3.10347428402133 -1.7043026921495 3.18278771527161 3.52241447758896 -2.42136327265453
9.97789296613189 6.18641259119843 4.53207655250111 -1.56481682296587 -1.45321410821756 -2.46991936296543 -0.480575366916832 1.17864833514089 -0.118615017331623 1.26161608693263
1.05654522986066 -2.58296174747665 -0.917453507590992 0.438621350271917 -0.376163377540765 0.852386847152526 0.200059316030453 -1.69898837861486 -0.721438142380449 -1.81364356274271
6.29659161661478 1.97431992013555 -1.96856947476784 0.191968305497091 -0.705959607919448 0.230216008565661 -3.7772120421703 2.47212503889482 2.48727849083664 1.22099356861516
0.937910295706391 0.73060604328376 1.9076409501691 -1.84773514292078 0.276020690419092 1.19038459613122 -2.99112472999802 2.60217773053182 -2.18474128879336 2.29857888252764
3.64857973661 -0.424199181495264 4.18046730111233 -1.27299539564004 -5.28041838314038 -0.507180057684106 1.48849491966117 0.916410677802364 3.34952747057005 1.41441501367556
1.38138998788191 0.512048273638271 -1.54763799539645 0.580589423683065 0.0955117901105085 -0.709389001097322 -0.161834638673015 -1.21005893034235 -2.95546747228703 1.07500513405486
2.94356955026034 0.416586438838908 1.4610148950682 -2.3083947676098 2.79728107599094 2.23569803050791 0.150257302758536 -3.02493359087626 1.15887103976641 0.524057463827554
2.85769283985752 -2.47620634263204 1.1857490409704 -0.522534254094865 0.638131302353279 2.62486433290698 0.585234399609706 -0.91948085979152 2.47856512962428 -1.63501576440987
7.04905998231277 0.238144816080649 0.676458255105798 -1.60128559475416 0.82318223632463 4.67904924116171 0.249355694635547 -1.52359508689548 -2.45809103679404 -0.514812502756861
4.21043739644425 -2.22357082563367 -1.81297789574634 -0.326766256047336 -1.26774659683196 0.794781233869686 -2.93442597345055 -1.63348111966725 -0.168420881035074 -0.380371060202939
-3.01261078063682 0.489656836181387 2.81889614769113 3.00378789928174 2.26458150750315 -1.7035237312166 -1.05894333690998 0.0299915905839392 -1.54768686481847 0.418410174004048
0.464729856787753 -2.84559409400862 0.656608869093668 -0.306615669868913 -0.0683631415893803 0.751269840438417 4.97127511591655 2.10826354560349 -2.20396951950088 0.553569980977497
5.03231402743797 -2.4708239533099 -4.68767950880359 3.11115466613612 0.585829557863473 -1.79515521734885 0.633260050963598 -4.90175488185658 2.39891798718392 0.679737536456089
3.71566934133862 2.48151489007663 -1.00383263564067 0.446296508884469 -0.599955356208872 -0.848662102640074 0.639885523562341 0.853882661469114 0.0971547734803312 -0.0610717817912445
3.78206401141503 -3.41592480305601 2.81287525545102 -1.18805799914039 0.13461465432698 3.80536421978186 1.59635390867366 0.0450450049947141 1.18965005305505 -1.14345779785736
0.337430134962382 -1.00960168815951 1.77931138192085 2.27175790316015 -1.83084929166998 -1.5275521706758 0.339645100597282 -0.729010543976462 5.55375960271886 -0.968462784768505
-4.81266633064959 -1.34665465360446 1.48753874825956 3.36538248348808 2.45700549885388 -2.60274260077728 -2.18703141631536 2.01986697861703 0.60622749831254 -0.866211447440469
6.56638213334747 -3.18472800628319 1.52930847348702 0.552388823658063 1.9107006949556 1.07312457371961 -4.57947378422707 2.57815682395169 -2.8697958449057 0.777592918820408
3.63289221488869 -0.929191969368503 -3.41928215304587 1.1987486435582 -2.59101672893271 -2.32642375283568 3.44512612048914 2.46912494595791 3.82119916619604 1.16010897978664
0.329485940683226 -1.73799580678832 0.859863043789684 -0.289415911986379 -1.07042551389827 4.40075294258361 -2.6496819988509 -1.10564435532213 0.79057579894896 -0.19325221159607
3.90949934859563 1.51104935889889 1.79291777437106 1.37350937869261 1.30247287167569 3.97707681469531 2.28858218790718 -2.29583833002004 2.18530274564118 1.23351509696745
6.90066191226138 2.11673308299937 -3.58718976178847 0.516184224100742 -0.778810435409934 -1.60951786712478 2.22947245662096 2.84606706816175 -0.179893902484743 -2.15934389108251
-2.05974897822943 -3.61028134198916 -2.29024436872217 -1.15660046965852 -1.33765302013503 -0.561408471074635 2.13452274883408 -0.59706676490514 1.60327225992768 -1.96039479961249
0.920426514885383 -0.812172415682591 1.36478881683259 -4.63253199904411 -0.0330664593159071 -1.24149792316767 -0.624334743351728 -1.35327069127087 -2.00422040635803 -0.31365512052317
1.95948505904208 3.07191105479068 -0.953907712077814 3.09118610607426 -7.10941203333157 -0.345251199143208 0.88814893856621 2.02996392741325 1.89661436326455 -1.36844819651137
6.49773479847861 3.71370478554011 -0.501057235916713 1.61777850436971 0.768456396606301 1.81971603698476 2.72099733805395 1.8340566995929 2.45111689064695 0.446045125595979
7.37273530086135 -0.731372379895446 1.26490125673566 -0.383557098430519 2.44157227433356 -0.76468375170914 -3.03174638603758 -0.124494182944175 -0.508997857019141 -0.385696499055513
2.80778702339946 0.840931636128822 3.44824350216333 0.202785269349522 2.69060526882418 1.85535454547547 1.66326410147991 5.26369209056973 -2.63620499404739 -2.34119927733295
-0.26815412891111 -0.866487749766169 0.188344926516917 1.31329430460528 1.38777416252053 3.13527260750147 -2.19837164633184 -0.146304662297637 -1.68799908518461 -1.24892841433087
1.12127221456918 1.59478741024922 3.20428189924199 0.102738302278222 1.91518531474383 -4.96986072796364 -0.965976778889281 0.70736286431464 0.609473918457026 1.95498018121459
1.10652971433383 0.472522265763167 -2.91923261646242 -0.0936067782247911 -0.177131785468253 1.12695324028958 0.351132199306927 1.69999012218871 3.43853694812664 -0.659837356935519
3.06832699398901 -0.758929248279723 1.12634292480579 -1.4683449323514 0.526338951745716 -2.7627865500975 3.45291662271245 -0.624044167608336 -2.83803773236694 -1.68247433881418
4.91955134268696 -0.273331643624114 1.44083741689464 -3.99727620896917 1.51599404966056 3.53439332962371 0.650161379935459 -3.47942611351491 -3.26817497744615 1.13762168305023
-0.82466649039181 0.715098476744035 0.0590171175507907 0.885165104599357 4.44241258486367 0.143155711891031 1.54718495262288 0.816611662905266 -2.87756748461458 -0.0568518601272969
11.7064433916203 0.687456240416656 0.566532401806949 -5.23516386509013 -2.4444293962505 0.509297019238376 -1.37684732624277 0.968121747542863 -0.843291526375666 -0.769618404867432
0.482901115211658 -0.652240062811148 2.38249177134462 0.466483580437399 -0.141558308872597 -4.06949979286401 -1.8206847093042 0.701143477549619 3.1643970135126 1.23200397359908
3.25961073099851 0.899320602333854 0.593145937517231 0.667187695129718 0.262698332377236 5.45462113751018 -0.627470965011476 0.343789942115561 4.14632593515175 1.06898955712454
12.8563270793711 1.53123902647059 -1.10273984530079 -0.286018600777443 -2.52534285593175 1.85239926077716 1.82319024746028 -2.30915984924043 -0.434613722413694 2.86808387479032
7.35795382242535 -2.28856099639572 1.92228448175807 -0.478141546589928 2.30591534597926 2.34174380734009 -1.54095865857199 -0.329228310406984 1.97636810574201 -2.06088423144676
4.33646862741115 0.0144872564549097 0.153598840091989 -3.96440337907389 2.4254408516253 -2.82197219227247 -1.04562631086302 0.517063429695865 -2.83983127759501 2.86663697953654
-0.862364416970251 -0.102876718786446 -2.45639085177531 -0.0406357836770157 0.952661079491191 -0.208849210962665 -0.10471481769706 0.105247473922862 1.8714595236313 -1.71526469332649
0.468945265694728 1.76112710740347 0.755795766552062 1.03952879225166 -0.388646113113977 1.61727131645807 0.439218007729614 3.06244337228962 1.26327638077604 -1.24460602908536
4.41203977152956 2.50839211634217 -2.5271913961651 -0.963556852447556 -2.18371388161859 -0.675133812408481 -0.496411173606756 0.252862330274274 -0.302039006882927 -0.233454560854005
4.77091722551292 -2.08083710340704 0.320879111051508 -0.558545730906332 -2.65649897997318 -0.369469144222202 -0.677825079242737 -1.2395756866888 -0.275425591224858 -4.02528157192234
-2.10154199557342 -0.186826520941108 -1.99304030567417 1.62949747643548 1.61372054284582 1.46954183700002 -3.05619408961887 -0.293318652862654 1.85073159303388 -0.349465367115737
8.44785508314206 1.87481820925303 0.0132256166928672 2.82052597321767 2.38490255034962 3.58256406539589 -0.0285667818379956 -1.515981268538 -4.5179717493726 2.98304951217303
5.12633868980349 -1.18755618917104 2.09093670413031 -1.14052122262838 -0.854231575635604 0.651301159853539 -1.3589199576003 2.56179486870642 1.09041200633934 4.14195722102805
8.89548938641209 5.17770274318799 -0.269825572746562 1.28588832158931 1.06154379543098 0.981404129817243 -1.30811064791354 -0.084558066308999 2.47716714666119 -1.93879644848743
3.79786854686328 1.44101853356243 0.0274162639298989 0.288037790712996 3.42516336727697 -3.97870046938254 0.201447691297172 -1.2525198232045 -0.231717605263995 3.61563138136372
1.77067403425774 -2.50726818609133 2.68679324555564 1.96625172258442 -1.7973314039312 0.37326125060498 0.895867372931194 -1.02848023182284 3.24583349433463 1.9794253063011
-1.96933661186332 1.21569032837636 2.73205974185122 -1.43117090476274 -0.594743813411905 -1.13945017254145 -0.240745622968979 1.41135034062382 -0.0189067474556972 -0.982806699392908
2.39025894607023 7.41443349139493 2.80927652323523 2.5027886221254 -0.103660731075542 0.884825744974589 -0.00664288281840206 0.834090918971964 -1.46990530958822 -1.52556971777472
0.483256149072545 -2.58895506486258 -0.545478528107118 -1.77815971115201 -0.467124639801384 -0.665657145815635 0.796960216017875 0.348065601984153 -1.42064709025943 3.12490959098773
