0.403662345064054 -1.0206083319721 -3.92895625564798 -2.36631826435378 -0.889179419106022 -3.48102703341327 3.00782957370913 -0.968887861107534 0.463457557619928 -1.02486685977866
-0.752786503465416 4.83615117251848 -3.53945301793809 1.7587341330435 -0.885761374194122 1.66735219871755 3.68026653278326 4.35607949945364 -4.37428452839558 -0.32771410280556
1.27948473290505 -2.02272183129717 -0.612580704579948 1.15385361684559 2.22434087461903 1.67745125892779 -1.71495136227529 -2.27213391956737 0.76129604450683 1.72793189456106
1.15821941444621 0.215789842886088 1.50798794691484 4.23068577918845 1.85185524803198 1.17030138635147 3.10605342886245 -0.26675525954158 1.07424220141659 -1.30978375127191
1.33913510534022 0.0221012939557796 -1.52856449282394 4.43367558394074 -1.03244826658863 2.0773208593247 1.68312680710465 -0.0992030831940123 0.814343746591104 1.93983972470369
-0.0728232047565191 0.264051242474499 0.0576060539476331 -0.285059920397052 -1.3394878535291 3.34026821576282 -1.12518283888509 1.1791091605443 -0.815574022123454 2.54240472055257
2.77048741601792 -2.11177277662897 -4.54493702005384 1.43060405813327 -0.341175306779726 0.926940925168365 -0.747129552978878 0.011757310311381 2.10484176275539 -0.191347238783824
1.90069358301009 3.39037994623955 -2.67082127613178 -1.38288395436136 1.24046309960308 -1.95782560766156 0.661548174812166 2.49704185516444 -1.18979552880602 -0.296046307316622
-2.31302884630349 -0.0983130089489037 -3.17351370665028 -1.31197840152638 -0.528817986403346 3.28817064384934 -3.27941105634739 -0.858889844990976 -0.300082428241124 -0.408376715425526
0.936644413037145 0.536004975906433 0.328501983348203 -1.53504356645105 0.701136695283422 -0.0926205375440715 1.62248939053479 0.878371769999159 0.176198316200703 1.39128353303508
-3.0149705664785 -0.692454358963174 -1.06706941488374 2.08710139788307 0.403069553528216 1.18395258548008 -1.39802468538202 0.850722889292661 -3.46854822874766 1.88981077642222
-0.188702615443413 -0.595271436575254 0.716170737125432 2.50240679274989 0.637699755176897 -2.31978405577847 1.52065929067798 -1.65072255147063 -2.44919796930464 0.373067885726465
-1.01267403780589 0.131296916010711 4.81364859280808 -2.37257360965876 -1.17858342455177 1.09022538866067 1.13899213971668 0.0816391377168856 3.72593026308143 0.210716657200299
0.93592456815505 -0.183595692593395 -2.60937050959391 0.086823307758067 -0.711332809972083 -3.58044069041155 0.857157508354849 0.907498182137499 0.502083935362219 -0.0696804557999455
0.234451090346381 -0.725060386326033 -1.12323369503487 1.77427772205691 6.28265275101457 -3.22641415119865 1.5781843137172 1.16818764058645 2.48691783738673 -0.384972041526319
-0.320379800395126 2.0030557302022 -1.28589369594546 -2.09065097887964 1.05385305281478 -1.55512508834664 0.136072042150293 0.983245414742235 -4.96070489940362 3.63608433364529
-1.4908591508606 1.54753771675215 -1.75864773624753 1.33950092686346 -0.590503288102006 3.28730501143096 1.92738828899013 -0.886665946194907 0.144749136346887 -2.61619461030614
-2.70464927543398 0.00758281053118178 -2.41726223371858 1.12309235966395 -0.587762060225471 -0.259798703661162 -0.220613711170727 -1.79523322054062 -1.83311560745061 -1.13918150847033
-1.15557528897707 -1.49825069462132 0.914152541608479 -1.7782753622065 -0.468569911853345 -2.35372727597572 1.2386604970212 -1.43662058969 1.29783843483484 0.0721460199996696
0.459609209961518 1.29394499493256 -1.76567254014379 2.52324576124136 -1.84005244797323 0.127982442855588 -2.29038496090961 -2.08568827840461 -1.66039937198235 -0.532292374453707
-0.995530942886275 0.121712250610229 1.55310308520464 -2.10559586446378 -0.169391304057459 -3.36675239564781 -1.08462233317322 0.0697838769383784 0.0128852035238332 -0.703328903876135
2.26350159177091 2.34737362158612 1.10297699780215 2.2648439875217 -6.12780431606741 1.6046929791407 0.492141223453429 1.14445692252428 3.23827822312573 -0.475125338968418
2.17774169560323 3.91432483937036 1.43531049764153 1.2923263760112 -3.93104469781462 -1.12032995276785 -0.895184434281781 2.51582729319028 3.4602858043349 -4.06532323462259
-1.23676070119885 -2.38000517345496 -0.93353425286703 -1.92491620653793 -0.345808697792021 -0.48142415217585 -1.56669129774438 -2.80974351387344 -0.680718459022367 1.13381325843978
-1.81358425325342 0.30259987225177 -1.3476717210579 -1.00087207428599 2.17354354464894 1.40971345269332 -1.13911464236674 -1.87205976465863 -2.03201857862892 -0.767986199375941
0.896240222614794 0.0857999124767613 -0.453365257396893 -0.186057165858087 -0.920578509896017 0.727152487190068 -1.33245103508348 -1.64518496055293 0.450058671265613 -0.670239949378949
0.107172210923608 0.698347186849067 3.5620182192011 -0.982348626140897 2.31410656966692 -2.13640081035045 -0.842935000679274 0.222182342845956 4.08519686719649 -1.56821650084101
-0.119359851717247 2.28249270603246 2.96892777176843 0.851076977596833 -2.13073984691826 -1.39780390112637 0.934517148121066 -1.72585639903785 5.47699357017764 -1.30117093005755
2.56193379223286 4.48986375399722 -0.723047376943337 -1.81636379987005 -1.30068597866284 0.434473783218753 -0.196345420515662 0.359847860749708 -3.23934683320352 0.249213855098641
2.76170183156098 1.4673177128581 1.91776998793345 -0.310021920145458 0.54924187236344 0.0981044005480479 -0.931800282260405 -0.92062629860604 -3.20737952608487 0.786298347667894
-1.70793597330697 3.98594604927175 -1.39680261208001 -0.469992089474991 -0.174519145233281 4.33753422372988 3.97395608064386 -1.79470213868536 2.01437428745597 0.904390086105281
2.28073017177224 0.367478681246593 -0.33927518086198 2.72495770219047 1.73458444214421 1.7146500754624 0.863974422327342 2.05984055178893 0.677120185782823 0.58925612829654
-2.26572210948376 -1.23275993190418 -4.31234531556847 1.23495329136066 -4.37458160866317 0.746270633845385 2.16443574456711 -2.07419611419795 3.33395286621945 0.836026628581954
3.88711789758269 -2.37062265044454 2.53311981613665 4.51582041871432 -1.92228452934432 -0.365474462518754 0.41946267807843 1.61069994360375 0.300682590086189 -2.46139364274603
0.171515774730586 2.48369205553904 1.12561957590439 -4.68522735062245 -3.94241230958366 -1.28794106579103 2.28202557475196 0.682970963885418 -0.712295041505795 -2.95871244995673
-1.62667179619743 -1.14358327201751 -3.96537701063395 0.906162774038533 2.58676632575955 0.827023124484647 -0.01753393795666 -0.0690510546903494 3.76518036235739 2.03353571235088
1.84100946272283 -2.73442741128428 0.947554001178164 -0.0948381750220542 -1.52905681588826 -1.96783219489289 -3.90941671611558 -0.704030553268876 -0.717712226793095 -2.94024407936842
2.84779291596906 3.64015727957768 -0.504856217289833 0.656295309551049 0.915218924192999 1.86172165520007 3.02789663807165 0.457684407753511 0.111051192174368 0.26210231967236
0.230803190802217 -5.80638876115789 -1.16615744886568 -2.4221634598663 1.1139088443097 0.737371745760321 2.43604145373746 3.23909363083115 0.00404100121919312 -0.290608971022885
-0.0112687561378074 1.61876137238141 -4.32433286086666 -0.892734134058489 0.44195354898208 -2.98074093247066 -2.21705218845543 -0.720215853350759 -1.02199387363511 -0.886511303646572
-2.11132106118638 -0.0177873406274073 1.84152597539779 1.8449515200364 2.34691161886961 0.56339863202015 0.49082032394165 -0.66869852101962 -5.15299912128014 -0.233811345014412
3.45859200732922 -0.908468371667248 -3.01578036967974 -1.92286886780096 -0.538026766212593 1.89729800355365 -0.682734982519081 -0.443469806235817 -0.955347073848034 1.32234938769652
1.91033262320176 -1.77706184181877 1.80064121233228 0.571437476457566 1.83334733795667 2.58033968270834 0.466459323206178 -0.365893379078694 3.63224833077678 2.41318366193626
-3.31379505709669 -4.61409140801265 2.74650539999434 -0.974762319121252 5.1132332437608 -0.64507102079759 1.73348186639441 0.0123635959555303 -2.39218005998176 -0.459898669527243
0.112372926527421 -2.21714853048826 -1.46569169789958 1.10106705475385 2.75174298648445 2.91527900443344 -0.981201501410052 -3.56910640333346 1.51754784377596 -1.5227795251669
-1.1307211150441 -2.70766212239973 3.0540400115687 -0.894131137412895 1.81503853760778 -3.73410866189373 1.53952570807076 1.024674091453 1.78516712096498 3.19820115679178
-0.825450049750857 -2.49237137929874 -0.182662916547985 1.22020160116511 -0.512727314799355 -2.35712727223707 -2.15909069190668 0.926933076732239 1.5625627428151 3.09662278763985
1.9159013707177 1.05199306306835 0.878980119526496 -3.91838495438732 -0.490006688148463 -0.8698628770831 -2.26887287810528 -1.47153938547091 1.99713373203737 1.54564317891075
-3.04553183548693 -1.10870968868033 -1.80396602096481 0.328612798791304 2.265032059892 0.830196025824687 -3.36067190989264 1.53155293859701 1.819939544156 -0.290084679879322
1.25993372274863 -1.51415051890965 0.850331741893398 -0.312602896671048 -3.68594086755857 0.605240324750428 -0.469644244823514 2.01036451712756 1.99743231316158 0.716294444577938
-1.90602277306089 -2.72191623954365 -1.43303877339124 0.25791806253992 -2.4317451205037 -1.11830184148003 1.67434751227973 2.54123391805027 4.80254661941819 0.517777291576684
1.35412181215794 1.4542677897652 -3.65474308228603 -1.19828824785068 2.68240188783476 2.24708614119212 0.308728294131154 -1.48825252285841 0.655946879749607 -3.09595190679311
-1.01167333938874 1.4035804509652 1.8639646091965 -1.3664892060307 -0.333575913886533 -0.86914524987002 -2.0857679929718 2.31802476059034 -0.149597284711645 -1.28621992994991
3.47063953686859 -2.70059379997566 0.84252094018524 1.56446518963577 -3.03302145374902 -1.25635480529882 3.54108531446129 -3.25567373725561 1.02127539334363 -0.347023168293877
0.55267194449217 -0.789492140028316 -1.66015847608381 1.03550603354183 1.46449835959379 0.933534225217733 -1.33206739445127 -2.22602253952565 1.62921781294762 -2.13220705033646
-2.13612921268014 -1.64553658604527 0.404192875186415 1.56171555330508 -0.158723589372644 -0.235105803891386 1.57080954825463 2.45526308218033 1.39941662651624 -0.893838913917622
-0.268979589740899 -3.14120403539009 0.679513378904709 -2.58275387508593 1.99378445784061 -0.691265810075198 -2.03208190226487 -3.39466516375461 1.17269426848153 -0.0716050521231109
0.246620883317029 1.98859986977157 -4.42994429855081 -0.971606893661083 -0.293475395913425 1.13422273114406 -1.80245791520827 -2.51251687840872 0.659982266912318 -0.679077317107754
-1.11181209865934 3.43411199310798 -1.60492460077136 -1.1536030662629 0.199137400014693 -1.18453533938628 -4.55799947394492 1.1535528851635 -3.06009457332663 0.132837860722488
-0.00232410188203305 2.87578694164353 0.652267878710294 -1.87143354164436 3.09625767703532 2.69532124884506 2.28239185996036 0.820434980990004 -1.6066410346603 -0.980678851351165
1.60080305088617 -0.82413370547939 1.77496950721564 1.15583250186237 -0.595043926830455 -0.177323360122139 -1.28666836101929 -1.26265454331129 1.86095159907174 2.72978159408065
-0.862877256796453 1.21330985954178 1.04539555227611 3.48947164814754 0.07487585300983 0.349721933028981 -0.321295958242291 -3.77214386383201 -0.713059402740681 0.822693088816395
1.66369663902285 2.15897536260311 -0.428572531006742 0.940441662568595 2.42740776404075 0.67496089493169 -2.67613461112778 1.06425415557974 0.240650067641215 -1.97094925919862
1.00077399461834 1.21726791363456 -2.7776088781226 1.73157466142906 1.57686612837862 1.77359902118916 -1.45751045704016 0.398424543527069 -2.66302136044086 2.63258145963184
0.53329620518375 1.58589431996448 1.19282100583471 1.33608730481306 1.51357315542617 3.74467586979151 -6.92317249070471 0.472497690566417 1.38511367230629 0.14910719014676
1.14946294870729 -0.531994121385926 -0.744548239652589 -2.14769076783938 -1.78916644368695 0.489499380418962 1.72101896957428 -1.04470457102737 3.70434283667608 0.997458760341173
1.97777137320995 1.70512062093515 0.187137953826243 2.07776769441641 1.49970348950532 2.45735728075864 -1.53507636231355 0.566201364859915 -0.252434809183034 -3.92557634639184
-3.67100328082531 -1.66957629795989 2.51152985772154 -0.836317696185535 1.07128892047866 -4.99125696311189 0.605930352676818 -0.690490936646858 -1.79622857833611 0.52243584200386
3.07411378008331 -2.07558977860774 -1.30737943409058 2.27787369789665 0.798581644584257 -4.60730817559706 -2.76344397718886 1.45049136540377 0.849761214121569 3.20730891134836
2.80002644235199 -1.75257918032119 1.76734750690892 1.41591188005492 -0.127173769149419 -1.4134850596698 0.960545803303592 -0.266933584698179 -0.637068889344799 -2.32271792664121
-0.235941197320919 -4.54664637810955 -0.218237838126362 -2.21900844636075 -1.90403207342226 1.413705223672 0.341935819093527 1.08653577988755 -1.7397273218916 -2.69543400738397
-0.224638812617303 1.87559273524983 1.9755691046453 1.84817397921171 3.20950746527573 0.641775481635136 -1.24187828099682 3.11003686534546 4.00830098825076 -2.6858237270531
-2.19415501239744 -3.14435309357895 6.39608782206564 -0.589373448372433 -0.462079756839625 0.612430123621632 0.120316407981377 2.40133028035355 -2.81754680708395 1.05082557246346
-4.1170090329989 -0.276455219430048 0.423315470913632 1.10204214835818 0.648542080974618 2.17547233260711 0.25198558920665 1.96893883796028 2.22604075610237 -0.243665759528906
-0.968192898406672 3.29843095819715 0.576871804889267 4.07350720643601 -3.46614113495081 0.946015797090688 -0.332204412328558 -4.69702027549266 -1.84959542356504 0.551932937303745
-3.10952923698235 -1.56575504697307 -0.367901187169885 -2.95101855045805 0.56473559013734 0.286277296085662 -1.4163711903942 -0.541446861188036 2.07284641991401 -4.23822468300732
1.83483985368796 2.21803845889758 3.77613844791098 -3.00215289365799 1.72387988729234 4.0220597081367 -0.255335489846725 -0.855534353780539 0.10148741976133 -0.622525637518892
0.327694963965403 -0.100777922935489 -0.176670296150589 0.0395564635673412 2.27567550315746 -0.75923766823392 -3.45564001496108 1.65293509149968 -0.310341650437392 2.44639795735883
0.00687161753922952 1.42878393820982 -1.98947050823099 0.668596814821166 -4.65414297601552 0.35362236792215 0.760091273148832 -0.77048353990163 2.11633058021825 1.72420299798307
0.749751793100584 -1.24446073323383 1.18406563071592 -0.858054369520845 3.57106645899621 0.383669233609517 0.629778435535671 1.3530364365528 2.15202616117303 2.75901491786892
0.117395457155658 -4.0702712122733 0.796504344509972 -0.827381726562506 -0.820252848874741 -0.540021460683562 0.547612558785741 2.01376912807453 -1.44337993519101 0.555086223098962
3.11726012954641 -0.239726537033638 -2.27350436897255 -1.1344013127427 2.67221765319151 -2.05524747530484 1.43784144359136 -4.69756574172583 2.49690179616044 1.72697934620422
1.64997945079883 -0.218926017959189 -3.21845257712275 -0.271927571620658 -1.06013075491223 2.98713117579851 -2.33163329486112 0.584887765020268 0.134191056175743 -0.134004293176527
-0.537070528531714 0.876646186449291 1.40630113644571 -0.533441868737766 -0.673599543961352 2.59489756890953 -2.01023005484899 3.03429626989408 0.093130138668462 -0.328060339706254
1.26029363859926 1.06413522023731 0.443611281226888 -1.79986116111692 1.60955452970324 0.757200693297999 -1.30832637854503 -0.283285535457875 3.12827016253369 -0.532046889973577
-2.48537696156155 1.11935896299036 2.75073211612501 0.297537615866397 -4.04830919434933 1.59345018711997 4.07407638074005 3.15599437544868 2.17459192757787 0.381649235158684
-1.12625354858244 -1.21124161774623 -1.70306865104011 0.661761475506908 2.96531943705026 0.0799525700612689 -0.421015563209965 0.12686692748495 -1.14575378065527 -2.25832553027031
1.84590555053326 -2.73658144897782 -0.67019203415532 5.97828246387638 -3.73133112428935 0.123845039651365 -1.17858061805331 -1.28740489961566 -1.39319090895835 3.73932660759667
-0.625845697026658 1.21138427295549 -0.199508368271261 -1.17773140323832 -1.56096113511382 -2.64863702930168 3.71338728162544 0.807100657761959 0.303651045400507 -3.01891881042941
2.24625313449521 -0.965259757843454 4.27188276301379 1.15912987450542 0.273420155516728 2.32855341271997 0.421741072544895 -0.224856856488639 -2.20111725343948 -0.519937699829539
0.520887472174929 -1.3407692891318 1.70963997763313 -0.41924625552317 -3.70252713500869 -2.69093585090919 3.08717343682721 0.742682512720805 -3.3199067951443 1.07781665379849
0.744930278542275 2.07583914967096 1.90627668829946 -0.611569343079122 -0.499021864304757 -1.07506702951873 4.04044264798464 0.537286291169051 1.79745857167494 -1.13497801675897
-4.73533214388641 0.289648906506865 -3.22110930365791 1.12857369803514 0.479985926802888 0.0259023434706726 -3.33661798421441 -0.304074990703264 -0.234958315387779 3.38825292791368
5.41213885311081 1.70815224277737 2.43283319759021 0.79148931149756 -1.23100328749169 0.787958120668881 2.42439017282573 -1.13921656605177 0.622539573440631 -4.08495904731323
-2.06211097421777 0.574601443042919 -0.496814290159517 0.540588103657784 0.642878893856133 0.219772030611292 0.0465365946512539 -0.106518713349044 2.75817840602511 -0.655353869833507
0.868182484102616 0.593426926716717 -0.261374646169935 -0.164071842050062 2.08024184570882 -0.65512278519939 2.62631078484992 -3.12509406300527 -0.178194212060001 -2.19678042834352
-2.28330525629388 -1.69783309435434 -2.79366016931755 -1.94889928347847 -0.0736310895382583 -1.15760098416397 1.19570012711222 3.92012111048047 -0.46790817407586 2.20142790664852
-1.05188018010578 -0.462798984647962 -1.53987134382657 -1.54602162356438 0.803004002253184 -1.48638739032567 -0.666522197301565 -0.932214425831737 2.495125738581 -1.54709328759008
-3.49729738412107 0.0273464583263824 -3.05467272305615 3.48750225159961 0.0374747353461167 1.55020390986053 -2.63949584764949 -2.75373581304724 -1.64127293398071 -0.602363189743302
-3.33613699085571 -3.38951056319487 1.24053590293644 1.4520882889272 0.622164103884063 2.92505492734762 3.14108770521154 1.47285598951097 -3.66097090233147 1.8412120964464
0.323484456868064 1.12314149557162 0.688746676486006 0.249157311587406 -0.400789316274695 0.952345645349954 2.02721959939521 0.989565059998786 0.455302157762325 -1.43460765082989
-1.89221866608924 -0.460347624199607 2.36484540569731 -2.2522052856184 -0.967947966610518 1.83092541180649 -0.634562149380982 -0.103874812289905 -1.25786969180919 -0.455092925650092
-1.96003571680152 -0.734563929717494 3.11195093742305 1.71878452394318 0.0381638511776767 -1.78740147372537 1.89021190061513 1.4640959406861 2.09650059937633 1.21976516520857
1.87819619297682 -0.331223959343557 -1.86902925103218 1.24394592775105 -0.431157944213002 -1.23904956864976 -3.97261876231171 -1.67006975786213 -1.68104835413275 -0.529119347872453
1.11636384474562 1.95378338494647 2.07505139988724 -0.734332367557146 2.83971559379071 -0.25076418367817 5.92530388809293 -1.60901544285466 1.28585219485217 -0.1829933745326
2.03345699277118 0.231918115611492 -2.29373408844455 2.54807780424193 -1.03582298783686 0.667345682303765 -2.5497839516986 0.213830702918424 -0.531602001986897 -1.60756064061144
-3.3067993468184 -0.527305806617005 -0.891865770596779 -0.540407062478446 3.37195607106074 1.12277776218661 -1.54646904980074 -2.18240081447671 1.08602369891637 1.43071152384934
-2.71228691552219 0.917919066457007 1.01264166824539 -3.11379476466947 2.40566535384498 -0.82142926810291 3.45807840965116 -1.57709399333323 2.99069197224971 -2.14011666204322
1.4225579883385 -1.40249898610842 0.385040829710844 4.93741081548182 0.572460264527843 1.18496127328199 1.1553164046706 0.386518661813289 -4.33428733578555 -3.63763759627483
1.04140217017295 1.41319440875128 -0.494874874669994 2.69313727336031 -1.45707043769563 0.143917749205729 1.60462510934015 -1.03178089119291 2.30332973128636 -1.97727195879801
-0.456735104148342 -1.16622301827329 -2.70162637055843 -0.813142181493156 1.56963839310492 0.784495242476007 -3.42986129962667 -2.26035435953395 2.31479031781276 -0.857276559011757
2.39246215472766 0.45200943083878 -4.0342683655717 0.70156669787088 -1.58856919314632 -1.44353484256541 1.07821811055847 -2.0401802911685 2.39671300272396 -0.0340949608819176
1.44884240620691 -3.12178042831435 0.705789448541358 2.56971852417547 -4.16744750457285 -0.520112263617093 -3.04808728845452 -1.62658493579286 2.38060000633394 -2.01110781974741
-1.96614989440847 -1.19761415520258 -1.70336505805296 -1.33382628738045 -2.35559958298355 0.0698776108497226 -2.51797538457891 -0.986417689009988 -1.11949634058627 2.80437508141545
-4.79265157117998 -0.655482972165856 -2.88534848926449 1.30113640391649 1.39959113644368 2.57484868532104 -1.58342148858429 2.6126632429512 -2.93316606929694 1.92089589472689
-0.980930296293434 2.26155117118317 1.65565319646885 -0.20761399375161 1.07084782376319 1.88571752202611 -0.0422199792716533 4.59284581100174 -1.93326665558481 -2.00624645054735
0.895504493727024 1.80778842693082 -1.003664900416 1.23836829454991 -2.99179709834179 -1.50944387542559 0.470635429598234 0.12010828686447 -0.660981676471892 0.396054068064654
-1.81835371503205 1.79732482500393 2.4007280927374 1.1557639075736 -3.03297456843504 2.36342442884512 3.89750021521064 2.29434836747479 2.36358567429974 -0.426586811592502
-0.486929672761647 -2.0035811432499 1.58059761130861 -2.047834613576 0.604087531747179 -0.138931623038791 1.12555817835737 1.31356831980162 -0.52748737765616 3.07060836491018
0.871158267147685 4.84448391147743 -0.429921664761561 3.53263945452082 3.36816943025018 -0.070363383724699 0.883394144817539 1.81501115772883 1.54567609463321 -1.12611801079254
-2.09417863341098 3.64360588791626 -1.48031404043305 0.831578914090212 -0.265267632269024 0.250033718592221 1.58225724576605 0.408887925712713 0.499325837953009 -1.79749009125513
0.408321000694187 -0.218152857729173 2.06855826988554 -2.07382865182976 0.493252069618592 -2.84394896875928 0.0512305391623862 0.147650214701815 0.613484007457936 0.266731829172661
-0.462344578733559 0.162588569050644 -0.651830020721536 -0.430154068456919 -1.18397916225189 2.16746956280163 1.74841728652606 -1.22559200862875 1.23087423293569 3.81415233816311
2.68805769531793 0.0565472746412586 -0.263822559879195 0.79756513608702 -1.56503209694369 -0.202447294585566 -2.97814208625876 -0.346808019458907 -0.461161231483811 -1.84699905809357
-2.32687795051105 -1.98281813548885 -0.944135562085259 2.10735551030256 0.882771492076675 2.06894180676771 0.425549123771694 -2.55227634923925 3.85282995305557 2.06516705539644
-1.96088271394588 -0.229134093136883 3.81852147471413 0.662810438302661 1.6954521823306 -0.421362138812337 -2.14943118696437 -0.75575865329239 -0.20748022105263 -0.925116790200097
-1.15051839673078 1.98868027545472 0.268828548900365 -1.35880040940474 -0.109934694641374 -2.44748278275742 -3.42987028274343 -0.193397250473634 3.07125873601046 -1.28330542801771
-1.57900149629344 2.66985466320195 0.0487686481541597 2.03181478300006 0.324705212091664 0.139871116527461 2.17674422255105 -2.16262506773714 2.71142661253618 0.0226656012256842
1.25231592759813 -0.113421040312217 -1.09071658422546 1.58575114715236 -0.862983691244847 -4.69315487432286 -1.23472826117008 -4.07051581064196 5.33649174707537 0.603413932448837
-1.42121268205454 -0.0740683208914696 -0.253038767587738 2.24807113782467 -0.48362054596956 -0.0538587813581861 -0.987128636271244 -2.16764426298662 -0.0546354988708506 0.656207350767902
-0.249311902578012 3.5617578209688 -0.984446083003453 -3.93452878239111 0.888814945198548 -0.718428265019362 -1.54953530603849 -2.93917822832068 3.46729747715043 0.435351464458863
-1.77915279893606 1.09543700109889 2.99096267417902 1.07130523040509 3.41601177472712 -0.354286756049217 -3.51959127683432 -0.160956435652816 2.96085135185059 -0.339619854063589
-2.91582918959157 2.66465829874741 -2.81234976394235 -0.137106077569017 0.0540962491828559 0.0684829439172646 4.05528380498852 -1.57453768211452 -0.942987928474872 3.5463531008847
0.63648859552974 1.32055135534249 -0.721574533265669 -1.88152695002221 -3.37906799640463 2.4025679991736 -2.52977095994903 0.265844442408848 1.04159858782261 0.685933489230361
-1.0432707172974 0.827653721432317 -1.70601152206895 0.97992090098204 0.546541133065386 -2.71428460675527 -0.853693599467983 -2.64626672351474 0.544141658434914 -0.665518672668865
-3.86878620192089 0.405262396497457 4.66722380176219 -1.569148508204 -1.73047360550898 -1.58490815204272 -1.92723471013763 -4.3384621625879 -1.33643913271587 2.08550061162507
0.915572913293556 -0.610226891500918 -2.68528191105032 -0.609120649486022 1.26936919257188 -1.83649661263755 0.52253943515287 0.379506657452949 -2.93628792647038 -3.97675934173223
0.371170178456515 -4.87428927541006 3.1500781777505 -0.15445243711812 -1.64940181534168 -3.48297238336837 -3.30301317269805 2.32485025640625 -2.33118986440723 -1.73877935608428
0.159816098607514 -2.60361177171743 -0.296642519868647 1.12824752475544 -0.132336735346394 1.88525522850898 -0.894026930468704 0.732365418800615 -2.6419433403588 -1.12257726463352
3.01201327951452 0.841911618895898 1.80413201575894 0.0371816029204431 1.7378734100893 -2.0870338011675 -0.432550086895695 -2.09449944808352 -2.64236071571955 1.22717758959515
1.72539459602421 0.254742259839569 2.53346096786803 0.59717569238802 1.98340566647092 1.75111619789554 1.21129969676878 1.46960265448584 -3.39657685095139 -1.29555903392833
0.721596362968034 -0.365168830381667 -1.51649516939076 -1.28999448835532 -2.28179661197936 2.032121516223 1.57315599654318 0.795187963987688 -1.57142132008055 -0.203867342955194
0.0906225226174407 -0.642532887690944 -0.19680980804965 -3.51829482122373 -2.20849965228427 -2.04069417767098 -0.513431479970935 -0.721072864406571 -0.832461418811581 3.10437135204164
1.31974106163319 -2.23391821176014 -2.05463784244448 -0.799861783751452 -0.124882434579491 3.24160774642348 -1.12507270633776 2.07889603278384 0.493149957568319 -3.15685614172858
1.35787390575265 -3.33100670137563 -0.270309582214529 0.424006586327101 -1.61822525613733 -4.00267306371978 -2.60982048113541 -0.1684065963832 3.63123969017927 0.795228958642337
1.46848510349824 -2.27833088183458 0.492711326257129 1.27683693390332 0.572222221739602 -3.97949525161507 -1.28781239213637 -0.815937493446315 -0.405417012983213 1.45367376272185
1.16227164746981 1.88771418462426 -0.395516691915878 -0.925093223912594 3.74246531745886 1.11189850830068 -1.99704201591983 0.496546839835258 -2.00673684576698 -1.34393337774697
-0.0661117315599648 -0.267085746262878 2.57771105990122 -1.92648874034559 0.0451086757805749 -0.198601091505507 0.773535008826063 0.558964647151747 -2.83712432310528 1.56966106104716
-0.0250527027452725 3.38847725699796 0.013733589180486 -0.178467722663889 3.3262444793239 -0.450900717450604 0.73138838503755 1.53527460807818 2.32891084764906 0.669365190625982
-2.78785831023111 1.89967153252695 0.443058562821237 -1.5111257413872 0.580851047934295 -0.161168475610835 -0.101711992978934 -2.63069761841347 4.27994345019032 4.1206588940766
-0.906181155619414 -2.92109440892528 -0.799520799910816 0.795673899941534 -5.08486040384731 1.18682981163069 3.29654614117107 -1.428433629706 0.833675763347985 -3.97637608949592
-4.38483797033278 2.94485980456181 -2.44664867214193 -2.31726426879024 0.19228171721046 3.54174445635949 3.01272021074402 -1.09335221952877 0.771856591520765 0.93702065303719
-1.5520758496854 -0.696619335215832 0.0629653904529688 -3.08119939738172 -0.8368965421719 1.34338588464741 0.452879460897106 -0.0304549131409757 -1.35773777747143 1.27030097154641
2.59133833982967 -3.67154439203652 2.52404690587186 -1.54340435794597 -0.358912853476483 1.81924600863339 -0.307436801428383 -0.261561494120818 -2.8889563538087 -2.51944742002867
3.95576467812445 -1.06232023947313 -3.05705137137148 -0.0894513067273397 -0.507937357864657 -0.624235273677906 2.29865340362101 -0.382514911824215 2.45488499131342 -0.535896930608297
-1.99546084456354 -1.59247003662372 -1.66229509472303 -1.05448999071032 0.901024221105043 -0.96093607998675 -1.5361464280689 -3.02512074149643 0.708397318310315 2.79417110872498
-2.50811127935334 2.18011879326277 1.69972115929596 0.955333479619599 1.78339923277142 -3.87335945590424 -1.36682619487252 1.29889552838609 0.445351566295333 1.39967312998556
0.690674018120372 0.519712589130737 -2.08250741040783 -0.522655644621065 0.917842400503782 2.37821193245672 1.91700036718978 -0.201969436139891 2.54666810557452 3.76944915419074
-1.92226765527878 1.68554093104421 2.02748487201118 -5.02108274520367 1.3942779962253 -1.64915174575841 -1.09538573030403 1.50096920672197 1.49142374479915 0.690432827895166
0.972413959024319 -1.84718361850159 -0.316395717006377 -4.3023127518856 -0.966502558961939 -4.06715670166992 3.3453844283458 1.22902416738332 -0.130295804357767 0.516660664400186
-4.08185174394529 -1.13707273619253 1.08533709201412 -4.79955757173567 1.12664668742021 -0.745115042557454 2.20808380953379 3.54145342563469 -3.09930667815847 5.86914102176975
-0.339946487387851 -0.723631365893722 -0.678378454171986 -2.32798933028485 0.868611002589579 0.929830651933987 -1.87414980722432 1.03176848682961 4.89899183567331 -2.07610867510796
0.198282185426007 0.232538836011247 0.116714257728394 1.09796504293915 -1.30242733226207 0.0165951929912517 0.461115344608773 0.654611127702662 0.820799122650293 0.442560480054229
-2.06169448131853 -0.584232421012987 -1.96986868602685 0.275246379155078 -2.23423806873375 0.724906713147037 -0.8622515156215 3.71700864879013 -1.17303902576718 4.12789193356522
-0.311134184846871 1.39443979577378 3.18588433271605 0.989440075000155 -2.33440229267527 1.01665834825765 0.809350106037179 0.616093601258592 1.65970712831815 -1.37567814799801
0.842101869857247 2.28042924405001 2.08506580678727 -1.63827911058069 1.11998699384559 2.62705463619946 4.12306541704591 -3.97656385012181 -1.82055012839861 -2.05495521147913
0.928714017401522 4.31682013735847 -0.639366942252288 1.32038498949929 -0.98791088642015 1.70880748487893 -0.530454079102005 -2.61146600726081 1.98646481760173 0.468844053723921
-1.35638660470986 -0.952873620660001 -3.10933213163789 0.537155354226385 2.10558598127736 -0.312178371798671 -1.90824018035974 1.80410941676833 -1.4962778844959 -3.85088705568916
-2.3314560194744 -3.35051579439443 -1.04183671219378 -1.98270206577337 0.824725469127503 0.419672784690744 1.35011208065938 -0.415066215930153 -1.76999067830844 0.869787219671838
-0.0685535372441829 -1.66216853509224 4.8464069809767 -0.637713394825028 -0.149987001352253 -1.36425587757868 -2.11498481893698 3.53731536488622 -0.762513453541647 2.64444698637708
0.0739026909732013 -0.833074388471395 -4.03732253242 -3.12220628541083 0.912346874982726 1.95309736222424 -2.34389730953207 0.381137754204332 -0.6176991108275 -0.61421228844695
0.480184620934956 1.17492908469919 1.47762671840606 1.84560837942178 -2.55119272142691 -1.34507783376027 -1.3927774651574 -0.532001763514326 -1.36660400869358 -2.2174681855395
-0.799688033685964 -1.20520872299808 3.85267352053268 1.33046782535331 0.269565070325379 -1.6920877513737 0.880407950583387 -0.461097188218064 1.81860817986811 -1.29584310639047
4.49425980137511 1.46954562227034 0.779213649348182 0.285835292279171 1.29911232947626 1.70291816286342 -1.35882609171613 -4.75449211872322 -2.66661466807004 -2.62496206237917
-1.50110380419833 0.650196350622497 1.97625344097378 -1.06483366529534 -0.522054318170826 0.376511469556123 0.0450826239076549 0.471464523217962 -1.21389798019614 2.8553849358285
-1.55995212653233 -3.05615168284583 0.977697529539776 -0.222772451695778 1.32219647889616 -0.195488962881326 -1.49637811597449 0.0568968477750168 2.2796567677176 -1.05776935007016
1.32491484296796 2.97170992065382 1.48691034231153 0.00860761966936284 3.08453035600575 3.68772113494692 0.721650316508555 0.537140083876464 2.64801375818517 0.541449088882554
-0.264977422322149 1.10908887822603 4.37788945216381 3.97743480618071 1.05772939103294 0.757231471199255 0.521768002684835 -0.685916165378721 -0.0181389585596241 -1.77014052890014
1.19295757090856 1.08952017375655 -3.09531531932014 0.157841058290472 0.772688066971877 1.52526384906683 -0.873933517125578 -4.38729534768824 -3.04421589012032 0.565489220103346
-4.23499937219411 -0.246610519063465 1.62934697066224 2.43515250493773 -0.554788740220822 0.995289127523747 1.47409260103797 -2.84052054474246 1.42797117131906 -3.9024627873652
-0.543967782463658 -3.99770996699047 1.25087102001028 -0.69009844703729 3.22000499850381 3.08230054128086 -2.26992723435123 1.36164160405829 -0.121145819315691 -2.94336099332156
-2.96633723922674 3.03776142635537 -3.64039069400918 -4.73525661856679 0.176799443780807 0.254511177934017 3.0055010871631 -1.35087194227369 -1.6084585805745 -1.51003327284914
-2.16159251722843 0.156370282326558 2.35078012049562 -3.72430755526779 -3.46782317058969 1.73801709842374 1.61573866086021 0.927960824724403 -1.18227641262183 -1.19409523814367
-2.45381232403193 2.80031755199953 -4.18316253760762 2.70551023581562 2.06719688791156 -0.150287280826176 -0.488614207696116 -1.39994137363871 0.101484689113762 -2.1543771996348
-0.346998288164033 -2.55678837572471 6.37813107569713 0.631760314167871 -1.26963661495162 -3.18128813349495 1.90143583994034 -3.20448256355195 0.799403014242427 2.48707158183093
1.39925798485431 0.0334073774708434 -2.03156433358168 -2.07674751198198 1.7459125042097 -1.78391483108782 -3.62322819010402 -0.475656407989605 -0.776745777401024 0.913263211089319
0.441534521858164 4.26499198338193 -2.18307501392798 -2.77687239072836 -1.66620578408041 1.0367889400536 1.40737580251458 0.551900654823962 2.21567389532615 3.45853756564176
0.615981137591994 0.598389227843681 1.05305095360709 -0.156645940570326 0.680449218148678 1.0870262421975 -4.12135842313114 -1.58612701574559 -0.936443894187425 -1.57391925422959
1.40986954300927 3.90456173158414 1.11301766708385 -1.49770695782084 0.385743782009406 2.99263122277597 -1.48742220857524 -1.99482615570698 5.04445729024399 -1.70072848895677
0.201320702376684 -2.28756587162239 1.03442105395586 1.16006908627878 4.11882137237568 -0.223350163825377 -0.297101545900316 -0.572521769801823 1.85902128017976 -0.834127227990364
-0.657354925715638 -3.12777238821276 0.7329629217071 -1.04021170934091 -0.232014896587329 -2.71056535137706 -2.4902296760392 0.534139627905228 -2.19640958161985 1.2142185700417
1.83903605508816 0.68103657525084 2.99452991695686 1.24740310965669 -0.35544945965991 0.522519566714945 2.81719199648949 -1.69204519489356 0.671279152197105 2.15581065091569
-1.6115831946812 0.22896684441407 0.0617544800200881 1.31505970039797 -0.90059806891907 -1.7132746478391 1.12378555902447 1.60332963753057 0.380640960889431 -0.0100689079054397
-4.68894074625032 -0.978245929281869 -0.996646314156199 -1.37225802170682 0.583562529891476 -1.02029195860719 0.269120784079247 0.0436404653927423 1.37538113480482 0.145188388339564
0.953454253518461 -0.916685548153825 -0.855158467468967 -1.44401424800327 3.08856489176006 1.05503349978153 -0.639718593127709 -0.447153517663119 -2.22821545323951 4.36213985725619
1.82508825205593 3.18936226695464 -0.03261119246026 -1.96939174454384 0.808679085899681 -2.01034001245576 1.96504817780372 -0.68843909901253 -0.324293612411669 2.50540100304286
3.19886715519629 -2.00198335377725 3.35001572298994 -2.44727135103601 -1.29626535488486 0.298922936977155 -1.09075259285248 -2.38572228961065 1.34518485602944 1.56369098000118
-2.75395506251495 1.520360774818 1.38568247291265 -0.597822832219599 2.48162956664936 2.15776318508501 0.22591921447217 0.877280171552483 -1.45295887886163 -0.700517480436059
0.162433827406055 0.13031465598607 -1.20883242454983 -3.38973474956853 -2.17884328777437 1.5483470117819 -1.34236923636977 1.31832230484271 -0.180631467927642 -0.665608082426053
-1.78861952545402 2.61009238097175 -1.36123830746637 -2.22153206737781 -0.808414734463091 0.42488448406174 1.29049976038032 -0.522697831336812 1.47605145497606 -1.21413535930545
0.51214026189776 -1.44768091368708 2.1211923217608 -3.01371526833747 1.72283563039364 0.229822221696415 0.553003345190635 -1.79732735501312 1.6074721623262 2.74928120766933
-2.1920888253643 -2.00454956379141 -1.65528295108556 -0.0648882780678929 0.300727941205319 2.15226659680155 -1.89336523165136 -1.33839316161597 -1.77462177134179 -0.788868271803625
-0.59216644441222 -2.70322768912641 1.31851627105544 3.53562168092768 0.838416673393806 -1.25186759007834 3.94022758836903 -2.10566742722018 1.02115571112014 0.950890993359826
0.266253926628455 1.56764313430659 0.260550824024204 2.02579631245838 -1.07805477295903 -3.05088539580102 -0.526409739600695 -0.322172282511156 -0.236616894575019 0.966690937007386
-0.468198048778764 -4.02249039286004 0.382358643134886 2.70824011621462 0.0900939910665464 1.20505473137203 -0.361990966302441 -2.63886298371587 -3.0827952311565 0.720657727143706
-0.0594328154622238 -0.271194047588476 -3.22370656830959 2.04976570522655 -0.577645971850853 -0.106120883077404 2.4601402048344 0.217584682052901 0.466662809015052 1.39525847665352
2.59498703601747 -3.93259184707707 3.0223116773931 -0.0414808822318079 -1.25688932679128 -1.58683377063224 0.851282518032714 0.211992525173907 0.620661037650824 -1.81686574795113
-0.512704319901059 -0.553996947845452 1.06200012526749 -0.501937509276096 2.53977037879717 1.92314337245897 1.35176656617093 -2.69448626590196 -0.373592445825437 -0.128475671868211
-1.81109958951735 5.88296536602549 -0.261187645041171 3.17516402979178 1.37356717680113 -2.47868853621551 1.33833864755769 -1.32757239281742 -0.278893567644193 2.85617463875899
-1.40395429638345 0.942265199500237 2.50693542803188 1.22867017791576 -1.35345081068279 2.19376115715048 -0.869111621285401 -1.6749805773305 -0.466582448382659 -0.066175851177318
0.618098825420437 2.95781657392481 -1.51296650622482 -1.95448374854931 -0.0948086851196569 -0.135091002890118 4.12075453977858 3.20512828339922 1.71171235032796 0.447628876171018
1.08239540136446 1.93066274314125 2.54432688766658 -3.6706172136037 1.18702083582267 -2.62751410552169 2.68804192159205 1.2937903237491 -1.06642074003554 -1.19355441065713
2.93844795884511 4.26889556497531 -2.10513701916585 1.34220592231923 -0.465337923720672 -2.76555464041544 -0.489278262291986 0.0365725784328253 -2.98065583199816 -0.00385127994925502
3.64570267226884 -0.771588247430158 1.50410244267985 0.197597046613231 0.583717913127095 0.358104479679688 0.785284226143152 -0.364083524717919 0.887458955769114 -0.871295009559618
0.135544175643393 0.437705854984943 -2.30189350610643 -0.0277299759529913 -1.22221950886282 -1.46138378889111 1.07393723640454 -2.4010856079281 -0.29456965104783 1.7248870484351
3.84803065510659 0.259294868524136 -1.85891842918473 1.20170294474204 -0.699618966405483 -1.89587776978649 -0.367404485886836 1.0593265772437 -0.567309824370636 -1.39015874168579
