0.478283855871286 -3.01289301644482 2.02554743572509 1.17617152806385 0.355367780977344 0.631478649069592 0.566380977320261 -4.19716966857634 0.333194931625841 1.16583937722829
0.0923954613350593 1.25901831484075 -0.013765487349667 -0.809965368343421 2.37825226174109 2.49985706270214 2.38742992216263 -2.67268072913603 -0.341757266185344 -0.330152042364248
-0.543640170024259 3.21139468660214 3.82164212600626 0.81541044410763 -2.45941193401577 1.68453299005622 3.02347979335869 2.06670227357005 -2.0311556699052 -0.347313504244789
4.79584942063072 -2.01056521611648 3.84992535180792 1.26223999415709 -5.18979774743946 -0.826760148032403 1.2822645536563 0.0207050288742609 2.38560860897322 4.3146573383629
1.32342031483308 0.511533327260242 -2.78535344224163 0.223430015085986 3.29339240616278 0.981919740265598 -1.34660995046107 0.651435033747287 0.453530378200016 -0.802360816543576
2.22016119080449 0.10291350531639 -1.28804276937406 0.180593303670945 5.23939635239977 1.71516823289336 3.19707447541652 -1.89844632750419 -2.33019119706011 2.43288199962209
0.717800626074847 3.76388281136373 1.31214183130906 1.55524011121675 3.14149509454994 0.96089426186673 0.942432950249952 1.77969243542697 -0.888273594851246 -1.60216185323322
-1.11510852229484 -1.36691872705664 0.555274513398336 -1.16600106706257 0.0263620016696573 -4.77664488972663 0.540421963386609 -2.08681295664231 1.40272862558606 9.36396332160111
2.76704652180954 0.624365180569499 1.2648088447969 -1.32352002744183 -1.24221148423774 -3.23480375488683 -1.65732330070097 0.669233216509506 1.2000911980941 3.51835806881856
-2.8139698166829 2.70168850660377 -2.04008385322698 1.5745059475497 3.4643584411325 -3.13646066992402 -2.61768656692891 -0.101990316193276 2.35120486800127 -1.89276387457769
0.820145149771174 4.95112389047766 -0.925486606853496 0.487670603194797 -0.939504875563684 -0.608509536812529 -0.749154659146081 -0.147036401110499 -2.37760041262355 -1.08965012593843
-0.291872474728525 -1.77845500288974 1.98647120403174 -0.749724586866738 3.16221602881362 0.149550416680057 0.782399538148364 2.59249611760377 -1.07268632145544 0.583153456226285
-1.26129522425913 0.387394616935359 -0.338891106254939 -3.61163916989596 -2.50669243449869 1.1947087157259 -0.59285087906259 1.45703007107011 -0.130520431904239 3.9824418580886
1.16206094589039 -1.73115286832962 -0.640946660410956 0.350225962662677 1.98785373768006 -0.671796479110209 -1.28576600990273 -2.4279823872159 1.23186726235638 -2.19956314013213
0.917895258460455 1.18731822654347 4.36988136790576 -2.6321978738142 4.45069967569622 -2.37164873073187 -0.408114858482654 -0.367858666081248 0.378745527565225 -0.264861277758053
0.818235918923525 -0.625210549335013 -0.067042518503599 7.06082457271296 1.18476768977015 -1.38809344200691 -2.19898829636662 -0.834933659778843 -1.3029323142595 2.24374246353242
-2.25365581422449 2.54712952496719 -1.23948243506766 -0.206579045766621 8.27715236603894 3.49944668772788 3.59453994187339 1.94532711245664 1.69272821776193 0.429477784248663
3.4845916826527 0.0162843999634358 2.82211561318863 2.76262361314135 -1.49529236490706 2.91933281018499 -4.27640182831331 1.38310883553898 -2.65837696759303 4.53620339165451
-4.7571815688553 -4.61747397216386 -0.992112713066021 3.86005767045385 -0.407065975646851 0.36344931630826 -2.74279586266893 2.72227253265347 -0.0327335404789804 1.19321321379737
-2.22628260732287 0.24148298790842 0.470004296577689 0.590622969278918 -0.160028023150963 2.62609634333668 0.697407067049689 -0.263471536794257 -0.182109957779599 0.369811483724347
0.172057584914204 1.33459626587538 3.25974960158148 -2.76237082259093 0.0942650990820046 1.07005535785208 0.262001489548672 -0.540399944252669 -0.498975477730179 1.46883559056212
0.429241247757432 -0.116116798806271 0.0504004208273495 2.04701604916413 2.50354244993651 -3.04815977610126 1.74366080168513 0.499174045483171 -0.937678180867615 2.21667087053405
-0.127263925978582 6.18308637781382 -4.43620166409024 -1.26891468495943 7.85135113255677 -1.26662788493384 -1.96564864739707 1.57585303392558 0.818150295452253 0.443897773312535
1.67719779888969 -1.66923106867256 9.22174522030666 -1.50067348560505 -2.34665764368733 0.741736851977502 2.95455964423312 5.31363468413427 -2.55050968855943 -0.870987617995455
-1.25098057757293 5.14174491192212 -3.79922337483778 -0.0481562518012179 2.80269471432627 2.13053000572708 -2.21582727207474 -2.63438072236993 -2.44273962952455 -2.28632363183662
3.03110582177028 -0.956416545107726 -2.37879107147315 -1.04225406801572 -0.686287285120715 0.0765292401842848 1.53744061299913 -1.51201386421622 -1.25942447531511 1.20362707708192
1.39051354299431 -0.307822692541742 3.86913380405489 3.95328060531755 -0.471738420718874 -0.972482794129301 1.75216250188132 -2.93714515978162 -2.10400338484456 -1.21168631139858
4.42680767333465 1.46930332817847 -2.44359251259938 3.08306768042134 0.909361794348576 0.475231896398922 1.14436134506261 -1.78127350550187 1.72568503531057 -0.187912265293086
-0.902395294487169 -3.98750934383509 -1.3880066017428 0.458995009922265 1.12144374059068 -2.71040772477811 -1.84393539218386 -0.649712854884627 -2.18861531089733 1.7036827135028
-4.0866758927191 -2.65717277002506 1.52123522847907 -0.103336180553065 -2.03028642419076 -0.99274068326929 0.857164910359693 2.56052233751657 2.13618156076392 -1.66466823116684
3.19787120523017 0.942675611560171 -3.23391249751539 0.328317935557102 -2.21624236931442 0.358931094744334 -0.277956485702542 -0.294725864833128 -0.167494824559868 7.28242547618234
1.68188111354583 -0.736062449146986 -0.823256985964699 0.712167704079618 4.63988654392594 0.616782313334648 0.593314779372911 -0.583174502289312 1.67652176470176 0.42209892050986
4.68165942190812 1.29084435647007 -2.87414587266724 1.66073773483351 1.47609560619116 -1.95366116514445 -2.17357574395081 0.609379220212279 0.223413332481956 1.33905972587838
2.97468398900836 -0.172796724655697 3.36697221186937 -1.84840238277913 0.913496008881696 1.42853006894797 1.10480389540588 -0.111435101712295 -1.64817335520874 0.0814402634190206
0.953806627911982 0.501149363666041 1.62668819201646 2.32089877378433 1.66292556611132 0.66573521332345 1.03580107784254 0.257777670048773 0.0195414997302878 -0.790598651326368
-3.89475743249986 0.0265406620939973 0.803555315075156 1.4277879130651 2.4277743109963 0.562605962474199 -2.00287801356971 1.23816987706637 4.0620933173379 3.87604215390895
1.71875952435445 -2.10941373820801 -0.457519334727822 0.976296206388754 3.59422781428702 -1.33950011525469 0.543255450966052 -0.279431263458613 -0.119444781427824 7.2905642694891
1.55140565424027 2.31221302617207 -0.800246684305521 2.48036770184958 -0.88470084732354 -2.90911765377568 2.5737740954875 0.619841985256131 -3.31903002373311 -1.61670586042299
-0.995384459552341 2.51758714884368 -4.59329070917167 1.52162326074916 0.705444768710264 -1.38838109277322 0.470524608702178 1.73797373583033 0.119146875120571 7.56789355916779
2.09530185150664 -3.17592739596418 0.0455903036368264 -1.39120230839067 -0.39066525610918 1.25818674960688 2.38609275801849 0.198498255714204 2.33592866001915 2.2379691489287
0.340375122468426 -3.72071817474484 -0.206826513410493 -2.72405649882515 2.00111078966021 -2.79508749485601 1.13318165944971 -2.89158420798294 1.25328969822942 0.577565604246245
0.0300815890107479 -1.52371193828957 3.60832473425956 0.235516388907748 -3.79783266883612 1.60796858881529 1.86346440813213 0.585024649257747 0.0199646615889262 -1.78295376687078
1.15767885381442 -1.58161853605789 -0.662381741238967 -3.23465050880374 0.410731762724328 -2.95549657568529 1.14973658598613 -1.49771566794604 1.22266051422059 7.75484898573537
-1.0256044587707 -0.925069227407945 0.808849868414107 -0.94914882389947 2.73632830719518 -0.597022270931116 -0.158560650586908 0.211017085690164 -1.01113631809626 2.649439050598
-1.64935900620892 -2.21101053146591 -1.33005896087017 -2.70985196558499 1.25520584955769 1.7876854086429 1.26211549985854 -0.714175408862151 -1.50847212089419 -2.3348552177659
2.96555175421786 -2.05138604326419 -0.725440171981205 3.20134832685009 -1.70246127200919 1.15440745794456 2.21960495092299 -0.00941235253640533 4.1861031082767 2.69116262497162
-1.02038540529946 2.94917178089035 -1.97869770733385 -2.6407787081497 2.70334020137255 1.58727501199043 0.483617551681884 0.870547076553794 -2.52845929771101 -2.37994143790229
-0.891400256176477 -0.00522736840025655 1.23296919040736 -1.41128296522418 0.380548007040968 -2.10884297723117 2.20265632864146 -0.199114637782653 -5.97259097258409 5.33340941505604
0.743956840840517 -0.278034756700984 1.82625636993484 2.20163274897018 1.06330261001592 3.20639360871151 -1.10604937501321 -4.51414998324444 1.17016904107442 -0.489176528776167
-5.54340918429423 -2.60952454092503 4.57700364366905 -1.07695838008632 1.86118755451855 -0.656181858708406 1.86721027776219 -2.39579322484546 -0.82248747255438 -1.77453665271581
0.968760641298244 0.461253619483184 -0.861570549055152 1.2187277967231 -1.81439134889037 -0.263258300357656 0.159840083690671 0.76830866028561 4.29068457999432 -0.658423289724075
3.69101569824225 0.692968059618241 1.62213660083875 -0.294617963911507 -3.60720974300074 0.396105559686701 -3.98419087384454 -1.11622930221021 2.04874593032592 -0.0846506915932443
-3.21358040077647 -0.11289839060524 -2.85399150306468 2.59788510387883 -0.892245509213443 -2.7673220194176 0.998130324218675 3.89566815916213 1.9676352226157 5.10128590581381
4.14206650834208 0.725238920977203 0.905488850619339 -1.85722419729435 3.36319125224772 0.945782243879669 4.32727080429041 -1.74947988711447 -3.45616456695965 1.76077877080077
-1.29114331543741 2.76607716640575 -4.67311248819021 -0.368001820049622 1.74104485877469 -2.69116471727906 -0.00684655214910354 -5.54325799984229 -0.290559705827477 3.99875138880542
-0.938772099735966 0.436145521053245 -1.51073190834024 -3.64100574795053 2.31092571372046 0.256532410682268 2.51041665821503 1.1008417570347 0.249059678074206 0.00816399307761628
1.3214520639723 -1.08895723199577 -0.396534900655897 -0.710091253065416 0.335438589188988 -2.75281071737522 -3.38618724133622 -1.02230049853566 -0.100809710850376 -2.70508150608123
-0.336880169433511 2.07603162268863 0.237940598818973 -2.1981941498707 -3.62404923890555 0.910711906019476 -1.3238266398303 -0.94635426591458 -0.570749741968326 -0.916039464908318
2.02076432864368 1.96419657924688 3.72966061467605 4.08249549257415 0.152957828237991 -1.54872448350457 3.32444668211098 -1.68573629821081 0.456483311851914 -2.37065013016207
-2.30845907144647 1.04079832095956 -2.34686328011401 0.874002391754875 1.81365043979442 -2.63832446477017 2.77767102475371 2.85904247476961 1.78330109533131 0.33976903575758
-1.21058894896665 3.77220891613948 -0.12409197146663 -4.19228538209074 0.22360950375841 0.142803599871471 1.53618350458003 0.544422111016716 -0.96111101361067 3.19834757033234
-1.42718663655235 3.54986467981898 -1.59173637245344 -0.900695895952999 0.0258623465318073 -2.91397190981626 1.46168036730743 1.84278134987529 -0.0118126244433933 -1.86563968614841
0.942146483758461 0.997290900511811 1.48467563405144 0.0094726246723021 -0.270247164727219 -0.419443049277374 -1.99339740097112 -0.711821932671921 1.59528254264015 -0.483533188510482
-0.322103368736843 0.76927305675898 -3.40224176693554 -0.4854120534631 1.90964350634212 0.477301841341131 1.25762130766088 -1.27358510032176 3.87049128119618 7.16406491798932
0.392597448556529 0.562263039954942 -1.7459366376512 4.67751605537011 -2.21072025195939 2.74652277139251 0.758050159829491 0.569241267186092 0.83188713703966 -1.66389762206309
-1.155816973681 2.62941793753492 -1.57526394557543 -0.33714194240113 0.238396255901368 1.01234084978929 1.31909292149913 -2.21354350865725 -1.72348289379712 2.36224330717936
-2.00392703121568 2.63208281045866 1.72939953619889 0.202376264700732 0.473817556378748 1.20111198350904 3.44875164015804 -2.08614570311947 -3.74156518201831 4.79606921798898
-0.0817515470276023 -0.343757844325887 -3.27578191197916 -0.450338635169543 2.17008582504269 -1.56387531989459 -0.612540054578322 0.569240527197656 2.23326143868713 11.1079390226997
2.62834358654633 -0.867102357266676 3.21924506265526 0.15892776188615 2.31284051792479 -0.963175594824168 -1.00871424319002 -6.10912025998509 1.16822581368336 1.50835715751223
-0.474383456272097 -3.87341795293003 2.27412243343609 -0.737121502451976 5.76039860140444 1.92833768698786 1.59762028688841 0.603294499716435 1.71445490041671 8.15053442247557
-0.009600156971784 -2.98776262122052 -0.790435464815986 2.00080053709263 2.71447076842277 1.03080184265808 -0.408651913846729 -2.53725429984272 4.16233667074763 -1.56394708570447
-2.90714335354334 -1.18882264225799 1.26814297283663 1.87776216619659 -0.718100564004741 0.164642031216542 -5.56495932539373 -3.90995758011779 -0.44352050966586 0.580463521878943
3.54819393622862 -3.88076855415703 0.764101014877239 -2.44668035867318 -1.6028725027516 1.16235259772054 2.41324577630396 0.209094539462043 1.40027518451121 0.548948859629714
0.403810279522959 0.919103225472337 3.91661451393169 -4.94629160772009 11.7447249397426 -2.13218649312802 -1.4124597490404 1.324882115741 2.2980393988129 1.88094509213595
-0.595302045202883 -0.726288067289701 -1.03367872496942 1.60173202660631 2.81903097516441 -0.784696699998267 0.0656415117071966 -0.254621694345718 0.172542684435533 -8.16329240391628
2.86163646793356 3.03025559640984 2.55189956033702 0.507891544944977 -3.55295853300516 -1.42916446709492 0.418765022081185 1.0249642929047 0.732529395804529 -1.80725753878851
1.09837858814342 -1.88673364291381 1.27095504564271 1.51077584509678 1.56851892329214 0.680237470353811 -3.6456316319783 2.24720327942108 1.58465404957826 5.14826017801006
-1.83043932027282 0.309149930183891 1.8498418286413 0.646712917855032 -3.91758399846565 2.89560611500159 2.5016656965782 -1.82546441715731 9.51134354261968 3.58832258816187
4.8936740195236 4.88686545980235 -2.6687514530158 0.238974881621536 0.618192333149511 -1.79612869064547 0.837435572213205 4.00738779832989 0.519528018945568 9.50106368327727
0.114864663215648 -1.90879243687333 1.98094194079924 -2.32829117811666 0.419014709992526 0.703315014000966 -1.00854342823119 0.166138000798706 7.27316500874851 3.1229448480637
-1.86573531474476 -0.619068705033946 -1.11602125537041 -4.17430339168626 1.92768937151354 1.40700189909919 -0.464194240770349 1.36116774048087 -0.519156604613902 0.516403531787241
4.44852818557013 -1.7836639741132 -1.00070358405396 2.3738533256399 2.10147187131159 -2.70171542783886 -1.34074121216205 0.885374221932138 -1.19067226014462 3.54239757012893
4.20148180875651 0.332752692930842 -2.22994774049308 -2.02845444180515 3.60650286568556 -2.65870462127723 -0.187004619609201 0.12465101258023 -0.540226144737513 -1.62600060697616
0.702002721317448 -0.762161890542133 0.238478299881769 0.386693579987209 0.168661498673174 -2.67754567978629 -0.140991841911631 0.0776160818428382 0.0295474323410993 1.18686494220446
-2.4838087581777 -0.142480800347269 -2.11554932832613 -0.295451445702909 -2.08438187198617 0.823367187909531 1.11439831485471 0.707200299845043 1.3183964391432 7.39191455641351
3.60013071456679 -0.816950762211655 -3.02548862424447 -0.98435554515129 -0.454738157147625 -1.96560935187173 -0.640287825571758 -1.77942394788313 -1.03573665414147 -3.96799368239032
-3.43912686690001 1.51178525257765 2.25048441806513 -1.51876282549912 -0.432118599855237 1.44245965722008 -1.34937534267199 -1.74676185016663 2.54546805454493 -8.28412196215807
3.15976279935438 2.88508865859337 2.00184943309853 -1.96068485683424 1.60783708145774 -1.23052061340292 0.218383635761585 1.26850593628065 2.22658008918224 -0.610457869299183
-4.29330048741734 3.02428508949654 -1.14608421655969 -1.09592179084963 0.849009079246446 1.67446820438954 -4.95001346399151 0.578039493367407 0.10595380212631 2.4378882809297
-2.35267321275698 -2.31001169537745 4.96321541527756 0.712472835333282 -2.16377804357511 -3.13309901384192 -1.5877169597874 -2.11011919458641 -1.36747302623418 5.67632359294478
-0.954590059500746 -3.91222776145471 1.74608866349728 -1.89881053071495 0.319153566823121 -1.30701146889354 0.865692218044524 3.21576720153256 3.6006621132719 -3.64370757715466
-3.46063192636953 2.57842729476915 3.19858861501961 3.3297455791385 0.150508134375473 -1.08416791363979 0.321909004531985 -3.76816200301154 -1.39685394112771 8.57318900458708
-2.41736917385777 -3.03314614926811 0.638224252894508 -2.98556190219184 2.08312970079166 2.56956167567219 -0.929175303406206 -1.87810872295222 0.169425129690338 -0.61462574223414
-1.17247653023551 3.23105088975832 1.06290411441465 -1.37364824010576 3.25671085915195 1.5601154435825 3.09556437878617 -2.55471252741662 0.216523114495457 2.09404611873325
-5.1204831942165 2.55103308013339 1.62937334213772 1.9967692825144 1.00570572090877 1.43318519272831 1.36901587875186 0.84075507145271 -1.85139147262986 -0.490443440977235
1.41312113310067 -2.8105698965515 -2.48764762131941 1.12135351230332 -1.07900386911709 -2.81460682575095 -2.27321746034794 0.930498970172279 2.3395195227299 2.73612120622322
-0.089309734548465 -1.45059826073553 0.630250045611735 -1.21462267721369 -0.718758049276265 -2.75611880578827 2.27042109135505 -1.20260254812378 3.33114645585068 1.56030187308014
2.91803920325566 -0.594573883529338 2.65518407915395 1.97472027415142 -1.45752751043026 -1.65384095962781 2.20441265455661 0.559520908114705 -0.608157999295499 -2.34508392739246
5.33968218681299 -4.2352807668815 -0.756184504545239 2.86373565682978 3.36140677525356 0.423764423206603 -2.59660912523377 -0.799376600741119 -2.45503905473704 -2.70519221662347
-1.04921496691655 -0.566850527910476 -2.47366952169511 -0.35423337512716 -0.298722599629984 -1.47756495353229 -1.62370662429437 0.870101533301903 -3.49138705869735 0.229651479883011
-2.79690902492854 0.270963275661214 -0.822631504117389 4.53163115355251 -1.06233163706929 -2.48483754737984 2.17431474418893 1.89282113070036 -0.576105776746764 0.106167927575803
-1.86765100117337 0.928327599404333 -3.1575254684201 0.0101345390107541 2.24956639766219 1.65077162901725 1.25358377899277 -2.77027726259989 0.372920621080158 -0.318256993210188
2.18562320918954 -1.14355139837806 0.401247183380118 -1.40802929400415 -1.48636291438531 -2.71358625189816 -3.05030406005413 2.12142689766292 -0.884595438637297 -1.57860820675232
-0.0946892583897005 -0.151489248507274 -0.0414080724240412 -2.33252699632377 0.181393152958341 0.171215721334003 -0.63913793549394 1.18506070751234 -3.39231379045164 5.85045062805959
-3.04919700441172 0.389686908123342 -2.46912942111646 -0.394094565381531 0.428569099870975 -0.709412024601289 0.546268528951254 0.77504886927761 2.70387457996378 -1.06753806642244
-0.39838684343253 -2.89764717754273 0.0383608652757142 -4.37632379452444 -1.85997307480961 2.08691670967335 3.75069556003818 -0.432827517815311 -0.226121398022109 9.72379914705418
-0.366657168906541 -1.28397838348382 -0.356614820930891 -0.748481553341445 0.984312766562883 0.749417690392754 2.62791516187227 -3.11834898810975 -2.68706726059098 -0.640184071020516
-0.539133699134084 -3.64714413663522 1.06876765846275 -2.52084784974293 -1.3871371585069 3.14757629572529 -2.10458491472424 0.895649124676831 4.56824905965767 3.59820875360841
-6.96543280870176 0.673978806996198 2.19664308691547 2.89707573302729 -0.884734107654454 2.05020208171085 1.02684809386666 0.83682981488305 -0.993557253963404 6.01885081786876
1.45592877402619 2.3959641811073 0.710267281239618 1.46650326809994 -2.07030291826549 0.391236372943615 -0.0362164350160958 -1.72492412777198 -0.407441509669379 0.78733736491954
-1.42885443283939 0.399649038007771 2.1393526685537 2.39107645533924 7.17979449211867 2.19803378016464 4.32173843517843 -3.44037339838393 -1.33818861971759 0.555661525406911
-0.897831168067821 -0.433754741208884 1.83990414916535 1.60241173364077 1.51165996135598 2.50084723180664 -2.85427181491862 0.452657433618659 -0.213192187892137 1.78781387055065
-1.37653508663194 -2.85353738605747 -1.28688174548007 -0.252596662862397 2.94354732067375 -0.114431274399311 0.414684083473544 0.951393858788679 -0.0684772323641414 2.46282295557931
-4.28369200631229 -1.21652306058461 2.08927854343202 -2.88419665940095 0.337867383450096 -0.59042537728981 1.88727423968226 0.473008968806137 0.899929198669105 4.40455480700052
-1.43989869559386 -1.44208599416739 0.398205467158657 1.46747467688653 1.76526227129086 4.96531402683158 -1.32630463210193 -0.197793824293165 -1.96659367690929 9.31168492181549
-0.804564542676951 -0.333260621080255 -2.86723986987068 1.85618820082512 -0.787096785602371 -4.51144306794646 1.14672140289419 0.206628284274592 -1.30258862210296 -1.07799146849282
0.376512480650593 -1.24996086095461 -1.7363898267196 -1.78700342821178 2.08609108053137 -2.44542309228002 0.547417702784192 -1.16881560876225 2.03939618544911 12.3927032835037
3.21115550374506 -1.1574517867854 -2.09053316549371 -1.2287546042283 -1.83385588914331 1.9639714450588 -1.17737272431796 -1.48465413213752 2.41960402507534 1.18039813156997
3.28502783353919 -0.677660964422688 1.57169260016426 1.93341830997787 -0.74481686346691 2.16577757617568 2.73360594218028 -1.83974956907657 -1.51411576495087 -0.996735903290436
-1.14840351081534 1.82511181060031 -0.36141809502054 -0.70582773318351 0.384987646320395 -5.34210519875705 -2.00971602860697 -1.33823331422161 -1.11460661767906 -1.68181047113901
2.20193889030111 -1.56136520490015 -3.06438440311237 0.173478675349662 0.829532626992532 1.3355856773206 0.833477787195866 2.00567169389335 8.57160805674607 2.90390790811478
1.26632018347692 2.0546812446221 2.61009355208867 2.27785213432076 -0.609761027547888 0.126430110654552 -1.05874607563049 0.247272277334179 8.96238868406301 3.28604568051872
1.47469026528718 -3.27240967905022 0.586297078809102 0.0851170374583727 -1.76124043201843 0.855938504292561 1.03052701926891 1.93735138328505 -4.08753813781913 6.22394840994546
-1.09969355359968 0.191222141342484 -0.631611024758494 2.97133534494118 2.33685630065285 -2.6581774028443 2.14990391395743 3.79837536566663 0.248303242222921 -0.322250261708795
-2.51269155633585 0.576212264108987 -2.98984300087356 1.29431810142466 -2.73267685052742 -0.248138273311239 3.86762394890006 -4.60451364454233 0.432671790813014 2.32258135240974
0.222446245628776 2.12538977065068 2.81810339694693 1.55781117972563 -1.41153943549448 3.06225957025704 -0.266980484851469 4.7341157607733 2.05311393608682 1.11579155023056
0.212455245266144 0.861381742565679 -1.14973993928923 -0.791079614765841 0.281587032846376 -1.09003886816786 -0.821141732645822 1.61563404969014 3.07539637744003 -2.55351820009195
-3.05817878831868 -3.64026128532591 2.93542667124164 2.44325838692979 1.11617683481775 -1.06708400265167 2.7858201983768 1.13276340147414 0.476530898653043 9.17416321388446
-4.31176726156019 0.662703695626339 2.7191916157226 1.18998621523508 0.813272358009588 1.88021627109297 0.0186537921325896 2.25558474101002 3.91919546591307 0.0699961180309616
0.667702947316496 0.328515963284503 -0.729501867723793 -1.23857974253292 1.55028997521852 -0.103400041971031 1.15162963832389 1.88124505349012 -0.313049316759603 1.87731708499472
-2.60297129898675 1.66403055310841 -2.70821643430892 -1.92339463580844 0.0684842385359395 0.939566219496333 -1.0001079381055 -1.92827898453581 3.01755940081358 6.00525961416556
1.27923070249592 -1.88347930577939 -1.08328043248817 -0.113204732863165 1.86763774953813 0.0697729674060043 -1.49079355062177 0.206413166948555 -2.30500858681851 -1.36196597704526
-0.233549283787831 2.52192463752859 -0.10156272354743 0.15840527257128 0.524116850287805 -0.030247830796503 -4.53482331049156 -1.68042768841812 1.00936804660291 5.39075013776908
2.53438558435174 0.739307836887702 -2.3454991706907 1.90235819756457 -1.53284155174268 -0.961808844704053 1.06268451280352 -3.94817200047461 3.21020208015014 -0.591337196362545
2.98606967168909 -0.365418703224817 -3.57344228686189 1.95237112596595 -3.16723141912305 2.31940611773113 -2.00360736660575 -1.53624333548329 -0.373113033821809 -0.0538677981059634
-0.66363887742555 0.511242075516958 -2.09887758724563 -4.39422115209719 -4.2401806734153 -2.94925020933524 -0.601751362160898 -1.78090570284249 -0.911063727797002 3.63780791390998
-0.693389874925367 0.689381326146321 1.49184319728578 1.96144451816522 -0.325754855040054 0.409650223844908 1.1527153294895 4.01724087297428 -0.396724603074528 2.92552214956969
1.05630796338086 1.84064899690026 -2.21943918414362 -0.440709498373673 2.19952079874394 0.910876162208001 2.01361188277723 -0.445436362734437 2.10474521504263 -0.254147130220993
-6.53200414123257 -1.56799171922279 -3.6964528874825 3.68406493918099 0.699645478211433 0.839753038637839 -5.40254581415406 0.755978993993962 -2.29884093346205 2.26127685826406
-0.922346217996762 -0.0533327688030773 1.31245500669699 -0.272047010977166 0.0621056479916655 -2.70974399256745 4.61372353124178 -3.70406304490028 2.67105231951245 -0.369198167739158
1.39471289453345 -3.51317455351146 -0.48060485983551 0.521521076210573 3.17245289231574 1.98489854593535 2.07886276497519 -1.70753479448486 1.43989944038567 1.59770918062259
-1.38745319534302 -1.77382090892845 -2.43543397382689 -2.32238321862914 -0.476529945948281 2.99697616063271 2.16144699718683 2.88302618555255 0.868697072323454 1.39371925451042
-1.58814319703966 -3.44444085519514 1.41100276833164 0.740608567390066 0.028116818250363 -0.766209926000815 0.355520598656758 1.10900066724065 -1.36943475450679 -0.46139129983781
3.35583852986602 -0.198517435566473 -1.38878450453569 0.827481153969709 -2.05547393293569 0.693850531234091 2.52907732229031 -0.748085333887675 1.61240307752555 3.80722784142908
0.866065263083285 1.40736042888521 -2.7075987019011 -2.89271625794861 0.746667904756744 1.2864402750781 0.548738014428517 3.51565295048591 0.833452192764023 -4.80108134650059
1.40129954439876 3.76555033170684 1.21732309724622 1.1513561981009 -0.16319969652187 -2.21080982012469 -3.44377637724196 0.985102368385749 -1.30234496668596 6.70405773161211
-0.680380474528656 5.02994084740005 -0.173289379260862 0.671640556423149 2.90575278931312 -0.980886017407794 1.13769253490988 0.86407186128007 4.13211725985675 -0.818728227742393
2.24797451188567 1.913876924418 -1.17067863863688 0.0520323967975433 2.2426187977762 -1.80507974427838 1.53692212451325 1.15056718269039 0.392501241790717 -2.14912114256097
-4.02285207030329 2.06067065414603 0.345286318492087 0.612287441186567 4.59994040017023 2.0788953576842 0.297135500400947 0.236908920060263 -0.348651339268396 -0.292846778788841
-2.20522815920811 1.31647443999735 -2.00969068987424 0.29301656521312 -0.229290109796418 0.817199441466929 0.1210229323901 0.131170951109597 1.79566419546343 0.508526240498159
0.591427395728764 1.22247336175746 1.13217769278956 -2.08316877223821 2.33032694909122 -1.9720233867281 0.860689898675206 1.03876410042215 -2.78591278199916 0.774749403141762
4.07095694090455 3.17527234416349 0.665558486660183 -0.155001317580901 1.02542131895373 0.0172441451180122 -2.90600754894875 2.78898259298563 -0.532260646099865 -5.21413545772128
-2.29106373269406 -0.397020414582368 -1.86457380070662 2.92791852653606 3.39701611382337 2.2578197681036 0.649051751619324 -2.45475078610925 -0.233949334971207 -0.000831293319808075
1.30172104685356 0.229124635483929 -0.958415981457815 0.571742261031635 2.0502671520147 -0.183983776351666 -3.15604867963485 0.419479235940499 -2.66029317962764 8.42186632632344
-0.48653289439947 -3.24374280134208 0.207958654355949 -2.84998017829282 -3.36230205723448 -0.433346959081967 -0.262333691993008 1.61411012249865 -0.398162430442197 -0.531661488705192
0.958361305806138 1.353395538676 -2.09846893829946 2.22858326777542 -0.3758401035479 -1.73180451204365 -0.370856373347383 2.80994776417136 -3.22361800228839 3.786958497198
1.95371240047598 1.05678476154199 0.611192460326531 1.43419346780518 -4.38422135197375 -0.726615761846474 -3.64381411177295 -1.69142411945513 -1.05937380498646 -4.31530275617565
1.02926069518622 1.09970067994747 -1.17600538968076 5.07846740531546 1.37763698947167 -1.10420827853602 3.12410252554209 1.06322394612714 -1.937228895544 1.66037138291184
0.770049993981972 1.27199033495903 0.450697630686267 1.53228923360975 0.12917771729583 -4.13341881190335 -2.66229646901319 0.508625955449504 1.66325092638183 3.74094433749566
2.28068169792023 1.97894573474392 2.49001603794414 -2.1609089333517 -0.657253338074767 2.38882077033108 1.49896070352545 1.97200116545156 -3.33793368028595 -2.71470599399459
0.360664847501798 1.35782866822361 2.00427879314144 2.00668859492999 -0.82054191392357 0.0374808186028536 1.75340437804664 -1.26554144691908 -0.316031781104768 -0.313760710594807
0.614683568934259 -3.58082194124596 -3.22135991749532 0.267133324701751 -2.2187325342824 2.17169998500517 3.00982391621936 1.17526710617085 3.60629509072561 1.51110719053942
2.23087672792576 -1.92256937715874 1.84082460515675 -3.75964302650999 -2.65293423971109 -2.90495192117025 -0.034428896088654 -2.60149282466221 -1.14577499032653 1.48342854877394
0.586438417614559 1.01794581379706 -3.14687618739352 -0.229680111316951 -2.91837988258497 -0.724868436697026 -1.94838954335568 1.12380018018958 0.473837552590549 1.39824689865232
-0.41013612594435 -1.23441804281721 0.818340382917214 0.716876050904763 -3.79229959157344 0.257052746067282 -1.69061829371821 1.19063924372161 -4.44724693870325 -0.458769208552691
-0.380700026871603 -2.43618366869789 1.55951905855381 -0.604468531965792 1.86633908117243 0.96964597606734 -1.99908884590637 -1.498351061426 0.0852286574416431 -0.943578308111474
-0.774561458637488 -3.20861278327229 0.921363530155089 -2.08494072548138 0.0209955526917421 0.0430598798128159 -6.784430725682 0.551509598359971 -2.4097472480344 8.30645620876879
2.74771387605485 1.03134469998769 -0.809090846150886 -1.8536933997839 -0.0433832011809501 -2.4829373867859 -0.696269274915805 -0.562783516606093 -0.293691620787656 0.780845287395961
-5.45055270795964 0.594846515105419 0.81230192673637 -2.58036104534836 -4.86944187788393 1.07909274094754 -0.828089205107396 0.0567075980886289 2.0192104102758 -1.03861927504395
-0.36222268758513 -3.37886015410683 -1.57638684030335 2.4494318410901 2.63814729151493 -1.30853535825332 2.91931269173762 -1.95595654911539 0.308043916681774 4.16584796202874
-0.0953804923916646 1.99045885615608 -1.12421310913703 2.08389380435439 0.563716806210992 -1.32960824355887 0.88885569114845 -1.19803956716235 3.34581709954569 5.1845449003717
-0.22937990473336 -0.920866819038049 1.60458042797889 1.67746386037484 0.0392119656537825 -1.223099844535 -0.123202527565694 0.431505289744628 2.76141072348755 0.300679904638777
4.76211549600212 -1.13402195893504 0.415718088885864 -2.66283040059056 4.18176499809601 3.63144866217178 2.00697139776394 2.18672390420132 2.64888920333269 1.32059886617563
6.32830501781987 -0.152108371220592 -3.45564220392048 2.86307985787514 0.685796090788096 -0.518006140697483 0.610877362642479 -0.545494982332821 -2.03334269566406 4.78718873237681
0.260259414007114 2.65181821933085 -2.89310017043578 -1.50036586098539 -1.34031834287188 0.0845546631082893 -2.05224011739235 3.12387607990305 0.202947440230042 1.27917959267278
-1.16406231237241 3.06272222210217 1.02331325412117 0.712648626413515 0.280085411136056 2.85953340526998 0.598583672195488 1.07644649196408 -3.37811860236882 6.26290537464573
-2.72706822655304 0.97178417394279 0.19345452115461 -0.392828156616905 -2.01915169412004 0.989838126314323 -1.10644042693651 -1.55108160492687 2.08269249430059 4.08284906747414
-2.29804157432156 0.537559750121409 -0.0434119840400114 -2.93609742154314 -0.450941279333605 1.47408796048856 0.514185713714924 -4.86974975744712 -0.903450870934873 0.0246285700805206
0.291930575171761 -1.33415730416052 0.650592140464897 -2.54741949834035 -1.61373845055737 -0.973753739309941 5.25517464887113 2.20402796454889 1.8382546231037 1.49264470950439
2.59861312086711 -0.0769280740538698 -1.50564607011627 -1.02018299583509 -1.2321285772274 1.43869065859363 -0.685345000944722 -2.19657874257705 0.0351890075156836 2.33678236550168
-0.0862014969870605 -2.59901825865152 0.321404094422708 2.98855306727175 -3.718365344094 2.03520515509886 -0.0154480872061406 1.89360618907059 0.411286069241555 -2.14964072097673
0.505306302571468 -0.712834280818844 -0.639447374189015 -1.65343455079155 -3.6197875358162 9.45554733641164 1.02664304064973 1.7592008369022 0.726803684577351 1.73181904458818
2.62105863837855 0.340894078790673 -0.296341095659945 -1.62262706869326 -1.5183766460551 -1.13272481327755 1.59283633333572 -1.38023811685013 -1.97797049697419 2.91762155084752
-2.17166286128278 -0.463083893791262 0.232272769506417 1.88266829999212 3.25355060904189 1.47701406035523 1.48559705372836 -1.20748701468474 -1.54102414663788 2.83019531355465
-0.721179148358922 -0.374873691029041 1.61036575499801 1.65837371913651 2.98145236330465 -3.05984886539544 1.42753157956567 4.13038817488341 -2.3264927491536 1.28798707934592
-0.731624957732135 3.54587603019519 -1.08492167923745 1.4885115792556 -0.688262095084504 0.399306576975027 -0.147290522473623 4.88449797550555 2.02270230906471 4.1093327232993
1.35800528685868 -0.6710196232045 1.09728904212651 -0.149389228103915 -2.54748525653906 -2.40257007595531 1.81440946626781 -2.58096411139321 -0.174002866932291 9.75021618032883
-3.55985190343554 0.587338147612616 -0.713310120088595 0.682142581370146 -1.06082838297896 -2.51411676872095 1.42262606265201 -2.41286913642724 0.31768871046195 1.46273698902708
-4.90191854028185 2.86173767977597 -3.80820398293385 2.41372579886245 1.05037047691724 -2.29415654863737 -0.0781707597681862 3.0814388164836 1.88524588764236 6.10185487047291
-0.231173533847125 -0.213445880769215 -1.59393969254899 2.2155932706897 0.623848138735861 0.840696583109179 6.0874668381063 -2.85560308369357 -0.49921959418023 -4.00536485187687
-1.11248945649283 0.497461367472723 2.54126851801969 1.5259264719989 -2.19379905462442 0.081252379203575 -0.366713345453572 2.24723001602043 1.45609638100811 0.925745190290997
1.66526215755192 0.0836557677797873 -0.930574050214164 -3.38568945927948 3.25114039651464 0.966242608599332 1.07478246472754 2.38933536332018 -1.12526544501364 6.22295652855722
0.996716020196207 0.280050612954434 -1.14497911772747 -0.554552071866446 -1.00535570268427 -2.60255151447435 2.60284835222208 -3.00739818435349 3.21236268358403 4.86449651070727
1.36837734764918 -0.305363585940458 -1.5291892027684 -0.957733189151255 2.57555622412161 -4.14260496684206 3.01602017923432 -4.88926655636554 -2.97097064283675 -2.34095902747003
-0.272882670846612 1.22468478253937 -1.80239467662632 0.585625054265519 0.711851954901227 -1.6109134969945 -0.423175614345196 1.43611572652634 0.671022800589123 -3.76522491323727
3.78874968060099 5.20935493159993 -4.402802570494 1.13741724846428 0.277874819486629 1.34735979556157 -0.652116330340065 -0.813115062105909 0.211908278193371 6.01134135010387
-0.61116881537707 -1.80356952531436 -2.64318476286731 3.23106038943267 1.53910990921488 1.37078716313689 0.275005462413221 0.26789948867119 0.657528009275735 0.167710398688994
-3.09377591775353 1.71262502105621 1.15553674469302 -1.02996348573315 -2.74115736895248 -0.0512392610648236 -1.45733411940033 2.71569407669428 -2.40871960778499 -1.09371383173535
1.43202528275475 0.850135677883263 3.12007780251765 1.14976287557048 -1.10920141365647 -0.512754698483573 6.78012145245535 -0.406464714075748 -2.90307869543407 8.33477056279105
0.720987097058012 1.86836715109593 2.83331670311842 -0.137815980750977 -0.710236990949774 -2.02961570996991 0.592952807071165 4.02952375028996 0.610034719201107 0.535660900816521
-0.578582087864817 -2.05117704179105 2.5823777910004 -2.35745437297194 -0.670052950346841 -2.77041888620781 -1.92135051877163 0.412088974593193 -0.651924374750174 -2.43558002718383
1.02137548733555 0.619739862863802 -1.1191635045171 -1.44965018353118 0.999891592700027 -3.49234807551699 -1.48187064246427 1.38148815191961 5.5983230888505 -1.63926838247779
1.25609513737597 0.396765627938532 0.252100558908848 0.576860900383456 3.46748125292355 1.11998909127229 2.53239320579746 -2.17640157921748 4.41036709586012 -1.64285595712556
1.30480537048075 -1.01657590789854 -1.2080878357448 -3.91464172194801 -0.386203121488541 -0.759543404408028 1.57438225966768 -0.692827114233503 0.35754640947292 3.03379239319444
-2.90195880453072 0.592915910612498 -2.1887449727093 -2.10411357125583 1.37956788175534 -3.59872497501788 1.65608999235701 -2.48874440048953 0.348011407195318 3.29053799516714
-2.52784654268947 -0.867289991380337 -2.75725176277489 1.34620133394337 -0.834278374568652 0.342360960485813 -1.11534436510477 -0.830981480707096 3.145683456021 -3.41258223482543
-0.802086588665941 -1.27104222093808 2.92170126678715 -3.94811674928919 -3.60151733044114 1.44638942213107 -1.26251122569576 0.679045173841408 0.632944141446972 5.0323307336849
-0.0366581601644705 0.897172184000811 0.486237201902909 -0.677598540606436 0.461198038406089 -2.33470249637758 -2.11736306323937 0.387977073530486 0.438801447798294 8.61804508427717
-3.07295201356798 1.53779574048101 -4.23847962899563 -1.12647709537987 -5.41083912024158 -0.584615278553282 3.00353887832997 -0.526225940908163 1.46870080756236 -0.0724510563634098
2.92396811789245 1.24383048107921 0.402688586495364 -0.635484874348523 2.02475618544754 -2.09743785575303 0.20108848327793 3.78544707990955 0.301771021030482 1.28169156636274
-0.0881774719886198 0.841336301806563 1.05737744325107 -1.36663468370199 3.35846329098986 -2.09016868834923 1.51387113530811 1.61307784435946 1.40720052662521 6.68673423793887
1.75684217462129 -0.42161082169862 -2.06847903860512 -0.186737314575554 2.55130534536445 1.23578449566349 -0.141220230708824 -1.71325769519472 2.93030295381976 6.68252374626329
1.35724811957082 -2.87836517201828 0.149770645230965 -2.1283693482732 1.41049563389138 0.549998283394216 2.48241905337093 2.03446607308011 3.57054525110124 0.211674748403687
2.22050508298713 -1.78382607805652 -1.2379678184363 0.294691354434082 2.18626448603767 0.484085843462892 -0.083626985658586 -1.06426432907591 1.31421601104058 2.8320775039606
0.485260741325882 0.186134052480349 -0.0198458225825498 -2.4252980752389 0.341924077222153 -0.983987970263131 -1.07020833253169 -2.60381542443267 -2.94433605151323 6.11485020668862
1.25363154437663 -0.447891860213578 2.09886840052927 2.08108728837156 -0.94958419745233 3.24134212945359 -1.66109191645787 0.840025633455377 -0.0964336897417722 -2.67622481065586
