-0.148206105009017 0.588998690186145 -0.577116106290102 -1.09632993822189 0.860811955283239 -0.0838610109369462 1.6809503349689 0.852090976177358 -1.08367365303632 -0.56889454419153
1.32276890401619 -1.06486722600771 0.4592688251577 0.234907534470776 3.66850710873247 -0.601182364620465 1.62470812476969 -1.3239233922913 1.1390266018879 -2.39957682502543
2.567357445086 3.77735127379631 1.19907048986878 -0.447383737599357 -0.11658630220387 -0.823790996395501 1.14576964938243 0.437173043135122 -0.519496975280835 2.70655082828843
0.306079013166535 0.195288109522024 -1.68026095813758 -0.294528289535698 -1.08342142971338 0.554402040428894 -0.772083473203561 -1.67479817317331 1.63454856217586 -1.77767773539316
2.91055773942971 1.994507678379 -0.81082832803146 2.94737630497069 1.89240220412775 0.53463030709174 -0.446784206425298 -0.219437416874562 -0.81505745846725 -0.873003765342944
3.31139089783515 2.31209813245532 -0.407727346759493 -1.14758182413926 -3.11242133684548 -4.66897344023995 -3.92435868685759 1.79352951334242 -2.25958644933422 -0.340840456912518
1.45240911776499 -4.24744955107007 0.262470056360017 -0.384069097449274 -1.0270870373749 0.224062324970522 3.5919779788654 0.714406462396868 -0.47278924527714 3.52051588390956
2.01361696758592 -2.90974044669911 -0.385239952596193 4.28696046886622 -3.11164408676344 0.215979693252329 1.05663857455194 -0.763621194469011 -0.773324683814968 2.40464194460007
3.19197982957303 3.10528765758999 0.000521210355052291 -1.28177806458468 1.6723240041531 2.47302517487671 0.890862999469062 -1.55692895440545 -1.85125982774535 1.58776194944925
0.775099816250723 3.03332597857868 2.74197209536508 1.25568252570298 -0.979882991819294 1.08586733720345 2.6573474672532 -0.760505385284026 -3.3205917569902 0.429448047385267
0.403614401691235 4.12858663560449 3.40683373763732 -1.16943698708979 -1.35867351143307 0.676224069697136 2.18056903539291 0.483768484160039 0.705618412498182 2.45168690912513
-1.07881120884938 -0.297518573253557 -1.33832898995535 -0.817480930708661 3.44028995356719 2.85747904198765 -0.601370647948854 0.575216520094308 -0.161547901419098 -2.09160140942116
1.61661206481034 4.5656093401983 2.45949938114234 -1.33147682363783 -2.05095549734641 -1.62656085432274 -0.395001524271626 -0.563524758961438 -0.382206956044727 3.6102917455833
-1.20266413213698 1.66920576608412 0.410852273470447 -0.434460999929745 -2.0798603274616 -0.126730801316235 -0.668390823706452 0.804771445798962 1.10345572261345 -0.262959150997942
2.54396637185192 0.556614805457442 -2.01513606311368 2.27843287185801 -0.104064360389777 5.00585990918696 3.04042054545272 -2.8041549650301 -0.0201516679839668 2.3915419195354
1.62373935434548 3.46196666464355 0.520373389530477 -2.87568586169694 0.975153342732993 0.833417578129632 -0.608211140003748 -3.21957668320728 -1.46485332014801 -0.146335957659617
-0.375127878523288 9.69681559512461 3.25176407101017 0.255649558186142 -2.34228366574863 2.98365839051464 -4.28916703946067 -0.231025615314467 -0.630740917112894 1.10337118502956
1.19300937775953 0.287591017802652 0.692997895911984 -0.415627607503038 -3.09916762468757 -4.53780511189893 -0.99562061367372 -2.02275351825138 2.84245932524231 -2.274011814655
-4.00907977582922 -0.344417994112148 -1.33222582106442 2.91078015368497 1.20114969876535 4.03365466788649 0.963688465144618 -2.0658073552632 -1.61327557962665 0.367947603447046
0.547338560609562 -2.88627093735878 2.14924393964583 1.55718171213334 -1.99105040281403 -0.0525310486217877 -1.36759568083952 0.574966725244452 -4.42925463796363 2.23388197286648
0.357982484007358 -0.473619257866417 1.0292677844708 -1.08575909666537 -2.08403173063055 -1.38077622861185 1.36261126438994 -0.459417700889789 0.791763959507335 -4.12573429820535
-1.52191079584883 3.09056950819498 -2.53091380499454 0.360098902677896 -0.0832087258478297 0.920607152412966 -1.2484653926905 1.67609190135415 -1.88962954328905 2.45962967691719
-0.232635435485239 2.36218836666446 4.54977835083429 -0.0229298118047306 -0.464482517962609 1.13952798878783 0.0076839207781945 0.427842338353347 -0.533681236064888 -0.850567556873901
0.0581083160310173 4.72926721134749 -1.65137080981038 -1.44669058480146 -1.87802497672657 -1.71007976858391 -0.831099742419983 3.94075374982827 2.90955855587703 -2.13246858848382
0.783807702653183 -1.0466756836187 0.961589944130456 -0.665206315762915 1.06022353427601 2.87402113963928 2.38086921204639 2.6314543785273 0.385960775101633 -1.75924451893372
1.75672082165384 -0.567037588248136 0.572719973727641 0.309430393724656 -2.17511589891343 -1.43590949234357 -1.39537363271492 -1.3549240565877 -0.00484943881547832 -0.911361968371656
5.99518216688576 1.58826574552337 0.272437301668902 -0.721170529777451 -0.196234180469571 0.716382208780947 0.211230041367593 -1.78659626056111 -1.79074906538282 2.12050063251659
-0.144013926545823 -0.695492633262064 -1.33363786027172 0.440642240393224 2.02906267758271 2.55101318507789 -2.92744726243209 1.42815450234937 0.922245340368201 -3.20995884548013
-2.20509513298643 2.04241648219033 1.32690612368654 0.632808706635918 -0.802925696879013 1.46326452099293 -2.57932254809388 0.99569226763716 -1.10994872137282 0.677107579551431
2.14144055943156 2.01226474895356 -1.89071162130068 -1.30021054109441 2.54302648301185 0.86791283069078 -3.6123659393002 3.05564367460855 -1.25171998017835 1.80262977887941
-2.09040150055512 -1.40484177967944 1.30118212729941 -0.926179648015062 3.64246502557299 3.05410279161049 -2.514384923311 0.29744481973669 -1.0821569041425 2.84529366739359
2.36317004499409 -1.95617055740495 1.05886998714711 -1.65697413436501 2.72806740986716 -0.814508040173808 -3.09922144387709 0.776863296898124 1.05250072989576 -0.00179690399742381
-0.980865245425195 0.938113820461563 -1.97781888056194 -1.48566242854695 -1.5458406680116 3.8120175525676 0.222319712271749 -2.3337382158049 -0.0381270258848066 0.57342357078803
0.138549420288983 -3.25332934936172 -1.94673040889522 -3.28418724721749 0.246281556622327 10.9348548248006 1.89213084490561 1.97549736206169 1.02113149410404 3.66716694090966
-0.177810586318959 10.9525880520564 -5.33620535255469 -2.5027196520873 -0.137484065153978 0.587955800245097 -2.81328554514139 1.94701467235009 -3.95660680738935 -0.248063351350736
-2.93676967133632 -2.0264180032131 2.3620396368401 0.530732792229766 2.84644885528752 5.40742966518961 0.792161994539933 -1.71284957567739 2.52115703637403 -5.43558753038932
4.14497651617479 -1.63734108815914 4.39498123435281 0.10469158698714 2.45098184497934 -1.54140011625545 -2.63450466394444 3.2922147617464 1.79297514883928 -3.61255217001908
0.261947737510257 -2.19158034473641 -0.497877507783011 -1.10935227842286 -1.92679470376571 3.97067296243435 1.5249605809967 0.362901966471975 -1.25623056029362 -2.55347928344082
2.1125123899121 0.674791811772996 1.99234497918783 -2.51441946567568 -2.80714840381709 -0.153586382323133 -0.102819127117087 3.14148416356055 0.772365652396594 -0.825004312882404
-1.84439129195966 13.0943222725482 1.54632755044747 0.954363330761331 0.892770543791104 -0.778542304525967 -1.50991974874918 0.188058877965906 0.815162798536161 -2.56185101167054
-2.35756205479875 -1.70470599620512 1.70045641317963 -3.07906779847295 -0.976594743093755 -1.85679689554689 2.03504413348615 1.18531332838416 -1.75807524885348 0.167349213779937
1.76038605194582 4.71318173966191 -1.45638595562438 -0.469452814773262 1.17518434994468 1.92872684654026 1.33911276396418 -3.79775761140939 4.82762413164836 -1.29789356570615
2.38207191361613 6.96714771122123 -2.54502865239063 0.557315833757669 0.161273494052939 -1.41130565306937 0.723638491064403 1.94394019508802 -0.520014906418487 3.70006104878721
-1.88912362129631 -0.0468049082771393 -1.22922762361219 -0.930206895829603 0.58934805509897 2.4416809360281 0.309471103248384 -0.751675384204206 1.63937093153275 -1.80313333468002
1.16208459248054 1.75244414696248 2.8448273708466 2.675734799001 -3.81025953451502 0.571694868363753 -0.669079978310274 -2.39939363364146 1.4265344182898 -3.26872532572716
0.140790214578353 -1.07480795837678 -1.54531391965693 0.282848000976959 2.29938878984223 0.0754207272910968 -1.23109155805716 -0.597192332408303 -0.503047199535284 -4.15349385972723
0.660155231735001 0.782109389873311 -1.25739231172143 -0.462115739632628 1.31973686667567 -0.515984391116058 -1.2667739326332 3.83753336643953 -1.30253651133708 2.39999109422325
2.85509152623135 -0.876394300875512 0.409006178797173 -0.139875856051503 -1.4437678611273 -0.867880535508792 -2.57910591684004 -2.13545760352473 -2.41965280778578 -1.98414444193015
-0.757315427148396 -1.38664751664746 2.35275856235756 0.621917051256145 -1.4728787689767 -1.21345428614974 -1.59993829419562 -2.19338219942383 0.340290070584399 0.818925321279225
0.854026950016253 -0.655368552528694 -1.55751222885216 -1.67109245356986 -0.0491596830506256 -1.53385968629565 -0.660377874240297 -2.57400741810584 -1.78697699386642 2.28371237075275
2.41554008312826 -0.295409592495253 1.87572443377881 3.74023824867116 -1.78195632756862 -0.413836458966916 0.878436675202646 -0.573479502393993 -2.19097488606889 1.53592838577247
-2.98408735232579 0.666405003073736 -1.21495178965393 -0.0928743701064393 -1.60415760264485 2.22533705197385 -2.07685437505904 0.239302363183193 0.127756290606803 -0.682203931330372
0.985587787248572 3.75931732879228 -0.339568456890275 -1.03690842945157 2.68794547635434 1.63990410590007 2.17468440667157 -0.790365647945586 2.01275891689768 -0.788619640273784
1.21033288785384 -3.42462278818308 0.124656806561133 -1.04454938780459 3.2191125852526 3.33203844563464 -1.28642598023001 -5.0119914336455 -2.43095258867185 -2.50513443843938
-2.4218491770207 3.02712494381048 -1.19620638057937 -1.15585662506518 -1.97929571047794 -0.144797771656729 1.17853364546999 -2.8064197150863 -0.484080837823783 1.92622365855415
0.0315108280708456 -1.29303828207398 0.344288515608296 3.76348166452876 0.48954239830747 -0.43714116725315 -4.27523146131029 -2.39808929964563 -1.40507192351294 -0.275181947046746
-2.19702462239461 7.81199484514093 0.012476432119213 -0.508587379373163 0.037914570800536 -2.37113168201069 1.24071514492874 2.50388438397195 -1.84944334218856 -0.358720386661566
-3.58467801866549 3.24900652353029 -1.77275651153541 0.179403997058136 -2.26481146198218 -0.113828234541149 0.488066996559616 2.73034389944404 -4.55398507523704 -2.6115170511939
-5.93299011540961 3.37019054457987 1.41992422898713 -0.858608369282444 3.02504353676039 -0.224289522917834 -0.0610067919597477 -0.319426789809982 -0.354439355532873 -2.64417019936534
-0.83083947265932 0.218746955928083 1.10709380633344 -0.396144335053804 -1.1376900670739 -0.794589965207765 -0.642491762305381 1.10890425542688 -1.03804717836652 0.133873778865535
0.158002742353283 5.07134701472368 -0.297226975797145 -1.99306838997713 -2.1685850729245 -3.07097579392403 1.66922283798541 -0.808353936292526 1.46662402351614 3.92300094357487
-4.9906900071062 1.69501927723033 2.11694906199808 -2.09902377474087 -0.00771937306012341 0.570378284411862 -0.0380483325971493 2.51049235313868 0.197783561348589 1.71087357180778
-0.339682811213675 2.68194993550163 -0.63362763863663 0.2779328171757 1.89451795630616 9.37519972416485 0.00158874592107042 1.49298175836443 -2.30951353586537 -2.99362934311061
1.25535000798183 -2.41415458179714 -2.17589328616547 -5.63016090605855 2.65204245647449 0.625035961309872 2.70519762203734 -0.673182611904436 -0.15793804347272 1.96468896790635
-0.972128249501603 4.27225186484288 -0.58251372368339 -1.39638914719409 -3.48157602230144 1.90079799950066 2.56967220538056 0.242399928896918 2.16364435221136 0.956999798590983
-1.06605815852131 -2.38591842945136 -1.10929464915555 0.0143684051109649 -0.339900836785667 -1.62222068164188 0.613442024577562 -0.671456925510814 4.33045681320131 0.512386343614885
1.88841584098641 -3.6368881703611 4.01924468465852 2.02538133765398 -1.3873096992739 -1.68144672308328 0.928498378873324 -0.385758565867938 -2.51334789438628 -2.03541180033537
-1.39688370136998 1.59305942200442 2.56796538720228 -2.06866765650072 0.44553483426228 3.43559038211274 -0.134655369549247 0.701902939287691 -1.66710269204454 -0.676970947117838
-0.413646998779895 3.9117568605193 1.80005625964808 1.47255999665379 0.0834254727346969 1.39715150990589 0.682663381517056 -1.01898726509273 -2.22168370445141 0.751135471055212
-4.14454755033975 10.8497974324146 1.47264400982538 0.615669720989025 0.347242546827216 2.93137932240251 2.84622318752542 -1.13680816535266 -3.26062177928663 2.22801437696672
0.758286192593838 6.66054534645128 0.312455503276855 1.41225630263616 -0.281255662701705 0.663767455026061 1.78311935752948 -0.440068544088007 -0.827475886301448 -2.41471359553347
2.22917062686841 5.50209250145736 -4.52552506427257 3.22106896660554 -1.1442150313737 -1.36532646545847 -0.565241651342693 -1.07704571051482 -2.00355168136029 2.50753701924058
1.78185227914688 1.66389515121328 0.0897995352087844 -3.41021340660823 -1.44435321840816 -2.65595071872305 2.72388946755981 -2.29983020756632 -0.381803972506495 2.35020174778309
-1.44878748810093 2.74690743695857 1.32862508488204 3.56997838726399 1.97777146677507 -0.253102218749172 1.89108064126516 -2.14154167928234 -0.577547562398464 2.21330359088295
-2.66340194844581 4.31051019950509 1.45269485831564 -0.0480169353406773 -0.436988963946046 0.446891425333794 -0.568076327883875 0.579487420305083 -0.091671447749525 -0.0668598864148298
0.6916679353765 1.33397603024055 -2.41435737665525 1.90447950008387 0.454197602016534 -1.47675803534483 1.17928647706133 0.0648083282833696 -2.73196280784132 1.71178021868615
-2.74860575415065 4.00842898576196 5.87734029234253 -0.743871503561131 1.24962046462419 0.123943607261936 2.00877066497829 -3.09924765052932 0.696669344583004 -4.2310256654267
-0.196374125021071 -3.44650790833691 -0.34503149918187 1.75379639603623 0.232704358187217 -2.82065499275 2.67188524393471 0.375909669842901 0.172437228906419 -2.40784434898433
2.40164739491153 4.60993706333848 -0.977763842016397 3.65947175092081 -2.20777116797049 -1.82369170954921 0.602777224974412 -3.41518420971525 -2.70234217860253 1.75771837966659
0.202323386891723 2.06769052593115 0.650242692689129 0.179182657147094 4.02169792532438 1.29602468055072 -0.251508029999698 -2.15613867903352 -2.98685054164101 0.236171058603202
-0.808406626256937 0.482358376801751 -1.80680687871512 0.170096707356135 1.55869177918156 -1.05148131259639 -1.74450551661565 1.9629686080829 0.346762881223994 0.534232910535657
1.73941890007994 -4.10460967571524 -2.26939446478155 1.31099869133198 -1.40817482329709 0.621595758665853 0.712210017805224 0.614755477253613 -0.862653190618624 0.996830738602259
-2.25162686104505 -0.748603571544244 -1.11853643895543 4.24963657814981 0.572162055259838 -0.948121908361265 0.0772925823730381 -2.91639058689621 0.728467952214746 1.07325741553281
-0.705170380537293 -1.61264767509189 -1.18843753445765 -1.89256601242983 0.534073422556 -0.638745320669053 1.50383267271584 1.21673964298476 -0.415193030051947 1.11842266636703
2.73776636223353 4.23660431024514 -2.38618797865503 0.569077259197251 -3.46659505218924 3.05795589829408 0.0792694237663859 -0.311382284340248 -0.993735812274189 -1.59935585139887
2.0760982473906 0.195454632965198 2.30721946378868 -0.0023035688541018 -2.43933717095602 0.367633847918636 1.46174965882942 -0.986863994686375 2.85734742832332 1.79790613035281
0.552784009219251 -0.414324635435705 -3.8252539243701 -0.710893080271733 0.67992491716753 1.45976939003199 -0.885140070978202 1.61910676103832 0.572292320384517 0.935916232630806
0.704060933292252 0.270685100525509 -0.214613413823856 -3.35656115369885 -1.23017751837945 -1.37610339819134 -2.29592887622779 1.96225263060282 2.6890383847642 -3.76414182152534
-0.774510231248365 0.468265025762635 1.77809168786257 -2.03154007155794 3.15220696953056 -1.66918477894155 -0.66197300837314 5.26832753533719 -1.1138535212433 1.32996288562659
1.59128389233723 2.55976637878158 -0.474064163068861 -0.0420165206215562 0.74171767006514 0.434541435447584 -0.254109925698923 -1.81217154828833 0.220934289947766 0.373127851523189
2.42465251880166 1.38318384743997 -1.38949172825163 1.74099229890462 -1.19013635929855 4.96377226320314 -0.42253495112197 -3.4613586418057 1.49877688239002 -1.88324228262374
-0.803667121023353 3.15230179666551 0.181507591717509 1.34388944438911 0.246977991696816 0.812262400268407 -0.813370448451753 -2.38524681965639 -1.22568305645802 -2.0861945143138
-2.37997032688789 -2.01980229104641 2.79493925088162 -0.918735012847764 2.01973153733199 -0.0347606547548492 -2.35364140061946 -2.53389247538495 3.5998199654668 0.952927848349698
-1.008455558666 2.64592506722671 -0.126966181995685 3.47896355972327 -0.409826261012154 -0.0622751866122537 -0.637812354284352 -1.40140222191238 -1.56417754175869 1.41160247061091
2.48522155569416 2.44776446549951 1.09858094213007 0.0464973531372725 -1.01152219783036 -0.368141019507496 -1.35501918580234 0.270082936814489 3.76301518657178 0.0231893570372483
-3.48517498750324 -1.06017647910911 -1.28444794725536 3.22380497531402 2.82050130277577 0.938985335235325 -0.502622283618047 2.53703427450633 -1.49851587230818 0.951051804356172
-2.2785118359087 3.80361373339685 -3.39457056939128 -0.736434547734698 -0.986075867708338 2.03005942156038 3.37838411834727 0.507314417426336 -2.92752736357307 -2.63780738562092
-0.26956685631631 2.00342281566772 -0.188488559316061 3.5422505466681 -0.634652374131765 -4.91791727782118 -1.46514653063042 -1.00714320853616 -1.8766530670188 1.90515611004817
-1.06463992133564 -2.58655609683252 0.290970651611072 0.0837794370800895 0.647389782463725 1.77015070470552 1.86248272755141 -3.23005209649847 -1.81041341749708 2.15922129189307
2.06341849887561 -1.1573028126912 -0.767693078097596 -2.17697809833393 -0.685430703192522 2.53819600948643 -0.729421622746536 -1.44367498187201 1.30741063481269 -0.285968885565251
0.105494177503437 4.0310634298987 0.196433006148268 0.102898948676204 -1.38274500499954 0.970626447888966 0.643436614484483 -0.396573802121858 -0.247808171899955 -2.60812729435878
2.44175827682399 3.58048123993807 1.50785923550044 0.509665963881215 0.447652499142124 1.17915962356659 -0.015649741744204 -0.413854822790482 1.53086532614582 1.71752517338923
2.50338676425636 1.92409822897986 2.76431019369139 3.06832005211438 -0.838222654078109 2.57771277698673 -0.0630736421011386 -1.49617489127246 2.94508754980247 3.18885016104446
0.552504746029479 -0.953532646969209 0.749551541324414 0.411277300440357 2.6918503161719 4.05847841975326 -0.945362883213534 0.900177611337856 -1.21190315229931 1.4590425781017
0.187947229027344 1.60506654643829 3.93500460699544 -0.736607501606658 0.359412665757095 1.85997008689755 1.93298933321721 -5.5095613166104 -0.502130169294938 0.0151278004269123
0.632108318382539 -0.642690830115275 0.279916677425939 -0.552542498150973 3.88534811941389 -1.21515192132697 -3.83480986727568 0.0920611561313625 -0.322740692748836 -1.84121485806834
-0.499759886569717 -1.13039158511137 -3.53989151305156 -0.384529448004788 0.568249694323236 -0.408868968517072 1.42785486578999 3.04665215638784 -3.23323655507952 -0.717521620282992
0.668670777495327 0.484266149086655 -2.51729915546869 2.96788619127414 3.65781028216248 -0.384756781717823 -3.15008234359969 0.137135745064404 -1.96279831193369 -1.19397837567086
0.430029117777436 -2.59690176979402 -0.776135062426919 1.04138388731983 -0.0457559693863418 0.106923824636752 1.76383021147585 -0.147376931390568 -0.771707825312129 0.705628823396975
2.28412024630093 1.91529137786585 0.414458810509593 3.88411880001514 -1.81555648239464 0.709827791175074 1.21186399485204 2.46702023334595 0.209290660321836 0.133319669736648
0.14022782933747 8.02498800412089 -0.869483607693904 2.01843192324673 -0.285726054532292 -0.850208009429956 0.552245410711605 -2.71400025118205 -0.394650805109888 1.66591190606261
3.29777366609372 1.78492154622587 3.0575972674019 0.564211400262716 -2.78700510097652 -0.929085284632427 1.02025891492786 0.0384564183005319 -1.27845824816721 -4.44710553445667
0.262343058142794 -1.13069625900412 -2.41524475107771 -0.549298960903331 -4.18074233534521 -2.13227468917798 1.12776270168107 -1.27000339790792 -0.672131619938786 -0.408294197594925
0.129354302807695 3.19853425583611 -1.05620481778862 2.90250004700384 2.84359456008553 -3.61811894310486 -1.70425501326297 -0.0704297267090302 2.95121718120341 -0.410179550424328
1.20601912468147 7.25062630149311 2.47648776437477 1.01113547838154 -0.618586081587737 0.973448993555715 2.61274693347956 -2.6848850188629 -0.838916903570566 3.39785222216353
2.86698875744808 0.0819111565790066 3.94903674773919 1.37085334636904 -0.400452821112768 2.34497454805789 0.0551126876110797 -2.26549865299499 -0.738501055569833 0.971350392771162
-0.0998608357032286 3.88887103154216 1.35410291699257 -0.587125496066333 -0.887634270211178 0.37286053648094 0.0131132726994938 2.33620471300566 -2.00647536144326 2.92277127742173
-3.14294876190844 1.84722231022172 2.47617101671921 -1.42769656744017 0.257573907916507 0.697534918377112 1.53293549633448 3.14412869724675 -3.38698330796593 0.890517951633661
-0.903924492788985 4.19400412722158 -0.810176413084554 -1.1847139895089 1.38169341766336 0.908316598787003 -4.36425958891821 2.85719032731029 -1.00255536422551 2.82509202390227
5.39619131338647 -0.855684438160847 -1.05975339354731 -2.59493004210345 -1.76669648155407 2.31393896380546 -1.70732198766997 3.92455454445497 0.969602047030043 -2.34601170554894
0.650444634654918 3.26058731876383 -3.10231167891584 1.03402065129787 -2.44870096031552 -0.36510472080679 -3.01990976312984 2.74155637201024 -0.850287999498869 -1.01428719861476
-2.57873434162228 0.416753457162724 -1.48482512709584 0.29563735230393 1.71809328433246 -0.392551031987841 1.89818895500859 -0.217268610889625 -1.48487380146992 -3.3089188752358
-1.17709504010843 1.94789454371902 2.89095256354002 -0.843812316569404 -3.90112628438378 0.878769468197119 -1.90702524944229 2.96886310237851 -0.588437919494784 -3.02614753329091
1.34636656673317 0.124357272033003 -4.97887895848871 -2.51933533026478 -0.607244328707574 0.947244835408035 -1.82344310938638 -0.0651830170077285 -3.64826491489138 -1.52611585403548
0.202260867751002 0.276208562609614 -1.25835794039996 0.0692591891447273 -5.08491281633525 -1.45319302837986 -0.701965219163747 2.77154048171286 -0.482994907826302 1.6779477502645
-1.82645967864828 -4.04015045457106 2.21332777011885 -0.872944524311063 -0.884682675661392 4.21490522459521 -1.83298710008465 -2.98288875673111 -2.32068530825546 2.08741129483899
-1.09390000717922 5.96142660312301 3.09928756205422 -0.0130140053522941 -3.59354087263548 -0.806883711797758 2.63508702811963 -0.452509118269958 1.28736605198656 0.0481104983309225
0.101335642612451 2.18049206896094 -3.34877042170974 0.788061423085405 -0.226098709221056 -2.06702710310119 2.85427118884892 0.763551367470971 2.17308053557527 -1.05573938473664
4.18251002258108 3.25723479890336 5.09016487259765 -1.24277741327749 2.73844727124486 -0.549060231790819 3.38405600507037 -0.423794804877688 -0.202086802692108 -2.44133431520819
1.62699087134904 0.303916373872947 -4.8781609369068 -1.9679941246736 -0.354241496096854 0.845434708263746 -0.947529983505193 0.0305848251877173 0.0178473112582262 -2.46022783549028
-4.30844490102161 -0.959730851120413 -0.372958987117529 -2.46554468858924 3.96814015554426 -2.80410339084447 -2.34139277460248 0.37144344905976 1.33444171626128 1.59084601516739
0.746514513426466 0.493374054040861 2.56599110851183 0.177751528473767 -1.08639962199731 -0.303542570482121 0.257596496122558 0.332897723902341 2.03843820374857 -2.33876715871531
-0.543312286983426 -0.710555961591301 1.13328232755252 2.95859131751999 -3.60338353064179 -1.88142407875057 0.639086915913165 1.83119231153552 4.59139113335149 -2.27663186257785
0.612545911262773 2.92960672295945 -1.73152304000943 -1.75454785205294 0.41661025786116 -1.9766262632539 -5.11075712122561 0.108183671742511 -1.07324376881918 4.52782750550283
2.7823360650931 0.0773609528465877 1.37138268878628 0.867090466264814 -1.51325026953031 -2.94856446261398 -0.210420461043042 -2.48218096480509 1.12795276377026 2.36426336242164
-3.81748193638649 -0.555595891411402 -0.627356551866488 1.3416457662709 2.04955874801272 0.612106449989992 2.74729299098686 4.07783102259989 -0.402937856948305 -0.824761948787922
-1.49052429489192 3.87173113409992 -0.966427732840778 -0.205560437812361 -3.67335315024941 -1.53094585183764 -0.354364978428081 0.666925456286643 -0.0748284580435234 0.039834024892458
1.95576120292951 -1.32440953247937 -0.0604672639301765 1.1963684510271 -0.634026574982612 -2.22531510503147 0.72995752688621 -0.217104542825483 3.12034996922802 -0.36632467929996
0.749618473122019 5.27463122820283 1.73542994741166 -1.12737861860382 0.847522495069895 -3.19988565735958 -0.387052620043727 -1.94550872807476 -0.382205097391045 -2.92048287250839
-1.06334845226175 -0.606789015886934 2.76528094290893 0.278685792036569 -3.87191503292436 -0.365645789416953 0.959502230002119 1.89249651581356 2.82686769336239 0.444194588291739
0.0928487867994066 -2.97525758647322 2.1903379657096 0.783042615312536 -1.51195280623513 -0.7397038380864 1.25731984421658 0.244599660041308 3.6202368611324 1.52040827157559
1.33434251794615 -2.24038074013793 -0.61835538426946 -1.78191399465573 1.86602821757948 4.08027438178257 -2.62091991119709 -0.812557476920576 -3.4497726106953 2.04703578173194
-0.320269317720602 7.29462188809215 2.01173352230983 0.520045242505296 -0.462546202483319 -3.54373272517443 2.4286204319785 0.688025941433789 3.42723355692806 -0.672613921944768
-1.19726246855368 4.66874735274602 2.49660503931042 -1.76638421182399 -0.212150419316335 -1.59643623500663 1.90777781471024 -3.37541772968674 3.31702378937841 -5.1659069577203
-0.198785428778709 4.13848419903801 -0.572159440537847 -1.67602672995323 0.300062655543747 -0.210763668350327 -0.649286603621064 3.53680800725171 -0.0381559566797937 -1.92563793301653
0.525075578873894 -6.98872590872438 0.025025255327732 -1.05637755784019 0.321584956057459 0.695466440972013 -1.9757725948331 -0.818915841119993 -0.407528238626465 -3.31542704624996
-4.23367804457187 0.962092197286348 -1.62771459573091 0.995506916566037 -0.222473656184321 1.96957725197582 -0.636154368826745 1.04083210925301 0.675943630337079 0.364845161530947
1.20922759815581 1.27937028360496 -1.59391249367479 -1.85871965205988 2.27183742285855 -0.646879946632193 0.653587274992654 -0.94938067355639 -4.18855260075893 -1.14536507125439
3.57576024222176 12.4707350248349 0.697659903081538 -2.53957027689529 2.07608641145051 0.233443997877288 1.98246992011886 2.14853884502763 0.562370523777955 0.12029924600665
-1.19669899283622 11.0604888279251 1.47561688133767 2.04318817549092 -1.6017843945055 -1.04920977541781 3.59053957666239 -5.8777581551435 1.88691441724884 0.284219702178915
1.24029486920304 -0.374837789465603 -3.67502541600474 -0.738007246878532 1.46310605359395 0.281721337877141 -2.87502908540421 -0.340173808894891 -0.719075877875442 -0.336080436173263
0.252847410554966 9.42958817213269 3.87542633679392 -2.08777265638226 1.93782275556149 -1.80692213782633 0.285757044374474 1.70377565738956 -1.55468054805389 0.746528253516036
10.112046760344 -3.10353675211942 -3.08805743978826 -2.50097574751627 0.39593111719836 1.70631887794056 -1.2036941577161 -0.766112803252354 -2.09143063147772 -0.8503528806749
0.0492788885329235 -1.46503276771153 -0.819238865849761 -1.0624410876669 -3.69862152319316 -1.23922252756781 1.83906936999582 0.942201007315449 0.173749643866408 -0.378514905398779
-1.66134755773433 1.32488498291576 1.43655027967359 0.249327613065138 1.89516306906151 2.29430942617423 -0.347239221975647 1.95794731992018 0.568354865142126 3.76866653657542
3.76438357970786 2.98672038834394 1.61853616757279 -0.32118030442483 2.77923737981345 1.75412292506471 -4.04983796660197 0.255732933950833 -0.464921742560609 0.520670152065631
-1.68733948897539 -0.546274038003585 0.0873277609632205 1.27974294564631 2.62695720383737 -1.44597254822887 2.66940672631465 -2.55812882908125 -1.01358140462629 -2.8563510256265
1.04722750795965 0.922003572665314 0.426121901043095 0.496582841566629 -1.26143775004418 0.66512519891282 -0.775087459524151 1.09773150305851 5.63291147321344 1.15809289287707
2.08649938989294 6.01500652815681 0.990414252300938 -3.41212472702557 -3.83974348534726 -1.40844090356576 0.469517116198161 -3.97787174791772 -0.801665934056167 -2.79179876830579
1.710033926111 1.89466837654759 0.678201684206571 2.7400918140291 2.3125539172565 -2.26955287843061 1.75476577146802 0.536141207963858 0.0705622213032735 0.226897085054311
0.282205427713372 -1.84594883780828 -2.05011374039623 -0.220246970712348 -0.796547671412467 0.0877445056182989 1.45255995644379 1.27448543570854 -0.453365978697034 -3.0601260351951
0.297291573134419 4.83208875785863 -2.59683516674121 0.515270026164157 -1.154614512993 1.62139039622261 2.89090514698008 4.30791490149211 -0.049503192104605 -0.374891757122873
-2.15659872619623 -1.60663439642604 -0.200760473487279 3.18380264624556 0.731475243934503 1.55421130065264 -0.240276998561339 -0.67936152590415 0.528421449526251 1.76103127412508
3.6273620500706 0.437150158239962 1.76009630566331 2.02375047444112 -0.665968872777214 -0.54328060293285 -0.0396000958368081 0.785320301617636 0.35027569595367 -1.29119295854492
-2.27381150707973 -0.0539569344058272 0.988395368295906 1.49534262650139 0.989940872526445 -2.53920517111602 0.407640051138593 -1.87839773908163 -0.567032177265976 0.0776644105428816
1.35943588218595 -1.57677985325827 1.45130362304283 1.30376421700332 -0.51578717367273 -1.89635208720023 -2.71730095398883 -0.725264592821014 1.43922380742163 -0.38929803940359
1.44990663824886 1.37634742152769 0.121695486360592 -1.63390882190457 -2.30919400753872 5.9063561300741 -2.19516747012013 -1.86247826642742 -2.31899428519429 1.35279950111283
-1.73856949444297 8.59714451325322 -4.06186704876716 1.26773645085174 4.07329554544935 0.757535666373897 2.16465044486468 -0.356924303955564 0.447174996073187 -1.75832077098871
-1.22549672398017 -3.43063190731603 -0.328936467920665 2.3986117918825 1.53479135192797 -1.12960337630508 -1.80571455487221 -3.05200624574958 2.62794789634077 1.6189256654881
0.104518222764311 12.0822550774362 -4.23208091500322 -2.07167144249456 1.17494013643867 -0.417847876631484 -1.80479305668364 -2.59572125520111 -1.20446630841065 1.68675570528885
1.42888438906809 -3.89378968873324 -2.40617054505529 -1.69783124231045 -0.167808304001349 1.31351240247198 -0.495650407971493 -0.491273913464426 -1.01842395130051 -1.41277629515112
-2.92506602236076 1.88254550879605 1.15098658217191 -0.937095742234084 -3.91087795470095 -1.44836253596584 -0.108202977554591 -1.87492923494641 -2.13145792667603 -1.43064226552096
-1.62101173977071 -0.335289207434033 0.937834489281433 -2.92079948115581 2.39846596156768 1.79593112609786 0.126169208622452 -1.05543620843634 3.06138678139695 3.09161613165372
0.0243248825172533 5.07191495015504 3.34035723084918 -0.270284643030193 2.76116212484639 -0.33285030491405 -0.0582867563103234 -0.655196257468096 -0.286894682570992 -1.44153252778367
-3.37029555113206 2.67057590999034 -1.88953264571731 0.700994779583708 -1.23461949259991 -0.954743664044682 -2.39681144314973 -3.73186228139684 2.59126076106839 1.79710097851226
-2.86985820901817 -0.851647306494958 -2.39962998619162 -2.60375754856687 -6.70514029774865 -0.923821805301034 1.20717834645364 1.01616352256829 2.92799675805366 5.87790660944671
1.66245908725295 -1.15706144033381 3.48264366384718 1.30928643511253 -0.0876624313459423 1.91504692206643 0.98236590246428 0.304207312630259 -1.3200453591381 -1.38838626670297
-0.997663772095832 5.99398752819554 -0.435181607771569 0.733870899006508 -0.461196884300686 1.67682991732387 -2.4329689962144 -1.66112233121003 3.80475745382238 2.55511858036882
-0.326058465085621 -0.863659689670379 1.90097884459032 -2.03854664995475 -0.318329823290825 3.25512994247795 0.149271246891714 -1.53303908462054 -1.0661751921801 0.349087230441445
2.44112538565746 0.912444733259277 0.0522031805201423 1.49998831984875 3.12953802849801 -2.62608034421794 0.511767993905639 -2.92505349697268 -2.93414977493411 -1.63126337012483
-2.94471586782657 10.3852700364409 -0.783987280175807 5.14624297230718 -1.08040765846309 2.32385864823014 0.934754855696017 3.28016260468835 -1.38076039727592 -2.48408751969329
1.01248691418417 -0.60730140680864 -0.601090523660996 0.194279434190585 -4.44700832285872 -0.686092774615803 2.42601515242161 -2.41740050684691 1.29479619361079 2.77883998949469
0.900838872155676 9.07918186125561 -1.05500338146011 -0.777837459096844 -1.18977030710401 -0.642660827598269 0.378194500213997 -0.808290667822809 3.24416103222243 -4.04573984482158
-0.0875973849812867 0.106682427779731 1.55957227044441 0.403709830283874 -2.25883926886077 -0.930242063235146 2.0980059643943 -3.989692004882 -2.57632892194136 1.20074006826369
3.8382662924068 -0.119490927128062 5.21578295476257 0.168010511815172 -1.99165010491013 -0.977430228371048 -2.36704199785597 -1.59690564128722 0.31748172221901 -2.35616634493581
1.95932319420757 -2.03862156506768 -0.162546054390127 -1.61742378355844 2.97454147030816 0.210223026937112 -2.63348381575351 0.922871409134176 -1.80622454284494 2.43616834557488
3.09541529675568 -0.50669941850509 1.50089293740545 -0.284219182562558 1.61904186845084 1.22842980588696 -2.30483880482337 -0.445852590790966 -2.56121266744784 -0.993753024889084
-1.52997103087779 0.862812890358457 0.00911775659351173 -3.2037901442977 4.32655392023643 0.43243716109826 0.892203506798958 -0.753319896274103 -0.124271277118602 -2.79086680819795
-2.35128788016777 0.0678010507828244 -1.14920832843297 -0.0738574186851662 1.89227145207873 -2.81358991264222 1.34482179238529 1.21498161557107 -0.98382403905282 -2.06267323808267
-1.89117597075273 -2.36064343334304 -0.498717226188405 2.39506410405367 -1.70291378181973 -1.95337039139564 -1.18674450050471 0.673428073500562 2.46260420412975 -0.882001608476188
4.06046540524179 -0.599241772677827 0.659787902269901 1.51047375556322 0.969006855061646 0.161130352868929 -0.423609101859519 -1.32920579828916 1.31048951533008 -1.00381455089083
3.49784805132269 3.78936495358007 -0.397133930730101 1.47387764369277 2.38802816569344 -2.20800069970682 2.36425072755343 -2.48529163503801 -1.03154506815231 0.994271761438242
1.22512294087687 -1.47394593019436 0.0452981396418332 -3.49573686757158 3.53180052401826 1.16413970250896 2.5673375885354 -2.8112188792676 0.801429012398593 -0.542825914721801
0.584640973543547 -2.05306859257613 0.0471025879555675 -0.0511730809467739 -2.13488143833057 -1.11430025543629 4.0408918117067 3.31416380013165 -2.77047946034256 2.45166487509755
0.924503207368766 1.64522927415287 2.59642197767673 1.69943684123822 -0.523949086846766 -1.99827811958235 -0.860247741169086 -0.54231192343169 1.59611910798637 -3.01274565013992
-0.85239112866578 11.7798719412393 -4.86414202227416 0.317805460033477 2.99156240917902 -0.86791254915297 0.417876533977649 -2.64830869873974 0.0492691957248389 -1.61136284822986
-2.92306378981961 2.35501909713547 -3.27654280372716 -0.42706290129116 -4.7044770560971 -0.361205695731974 2.55927838205584 -0.270141237239017 -2.19254044483004 -1.33616938110911
1.70725328922274 0.825071023197723 -2.00535460653495 0.528960332371696 -1.75766647474195 -2.54986449076472 -1.9801502066476 3.66365848951884 0.829792598236669 -3.6973555228951
-1.69665608366868 2.11398608525715 2.82280542493807 -0.400165580202642 -0.623346426375068 1.41214374378386 -1.10864985351478 2.69132979381286 -0.23440023994718 1.84606268318224
0.144783947015095 -0.937939628514552 2.47034303900099 0.108577493404158 -1.64036400707756 0.030572915597587 2.67498526616619 2.6602580352463 1.04102922018267 2.79130571613055
-2.39548742330286 -1.98602417825873 2.70800847252161 1.09476447217441 -5.10929887429416 -3.19151371598259 3.35910439743425 -0.480316088623063 1.10304177448643 1.12749950280859
0.988159004034105 2.62732318510625 0.407400499843185 0.429660865269256 -0.178264396143598 -0.108436223022149 -0.203423703732161 -0.850578140092475 -1.33848068426737 -0.43460689998718
-0.929346018835917 0.382490145031374 -0.239751881129155 2.87691200582825 -1.94672834811064 -1.26459794316203 -0.420746729859128 1.00285541650211 -0.511090031721661 -2.92906418260815
-1.05274973316513 -2.02073267271115 -0.26021959775099 1.08343250378816 0.37350671819448 4.10594762997364 -0.937941664569618 -1.00191127613363 -1.59828914733264 -0.733180438234514
-0.946410408693191 -1.66959934270214 -2.46337484513729 -0.911697675699632 -0.383250965925 0.688303872182097 -0.356757029928274 2.47423575138213 2.03164554388974 -2.46978961659518
-0.0836763475864342 1.66026198787607 -1.7363575579402 -0.0156168856974492 -1.29907077499887 -4.46026238155827 -0.390085881438585 0.727513045979931 1.21450910947463 -0.886688868895011
-1.38682594004461 1.81502118182717 4.1461474937761 -1.46703381608404 1.74390457724446 1.32782669391778 -2.04128848275164 -2.75619241375995 -1.38259620511615 -2.36073625800047
0.167669408438704 0.165664935257282 1.59333620653744 -0.643258577528048 -0.476451710470822 0.597017311058228 -4.33889039330735 0.43818102470419 -3.23343754998471 -0.461926461303559
1.28884806197114 4.99737756970735 3.25074879670968 -0.972135844216408 1.45427818907798 -0.452420353827546 -0.719066630063962 -0.0685326557888467 0.688092049147315 1.78212148616726
2.51230743331405 0.43444412094358 -0.133832441024165 1.73715915004513 -0.0569761149082238 -0.847480504237614 -3.15347807553457 -0.464635880378241 -0.368226492291767 -5.12493899123908
-4.18830157253482 7.67458560103567 -1.97398479673163 0.289421380813136 0.397088912089729 -1.15218157346529 -1.09508427581361 -1.09928751122619 -0.852045673689453 1.62941328415754
-0.537931918494687 -0.219727535217334 -2.17892583939654 -0.270655548685285 2.92779711986417 0.234909033369368 4.40490940639433 0.804188731964024 1.40695714947313 -0.2042421506507
1.97326161234603 -0.0322513704263536 -1.01652673906842 -3.39084293523938 -0.680980195358432 -1.89136511075933 1.37414897804042 -1.04604182241548 -2.50232406417628 -2.21841094016378
2.05870738885723 3.53068783687618 -0.0428850335208286 1.84327149125135 -2.54124428188041 -1.49430081442558 0.0405571310172319 -0.295775110358087 1.29846903632845 1.71363016050232
1.25518578493496 8.02196406203845 -0.284223861221849 0.286984553800162 -0.198323385264833 1.05100197725584 1.93365524089181 -2.44076210249015 -1.13712998457485 4.35027124403233
0.438597548665212 4.71066989770208 3.61564029446611 -0.267904652570394 3.54814109079879 2.12310061150971 -3.29022490163178 -0.928138273994423 -1.20536252724226 0.792739230286647
