1.91941380943433 1.41579627046927 -2.6285041210668 1.56588178293783 -2.53635570863958 2.98314900557061 1.07196395883535 -0.915603342812478 1.15611779043613 -0.203102675524381
-1.56221171878846 3.1594819553018 5.06093956320324 4.79926970461911 -0.176996968583875 6.00257458604728 2.75977893967899 -2.18496394514334 -2.0343578058513 0.0374498631476971
-1.0310205033754 -2.19318022391831 2.96508134605831 -2.2117661730364 0.0305242623805131 0.12477828479789 -0.538829340102147 -0.815802254824974 -1.98815870264783 1.97136288809072
1.90314478186959 -0.969716128463539 0.814266995969765 -0.817823736446259 0.533742464702945 5.64034191368558 0.528791040012069 -2.33230319267614 -1.51559963538515 2.66831276364868
0.224519752140373 -0.941529911902105 2.22463415472349 2.89296551326618 6.50280337655568 0.376519022089634 -0.521969063503977 -3.01665485178952 -1.08724676892793 -2.48895538621392
3.63037358640032 -1.00676773457704 1.91739201410117 1.01329531336265 -2.92547236811488 0.206759326588949 -1.68430527417356 -1.57625288329187 1.4764408919252 -0.824726447843441
0.935207980879897 0.285393549589788 -0.731118786155158 0.652423896177402 -5.69688440296687 0.931046470576286 0.687910440669677 2.56549826233779 1.14147270979174 0.621848089924698
0.59254991214103 1.21532775979061 -1.36979882788533 -2.03574639742504 -1.11856015368791 -0.465962297770459 0.800690052605483 0.868090299136119 1.35289428777026 1.55325311493948
0.245690136988878 -0.260302096297218 -1.37421243650776 1.30881487285969 1.08155829570866 1.67659570692467 -1.44876681664375 2.96595677731973 5.29457203662954 0.62305374704891
2.01192230761539 4.20282764079055 5.35779597820947 -1.73677063860391 2.30179324594812 1.83582328917187 -0.140959637556787 0.773201978821486 1.59872731472164 -0.998244453564059
1.83976270619769 -0.18676824743495 1.551986443597 -0.57016365205022 -1.62782022813706 -2.74372869747487 -1.21183481942742 0.723040916885377 -0.907888172952251 1.64773732079904
-0.483227336413896 3.49013512119222 -0.601086986655217 1.79278831533344 -1.85595763879372 1.42166303798638 -0.416136519190313 3.05117547201315 4.46304556561214 1.23635618488301
-1.09126141450639 1.2856043278489 -3.07023708281632 0.455930428876182 1.51430694346615 2.44116078329845 1.18825767314882 0.633682269783084 -0.778464301154455 -0.779223831626023
1.17655718608443 2.89059969591835 1.17224127154627 0.0474167941849895 -3.78996555049096 -0.916845000454757 3.03155193719194 0.0387606989447192 -1.8048774534622 -1.3518122132602
0.780700677026676 0.808419882704925 -2.04866768152687 -0.0775714805429348 -0.376640900540504 -0.424046769664799 3.05144954977978 -2.26166358851594 0.546757428982437 1.33161699077687
1.45310139520306 -0.175910724224386 -2.88029881052196 -1.2247179231506 -0.374091923471298 1.76117190168364 -1.30981533450191 -1.36125489530832 3.34028780621157 -5.88512013517062
1.15784320283321 3.82700279028358 -0.39741991289561 0.570881876908256 -2.85439050702593 0.123138896197028 -1.29896427131714 -0.234699937174187 -0.183128565054837 -3.41784733539255
1.51561689027073 2.21114897859807 3.6643307569511 -1.90647585869216 -1.0271223916225 2.0331827330752 0.50814048880597 -2.02828487500012 2.91011188338387 1.64950997967783
1.00819255494083 -0.155923509262606 -0.733087993187328 -0.219979943310281 -0.304293554901251 -1.28332416073215 -1.00201351635667 -3.35452710682178 2.47517605243424 0.0692107907886236
0.0866095780208601 7.63594231418211 1.59350310015815 -0.144555399297763 0.802960538395217 3.70804122353436 1.01333078079745 -0.269146340598123 -0.481486230860016 0.589857084995807
3.29546918558761 2.00417535733644 -0.0326928036233682 -0.733171088343738 -1.54274223439039 0.763600371122192 -1.80710094057166 1.67311943564327 2.85709508777381 0.96241034542213
-1.38646592976823 -0.286093272209985 -1.33539352532561 -0.746704680451656 -2.24643653629432 2.92484117510664 1.26876840508741 -1.90433758791186 -1.16201583777323 1.60529044600587
0.628595746032809 0.0306291483961551 -3.76202690833348 0.292836643526702 0.948842683015424 -0.919929101308194 -0.595888242665211 1.19178125853864 6.91316371385371 -0.517461122829851
1.72613738187565 -0.905400392988446 0.202199746877763 -0.0692141163786257 -2.67094474940743 -1.65347751194289 0.773538109076598 -3.74559832661467 1.80487811213153 -0.354026850786952
0.554943645006065 2.78078622942984 -2.11000487215137 5.05937515837226 -1.54455178622467 -0.0372170405644512 -1.38357694897151 -1.11491498717753 -1.65666085485887 -4.72154187984011
-0.0197290800007898 0.83097582400948 0.912247536273315 0.693173115379135 -3.98964651709454 -0.376180686729965 6.24554921861141 0.937844844504855 1.02260752031197 0.645227190052612
-2.87333362760552 10.8504105732115 0.826986551238925 1.547816976033 -2.24396852236325 -1.42252158447377 0.224277559266967 0.891292946422807 -1.41853209630378 0.327362825346998
1.50026520029229 -0.125410339425666 2.05437906492512 1.7532934125926 -0.991107929239329 1.46907751184678 1.2523454069839 0.94127411766413 3.18520028069603 -1.56541442227286
-2.02674159184478 3.33320313549299 2.08363042981013 1.62005296706244 -0.997162279546958 0.646608301921549 1.84646576574815 0.421982629052833 -1.34104687499187 0.447861329784411
0.930218538395709 -2.11130157412624 0.465878899699238 -2.05400114833218 3.5379941057191 -0.417553459989256 2.86176497382528 0.576885246875073 -1.07958901776524 -2.54819635389564
2.49438331819703 -0.12702342301959 -0.0415772018549432 1.23437789245859 0.431061102998344 -1.62587041623716 -1.31334343398358 0.583246411016827 2.0567301796475 0.117979200588227
-4.31986863141209 -0.579485490741941 -5.32810280659324 -1.58455736115933 -1.55338787327474 0.0477321151708839 -1.78051857369835 1.29883317779741 -0.970631920123043 3.63070569683934
-1.03564360628223 0.61419164168688 -1.16509396496161 -1.29312811356883 1.27814181281077 0.0880541888027436 1.89978037316264 -0.583532526690517 0.443423914613862 -1.00050721543477
-3.92708015455416 -0.731057757590923 1.69067243084479 1.76053712837738 -0.200171607525001 1.27464817359313 4.1356589982081 -0.772105424746586 -1.43760636299841 3.15964046427454
-3.67786333373436 -0.0151892602091747 1.77383209716213 -0.635944599794774 1.96540644319229 -1.91578223017634 2.21271025022759 -3.50147853384472 0.0187227643901832 -1.21002376782007
0.152420945706425 1.60200665524175 3.05266257864663 4.61599680264505 -3.87216293235617 -0.779070443659117 3.56413106503302 -0.959728825705572 -2.67015298408055 -3.79482979789835
-1.01696869013785 0.157997271332554 1.48494811354888 0.0641473341009022 0.842758467385105 0.684153863385947 -1.76446563782584 -3.63293326808801 3.3024088782229 -0.948453970715286
0.551828432376035 2.14432899450802 1.57214120763452 -2.70484543788452 -2.13980252908137 1.60324755931626 -0.776111855598705 -0.0231564124982374 3.73524720598155 1.9836909239561
2.32741794345085 0.925380494232658 3.43988805804127 -1.68101219929704 4.06883416892515 -0.585471806728705 -0.285225366672275 -2.11311330478963 -1.29068959765633 0.434840856767177
0.870240136002292 0.758218303802519 -1.36607102500242 -1.1657179005339 -1.12000789560974 2.13067616548894 -2.03615245359362 5.32266973626999 -0.607611415199193 0.117567802360831
-0.205163316566143 0.617719603553582 -1.41407990151523 -1.18783403143118 -2.55683608854149 1.09569785409812 1.15032765999708 1.5402674316488 -1.00223907866012 1.93832158595095
1.19790280232425 0.229361931704153 0.0902904860297023 -3.91899625150552 4.73413269726481 0.763247565187866 2.73183757271238 -0.815087469157764 0.728513382569907 -1.15703628043847
-4.59126183057766 -0.196918871245428 1.12167985396832 -0.0150327985042367 1.53410115080181 -1.66262835483753 -2.26421151671133 -0.796922072299224 -1.64005341987319 -0.884784799986561
1.8673911188862 0.895596427748702 1.99434445528783 1.66919935211246 0.117321927587667 -0.331967245322852 -0.610664896387063 0.337263349881526 -1.81457484257414 0.234270662075034
-2.04506357229772 3.28662671431769 2.77683257991907 -4.32478793338129 3.53207574597067 -1.27083784451531 -0.604193570643019 -3.06236087225329 -1.47083899291037 -1.3636291287445
2.89237111212315 -1.03385455005765 -0.356197201451569 0.449255590499615 -2.29952500654306 -0.855344308432374 -1.79797961078372 -0.835508426668198 1.33700606588124 0.563598043122139
2.30798981904223 -1.2126601455866 3.94058046711575 0.303783522039723 -1.48386835924238 3.18820426702563 -2.52303772213305 -1.07903700250119 -2.13650418274882 -1.92033855776555
-2.62745836692107 -3.22290383047552 1.93003317224351 -1.27517039623757 -3.04452196886972 1.24143064115246 1.62240031474146 1.72569883287415 2.8579411465549 0.00262863796793631
0.497879137074359 1.06584301050834 4.98986145876188 -4.5133246811838 -3.57426723660371 -0.432247616864813 -0.111789226799562 0.563592966914152 -0.626137682121662 -0.668023664691645
2.36466472527522 -1.89902761366011 2.14387173317672 -2.49232920134656 1.12191948875113 -0.496668216687301 -2.1260893343364 -3.67963343577525 3.1093676291274 -0.479645623597672
1.76835415213394 -1.8034817585951 -4.12801328634973 1.18104594363317 -0.104394098158841 1.78012182234624 -1.34070795219003 1.2904196092741 -2.7201710866561 -0.642400571847387
2.89259396599167 -1.30385626874969 -1.44808118594885 -2.77193208419975 0.242306757221787 -0.577174134325463 0.293618883052029 -1.8360516126259 -2.10095141499256 1.25019511545631
-0.117680448653568 0.457879397141608 0.124865108877284 0.968627938291114 0.271874381479423 0.262676488806165 -3.2148123221807 1.13291290316735 2.74372620925505 0.11035785586603
-1.52218478320135 -2.90135595096545 -0.572263383887884 -2.20210037046381 -0.683237304328755 0.838314587188049 -1.57560170319062 0.0563939290426178 1.46369533574625 -2.18022007795384
-0.204900717526394 -2.24829352487197 0.380181360619146 -2.25419683052238 0.620512245266229 0.541088058136416 -0.983383630322457 0.9500402345964 -1.19941619976726 1.23280662069213
2.15483893286658 -2.2100812934045 0.854675162685733 1.79162821759673 -0.694222871894932 0.72666815516235 -1.48714710187645 -1.0069310102252 3.19287875812486 3.12457593143618
2.23912963967644 1.84069972866703 0.514482695626457 -0.494284210259761 3.4345555569877 -0.366460920248303 -1.61100760769668 2.18579862394647 -1.24677203556156 -2.89055326863751
0.303911979501227 -3.2976324622968 1.7551534651548 -1.06693658685113 4.00917851657792 -0.806535741314477 -1.20782748303713 -0.63985081723613 2.06374610623353 0.776171309628306
-1.48526639101315 0.0204632271935028 -0.554534946007253 1.47949745098184 -0.613755355410368 -2.33307829516525 -5.20274662897847 0.372026396256906 3.35405171975854 -2.17200837216051
-0.170543249125164 0.26974190757142 -2.83848203130399 1.20834453467029 1.61079584723498 0.0748601858870659 5.38941380245811 2.10465916288805 -0.41396319529034 0.714235031111262
-1.41872633630276 -2.02013238729108 1.15049681083829 0.236731873652557 2.79499326477267 -0.760078675806676 -3.74359529402012 0.632422589361715 1.67075367183439 0.0821209786043975
-1.37656193129464 -1.8749537859469 1.61196037466654 0.762347066349716 -0.991634895617524 1.63910354162025 -0.247037849252932 -1.70932142748205 0.346933415903636 -1.95902438638155
1.14767231652581 -0.297869824597949 -0.684812868808235 -1.58675993951119 0.702166196841046 1.13076654744733 2.07316624163342 -1.08009785864201 1.73698236233088 0.654723692029279
0.196786298018531 -0.409679569445269 0.969995700743508 -1.66264269194536 -2.21941451404976 0.111142399176157 -1.84148313771374 -1.67615112604351 -3.62212919517298 -3.8302724204294
3.37524545955651 -1.77804273469305 -0.910993906892592 -0.133717794846327 0.351943280601982 -0.411186662060468 -1.43390767273783 -1.38232253958196 2.53458202588694 -2.42905392460379
0.628214085174226 -2.49274225453974 -0.142826270647523 -4.15984229046865 4.34546012700933 -0.0540771023746271 -1.11287825348246 -0.713546349738187 -5.0241512693973 -6.5433574838666
2.37349035997502 -2.17561405142874 -2.30819285974172 4.144456651094 2.2875594679379 0.83529007655611 -0.0591977321763437 1.32364088329368 -0.813519621894678 1.23766169683748
-0.126490505775256 4.75066549854834 -0.148288990366365 2.13293192022141 3.74201296100757 -2.76086933823255 3.05106676848204 -1.98086272445316 -0.558944344073104 -0.116410416897038
1.59182377362101 -0.0702821829366642 2.56351744336309 -0.614350782279214 -0.485552424769755 -0.0491511672909988 2.61639473750364 3.53371508950007 2.56923562347595 -0.0050634646946658
-3.28088906338784 0.503419044012326 0.659228887982441 -2.76855875096237 0.386182719048586 2.34572974435135 3.65842863427138 0.303810129232049 -2.23133603750477 -0.850948976460868
2.51968235765399 12.1488015233517 -2.41919922165556 -2.31735983466122 -2.41976359631673 2.04482482653542 -3.48536848057291 -0.944816429835428 -2.27409845117701 0.873902903165003
0.16600539730897 -3.76774271994064 -3.53850201141685 1.55568452945088 6.66093129897747 0.846575130737686 -1.75179984216056 1.98673279978207 7.88057146485956 1.01199182244263
0.0283195450084018 0.390140867449438 2.71760608124435 -0.26902151182495 2.62812218978551 -0.667674452460489 -3.70549436534829 2.35603474250541 -2.86882530824356 0.328462334214451
-0.315605916708493 -0.670863029675401 -0.26939443659352 -3.29130921137682 -3.68859595156476 -1.6248395342973 2.91035223772609 -1.19824148637597 0.321528586993881 -1.28520505017826
-1.66720268076659 2.01408616557439 1.71642025269687 0.202184586213365 3.57473057919952 1.39009699918198 -3.4309738629824 1.57829370297384 -1.73393613583662 -0.133713646470261
2.2926757223002 6.6642192491675 -0.103030693111254 -0.791307812921826 -1.31733567007595 -1.44204129478847 -1.99627630372972 -3.02612327306152 3.35562335355229 -3.0988263003976
7.4158014662423 -2.17409465814273 -1.82916642410221 0.310025588071369 -1.08405171222782 0.603786905366829 0.986887281961223 -0.477430356444907 0.984868203335416 -3.18160590464301
-1.66410633878577 -2.7702365408083 0.600003886211845 -4.6234703276878 4.0727890495329 -0.0773340174328906 0.550770017736921 0.313446627611736 -5.76530051527357 -0.987029981216157
-0.141636260604125 0.686043314421428 0.495737538963105 0.945018230492338 -2.54587505005 -0.818664069863064 -0.760431053881554 1.53373258641095 2.64060428249377 -1.14227602805439
-2.124228246418 0.635325994967726 -0.118486695693883 4.20577094264866 1.78899273832229 0.0322066561140381 1.72162001936376 0.671708560756738 -1.5894917768802 0.0593538337182644
1.63643589611266 -1.1198364403291 2.41844907211751 -0.90112401890948 0.752904219864378 1.48758619579979 -0.437922994590193 -0.952663845333263 2.83366655824348 -2.69978506042879
-1.85226066972606 0.703217322928718 0.927752374448592 -2.66137064569098 2.03627756062062 0.722435961789375 -0.451491575549954 -0.844890032971787 -1.99794513433967 -0.489566504021981
-0.424313505855907 -2.61738233833216 -1.99592300139234 1.05021276524211 8.02374024411669 -0.289083572276046 -1.94105450906227 2.62893396924366 -2.7943212753411 4.24997136188278
-1.54350871862526 -3.7823839405343 -1.73642854643209 3.12218283162457 -2.15239816444724 -0.934454660651974 1.88882939740409 0.528291420650154 -0.645028143785243 -0.233648914893469
-3.19897265697276 -1.41789298485669 2.18394152544927 0.505649367550986 -0.99884249426535 3.36186210136364 -1.91776406309253 2.14975652980561 -1.49889184264986 -0.451485037186398
0.769162761249504 11.3743944296907 0.124068795019569 0.393846967691982 -1.13637318580095 -0.0771075849867389 -0.528961262498653 1.19203071360405 -0.444407142482149 1.71756838780344
-0.0514690342635625 0.993540231128235 -0.657349078964061 2.2692181889047 -0.139972208111875 0.835075975829369 -0.57434873786597 0.510942715375738 -0.517823837821703 -2.57424386237727
0.736071903146769 6.51195396195556 -1.24470846435237 -1.1003748227901 0.17352491377329 1.47191989509037 -2.72929377019126 -0.766036034571603 0.735004878350634 1.57429811783599
-1.98788621469171 -0.839499362239858 0.0560295563039713 -0.0593444282707562 4.60309327809785 -0.647282897639196 -0.128102335191384 0.79917432178557 -3.84340755944307 -0.901036115520078
2.23981313424823 0.162883547750519 1.44634228066313 -2.74472705884491 1.34879380440731 0.375604635298491 -1.95274711187556 -0.930668395977685 5.16122963310945 1.21180669476381
-4.19265935021944 -3.58580266479435 0.110262333932189 2.28433022791472 1.21224879636051 2.47459916114257 -1.28786624645282 1.15619066764917 0.529854644274996 -2.68240754082983
-0.453879488740879 1.96298222201034 -1.95377799119147 0.748947659107735 3.08047566685003 0.82387094470581 -0.00793494327292486 -0.388038977020997 -2.3124358052777 -3.81228030948158
0.102153073871169 -0.859910921224446 4.60642508794713 -0.408538878499179 -0.795599378835687 -2.51661899759416 -2.11271305354523 -4.97853868801058 1.2294240266585 2.39684378153712
-0.891952556765002 -0.754235268055305 0.634369123762529 0.78404629699923 0.428282715414057 3.53837233205641 -2.0824502229096 -3.17005496962649 9.00712450036701 1.32414232683824
-1.44365554296689 -0.360548646835114 -1.86556919365391 -3.12553440993992 -0.922395470370699 1.97846725990889 -1.31478645771944 0.0447265269955458 0.567441018086755 -0.958680307834884
-2.41509680228642 1.38828616723016 -2.68375961317581 -2.05661419036827 -0.840026170970457 1.46743121050943 -2.93356678260183 1.21860773973497 1.15612985660079 0.161207659871779
-0.942207476973662 2.36507571928655 3.45539714260615 0.252008473765692 2.79257708120827 -2.51800718989182 1.92264170523987 0.647269129407258 1.27304174596574 -2.57158073317989
2.09623332998202 -0.238814560748178 -1.54519311295789 0.549154418870696 1.91603529303258 0.656846905083997 -1.46602114322431 4.99666319750231 1.37769821748572 -3.16151391440529
0.331809019888712 2.37554995965601 -0.232911606938214 1.35023685738089 -2.6348145990967 1.60721515976997 -1.10276301411756 -2.14198299667976 -1.4849583016159 0.73878975229276
0.516350341290202 -0.800378908323838 3.07556009018429 1.99274643556434 0.308621503592769 -2.68270796840818 -2.6433266328702 -1.2825251857785 0.567634611499722 -0.966235400874141
5.96073055588702 -0.306460892651363 -0.0454348049808121 0.119783196511259 2.54869006068589 -1.69865328550607 -1.11159083957652 0.398860714533917 -3.02526913956827 1.10388524559335
-0.01344550321848 0.844065636838622 1.82238942457148 -3.36734846506906 0.605824559265767 -0.31638328101325 -2.65205227958458 0.0775793750010264 -1.80378919866015 -3.58561361422723
1.73891882089694 1.68309004426103 0.248774909762289 -0.23793545711374 2.23688100335209 0.475519430643477 2.30383612707056 -1.74813659793687 -1.78791530017043 -1.42391745596029
0.0815969451386295 -0.0669959486131509 0.351107019761586 3.46955674949453 -0.268213280303239 1.70007436483274 1.34824314594588 -0.508350845992428 1.06591341783496 2.35037224907939
-1.24798185947912 -0.905201083429309 -2.74655508509161 3.13890839651714 3.07207058037119 0.852493269408176 -2.11070237072451 2.1536170020528 -1.68268836343261 0.677778007371972
0.89075019314616 0.375946145941751 -1.69541955690601 1.62332239924658 0.415332276217787 0.015946693391948 1.33967743408243 1.11302430474451 -1.51537703718439 -0.133827594000551
-1.16327098814612 1.88841420126017 1.23472764610888 1.71777120815272 -0.707204973924059 -0.265825639344345 -1.93073724408326 -2.90807515056619 1.82523963617754 1.71661720976491
-0.492147193286343 3.02594348139099 1.97259044841837 1.72124680663188 0.428573312209824 -0.642303013153946 1.70187825128373 -1.66763708739325 0.147217757918911 -3.15183654154067
-0.490539026978384 0.936872559316706 1.46677298108026 3.74539030891192 0.482446042252216 2.49784141041381 -0.335209175096188 -0.802182649293378 1.06864998412927 -2.86941157993216
0.225664518955656 -1.32157056869261 -0.425561974104264 -0.63455332480434 1.41907973494588 1.70766140491658 0.661192771007731 -0.324007010449962 -0.159158817020559 -1.3905336732678
1.70274196840075 1.24949336897742 1.26585011643624 0.0336289548376475 -1.13979523956344 3.42789347658627 1.08202718751214 -1.10713688706052 -0.162953463022337 -5.21736603956123
-2.21391044679739 -0.161108639094723 -1.85705827583891 0.00525583485033456 -1.30229186663949 -1.90917857418181 0.0670628192704409 -0.501723213386123 -4.77859006444192 0.978489330707758
-5.39098090488227 -0.530169452050294 3.05810212105053 1.7007456397385 -2.08464518174984 3.09187096231195 0.763448419248329 1.68647563732258 1.7252284426511 -0.146892531231415
-0.73765842670162 1.60690046152634 -0.00634335145113219 2.12139576042095 1.36802796686461 -1.22486844323373 -0.146146163196844 -3.23971141143123 0.720437895812929 -0.349653202104054
2.47691896572588 -0.204047237049508 -0.357141404771035 0.116910469990019 8.26240243167395 -1.80511767394738 4.67741702637639 1.4098033467026 3.44834025149214 1.77253107730067
-1.15630238686225 1.45890290192119 -3.14662441002933 -1.31925938064718 4.77680297744813 0.751769675880791 0.104716270824551 -0.483902944428957 6.66248509702635 2.00303262308051
0.912145208295299 -0.495859935508775 0.222614028469387 -1.25311816935709 -2.45169969443139 1.56764403824546 3.65416551885283 1.1376150773006 1.37020503752964 3.77502822271754
-4.40899329714012 -0.0266713948462577 5.57789704355336 -1.33442484404746 -0.895337424459523 0.145362800624015 -2.23666656063317 1.42255259508109 3.73082849697967 -0.901949821376051
-0.38670302369815 1.09460527760043 1.03887678395533 1.92934087603227 2.06511433123202 -0.699338826165862 -0.18585056828102 0.329532238138757 -1.84955129100262 -2.58977343570306
2.21702453182197 2.99043834324077 -1.53368709070863 0.331730460544233 -0.33512449521605 0.915463130033715 -1.13834659800313 -1.22256188697737 1.44144560975287 1.52284467036546
-2.16141854838754 0.375075079733336 -0.460780160769104 2.54281232249547 -3.3788427556136 -0.308493657522862 -2.02706507052174 0.528413962592198 15.6846208335746 -2.62715858276115
-3.35129829097703 6.58048585483098 -0.247643012718655 1.63082210620962 -1.18922991013224 0.119268302139284 -1.76298901204118 -2.35043001568521 -0.738550904661409 -0.459406713483954
0.192155842095638 -0.898983328013352 -0.897461731097331 0.0903286758472064 1.56417593309415 -2.41601616816328 -1.15263858921128 1.61162226386065 6.13453536380571 -1.75934987073241
3.53213859062169 -0.139255354574616 0.513107714720051 -0.854274282179225 -0.163092360399139 -1.75015455504401 1.54468831776371 -3.14914791908002 7.86819063141757 -0.642481965890317
1.81518356882795 0.961202691156351 -3.19685048817585 3.39098038697639 -1.60388323968108 -0.46973407130982 -1.93284486525129 -0.594930853843264 3.6693739719103 3.93827933432848
2.5381502481219 -1.12280351589197 -2.53291882721944 -2.62974337694874 0.355095919772826 -1.7171040031443 2.40743020896792 0.790668445125146 0.567144454686367 -0.348879198713084
-2.73497198573494 -0.449912643788446 1.59815198484023 -3.16808556907941 2.56702711774907 -1.33658261301342 11.5115666185947 -4.20409993514697 0.753849912399066 -2.65081839130363
0.292395917707185 0.36210817403951 -1.04747831789043 -0.958974336971142 2.79432341633864 0.857438739281265 0.765154252952638 -1.81154570003494 4.10502990352821 0.178465338485974
4.95875849654884 0.726886159782498 -3.41370565788445 0.979718980801627 2.88037421301842 0.515630660149253 0.134484030721424 -1.06469375509736 -0.476025827437877 2.91149581675461
-0.584371739466096 0.654181980449467 -0.886523055604797 -0.867165436615312 -2.50491167132271 0.377707848013147 6.83870749817148 -3.28758489125271 1.88458596320608 -1.48987898835736
-3.93201206374276 2.71187311882914 -0.947212455953729 -1.93558992243243 5.21115349256917 2.10260062393793 -2.45335027832583 2.03134511966381 1.03380842783531 0.75724654049738
1.2179352147215 0.615351856793255 -1.11731956437618 0.174496301879851 10.0564386810672 0.621973924895113 1.64266274876352 -0.730818405528446 2.08103396048336 0.18240484691116
-1.99562832541457 1.5542827298225 -4.14765859500694 -1.04102634070463 -0.505526375964512 -1.86313054861929 1.66318523394054 -2.62175387881281 4.53890900078126 0.40952780756255
0.136495322770203 2.07299494523968 0.0339620067114467 0.153557442985384 1.56168941090295 -1.40749721320027 -1.03756363830514 -3.56042599035442 -0.850146109403521 -2.3726456157733
-1.0495917445233 -0.413697436642335 -2.14245897384339 -2.94601340926047 -1.80166523835851 -0.272194503583732 0.249725510070942 0.897577620388983 2.35392540587321 -1.03910524523062
1.20433866326017 -0.640281783055389 -0.195206047241984 -1.46968524789269 0.686039509621845 0.808119570610078 3.23395328040811 -1.52970304513058 -0.760944296652874 -2.5274906577446
-1.39314629883095 3.14015657415714 -0.612260171801073 -0.0410248676403972 6.3611974294252 1.03497196338717 -2.9747102554093 0.951570565508547 2.44635947160361 -0.189321970993589
-1.19609409996853 -2.54339545028575 -0.727303510610535 0.654976890655327 -1.46009402745044 1.05857156145907 -0.541572917147292 -1.55659967315438 2.67558645737086 -0.676724507704093
7.30523476794947 -3.35496635144709 3.31782820332755 -2.02313317545596 0.673962663009021 -1.19162662142793 -2.13516921972201 -0.138962671837879 3.84393812937086 2.52031333851147
0.364839614362757 -4.16952901980941 -0.282845335101105 2.80274223279855 3.29527724079778 -1.62582164052193 1.22013813343483 2.15355303668016 9.88386925814873 1.34762756822826
-1.06675654043456 0.415113642818425 3.49827951751943 -0.351370786746735 -0.488461538360708 3.54222556141361 0.0899312629847188 -1.39587326487433 -1.49379530803956 2.40025625274257
0.377994612342491 -0.46290016284586 0.59805932032332 -3.19343595218445 0.972897571304887 -0.223082129348939 -3.28144015509337 1.16882013666627 8.12244859389635 0.841167988172782
1.38988302503366 1.08496020359946 4.16252396570079 1.88307269065665 5.03282874459055 1.0844544468959 0.645113946268878 1.02550656717387 10.7252850898475 0.656611227424098
3.71018050442985 0.804463089602774 2.2219366663084 -0.961169069887729 -2.05904296965464 -0.351975538812468 2.62011232005226 2.13013790461928 1.53570458480267 1.31962605995901
0.0128190220783031 1.7096568360755 1.75062102333386 2.57862323904421 0.0498159547874368 0.925158628464891 0.0552455034486254 -4.43664775621181 -0.964406837077824 -2.38257506827931
-0.561435979985408 1.55745739636178 -3.12155592401811 -1.76691964181154 -0.480723888509559 -2.4903080705967 6.24743891223692 -0.177089103807671 4.14963542484027 -2.34210538828858
1.8454521053405 5.94381334176841 -1.3511233399841 -1.55370033703958 1.96395423012653 0.603480520238807 -2.86615428433358 0.487209894764572 -1.63435954552542 -1.28463758725058
-0.722101188836069 -1.06429081157113 -0.676796890660113 -0.951933367159723 -2.82974602208529 0.160642001799583 0.449995028997519 2.06097440772861 -0.790095132942645 -3.23186821696549
-1.84262007667933 -2.96785419712152 2.1169421951968 -0.573724002287488 -1.23261872506347 2.33880344850872 1.08264092795777 1.43632266880769 -1.80830170688121 -2.12976594782451
0.216380545476132 -2.31775027416053 -1.27260112161646 -1.68115284957477 1.8421262363502 2.08525599663307 -0.353875705286618 4.8879537329499 -1.27711559504696 1.9988270938415
2.07495187436928 0.360511884148131 -1.50104874902213 3.82211569636072 -0.130122887305544 2.31832471241437 3.05013984435331 -0.263893237823592 -1.27102580252667 0.360106325454423
-0.123872537391188 1.72806686254141 2.37336492201279 -4.07159433359441 -0.990411966015357 -1.13776230360346 4.5702185976548 4.11505902510577 5.06158353090169 1.37707212238941
-1.48847819267993 0.555065703767835 -1.64033833759693 0.184590762361913 -3.60685660098223 -0.779364297536848 -1.16414670538313 -1.39088795607106 -1.38303872733447 -1.96419265242078
0.00198654613569548 0.327769793863178 1.0027589875582 -2.36548560692256 -0.809450582949075 3.21757571857791 0.73066915191457 -6.55314910512378 -2.64288830874928 -3.16035402111279
-6.19303677019642 -5.03151320424326 2.76979604814382 0.939450542042897 6.60965296313816 0.951520470412903 1.31670977369012 -4.6635615987803 3.50692458986033 -1.39669444266016
-1.66194383963279 0.183317081139413 0.268540193591381 -2.29920755203556 1.91190669602243 -0.760995041123402 1.8614594785282 -0.265246601391513 -0.222592839828487 1.6315726344824
-5.30188388227817 -1.18673828264779 -0.859620275851542 -0.552106075542266 -0.332943810039843 -0.0859344707007384 1.63048631980784 1.7791397860345 -1.78183521753988 2.4193902722063
-4.35116935937915 2.62097146564596 -3.22801891635818 -0.194643631489515 -1.12535507343978 0.971239943433814 -0.558634736925438 -0.671956749999118 -3.23291348960985 -2.48068265520772
1.66194015697605 -1.28085355796976 -0.769400024963505 -0.776063063521485 -0.268096976765449 -0.124603178356848 1.08220906966695 -4.2101463645909 -1.11694268617911 -1.24357678925981
0.503285047745892 -0.0100386616883871 2.00976898109787 -1.36786190885949 2.35200417474975 -0.895117698649476 2.82431801624039 -3.48891496255232 -0.903139270794761 -1.14594429252637
0.215748907228662 1.26349177440154 0.593610381180648 -2.71369933577158 -1.97476643953642 1.83839150765316 2.57304898401743 -1.63893597876949 -1.49376726048977 2.54044331419763
-1.49305629710135 0.632766195898426 1.29877415577045 0.909070546704255 -0.426061738761516 2.73958634180654 1.21958662132247 -0.125184174410332 -0.632505782875316 1.65110303691646
0.0556452262076003 -0.81467016935066 0.685770130608825 -1.14044072530379 -1.75632306938542 -0.274609082298441 -0.596185473048455 -2.38446365138649 0.95564406263601 -0.643549160320947
-2.48062344380038 3.50944416358889 -1.1755601080872 -0.246574427218374 1.86731014111448 0.0680295025073831 -2.72535227841743 -4.64123445465208 1.42929746967001 3.50638633519863
-0.155579060016991 -2.32809247707465 2.28012378173807 0.561241694865331 -1.55338584368653 2.12721221458534 0.59843248032714 0.472993660613285 8.13413369517131 0.991083699653337
-2.28008435263268 -2.87663469473064 -3.13116423513114 -2.28698182878993 1.26918920232606 0.651540963361925 -1.19077699576958 1.40736659042881 -0.497979415469431 0.78036409432587
-1.89941139558866 -0.314226718870884 1.34694226263771 -0.121775336970809 -2.70813093431284 -1.5935040016495 -2.7759439948197 -0.555107945782489 1.19573134569386 -0.381562391529611
-2.03961112094741 -0.496228465012228 0.749625248883277 -0.503582051377412 1.07503770236481 -1.7022153860593 4.07728954565074 -2.62593672301177 -3.12272489997891 1.47175568843372
-2.55785698542587 0.166866367771428 2.82406361776447 0.2093807613702 2.87694811350999 1.3933442883545 0.977568810391696 0.201994691567784 1.74278754932502 1.69624363164755
-1.95777238539325 -5.94738423301249 4.9204872349639 -2.61431477644867 -2.25082934559324 -2.23153404521038 0.139688993826477 2.59544704570537 10.699136096389 -1.93351294262989
-0.318886690155592 -3.2159574793617 -3.67108844006136 1.87889004011131 2.9938169150933 2.63025927475512 0.292662660101045 -0.25235956942325 3.23488570473873 3.71228344558432
0.549563004314239 -0.838437522274026 -3.26636171072093 -0.282112908496495 -1.04832176795311 2.13800307893485 0.0104290968117193 -1.66184259131796 -2.05087452433303 1.20214417461904
4.54906819686487 2.73105022257556 1.93502507601257 -0.855877124738935 0.357342998324022 2.88305369681673 0.371894443823358 3.36263626121585 1.6573003407382 1.68149196577546
-1.08911580175222 -2.35126790323152 2.48242008355478 1.5904598676344 5.55845275379949 0.17757212782841 -3.48187661641391 1.50818215240866 8.39331516470107 1.69006304069778
1.73242035779217 0.727392432020006 0.294417422309697 1.23409496258312 5.25769280596153 3.64092262182046 5.85389398689138 0.490710642888966 1.97179732423192 -0.841790525811954
-2.71912594644825 2.20441936043797 0.597448531035253 2.9336965534659 0.175964870187687 2.82317183179918 1.78267121978122 2.24865274379905 2.93451089929139 0.532594051071524
-0.0603901823779272 -4.98943151279713 1.01480906978521 -0.966986589640976 3.52303593521505 -4.67111378067621 1.77373133399384 0.234329271549422 -2.19298215641154 -0.603705828541633
-1.33839850128182 2.58656659110961 2.78423929517956 -0.409700006557845 -0.7734102688139 -2.79302851035176 0.173553143939961 -3.8844370040316 3.03140868626674 -0.693582503100663
4.54049691731494 -0.138179462749792 -0.506169394495055 3.06524414093021 -0.845603485442845 1.73766302212129 -0.71168284548523 -1.59483754843998 0.765449489587471 -0.299253883042605
0.38345950930363 -1.0574904692298 0.175192536351946 0.813959365647578 1.38204467993055 -2.16323025945303 -0.241931942124183 -1.37024858313443 5.40195837715847 0.0221056746991106
-0.0180513708048762 -0.69475860171648 0.127089761342213 -0.394402091242931 -1.50761652548242 0.347869982069189 -1.38630834374001 0.856326482760003 -1.02601994881023 0.336653724592244
0.491288892972452 1.36190006455827 -0.847175922377188 0.211624115058845 -2.1277358926295 4.86107503659569 -0.369923533084873 -0.976141420355455 -0.972371607941804 -1.40472592620858
-0.602135975802245 -1.51122666762834 1.33629423598709 0.279197714907783 2.20853361491798 2.15397244853853 1.41927751775404 -0.521020186848474 -2.53460364675051 -1.13438399134283
4.52128597298253 -0.71508679892497 -1.35087805551119 0.222231364732385 0.828760849817883 -2.68935892898482 -1.36474394490576 -3.04329527008199 1.02639741538524 -2.2860833585909
2.5692143361186 -0.988422348655597 -1.14203674084297 0.0807635529293913 -1.92159199610306 1.50018073429147 0.0272795711717038 0.00556029412248602 1.95782354300679 -0.348099790539853
1.39776512342095 0.510062131155894 1.61616144005539 -1.20723942141825 -4.38461201342086 -2.14723211807094 3.38931327316455 2.22322042149048 0.401978073062329 -6.84807817262709
-0.320152005054208 7.50985112867046 3.29981576026511 0.717049206431897 -7.29329966105904 1.29220900076766 -0.324092469132231 -3.2621298018935 0.524156361914387 -2.00044535940762
2.19834781361621 7.72875293835811 -3.00103013809649 -2.53226832523211 2.28713178247024 1.67476639570385 -3.79860401063722 -2.20636779585993 2.09740621370524 -2.12988346056735
1.48068795817843 -4.03511263160926 0.544135505999152 2.15936715038146 -0.745667072538035 0.249843050214055 -1.41319346249559 -3.42670459971411 1.02886452192066 4.69134984563172
-2.81874948652425 -1.11679246298129 -3.50326352255238 0.695546224587694 2.96223130801708 0.113396430657666 5.2207190952165 1.84990216889298 -3.04442402344498 2.35406212378986
1.42173805298438 -1.99402813975502 -0.202514100651525 5.03067404485542 -3.30672454828378 5.60797739962655 1.22475624970142 -0.337542439917363 1.1313109347547 -2.40388233606934
0.368844142141392 0.105678851247099 0.334749384751212 2.55414810164823 -0.943826258222404 -3.41360069213256 -1.942221178599 1.60292429667917 0.222004974156328 0.331234287378156
2.42178391972393 -0.456061741520919 0.201024672816674 0.0682339045283257 0.276552119803298 -0.142516380652482 -1.14621269673586 -3.39376045525336 2.09018445869458 -5.07513085851015
-3.5916372660086 1.12055814920163 0.419530017942484 -2.13509410934529 -1.41864245117278 -3.75730930773794 -2.03287998429305 1.17014540075084 5.79279904345572 -0.482626980187346
-2.99496543726777 -2.57162299762758 0.227870642827612 -1.06447254335129 -0.635998110960822 1.41358333277238 0.635519899943852 1.14035864925718 0.312657007864561 4.48861927493491
-1.43074588771853 2.61787263512067 -2.24777021641851 1.71826579536395 -1.98520011468272 -1.50575563618097 -1.8098315458854 -1.97995669223885 -0.505755703221141 -1.03356357810302
-0.242835177729972 2.08993769104021 -0.0149658594507302 0.268902254191784 0.230253929216743 2.78532717571465 0.635755167844092 1.63149357567832 0.119092691415211 -1.59186899247317
-0.624679607445429 -3.87688529880642 2.83317732606706 0.116662097890173 -1.89914021528893 0.222828126850775 -2.20036606833777 -4.20698586604979 5.7449171348215 -0.547720169735933
-0.190219610667462 2.67661028730191 -1.56845074469138 1.27642978192293 1.25014691161749 -6.26982594033575 1.92303089551296 0.931590049714337 0.852228711506055 -3.35375290518665
-2.20528266566271 0.65778925412744 1.31063307974276 1.66211835153723 3.69093454940605 1.47062476045598 2.11608318722152 -0.978478763644043 2.0547972330704 0.384786096420266
-2.47751114276359 0.252982755045037 5.45454729180815 0.192930062258228 1.58979028584657 3.60656874788622 -0.300584784996429 1.33604792954664 -2.33053575318129 -0.407446225458726
-1.51863721192388 3.05845893769848 -1.08475413353577 -2.63027239605344 -1.9047428565429 2.08456257376719 -2.3955343888358 2.34800808834294 2.08953708351101 -1.25494649023396
2.68624859743034 -1.26065605917323 -3.03403114248553 0.967321443508171 -1.84961136836553 1.88497838828082 -0.216672177653062 0.376464961438843 -3.25783625581937 0.802498232713107
1.82526292026608 1.23650244640089 0.665032492854668 -2.16695355824167 -1.85899695601827 -3.45464690155698 6.34739538847632 -1.8008602947865 1.49205667284429 -1.23768348654703
-1.11082293243883 1.06669747312545 -1.62861548772211 0.926286961635244 -2.12208666166764 1.14788103742236 -1.59669424841672 1.58123121908088 0.226982050317527 -0.152653565924756
0.785945724919723 0.753492390196228 0.955599179970929 1.05166676611538 -0.360456772870062 -0.0989486422764793 -0.595933937077908 0.112027951222372 2.31951469369331 1.51056861746829
0.560847719383448 -1.70159175317171 0.495713651179987 1.66842838426242 1.18594843726459 -0.65233096830337 -3.71783178323401 2.66886840356822 1.91344515585163 2.75081630495599
-4.18392916095194 -0.617265709702842 2.7053227707721 -0.664817507580822 2.62981131990698 2.02514107081569 0.203780896172659 0.418224515333792 0.417491029375132 1.96679088404492
1.34370352172092 4.00230316546915 0.0907201224406661 1.00011643424546 0.631105158082743 -2.29240754232067 1.68570802274993 1.8986571162746 3.72299880644017 -2.23159846500748
-1.55985670936062 1.80681923454985 -1.90890152060179 -2.94290172039191 0.723343060617354 -1.20682152494149 -0.343314059072003 2.35522246073073 2.45535490483838 2.94941326446715
-2.04532325229868 -4.02914005308417 -3.02949295333264 0.599929067850956 1.75814471913631 1.46739155231258 -0.30415250308679 0.454793836662323 -2.4522667277408 -2.8356099251776
2.33817153623492 -1.62984076557742 1.09923122299041 2.69820474900271 2.41940067348355 0.0378361987929037 1.65409804503894 -4.31030713523615 2.5430372293491 -0.347692793762772
-1.43181194221066 1.30043006748284 -0.115772812856479 -1.73134112640592 -1.67976549724863 -4.85385431462197 5.04660829627299 4.86802329866674 -0.905676341466416 1.86907402127871
1.14552257686061 -1.0606725013584 -1.90577294519258 1.79709889718139 3.17096714413674 2.4910329576087 -2.23572973117698 -1.18363039225582 2.9257959152205 1.86851884169652
-0.324726433104852 -0.0688647091658151 0.269318148547788 -0.716655876719204 -3.8385855438943 1.02680464960208 -0.467159931632269 2.29752805217286 0.417989755475584 0.83691469803982
2.393919319121 2.73114423814858 3.96565092464317 1.88090868193643 1.0575160415404 -3.55370330423372 -0.15927504471357 0.406610164091092 -0.265424140016392 1.13350785692616
