2.35558627437296 -1.60732901567396 -0.5107508005722 -0.307826804075541 0.646881769030621 2.38530550556437 -0.0041441640174576 -0.394293163022463 1.16156870122469 -2.13710500591188
1.05097428066516 -1.58004342518072 -2.28188870871424 2.46569866811933 -2.46236308546652 1.15355025197943 -0.172835149936485 -0.0161085925571811 11.1578476157842 2.36684017107884
-1.58945898641532 -2.41677325576889 1.47357230633837 2.76648381981781 -1.5642688675594 -0.628585537419296 -2.95673565718468 -2.50706065031732 11.8935544054987 0.645940070562064
-0.788579340074678 -1.78726901000716 4.07712456272418 -1.24568774323764 -0.875952299836435 0.726502653104874 -1.08006360592962 -0.789956217458625 -4.04139520698413 -1.37165601263625
-1.85160482346968 2.67859235362006 -2.12912303590398 -0.609394077778544 1.5609057468944 3.14109763345183 -0.364080418060171 -3.99711828719401 2.61547053078437 2.34132219188224
3.32829136120074 0.118555560071806 0.852497414726367 5.53941360963552 0.640406300102654 2.24104901179101 1.46225392892427 -1.08131394488799 8.38527165875965 -1.17666404055062
-0.336823273911282 2.02309936518217 -2.08427945868899 1.62834664366275 1.94986381008561 -2.81180279111127 -1.29941624835764 -2.73453594345294 8.04763135744285 0.0971245224204945
-1.48374693974245 -0.271174209917327 -4.91308716625563 -0.387604828615092 7.41362037832464 0.667644756239474 1.60511865925973 2.50098299750697 0.737255912290656 -2.06416388041795
-1.58204790949117 0.852208320048436 0.56759443773542 -0.744798273015247 -0.652211792778628 -2.53229690946772 0.357537639755948 3.05606155656559 1.84463952538032 1.26709081854469
-0.477592554012906 -0.114602352923831 1.83910928425272 0.505238933451208 -2.53948523824278 0.550535534757944 -3.40741063817272 -0.0775801931628275 -0.170864869819477 -3.1228731048369
9.29470125001194 -0.642545490414715 0.506608097220051 1.16228159634734 1.10296148717844 1.42412098120154 -1.2395456549805 -1.19717943545861 1.98349440784456 2.30673057517098
-1.97853178563758 1.94645760617255 -2.69096057791322 -0.988241135204668 0.431474851213257 0.663717177262959 2.79183995829633 -4.07421372002309 0.895407639412453 4.36030230840526
5.87284861572533 4.09023397578774 -1.02571767457109 0.969310212258757 0.456477049495613 -2.92902618704264 -3.0129540860155 2.25362911431181 0.0353458305563319 1.99320339737748
-0.658602981487161 2.37340778694834 1.45082241623771 -0.299646109537078 1.12746947873474 -2.33382028942694 10.8887680133148 -0.984185202503077 7.03395516541831 -1.21752987981516
-0.967775905702239 4.74963917969962 7.70251100852773 1.64061406559302 1.56598770569247 -0.944049336451178 6.04083551927473 -2.05945026651733 10.0837548623514 -1.76973501628182
-0.428124696632879 1.79298920660928 0.66070991339185 4.63023458110751 1.82182420823907 0.847012743518087 0.57972313029329 0.328027838694797 0.0528945811204835 -2.85861696492577
1.21688492713055 0.072473276894164 -1.55108414490345 -0.800022133012583 2.79554804283128 -1.18348405020704 1.42804929713127 -1.98185517565612 -1.13406856991114 4.38078933276522
-0.381616870711427 -3.82407020537852 2.58066880692168 -2.83898481083754 12.3481110183658 -0.802906134651973 -1.35477398469534 -1.15097359958569 1.98612598153851 0.59533196380783
2.16117229867794 -1.43885247953155 0.099384290090958 -3.57679585830375 4.5388789483109 -0.825691065564191 -0.25993782869152 1.97006090209889 1.08270880108488 -4.60010171920919
1.11356043327412 -1.48684441660862 -1.64124806786215 -2.27086259677282 3.33886776219911 -1.81334676992872 2.79876073677781 0.256449655203871 2.25572539890159 3.07839591999913
-2.02565187437323 0.138093138086666 4.47268746237108 -0.0126344475224497 6.24215198826028 -2.77132681421674 -2.61402452946932 -2.45296919912399 2.39190024182912 -1.45300599889445
1.66132482496863 0.571171185573809 0.456798394299628 -3.41494817709068 8.39599656742188 1.84694262767716 -2.09237853964901 1.07071539175887 1.5279807373385 -1.5764846509322
0.63684347164152 0.575815664835812 -0.952826494856289 0.23650618371941 1.64896913444116 0.994349340606808 1.84074317120543 -2.46981252531459 -4.00096153931305 -1.87537362106645
-3.0520509420058 1.17775758824705 0.944904778471877 1.56767099566472 5.16659376914599 -0.611685717340453 1.07343667319341 -1.21040364947174 1.30416136711509 -5.422146498427
2.15196540743253 1.50163135138414 -0.31382388000777 2.99935119398149 -1.25639832733763 -0.831181949506727 1.82722299674964 -3.22030542984717 3.65680714528193 -2.59087185937106
-0.736148128646762 2.54801234906477 0.115072829578524 1.79421687755869 0.30261165026545 0.104112322042162 2.75343502817769 -2.39611433999294 0.30354265835926 -0.0157573049424805
-0.584081244871566 -2.57230043394533 17.5393529627327 -1.33777495503872 -2.25262549021082 -1.29180553757962 -0.0845893041779346 1.58282027249672 5.31074348460249 -0.848464685961962
-1.81708855722925 0.361084136562721 -1.69669712556689 1.39604745828894 -3.44584476112466 -1.74983464490165 -1.09883064121389 -0.0206699424632664 7.5613471935199 0.696502619123065
-0.75773769575218 1.77510461290808 0.137254764182654 -2.53540563846026 1.39951922216743 -0.999213114954037 2.8120621824 -2.51579444506163 10.3390610888652 -2.9118502960762
0.403514588289667 -0.722898209833169 2.7281349436797 -1.69388847264067 -0.213768383709501 1.42261797601908 4.87287801863281 0.174942751399156 7.66345648806148 0.727699805748048
-0.624568532137894 2.05875018124047 -4.96446317437911 -0.185835322537124 -1.67993131329978 4.8060892872032 -0.382455842869468 -0.0662034546834315 11.7385157609821 2.40848101791421
-0.0048619633166997 -1.33085278914786 0.00956387924208756 -0.312372220672657 0.880869618922809 0.651688291224839 -1.7793726632498 -2.39640539161822 0.0860632245783174 0.533074395237233
3.17102849802833 -0.80051978523263 1.36729219149197 -0.762854918166731 2.89001795393027 -2.24319436175328 6.02862472460069 -0.540878356157972 0.71105503925712 1.50092850514976
2.22483757260657 -1.96841413609926 1.01093049206478 -4.42805666998163 -0.333730053413061 -1.64893814403961 -0.928100205278287 0.0420255473990948 -0.863694792413533 -2.7184969190246
-0.877997993329817 0.865057480805005 -1.44340628172247 2.67022680011815 2.09435825807714 2.78291780995046 -1.06451568463273 0.739724071958491 11.1226668302667 0.55299520790192
-1.0733878164852 0.31132541418722 8.58056845706666 -0.128871004384943 1.6958997654748 0.289808953695002 8.12137232421392 1.38681636296855 8.29133107006371 1.07144460742554
-2.24190989648999 -0.847387636829293 0.257786200557644 -1.6940283238604 1.65519710213953 -0.515072438710248 3.40035042038708 0.812366117972624 2.11679573765459 1.1719995383322
-1.77607975602711 0.608105024763971 -0.431886271305745 0.370202920669628 2.19181717584054 -1.17409066922769 3.1595229626056 1.28374539053912 -0.560099241905395 -1.50209615741591
0.781596347628823 -1.16535242012677 2.12368370274464 -1.52434886421203 0.959475820966007 0.791263944422726 0.640244038079507 2.0983379340749 8.82038080666174 1.7407406869957
0.0306778848112229 -0.554379285539519 -0.165979577889778 1.66832846683881 -2.04421363483306 -0.369848337318195 -6.91121556351149 2.25613720541665 -2.06746145082602 -1.76392365998909
1.51879939352489 1.73905049024694 -0.0534052723782683 -3.76451451162004 -0.767820541840487 -0.329479448288336 2.69611977535999 -0.756995893476444 6.66242956208569 1.28696866849391
-2.30002774677865 -3.12760474501421 -0.548584085036068 -2.9040462475554 2.39921452105859 -0.318233686343072 1.17503050288605 -1.00537103963929 1.96183453636153 -3.82524449345861
-1.88519007458094 -0.165866954954562 0.0579189787787355 0.598430629943724 0.600310192024121 -4.22211449758411 -1.1634478704832 -0.632741767793255 0.283973431572732 3.24434867504594
-0.712110488351745 -2.59109409899479 -0.078529710554242 1.78827329837318 -2.56304234459719 1.75468686863347 1.46778008067885 1.58335761492811 -3.11079988658352 3.15623522375836
-1.76016999421703 2.58074943469174 2.99530681859111 2.68319190566945 0.668380650493425 -1.56310048059203 1.31250269451796 -2.84762532703687 -1.31861068999841 0.164458392533325
2.11230344500514 2.55581621851792 2.52563386374815 2.59500642262733 -5.01402508554109 1.34967618082441 4.34479952912232 2.95927106568226 9.24318257149973 -0.709090347659487
-0.955565182031617 3.5700395766034 11.7844688212093 -1.00186510827325 1.40610895620857 -0.107121210894681 1.6530807192456 -4.42466851606117 4.80341435476748 2.79432184766652
-3.81476753648454 0.484332905589352 -0.321260016728739 -0.129821939761133 -0.252064718857054 -1.37106224963253 -1.15849251737192 -0.448987983092602 9.86637927654118 -0.621990317250731
-0.814150019609346 -2.0257621036566 -1.05841313683701 -2.24864428142602 -1.19835936832097 -2.55786371790788 -1.06561812949606 0.268502535451447 -4.63241146461589 5.37369828136656
1.5549929987264 9.79476022403982 10.4701603913996 3.00744504446948 -1.59586409644853 3.44214617025502 4.55424735340898 1.58871205826701 11.2344160282927 2.55687598127181
-1.12670950495259 0.119087537537436 4.30735431582794 -3.6847043425575 0.829391763313205 -0.824881585459595 6.82922674115224 0.991392440968865 1.23035367443857 -0.314531571322911
0.0124662069211943 0.120601272372914 -2.40369359281084 -3.55101444165411 -0.0281132989479425 2.27220025414175 3.7599879850113 -0.434147844606893 5.94410580176624 2.54588076540843
-2.27721878877481 -3.2011205062762 -0.261656457027409 -4.82315869449651 0.0950044671327625 1.01628680987327 -0.480243880287208 -2.55866810626012 5.04155985655494 0.83681398718885
1.61665421601396 0.6204755224493 2.85388871036779 -1.58949720692905 -3.71878508488712 1.92074474211609 -0.967130361830487 4.59134894624655 0.860385107317249 -0.964647643323864
1.4547348595534 0.0493825605149437 -2.37110728832172 1.64861111941213 0.740130187344183 4.3119231045827 0.973272385286772 2.05086044006089 2.52031931246552 -0.824412524300666
0.5883146832144 0.572441125968255 1.09380030848143 3.17973176608984 -1.5605151556446 2.85373627712653 1.69632234258387 0.671942115267067 6.05414779514675 -0.593168575774267
4.49233982770658 4.7452780177582 4.96567536321334 2.49378670188749 -0.0330236770977234 -2.18948142211881 -0.973964992547439 0.996439384187244 13.497803313317 -1.16709908526603
2.92536385501378 2.65229734762802 4.78168220345257 2.24807234882286 -1.19195188759522 2.19421507542577 6.7894864377461 -1.85990150360218 2.10460622077338 0.955910220048565
-1.4920258985343 1.14792611814301 -0.130468303057319 -2.2045562794634 1.61592627008399 -3.03519516000547 -1.26701111977346 -1.19826917937306 5.49214028868627 -1.01969502885861
-0.132354793506967 -0.306002665841472 0.320095538613785 -0.201014501188125 0.637615962652352 -3.09047617787428 3.81115255596845 -2.00671804979747 11.1977675976609 -0.415548128367379
-0.554856778545091 2.57632246482419 -1.41135064362212 -0.265577804926323 -1.24373821761782 0.273039764477307 1.51178058732358 0.223728584333479 9.96595264479503 2.06132901977412
0.828585579288356 -0.253066709159218 2.07998525428074 2.31599069867649 -0.785189124610403 -1.56772166037208 2.10193482287545 0.389993183289304 -0.0855724459352356 2.66127994923254
1.4688446552619 -0.195665344966714 0.649907021713598 0.0212518936098451 -3.15401907667505 -1.52284591313577 1.52177935137729 0.532027789841286 1.89626202625913 0.420883767489659
0.291898731293014 -3.5399218116578 2.11899539293554 -0.0313082022430872 -0.936550114448719 -3.46655791996435 1.69361758336732 1.65716790630461 -2.67852059542178 3.99576670975382
-0.100890332724441 1.02802239873762 3.94966888598889 0.85130117078787 -1.58904113951792 -0.871921352559732 2.16342539688889 -2.41348139420842 7.30223566072651 2.98508773218531
0.244667977421986 -1.34155280759012 2.04630480216179 0.340530480118118 3.41057556071851 -2.65771616183591 -2.96376916791441 -1.59782257854799 3.82148980636406 3.3753234142729
-2.77602719148532 1.24419982282006 1.7755070788955 -1.08470867677242 3.57083918262864 -0.613835733120791 -0.00580574222979404 -2.91859659280978 11.9872181381366 1.47752030013238
0.626558303295354 -2.67290368695679 0.553808092513572 -0.327237482808853 -0.595005196872194 -3.10615264123319 -0.492574065138306 1.43848888055887 3.19136042236604 -1.45302104995214
1.63166691969395 9.27329267988006 1.27155751419693 -3.54564872440786 1.49609402975755 -2.67439959446982 0.0548869353773549 2.18000508848243 4.67927184814471 1.77200712675549
2.16766400093919 0.516700657208159 -0.93653584963837 1.45000503193074 0.610738242536165 -2.32777296190112 0.317407493186761 -1.82095233569359 10.8617974749023 -1.70204084004024
2.38074795679084 -1.34243557811684 0.226897460649576 -2.22479760470665 1.15207977781268 -3.0268798128655 -2.23911418763972 4.88324316265681 6.42755086463425 4.87020534851946
1.18179235870657 1.86509706381772 2.34200419985938 1.41436489005334 -0.641181028811585 -1.20372000202786 2.9888939251806 1.86116260538887 8.1647062840945 2.73691562096398
-0.773779781833048 -1.87133547671314 -0.209896786917422 1.76729901898614 2.65193987796498 4.818559322833 3.91501587364368 2.40683489407252 -0.701171282192692 -0.25164865587576
-4.20848212483057 -1.76766478416535 0.683675652142502 -0.137767803295944 1.60152766466824 0.161017548080831 1.86009678161977 -0.0825864297042953 2.03487425470178 3.66030445276438
0.656291379577447 2.95089364838685 0.686339114916158 -1.92443459971025 0.475379008370636 0.836492237825358 -4.00200231959134 -0.93871827997961 -1.59218708546756 2.14240494855848
-0.999681084511149 -1.03488112983314 5.49038239970629 1.03752671473209 10.0594965323527 -4.17429519412511 -3.0340620683827 0.508772311885389 -1.82354922504545 -0.102067207824001
1.4566081242051 -0.971672345402209 4.17561190859716 3.15634260084841 -0.295920721869877 -1.17429865060812 1.40314620746997 -0.0132256045704075 1.94126075841534 2.28203364897911
-0.932720583898457 14.2866207783295 3.68818551348558 2.76633398763527 0.122671064868669 -4.31731326814427 1.18332684102247 -0.470321066965363 -1.01706755407075 -2.82665700629694
0.212491631327236 1.52850644010178 0.679254572657023 -0.757972975532475 -2.47626324989512 -0.899317947280468 -2.20364645354984 0.302985012826957 -0.37917479790065 -3.23967586600105
1.70752865605292 -0.384216712713215 -2.07390788090695 -2.77565676756795 4.48890277542132 1.73776516240708 -1.10742039621042 -1.91775610126076 2.60825714290921 -0.499180080599104
-1.29347838944305 0.915665946945776 2.2782050132101 3.95461800921923 -0.873683965716118 -0.627407711757502 -1.30922293203569 -1.2267151972826 -2.49597476960887 2.85948016575872
1.95249096075683 1.82995991405958 2.27708802691307 1.61002646756463 0.737703838009991 -1.29809575297785 2.00700014164277 -0.417548297847272 7.76484177785244 -0.714466514426047
4.41044947581487 0.414246791787385 -3.01098283352337 -1.44717905078184 0.320377891515655 0.205836269293504 4.67798826028806 2.75650364783211 3.23971914416935 1.27587683493686
-0.148311004386079 4.06504002664381 1.42340648164366 -1.39697214043503 -1.06320407673244 -1.16029730292783 1.07964427205888 -2.78593842097564 7.40091862901827 0.374713079789013
0.0192898254565095 7.67536427574074 7.65967767850238 2.15032566846068 0.256590002655681 1.6668264726113 1.89914395565114 -2.69876638625921 2.63468814755084 0.648006288663776
0.667856057910925 -0.68703785141923 -0.399489539711487 -0.352338378022019 2.0671924608229 -0.266087244792774 3.46469150311378 1.990967517676 2.08647827340708 1.20431028616836
0.650553893776519 -1.1591934348756 -1.91602298149695 -2.27404152255579 -1.70725084648594 2.87059213976004 1.02168395334744 -2.75428795572842 5.528338790422 3.355619011335
-0.253066869680786 -3.84508096907433 -4.48674260800595 0.824330065709226 2.86056816395192 -0.305814775451568 0.379563448596435 1.3673585870832 3.90866290608488 -0.332274723378913
-1.49162410165724 -0.215863943814461 1.48863820428451 1.44213315243348 1.72895660490557 0.556189207753684 -3.07758799592768 1.3646349565702 -1.49716089044266 0.787680096574206
-3.91959801685776 2.66718505445454 3.93215664327646 -5.37596859792357 2.73296323955072 -0.514097293519032 1.37937361552755 -0.609646597168931 0.0382208321443129 0.901257511683817
-0.0152240332625541 -2.02525197211192 2.23054656755388 1.94952205497564 1.03124753816352 2.29048164150335 1.42905872815199 -5.21492025527942 8.14052031423767 4.04096821084813
-2.59438736469499 -0.261562984921964 0.259835623632919 0.318187150815761 0.981511916408683 0.870009096440042 -2.156605293735 0.566367534006019 8.55849929465315 3.15612435678188
0.76358274944013 -0.353146379650931 1.01609447535957 0.704833319171011 2.98508779997977 3.13475541840095 -0.577337606849433 -0.102979879226708 7.95789864959585 -1.88608891351914
-4.03818687596325 4.04501733652688 -0.980902383773294 -0.15435864359617 -0.192791619429683 1.80532877423733 0.357093806242073 2.3219189079436 3.62138641911871 -0.832719532801718
0.0421521511289895 -0.835007035684086 1.6314026895346 4.0545162435297 0.4116550715458 0.986580386056049 -2.1183501489077 3.58275044929718 5.20935792899257 -0.26304908849342
-0.0186737555227074 0.445898310066835 0.0529179895168223 -1.43816769801855 -1.45617513421846 1.65317051545656 3.52581227442251 1.28242289457179 2.99184152155989 3.51967170749267
0.421184614808015 0.73567488410423 -1.80862464750013 -0.595928336391209 5.06131720875014 0.579879303326667 -1.40661598821479 -1.457732994983 -1.51867413843897 2.87622218340746
0.196797987700543 -2.25328424723727 0.175217518934661 -0.544686328334312 4.36771237582948 3.03064437508379 -0.950104234689846 -0.0751859692994298 -0.758385505003908 -2.75978363591843
-0.220550851606452 1.39953871608794 3.62700713991579 0.129194803551453 3.0450263103059 1.78979545052426 5.0870254856366 -0.221959153682515 8.25260849856944 -1.1771651863655
0.109714309734021 2.2086857314428 -1.1966874925285 1.80242375752328 0.271748994425368 2.17893994959306 -5.12108872739212 0.245560328109211 4.63017840217018 1.24679378803113
0.485096184078942 0.174770469011191 -4.21746607931932 -2.41607719508425 -5.47414820757245 0.800379833051923 8.84949484179334 0.883508859742881 6.05303232657001 -0.642508648569189
-2.63105671956951 -0.873138779883995 -0.539014965166188 -0.406815761272276 0.590643093914375 4.49451129953449 1.0204618220609 -0.427734573250192 0.213510181272681 -0.326215433582001
-0.272913542109109 3.14705184429683 -0.479084821286382 -0.681819003398728 3.22755199089067 -1.95767688837679 1.69601374413444 2.0888620427007 -2.16769104719819 -2.20837393350949
0.376328295963948 -0.868919623532119 3.52719242455506 1.13764080479857 0.0714501049331053 -1.85886298728016 0.994860503552366 2.40468906061777 5.25754319976831 0.168557897491709
-0.0651572952635862 -1.25145656790291 -3.05093902334114 0.284954039177138 1.20528834927759 2.18349362305254 3.76947178708452 -3.11701654677363 -1.01764764058323 -1.65161748879239
1.81722594879756 -1.81135172474429 1.57038833216816 1.3852243069852 2.50444178104825 -0.540681482370415 -3.63018942261825 -2.89347471145626 6.92587182720755 -1.77530316705955
-1.84878573063178 1.07717079633303 -1.75207649905727 -3.76897005469302 4.91019642045565 -2.1482019721248 -1.67725845267392 -0.57482675211154 -2.4943351120301 -1.68128863430832
-1.35802757318553 -4.28504638106753 -1.41909521712547 1.96526467268289 -3.94826478214706 5.0196368139604 0.102040480418122 -1.5126105983094 1.91367483030902 -0.398243216247776
-1.09983986472795 -1.75748117313069 1.53228820641876 -0.91911344771474 1.4064645169249 0.718798783803571 -1.73617829060601 -2.94199881044619 5.06988571036792 2.16308872113004
3.34605056850712 2.36945643307008 -0.532452457115473 -4.36633366846329 5.36960301179305 0.0536480735120245 -3.63734769556142 0.605975261909824 -2.33998084330581 -1.62008592871739
-0.707941856288686 -2.07997446014543 3.53214192683024 0.779270534292035 0.132021269475545 0.126127344067427 -0.564342984018267 -3.1810327157459 9.69040569572262 3.33805712670707
-1.36739598827452 0.883256747006569 -1.65565151059469 -4.06593101794725 -1.0093736649773 -0.430245734636294 0.262445448951852 -0.907696425452165 2.84277355873514 1.39576952562573
-2.2186309647438 4.73704471888755 -4.19721701802545 -0.526891179764325 3.790331199889 -3.3168452905717 -1.21720921830104 2.10758874806165 -1.62854274255587 1.57949247980475
-0.804965919530311 0.607211455487986 -1.7959486399339 -0.661304089879538 3.09752269706558 2.75741688457697 1.74097547186499 -0.789619471017797 2.23113999751809 -0.0750535541932494
-3.86022732893692 -1.15923540625981 -1.04600938611876 1.02882010939625 1.41163244891494 0.183857080586399 0.832150439184819 -3.37439539679612 -1.88278273176244 0.401143577557819
-1.55761216124507 -0.088133211060129 -2.75944471713969 3.67110785441565 5.31568303166543 0.319320205784415 -0.546852402036376 0.24847242230639 5.23841123681763 -2.95218128587857
2.05247049308301 2.23437340393954 0.117753940596336 -3.7512990625399 5.82647325656451 0.661524023897002 -0.657774029663375 2.91602721654423 2.17425498183612 -3.34172643394218
-3.45850310621421 -2.24565627081862 1.34171630394845 1.06363614632512 -4.3642143118662 -0.775397223004887 0.188143140503147 -2.61852940422242 -4.8256439674559 1.35135627577201
1.29644624957634 1.19880348427406 0.641142376788523 -1.41385408155571 -0.16589659511996 1.6155707705844 2.15769182072043 1.32798988425425 1.91070829900518 0.522018849353402
1.19565986446176 -1.70034938647991 2.34900883511767 -3.35644449111092 -1.06186145324605 -1.72691634843149 1.86472281140793 -1.9133156199646 -0.627838405231432 -3.85283103914536
1.33517192654804 -0.810763826545895 -0.933099550246286 -0.401236379505764 0.593052173308991 0.0239437441046717 -1.7856163780123 3.14699817208691 -4.7635989023123 -1.70748677712418
-1.4615989173107 -0.3790842254025 0.432363628414144 -3.19630395278304 4.89829074069479 -1.05416230779334 3.72523248465695 1.22206002255169 0.893663102259623 1.43584791689984
-2.82128693975789 1.95093388834447 -1.39111719653235 -3.04791491898268 3.60602080715068 -1.18472750298797 -0.923382801898415 -0.910718153210674 -0.784365164888689 1.90723579457543
1.69639593090903 0.44994065553119 2.05952028107494 -1.29822554707504 6.76324479508797 0.674823513178321 -1.08749378825187 -1.50657961941983 -2.64818108518777 -2.02555589318318
1.6045666728135 -0.326061002667638 -0.559612581083722 2.67712720856839 -2.50381531398596 -0.267555312750108 -1.31215663370241 2.17932424225052 0.676925651589943 1.2790322575449
-0.56239598175254 -0.00879186104992825 -4.11555973499208 2.76064709042918 -1.21927176009938 7.40898296957138 -1.55905233663797 -0.877145050249496 1.65140089476035 -1.38895639789774
-0.721999375171616 -0.566413572910451 -0.00452406629747859 -4.52981698666581 6.60304969527602 0.87423587100364 -1.0198087240817 -0.265013616753896 -1.14580717955819 -0.0893747546306487
1.26033134798057 0.370606369735496 1.48774695842701 -0.715722775639048 2.48298820046403 3.95844058686757 -2.60078962981916 -0.80882694722085 0.471088064541546 1.37437880049883
-0.0213041329161685 -2.24844191920547 2.76084742679842 -2.42312673592922 -0.974455629562772 -0.525488530626273 1.60457982389997 1.44716012344272 0.721645106663028 -0.708056120112533
0.257921718708154 2.74415036966868 -0.129685160496558 -1.96254752567474 0.493044944154925 1.39298747856744 -0.131114183697773 2.34845980568048 4.90643374231144 2.848098835581
0.467121913099456 -1.79414642827781 -1.24625585285397 -1.00362120089903 0.0324464197582132 1.66165247258456 1.99471852277123 0.505593494606378 0.156428722495734 3.71963217636855
1.02768827888968 1.25365573735382 2.82678663578003 -1.77093671950318 0.229629464216748 1.47694267222785 3.19582499621966 0.416113669223823 8.65632144749971 -1.33607570679671
0.545735913816423 -0.423011869409588 -1.41403015093661 -0.335864716529811 0.590648613218644 -1.41201764666185 0.807075925094113 0.041048137964497 6.32237080141996 0.452080118372721
-2.50749323611997 1.44323295112842 -1.25050337943072 3.30607311790557 1.47355402921748 -1.24276251051296 -1.41377575964076 -1.20158011184096 15.6110009729325 -0.154284039465831
1.23395300390919 -1.08305033722962 -0.551585271583862 -3.68514513404429 2.39891988838707 -2.61173650059762 -2.93596883269342 -0.968422208813976 -0.557629292534989 -2.62875852928574
-1.61563645274528 0.42092252471973 2.18028313451343 0.450393642354269 3.15537452748795 -2.34369241213583 -0.359932793076654 -2.24298817830847 -0.97826709043509 2.36005155915445
3.40975376051851 -1.65365767475841 -0.54139721866389 0.9219444896039 8.81416055922976 4.92507431932347 1.33575122144088 -0.568684007430311 -0.127208740274279 1.55809517208852
0.870222014000958 -1.62736511316296 -3.39390552532063 -3.36825556102083 5.2429223077277 0.817639558340311 -2.14407375780295 -1.44976926149951 1.65001201558304 -0.376595688966601
-1.0376015990863 -2.02823222116433 -0.649066290495104 3.57045082151905 -4.92618274858808 1.35457120830338 3.33644211798326 2.23011926580636 1.82095740611244 2.75756609315229
1.59298222385706 1.89136377587982 0.707625711222636 3.26725828772008 -1.37624600713404 1.04888378579298 0.6142979832591 -1.66371753292187 7.08420528960099 -1.23238609348432
0.467239016777639 1.32941235614612 2.90375502135098 -1.83698423399373 -1.06960371480848 -3.33819798952292 -0.58848444660789 2.04696087692302 -0.274035989295172 0.393703543061887
-0.535909110902597 -1.42412374982886 -0.135046437150274 -3.91416414020551 1.30763010073128 -0.20671738085009 -1.83722160793044 1.42776656445176 3.26683519576776 -0.533853669417266
-0.0308369172594279 -0.957258381872485 -1.50068853652002 1.21091747078449 -2.1645930649633 -0.605035482033449 -0.316055930721829 -2.68676570777603 -1.57754403516854 0.669162241923949
0.670076607712777 -2.14565236261879 0.8191029255943 0.687813505644152 9.19639789460696 -0.311518768229931 -1.38670318306349 0.0124563792049823 -4.36547881227483 -3.29615876976711
1.68365105801768 1.67520523500435 -0.106053445375481 -1.70274889726785 0.396345203581112 1.79524424208635 -1.67769348685649 -1.81662007152044 0.400127797018611 -3.02782047604576
3.83410491070831 1.36103046820416 4.81800815193507 -0.501169164445552 -1.93259847385398 -0.984266768314849 -0.77762759422366 -2.28051771778732 5.34491959533798 -0.471075729517647
-1.01907473025134 2.79590422394394 9.16205620752373 -1.98378846274045 1.62700863305536 -3.09005308100512 3.85076186106687 -0.135581919184985 1.41580053424697 1.62556296758895
5.60544715817662 2.00503888742854 -2.24768575542699 -1.01344544552788 10.3622573078797 -4.16625533162171 -4.57479745016679 -3.58787402985876 -0.0796997956166894 1.03119476313469
2.84473098357017 2.07972216379324 2.09239609129577 3.14139189717699 1.83725204663399 -2.00956489290111 4.94602243343663 -2.97401859255865 0.26179598590413 0.865138235341833
1.41673815541921 -0.240473330935407 -0.827260229609735 5.37010399478544 2.68641991282792 -1.46718628548382 -3.11254309102376 0.0671579283865226 -1.19760817254053 1.01319691557199
0.568707149694124 -2.79750534142354 -3.78725340326151 1.07534319414029 -0.085119608691063 -0.891208499758273 0.0478249445196752 -0.506189920965926 5.36647025861551 0.277980434759234
3.67752714854981 -2.01432838779312 -0.773246770601562 2.39243919451619 0.201317095783788 -0.130012829519322 -0.526643285603865 -0.698463866549409 -1.35014455271069 3.02714250296004
-0.978559280020294 0.758230353105705 -3.84960977281678 -2.23152311133687 -2.52729372018454 -0.448457490532697 0.380870771120335 0.315797866417635 0.0925140456136182 0.923941725187854
0.292387735982033 -0.693176708907379 0.983358194340699 -2.59195793453838 1.52731355479236 -0.703637379546425 1.28900093739415 3.2175460496793 -0.153414162356559 0.153292094412481
0.462965869185591 -2.47603577082945 2.92777844545895 0.629869313852852 1.60175076608929 -0.571177950730946 -2.59401155485467 -1.03270485225346 8.83800422905262 -0.561391692167462
-2.26360693623034 -1.91750859176673 -2.24261887136224 0.508846115507985 0.719602521456588 3.61262345601017 1.00102202543623 0.963884426949871 4.81890278188014 0.244445622625361
-1.63807577719229 -0.25242038706235 -1.51651755035297 3.44913575122293 -2.09887792537867 0.911216095735397 1.12910124751953 1.76524717456444 8.7339045921342 -1.45587468333783
1.1557873674339 -1.73917880652066 0.330410504005123 -2.51157284074376 -3.63876445372184 5.2891077162527 0.956496152817038 1.82647236923684 0.880303734423173 0.119031427919869
-0.653008378241761 0.412014492486269 4.14045967687007 2.96672192578763 2.51952516374439 0.548374071521585 -1.62226548360148 -3.15626325967796 0.900923234165709 0.282591771493282
0.0596767933319554 2.5627270252602 1.0364625153881 2.08750968744887 -1.71395862858602 -1.90216814192493 -1.48963224128267 -3.37659348513756 10.7741800580606 2.73090243501666
-1.63174429658428 -2.09054232076747 -0.915705704537246 0.665437161526802 -1.06554577412264 -1.81818736815578 1.05539624750716 -1.55383456371145 0.989373768534518 -0.374629260550212
-1.6904588922307 -0.087852106161865 0.769363231049075 -0.440707437076158 -0.183639381069539 1.68133419320217 0.0213966406325464 0.736426027646675 -2.97359299679075 2.21844168007078
-1.79964295004863 0.708300378542863 1.76156027843413 0.310401698760458 6.91286281471907 -2.52961980583153 -5.96156624964695 -1.27073654862857 1.22555288808389 1.61226791372578
2.06585135768206 2.98270188681378 -0.747251005803538 1.13852404902159 9.37306106446507 2.26287406777321 -0.985063826795743 0.0994975313939293 -1.53115764582929 -3.2787036086621
-0.739942685778597 -0.318160507588707 2.21093126914175 0.607602547988352 -0.421440117196091 2.3195008927841 -2.6011042133055 -0.477111249192009 7.22981441754912 -1.96371886174905
0.56608686149084 0.716720432805816 9.46131396293304 -2.04422316771908 -1.0439193665391 -1.39966402068335 -0.949591404797388 4.32601700014085 3.57354650283513 -0.336062215220337
1.72503355685674 -0.285009852644876 -0.148469834475392 3.7011289189315 1.10644061432507 -0.0475056896512908 0.669059547237656 1.81744104931806 3.44532041159195 -0.111414494067896
1.86005786167467 -1.37841454798325 -1.48914117691141 -3.55009834653516 -1.18446093092844 0.867271011364288 -1.6579451561612 0.864919668843429 4.70838163045434 0.501944250953341
-2.77080238400003 -2.77219314721185 0.483544205896817 1.53922841053744 -1.09658639409888 -0.4405845888242 3.09293426620788 1.19521920564623 4.78407904790153 2.53640238965103
-2.77577347458697 -0.0637176481342973 3.1943435626214 1.17325354049123 -1.02473347529648 2.56675365402111 -0.321178479558177 4.59015083319364 7.17103138618749 0.652492720700226
0.420687815285444 -3.09070309075062 -2.9155120884952 1.68489051638562 -0.756885819582165 0.315680445262223 1.15618513507526 -0.372086515606596 2.1268321034496 -1.09563922790342
2.11419478860634 1.03405306042573 -0.395559901305561 1.24946647844679 8.54886335559085 -0.987527545851068 0.152630067870626 0.519070315431959 -1.60079456638282 -0.627837953411283
-1.53118976278123 3.46894489888681 1.52901940038365 0.814920918012596 -0.926901296045835 3.64084401081936 11.2466591403716 2.57120056850724 5.24571487560096 1.21560355495703
1.26935419916874 3.95170481292628 2.10716181687118 2.58741975522475 3.12009876387099 0.321406086396144 1.21119820351594 -0.079937193179797 2.79327869813604 3.37533900519474
-0.657749477684047 -1.80299163456082 -3.07703544303826 0.110079263046943 0.0469005769012385 -0.866887047276425 -2.49896444925838 0.988044924850636 6.18066463422492 -0.291839933392208
-5.66838258265163 0.551406009013405 2.37628900991276 -3.39230699313674 0.813058005081342 -1.59282213009227 7.40521292896864 1.10880445369881 7.86025434566564 -0.377714420315054
-1.47369647623411 1.81352628484131 -2.00796338644056 3.35699769148539 0.898118363281783 2.03767690125785 2.66044207576421 -2.08007110837747 2.2902617215907 0.605363984818921
-1.53346991111479 10.9869499688459 10.5481008386772 -2.47188209135449 -5.35279662743536 0.858935838770414 8.04637805014334 -0.0549140831891174 2.45403716190797 0.905753576369108
-2.5697892156835 -1.77179028979054 -1.98140502967042 -1.71350710767639 0.154604436579563 3.72035726397104 -0.0543533008660095 -1.63636728904155 12.7248698231902 -0.756806961397669
-2.14071404390663 -0.48577960807662 1.77314015369072 -2.87694982251285 1.28705899052953 -0.267723979192539 1.0131532593363 0.265139111557151 0.223841659662259 -0.968242585850201
1.66412734558822 -2.46735353138957 3.29781534174542 -2.947772796884 1.90154840198463 0.13203277615272 4.97664352730982 0.0318937857576957 -2.64952265679782 -0.0342897807018835
0.695491990968341 0.289305194428972 -2.40585863332873 -2.2873459035762 -2.39379750382065 -1.77145496796557 6.17920581276639 1.27935334991114 1.45844040401411 -2.10934895501266
-0.908811288072878 1.57256597338353 2.0247129842974 -0.305953574883149 2.16753367572962 -1.56653497919076 1.05974488763233 1.82744229802502 9.74501018681336 0.895462142170074
0.770563701888371 -1.12665098476859 8.93801158435208 -2.70586092634551 0.446908714977208 0.583415896016935 3.75252715317914 1.26553828587866 9.76904158377006 0.25189537272648
-0.226547026424638 -1.25810692706432 -1.06211971491145 -1.88666940414016 -0.786873330185534 0.867721056585452 1.73701964646528 -0.571345723642916 1.63564668884781 -4.29466102505388
1.29583626462294 -2.09091031642994 -0.92017815020486 0.102201725931081 0.955450478313009 0.460856557093653 -4.47099405895808 -1.5340278782489 -1.89503803640381 -0.428643906545144
-1.58600668714567 4.98351730038641 0.439925947411631 -1.16483269167396 12.8482056780934 -1.05991919236363 -1.39983268465276 0.18131337758059 4.15356649730109 5.52229119680719
0.691011030629752 -3.23379423025791 -1.74170914760852 3.72000202272062 0.132190308095163 1.5599837413519 -2.69538317750764 -1.2159438834192 1.27527820446103 0.69623667916628
1.2987496977299 1.07934526986147 1.84494107794019 -2.49165587576786 -1.10853732659586 -0.917768254318016 -0.615452980559737 -1.38038947583795 12.0780553935627 -1.3291813981556
-0.370587889600137 0.479773481541556 -0.551230875196733 -0.0532725425312916 -1.22429846096836 -0.996769871361009 0.640830145407339 -0.906510560756369 0.484304794941987 -1.73422053769367
-0.642534582490499 -0.214368723149425 1.44658343030622 3.79030791010401 0.763606021453516 1.29863143881925 0.939006063791246 1.67172024420581 1.84153365575104 0.617686488680377
-0.114986617249205 1.03548540273961 -2.79209197313037 -0.386235265377045 -3.23666142763808 0.797810247513406 1.74284652636396 -3.09612099542183 5.70936049730652 -2.26538614030899
-0.0724165444907145 0.940095199710728 -4.10938110983857 -0.292627422825628 -0.752180378709753 2.65450527180835 -1.79424419198745 1.21679682889141 4.01078781064859 1.57781305312073
-0.560899585384637 -0.408849734684208 -1.49550572268239 3.38810276515596 6.63081218170392 -0.649636910815089 -4.15943218787617 3.05365610988765 3.14991198661969 1.40942150362432
-0.709464633876397 1.95656464454698 -3.67836908593164 -1.12788118897427 4.43805126563481 1.69609344048854 -2.5266736868924 -1.41797710029858 -1.9927212038107 3.91839296317224
-5.10358950943412 1.01175883709305 1.36352610909305 0.0539658506153275 -0.875386661805964 3.26996425486863 3.49972796581713 3.52485769293559 -1.17613224608759 0.876036631156039
-2.36152057674387 -0.292795648278379 2.57449882309834 -0.250415786424201 0.564530019947998 -2.5267450667337 -1.20786466921082 -1.42828809177782 -1.94458846462741 5.74275527207308
1.54117939785124 0.930735652133497 -4.05675434626704 -0.180450170357003 6.11156129115526 -4.05123871837081 -0.0306025892884839 -0.766507939300425 -1.57489428003962 -0.247734234606822
2.35889186767341 0.269904230446843 0.558791694111902 1.83017570200816 1.02667685626254 3.39400876490883 -0.431427134023636 1.35610447450931 1.01132933220314 4.73863809417578
1.67684569874452 -0.997170886540752 2.76269708421158 0.269602517297322 8.76730567669514 0.726140674445025 0.519995229956746 1.13954274176911 -1.48290349773163 1.67005150469441
0.522031185188154 -0.904905949039057 3.30466922196852 -0.54904736602147 8.31883815813477 0.108034521610347 -2.2404497957713 -1.63473857748512 1.7781914199431 -0.245345389871296
1.73658593125894 -6.61554089250656 -0.716390654422881 -1.58896725802893 7.22826133005228 1.13440767028787 2.00266326483806 -0.258950452634754 2.41487570042686 -1.25803867393836
0.941657689959386 -4.22100675739785 4.37859993364814 -1.43910769923899 5.93352205671916 -1.83228220770082 0.568077586220023 -2.1386941455839 2.97466455145331 1.63452804967662
1.46217963660783 -3.78077095241676 0.858764076734559 1.14557324652183 9.03644178392278 0.832527793459799 -1.15145695231143 -0.888836681240498 0.26825907397533 -1.53493532045496
-0.226952621372852 2.01281448026848 -0.976848661226879 -0.863666794076388 8.58808700302413 -1.43902043068804 1.14440131129849 -2.01943005994475 -0.340886848377177 -3.51052737610648
-2.45911711559204 -3.53357971314161 0.528729308069988 0.346981563978295 -0.857873182037957 -1.72348652555201 2.38803289712683 0.284020108516951 0.316219969033287 -0.242829776058982
1.60412571010567 -0.461802966070064 0.253166333324636 -1.46870825969516 7.90624651622239 -3.24639046552732 -2.92582622362285 0.797679309899023 -0.167725550781232 2.22586055798189
-2.38227744050784 -0.204592958404901 -0.786077960270804 0.19707729619592 -2.26410804809574 -1.72993439349221 -3.55613207006032 0.225550155707727 8.61183705294792 -3.10951882993872
-0.855794812094039 1.07821487185039 -0.730681314651705 0.697793902539042 7.08685232323688 1.11811509665205 -1.58673912535957 2.42753642787865 -3.39131311919707 -0.165960644798284
-0.931783030741174 -0.384276786544047 0.98897838556993 -0.423522280105037 0.109905082000313 -1.65255277054631 1.6874078005246 -2.23753316119562 5.68086191772818 -0.0303398961842664
0.647152677893866 0.600379570510617 0.703515108216361 2.49507495244403 0.133098537867442 2.04125994729193 6.88982532410356 -0.971109481556098 1.42884817706619 0.261463111479476
-0.546156137012698 -1.71895296166487 0.396061346659402 1.96327761378233 2.71058443878597 -0.454836681696507 0.700968932433507 -3.152041692037 1.08443992432213 0.0447574440191073
-1.46293922673103 -2.54416511099636 4.47341613844438 5.45905813780692 1.00391291907904 -1.0145898304169 -1.82722153494143 1.33954601119684 7.79736215974917 2.96029688111933
-0.835551200547102 5.07123328021844 0.604961182600914 3.44162040409252 0.375920913936569 -0.605537927141619 -4.3439366891889 -2.09577880027683 5.36454768126491 2.46779895342324
-0.395239615668023 4.08975634230193 -3.39278975095211 -1.11302607797037 0.847806514700957 -1.99918023565353 1.12469776455995 -0.419515600559347 0.881787757407889 -0.776515368598502
-0.401907541523471 3.26114786779466 -2.39374845294572 -2.29279831342375 5.22947928837945 1.34737934346024 0.918250368416482 0.13980185493265 -2.68901871964948 0.335145516419338
