1.55621693983774 0.601378198703377 -1.23042481027127 -1.03223736451254 -0.0703238796486608 -2.22204919073643 3.0773614122732 3.97245499805555 0.660906475610414 2.3410420810394
2.65005702408943 -0.833492608314385 1.59140510330115 -0.102939582289525 2.58971821742461 3.61621799117171 -3.65623322380642 0.0296046351445432 -4.36334960371978 -0.079944412062468
-0.403247273567466 -1.08965294629454 -0.891504132506412 0.263346003962183 2.09945123172623 2.8399938088971 0.403403459746879 -0.563357817809602 -2.06195635436421 -0.0228679852840985
-4.28409718108464 1.06810253101933 -2.30391240042957 0.0295408914610349 0.414103383653104 1.31844733356208 3.30194053162799 0.203328772372943 0.449943226975073 -2.25267748223608
2.57049839513191 0.806766867452894 -0.989966455637303 -1.54147881756457 0.0521084718768554 0.58125996328096 1.54955461755044 2.59403041585071 0.486668785354412 2.40060397033362
0.176089649540073 -1.92654744142039 -1.34008273915674 -2.69190476827879 2.39449815308545 7.11669188682361 -0.967410905830365 -1.09688089724743 -2.18488403367223 2.6541792587599
1.61103413503655 -0.53224969237664 0.507623734720161 3.4448222879371 -2.78959797601676 -1.79199112985116 -0.809391790362826 2.07795481921359 1.17974844918429 -2.39813148712804
0.367732070896773 -1.07536684810378 2.86828604888057 1.6723801688573 2.84127599981926 4.40919483941883 1.11509520037209 9.28269068132733 2.61328393493079 0.166168709026139
1.23728353786691 -2.82707740727114 -0.410708126617987 -4.20420872168197 2.12711537942116 -0.939536785984494 -2.82009869116048 3.35503981028547 -1.2134745677354 -0.187513273720799
1.71628587669146 2.03701537102453 -1.0210965398085 -0.360450564592111 1.83163364081653 -1.04139600851913 -1.63317598943448 1.82158432664285 -1.75779693080004 -3.70993232954078
1.8255360404768 0.275092442421477 -0.370546073480104 -4.22231489156238 0.0759204103628395 7.9911591962479 -1.50180056336592 -0.10084699287827 -2.24661271736491 2.44958611069333
-2.29194866611932 1.42344780483039 3.6884111797873 -1.51091576425122 -1.24290959208401 -0.172059957852464 0.562870498843465 2.52111435149279 0.190137997436152 2.02814283448958
1.04198129114631 0.14238542245492 -1.42074237965629 -0.271195689900968 -0.478733902739271 -0.230107030177112 0.472275236118187 1.5341077655188 2.09025521800875 -1.44720951357553
-0.41285071472188 -0.473452329860316 -0.939077010220582 1.46165997015147 -0.518901405214617 11.6725124332051 -1.27437396574815 1.06561909846005 0.017489831366551 -2.87535201990088
-1.31404767949601 -0.613372290237103 -0.214059442560177 -1.29924283754073 0.522837712428394 0.25300954946316 -0.0897067817867938 0.273604201571642 -0.820922003430265 -1.43006577378328
-4.62651241109931 -0.970212654636081 1.7721411283681 -0.819341375367815 1.67173876251346 -2.47465960231461 2.25633736041592 -1.52211671794035 -0.106650118805219 -1.66494276874048
2.0177002979108 -4.44093585688562 0.139343393660189 1.04336162496693 -0.274550757655363 0.709637979678866 0.383340509964045 1.90778283093127 1.28506416503267 -1.2013622199592
3.52815807905691 3.39401090609022 0.984105644361357 2.47065279631842 -0.840469936624713 -2.35630364952607 1.06938884445197 3.68096399866027 3.16687066695638 -1.77616481556584
0.800164147062609 1.81111235121928 -2.23134627680363 1.64007591706247 0.463999114488798 -2.43000201914478 2.26243464758605 11.0761157582629 2.42057980060128 1.15101098727431
2.2541184283677 -0.389609709425185 0.794185461585277 -1.85741306243493 -1.61555171335612 -1.81091785242327 -2.67818238104181 -0.250833489078883 -2.1094498258442 -1.30444315857672
2.68368755325459 -4.74634484530144 3.04777306522757 1.09147973050339 0.569692148833988 2.56671987561232 5.35849330372905 4.23754463263448 1.70023947435506 0.859863831806247
3.30062990455304 -0.477100707969711 -0.312140294043944 2.60946706036771 1.1978481019289 0.428347860558389 1.54253425279507 9.29411631339331 3.20330203277392 0.542426139743253
-1.53127879916731 0.299868618199774 -0.230971816266866 -1.78272586114982 1.03939491365763 8.51876027589879 -1.90144804391323 -0.140209169202592 -1.31299846251371 -3.76066299954784
-2.64540320246324 -1.07275508246847 -0.574552750344834 1.05614735364651 -2.87469941058157 3.34211887183032 0.401787683192369 -0.69666339954255 -1.06382003073665 -0.180468854263393
1.06159863797901 -1.9324234952968 -2.12164789194652 -4.33470675827351 1.95906912683083 -0.899827574095522 2.10473919833843 0.361517747599883 2.98901491011377 1.71472377961297
2.43954491548508 1.54609558712221 -0.431025658740162 -3.59257106038454 -1.3828856071246 -1.01087224979849 -0.68218994148934 6.77151158668918 -3.14550680241162 2.68510154414725
0.728138454887557 1.83027889356312 -2.17604469956494 -1.75833551078265 1.00585256284126 0.714669578936172 -0.427476729078141 -0.64635947583705 3.94032249586527 1.08613508908644
-4.54490063997005 -1.8499656866288 -1.03637452595184 1.91719559438457 -2.03731808382969 -1.19999485033727 -0.313778365037132 6.36658756837075 -0.110210764161653 0.0750058423417737
-1.8409300945071 -1.19900121886272 -0.845084073792327 -3.53258893090481 -1.44712353914142 -0.431497051620675 1.34397685859395 -0.255869679572396 -4.49163811988404 2.33155767629807
3.9078087121296 -0.978317436623053 0.0471120612969681 1.62258344113329 -1.53229197215579 1.19644460550695 -3.97687700996505 2.34456822589966 -0.433163153811646 2.70594656019954
0.536037483399959 2.92510941878342 3.1774936305337 -0.351529504795138 -0.239057993650927 2.50763710397682 -2.57781547258484 8.30130515374803 -1.32796938902689 0.846149291934154
3.57706259330955 1.54192906204997 2.59899619909253 3.03745539395298 1.16449766638544 -0.721248529030699 -1.71150488916684 1.17267573006233 1.96686577175846 -4.52955584371484
-1.8538987069488 2.4587875638923 0.0699729446564921 -1.88949653129442 4.44531538735867 0.451653083491688 3.50287654891382 4.87084308594334 -0.715391725563835 -1.75985044758983
-0.671795431755015 5.00718281803718 -0.41033072039577 1.34970700661172 -2.85106832311731 0.534459415788539 1.60572453246613 -2.1586602123923 -0.740703304763701 -1.35370575790175
3.11920619860689 -0.545700524757956 0.830927600892822 -3.34326478568908 0.0372638017770371 4.88307089472642 -0.294962309899508 -2.76432260446391 -0.246804320185635 0.715909247197668
2.31593627417361 -0.919173534656907 0.6427941989989 3.34010908956016 -4.04019690547818 1.12701354890487 1.24307926818642 7.83948105344625 1.40721150205808 -2.27984163946942
1.85474304825394 -3.03576544627265 -0.679178164793431 0.971830076709294 0.159677251970775 1.45261359003072 4.32875568101611 0.204167212667905 -0.143183162872041 -1.37608163245649
-1.30914811705676 -4.44828029441706 1.35184082461985 -3.04853200841773 -1.9141356229201 0.682591303923024 -0.486023376590407 9.0039974842009 -2.85789942661362 2.20672776351211
-1.45914619140647 1.28052026103997 -1.15724730556371 -1.30712576758763 6.07976802529266 1.61560230505538 -1.17413382774608 -0.119389528715878 2.67840134346781 -5.64495853920297
-0.516990814046421 4.39159636931458 -0.885303467840113 2.96703286213332 0.999446506229816 5.15355386985093 -0.1514256833426 -1.32037063630424 0.0858216784269649 0.282689041321879
1.05157398744481 -1.54039828194235 -5.01091810326041 3.0545187206951 -2.37448588740049 -0.32925947590691 -0.5226586551834 3.87209043939896 -0.0989051446638886 2.23205102953328
1.00696055947195 -0.0434205643063934 -1.82947584126601 1.77144622622055 -2.41255184155605 0.142563283721681 0.2492291447127 7.00677729598946 -0.157827965867812 3.81762817115739
7.37960415402454 -2.52034669907017 3.83814102047779 -4.72576997223664 3.45813460660156 1.65722730294676 1.7697772812926 -2.66152714640038 -1.35863094113882 -1.43117955579199
-2.8241184222741 -0.990538786279571 3.96646220788207 -2.34671879230863 -2.81940738315196 -0.693518992760697 -0.461002037811832 1.29692671684454 1.01694957663264 1.3408905001932
-2.6050265970671 0.825800273548148 1.14625833201309 1.42283349560831 0.0361149473246104 0.511097488656345 1.58898716948886 3.94440036200818 0.152801812094721 -5.13256157811582
-1.42238573384645 -2.57687539143623 0.731959045992858 0.970976409387213 -2.31065216249507 6.09623004576965 3.01622537925211 -1.489911557084 -0.387411287506372 2.17907478793044
0.563812613127398 -2.64730201728773 0.0506338646652028 -0.818533648264697 -3.04710122805236 2.91968229906081 2.45496547413219 0.430380955636431 -2.44233785255363 2.0636790500058
-1.97594014554081 0.0552090634070328 -2.39859977319686 -0.261140775829203 -2.64382299071556 -2.37683393613501 -1.50223029161657 4.67799489030916 -0.515951514012124 -0.0681694185293885
1.87342079291688 -1.95705118709904 1.11526616416227 -1.61448898875668 -1.82009259366195 -1.15464003765451 -1.21323545845404 -1.04804525476889 -0.149566438615403 -2.47562508455502
7.7230044652031 3.69387337497851 -0.966733922547169 1.64275630250428 1.81930888980114 1.5164013316651 -1.01614878359935 -1.20036231071321 0.938335213788517 -3.58231564129776
0.582899521570481 1.24223981839287 -1.30008264814866 3.84245883513745 0.882889453105128 -0.684557166946665 -2.38477045282162 -0.026816694986355 0.193762370026616 0.607545337317227
-1.93342320714039 -1.63358312427574 1.67284038965464 2.51354853552972 -0.298461216212076 -1.4083760171455 -1.45562310519781 -0.996033672324392 1.02787542509351 0.325061593885564
-2.66464044603969 0.635785771819262 -1.07035847734492 -1.57913693044645 -1.78041521972695 -1.76542211021192 3.27886478757461 6.1040560926254 1.4085003299627 -0.838082593949085
-0.227250877271329 1.30269107844876 1.55502414079729 3.349805206601 -1.44448950117166 3.59880218975904 -3.51790555008312 1.01595165398523 -1.70566153515597 1.12454849871315
-2.22601643557278 -2.80594994204719 -1.35292954887871 -2.45093863730252 -0.495240247340984 -0.766484044688621 2.11153785487861 1.88294676193895 -1.57740443762596 -0.647389932815164
1.78531430594178 -1.55444709585724 -2.50999983059899 2.35898009633778 -3.42869261639819 0.304507367939384 2.76809549148456 -1.12974939198399 3.14200293975792 -2.9313267422452
12.3613094169782 0.0966989324992859 -2.71429347119784 0.663338776863869 -0.763636247931839 8.65853704524281 1.01449348506615 0.163906113263574 1.10315014380292 -1.28950815828024
1.48301249172466 0.0513688420379168 1.9463503604389 -2.23005933766568 -1.87574656957545 -0.163938203415164 -2.61688346582681 4.7194932451662 -2.78447592643301 -2.02741203206946
-2.3901040092314 -0.322444329901118 -1.21878245457148 -0.830020943084679 2.76656803699763 -0.129843453318904 -2.29860786550964 4.60229452810037 0.226728451609884 0.972658100889357
-1.27728296773065 -3.05289333612496 -0.677802657390418 1.11134532655232 0.0375809848727801 10.6279506621266 0.767615995247013 2.25131481963438 0.646083730988851 1.17520248238651
1.41416316940105 -0.249131857169105 -0.638602975464467 1.33153090973645 -0.313695250750719 2.02243941035079 -0.763128001540532 -0.851645604779728 -0.187157265292566 3.10856657405741
3.08610046951348 0.309766592700111 -0.0602258915184607 -0.219641502654224 1.04496752916853 1.85914644807514 -3.16719609523426 1.95516989999847 0.0203054536109171 -2.96173564747094
0.250004489840753 3.19117374854548 -0.919482637979473 -1.02587251667523 -3.43289530201105 -0.903895639259082 -3.46864859873825 0.633930816570811 -0.447916032711554 -1.17784377146453
1.62001543356305 -1.00602663874022 -0.370070817701106 -0.668188464724691 1.12180555274482 2.55892908772662 -2.16337904858512 0.873720657584825 3.77703419805541 -1.27926439343574
0.781418447890123 -1.77408018003464 -0.442978036697437 -1.59481137585819 0.966093155860514 5.48250743507017 0.796896215130463 0.906995224729139 1.33146687517881 -1.64820159403312
5.67003181007505 -3.69957743940517 0.402444380090387 3.38508849252664 -1.20441741126061 3.46453404342332 0.137161154587264 0.947057799854808 -2.29941294510005 -4.59538951780017
-1.0112738040383 -1.97308830591879 -1.38104797223321 -2.01623529084138 -0.389574893092284 4.01117932432847 2.53636221204797 0.521638603396105 -0.520292054817685 1.44611531349657
-0.621935268956195 2.67029980363183 -0.0357415660994691 4.04130690667336 -0.0106596829886262 5.17337592193247 -0.145171011331387 -3.30973606931563 -1.56873612925542 -1.3674562540351
-0.0527646394257638 2.02174528517609 -2.27657832003353 6.08806021958774 -1.04187550093241 2.42257930627612 2.01870193181294 5.1863772974236 -2.20989122403213 -2.96741947757883
1.17243915794135 -2.02457659237438 0.339288914362041 -0.578700264181211 -0.199804994405308 0.62496529413255 -2.53110933211205 6.21378961248972 -3.86194835743907 4.23501340878449
0.673757699920863 2.74853972813592 0.755194811125239 3.11132265017673 3.64544819482573 -2.16366761540422 -0.929079581701591 -1.66629739047427 2.20353216377478 -1.0842409461091
8.69766247215525 0.950107266571043 3.01699572583552 -0.0348757242526691 -2.54775604127828 7.50897063337372 1.08395538915109 -0.489699893040878 -0.816373009858874 2.16191426675962
-1.92014041123156 -1.88365765470963 -3.01030104984558 -2.07339046334513 -0.702259040110337 3.20764885075568 1.77279802411966 4.89105921491315 -1.07172467147377 -0.159913096530686
-1.10790528291511 1.27287099534901 -2.21478078503423 3.96813623886838 0.91466397247942 2.30217667331501 -3.81332505949693 4.61373101129879 -2.94670494380607 0.326451005363731
0.513289249885338 0.318107272699595 0.670565313308648 3.53895077684527 2.65853466745086 -1.4025770663221 -1.2718766201308 1.9936262608181 0.442279531931204 -3.10874174258276
0.0584595087755254 -2.59540584957423 -0.167665006048792 3.42559572358286 3.98901629864257 -0.343661845024762 2.5043310691298 4.55660378545574 2.70787522241358 -2.24492714053967
2.37918642790468 -2.24686330569856 -2.78802969399912 -0.278739642017863 -1.12699466974359 2.51736154784744 -1.39166840971307 0.307138916554945 1.88313208372797 -0.287637351447644
0.733868292245802 0.918178592973963 -0.0589603896074649 1.14011857303418 3.85622467784069 -0.468616323486643 -0.406137404006109 7.23986751824915 -0.940927051305449 1.26253712740274
-0.230726299676814 1.29126626489273 -0.352388834681185 -1.06952979432991 0.935075972736423 2.06809379706494 -2.15271493963882 6.56018017153071 -0.852224769423598 -1.70446461045886
2.50646981706527 0.311991183145936 -0.0904882302650064 -1.39497468695555 4.36011397689622 9.24425400805878 0.116743452661354 1.93118076903242 2.19184263033478 0.101877132179814
-5.84565915413991 0.725414681719665 -1.98354545009812 0.327553022503011 2.51161878890874 -0.0067281866161941 -0.411880178246386 -1.85532484937024 1.26404457678956 -2.30614922726731
3.47010096090229 1.09120332026486 -0.200404081417227 0.0410567361636709 2.57518216108942 4.35944810750247 2.41033491091511 2.92525848568673 0.394739402105527 3.45072797194528
0.329970137799175 -4.17563888651195 1.29280045673893 -0.707722252791696 -0.588224044667222 8.55918615650886 -0.887806842923613 -1.4721279203212 0.192109667157288 1.31180647437283
0.32647051815706 2.49954458325693 -3.12461537646256 0.831297570082474 0.36522073984433 -3.01074050499361 -0.995435784537456 -2.36269640315558 -1.66764198714223 -1.77635023594974
1.63113171259911 1.92154383534031 -3.66156002663105 -0.404170575626171 1.91832366939674 -1.51405517783393 3.27772531246409 5.33301032257139 0.760959092059598 -1.69193081412826
-1.15329231130079 -1.73818141766127 1.56526116663711 -2.09636662901639 2.02616413629153 -1.39412654825093 1.35992814545191 5.38737166399721 -0.0989978611782704 0.518680726876186
-2.70344404290838 0.0983525941669633 1.8307311747297 0.905248429163227 -1.2199654268673 8.71936282323677 0.900821742792367 2.48230817650512 -2.09351298598526 -0.197589943633305
3.44311464747693 1.49742514443195 1.23873931963168 -0.0812534918565363 0.716444094272064 12.5949384570041 -0.714011500063411 1.08457157184736 -0.948020377958766 -2.35753632524918
4.09347961432909 0.248233092909887 -0.441456357534892 0.712441617972583 1.46304606966584 8.73897583024769 2.02299976959048 -0.187531972750137 -2.69703411490242 -3.52387200490144
-0.0367270530446899 3.03691287001597 -0.669519506461557 0.55549737960314 0.306177054031496 -1.06272228712402 -0.957115054758462 5.86828986524292 10.6692068885228 -0.228271783315037
-1.355469332293 -3.29948332404042 4.41939796738265 -2.46500477529077 -0.949809163546531 2.20630257011818 -1.76797437736658 10.6423095259665 0.900557188702615 -0.422366795503979
2.30936322787715 1.31069937743863 -0.386995627374334 4.83697838082073 -0.0307798435904509 1.59964549736756 1.50117566967696 4.66468067175975 1.53901361957531 -2.82317274165995
-1.5992638105602 1.08710771879098 1.32461885606991 0.902046262081531 -0.727552652411721 7.71257173869506 -0.886807105846257 3.17691706828994 2.58139777783651 -2.17689583931455
1.70194089020163 1.52789737575426 2.37141475839779 -1.88111041546366 2.48622878769862 2.77691662093264 -0.892375005237001 5.51342290660341 4.733741503586 -4.09700160978075
1.56713113988827 1.04191872295826 -1.24022988499414 -0.8986227299887 2.6005843244356 -1.33989793118858 -1.02851708600571 2.74202301651421 3.84750458671748 0.947212624479764
2.12471653178485 0.147985264960299 -3.05981797460362 1.51242009726604 -1.63267096089034 -0.0219935877043465 -2.11311710719514 -2.94244047096617 4.24390210271631 1.34161233814581
-0.865366792537007 2.84712594715168 -1.04975587773313 1.81552948874877 -0.201059652049161 5.80061164769947 1.58913568231174 2.2327781583252 -0.278849490497546 -1.41317531106872
2.35804182422626 2.70888279197602 0.796282272830557 0.791031197481164 -0.350812237696496 -2.09728864527437 1.84006079947 -1.65948812143082 0.684748381109735 0.93048733807361
2.27142133558245 -0.696310924628415 -0.692288054630387 3.15971627851259 -0.420476135118151 5.42406211603932 1.12151214339191 -2.41946486316807 2.61262713612186 -3.01984084214106
1.08742988240402 0.824402996644635 1.27208104260493 -0.56209752667309 -2.42523013719846 -1.46069511319653 -1.35148493543995 5.44174706232242 -1.32430367718449 -0.624253827694859
-2.73979758626466 -3.50856185862242 -1.07346585029806 -0.758963363171159 -2.35233986945925 -1.07013158903066 0.757580695514532 9.31749025672467 -1.38474062887628 -2.09851009563273
-1.04111162648962 -1.21453861952092 -0.417118101331848 2.05972636235709 -3.68077336482779 1.69575340152845 1.99075625497062 1.68010420893618 -0.386228354091748 -1.01922990491433
-0.867087316067115 0.917067672804159 -3.25807941307355 -1.53281653601015 -2.33209814467236 1.4319588176162 -3.07040021025168 9.48890568508153 -2.11750513211369 -3.93419495545489
7.73800855407316 2.96467439003412 3.29082265476518 2.66784719073721 -4.01345827029215 1.91165078701943 0.97371822040104 -0.863771188751806 2.67318311822882 3.01658160380651
-2.52877364085979 -1.11085521528633 2.55560772715695 1.51845003981593 1.50240025592829 6.41347987666152 -4.28329847534045 2.22244737204957 2.30016029710614 1.16222728758599
0.0525290543413087 -1.41793491761352 -3.22040894719388 2.62349625005797 -1.17068173246505 -2.5379747637817 3.74427299545823 8.00170400267171 -1.62870258172884 -1.1634884409324
-0.902786228541025 -3.21313874756114 -0.534460143415233 0.925628100244393 -2.15188136852939 9.29095693703736 0.801948864817236 -1.06293965885383 2.90135883153517 -0.510750751564859
2.03186145534231 1.52331572933055 0.649560899533231 1.7219244639702 -0.112586465044413 0.465743524850058 -0.983648741068678 10.7555616277799 1.00394740432253 -3.81303193711061
3.38576039443876 0.637486348561651 -0.669116069513996 0.950466936603189 -2.56026386933514 4.28841077845985 7.7508690761129e-05 -0.632429570027995 3.29317153078519 -1.74111987345685
-3.98601770973519 2.00035305334356 0.720015241501243 0.544597578832471 -1.90411733209904 -1.63493160917646 -2.36166227819736 -2.70336455414746 -2.10528037545957 0.620484087066366
-1.88341934614139 -0.264887353533339 -0.11171117616404 4.28473247078736 0.143417023713088 3.90770318768124 -1.82402781955701 -0.383238589612717 3.1578413638728 -1.18029990773407
-2.68149213599623 -0.221667007666666 -2.85341636245541 -1.71717764154127 -3.58393404873512 6.6479268983547 4.36841215166197 1.15462654130868 -2.08469314927284 0.806585585972355
2.78284598462465 -0.138583719443542 0.926196174958944 2.04998194600875 -0.0653882067215762 6.47333474991245 2.38315983403362 0.829952871193538 -1.78385103160732 2.6435001170213
1.56602429388929 -1.24087962481302 -1.4047905889712 2.22259890786317 -3.8561703205281 1.64030639492602 -0.852092452304152 -0.89561343951011 -0.464900113373154 -0.0882415450499929
5.36198996647449 -0.0259282529625156 1.84656806655243 4.64168505758556 -2.19587470201226 0.81980272706606 2.05978840999039 -1.20759297661078 -0.429658432415103 1.8325207068851
1.06783629760622 -0.410390888850379 0.0288336263908847 0.936348253993878 0.861104898965722 -0.945245549028285 1.09431105828236 10.2876775356197 -1.64691876851967 -1.9887453903847
-2.66948481313169 -0.0181150767971672 2.22914217277365 2.46259912281356 -1.15593324767736 0.511060863053792 0.199429159596215 5.92745218839753 4.32486489423644 -0.0282755108073783
-4.30950616813265 -0.982503966576383 3.294620962631 0.282344454755081 1.9234812766167 -0.740995733954838 -3.46271870974099 0.631470243851912 -0.603531219497829 -1.17876014942532
-2.419650869179 1.55627754253315 -3.05200000121378 -0.4284240252585 -3.26579231276941 -0.851284749824552 1.11043715466219 -4.38506962752165 -0.821117767037865 0.66743248129334
2.73923246230375 -0.0874854065688318 -0.657660102218901 -3.5653027228015 0.235296720647366 4.28509121542718 1.56321192488005 -1.08698154906178 -0.938239239900819 -1.08686905934222
0.643783400355446 1.17555716767635 0.567356242724303 0.405712148083516 -0.0625913813397828 1.448962372847 1.70155367223818 3.57045636820651 -0.974754910768697 -1.99093029722625
-3.30285535513491 0.337010752585774 1.1852134320542 0.834837302678832 2.25360479817748 0.996938181915002 3.32950480640616 0.658118659723849 -1.58156286496154 -0.515852965284143
2.50041215766045 3.24570737937531 0.927763827085793 0.264755638565757 -4.14164950916697 -0.392125865830796 -2.21907585757965 1.13813038840184 -1.17837698197862 1.6650478268151
2.70049296970322 1.07606800611759 1.53927753917635 1.86980199765146 -0.607505080912952 10.1282789400134 -0.218483626164551 0.712207654125339 -0.345529757343591 -0.304661302643759
-2.69998118726121 -0.538148900499026 1.06911995229639 0.548322723363876 0.474808522338933 0.638390296317923 1.09949551357153 4.41874030700255 2.03489428412472 -2.50369010440459
-2.41021338740379 0.11367835311577 -1.03393570493166 -2.62321519270771 0.964878122495965 1.84175829159579 -2.99843571720906 6.82681303037418 0.705235663134842 0.0186233856507478
0.867425893424781 -2.49461320238754 3.47979527523937 -2.03370104882161 -1.01265030650091 -0.948539876850016 1.2921162245071 13.1869511123128 -4.25332212110871 0.508913210828401
-1.16129024944725 2.13976028767823 -0.310962026408036 1.13186879003958 -0.453828288657842 4.08774323973934 -0.0548908576577266 0.28185469415293 1.79669648044183 4.59728515213558
0.0800344084337313 -0.149402182176567 -1.86379824512664 -4.56324725875844 0.967745747495659 -0.124435891110816 -2.3775066497831 -2.73853347864283 -2.07136190448793 0.166811147831565
1.39260171116343 -0.472927103443861 -1.40617095282714 -0.0051220176586927 0.593502215362938 -3.56496766195236 0.472116194146484 4.2965435437171 -2.1537585163827 2.93247201055464
1.15964047959249 1.43468874139893 -0.567871674749156 -1.46753762471099 0.115901064711198 1.03071247577048 0.331010997799307 2.26466901712825 2.6485308453752 0.236870497689108
-1.93286740229907 1.3638756638155 -0.62464171607456 -3.02676282485627 -1.65820712124665 -1.36763172266349 -0.792372504956825 2.32567302276376 -2.39686233297481 -1.56984309611446
1.81866171285728 -2.02212387013166 -2.70484208085957 -0.461947784754134 -3.61986247732716 8.78541305089692 -1.01699662857554 -4.14443636548213 -0.778269955486879 -2.03399745205177
4.29284491720887 1.585706647081 -0.785701987121414 -1.25555384226773 3.68288101097786 1.7711305531992 0.317537106823696 -2.56856854374314 0.966813024429756 -0.388828924866501
3.30282045452734 0.666943962855804 2.60409494239034 0.607624210382574 -2.05023221225587 -0.960748136764916 -1.35885524200097 1.01105625215887 0.866195825565494 -1.3158541665847
2.14878010281092 0.709090095981218 -1.85828393099132 -0.670106126203759 -1.6851764759036 -0.744818939043825 -2.78489655689627 -0.513577071419207 -1.5295231824683 0.686916350755086
0.597482778342919 -2.48473637157678 -0.896439938000751 0.911256956157861 3.08794121626317 1.44794504880652 -3.16033148737704 6.55860569987844 -0.376413683143022 -0.396684506920314
2.58019843836492 -0.0980025995917247 3.06783754191977 -1.12102015433542 0.992118696653047 1.5657315619329 -2.69887988860838 11.5587082235193 2.19327897417429 -0.752774721314525
1.50625938366866 2.25993400058221 -3.79494974389672 5.0007285100825 -4.72679801146679 6.18537493602178 -2.68140144261945 -2.8422981576237 0.482355628314278 0.8010533495784
-0.81070046521456 0.612401691064389 1.42955870551231 -3.90127908258748 -0.293741181570931 1.91685328902715 -0.357221819234377 3.49619912839204 -1.58734062414179 -2.21106690806197
-5.37639931616642 2.95233384511569 -1.17417860258097 -0.0910123697030977 0.154824013455249 -0.835061886382561 3.67706779840478 7.14788120822706 -1.49055742202361 0.297656602413379
0.318124002134269 0.508864028111172 -0.174245296676926 3.46319671305724 0.930792477052163 0.194927975764754 1.90303757924923 -3.12596440159911 -2.08653129249481 -1.59410904154726
-3.21279720480733 2.25874034618045 -3.6198137701531 2.6638807455026 -0.935902276046581 -1.87821682972278 -2.17560418322149 0.0199371384559734 -0.188879472796616 0.890032420290233
-2.21582619148611 -2.17047109881497 -1.99583949758285 0.459028920237836 -1.5810029012523 1.02929173723248 -0.279048856159961 1.94837552706615 0.383034346388455 -0.159932840800422
5.33012830227675 -3.69259958920334 -1.02113636330201 0.245181337368502 -1.78508643133981 4.03103910173034 -1.06691967925533 -0.101664612819326 1.84380342729087 1.55690398387456
0.349605200999386 2.7731493658035 -2.91942635995393 -1.86099068802741 -1.96745221390534 2.87115701360895 1.6069168836911 1.89979211403892 2.34019201269105 2.06706669621067
1.67652559486383 -0.720470285541078 0.686458235506075 1.24045364601362 -1.31097580388475 2.30934818670546 2.32161511790162 -4.98628158905804 3.74930156032957 0.582935228068751
-0.928265197817036 -2.80595780309612 0.351108036940255 -3.04253258986939 -1.96478630548822 0.923462952478483 2.77744877030872 3.53551838291856 -1.67957644666341 -0.281564617011201
-2.50893490929178 -2.67776275288624 -2.52020438499466 -1.29871002698031 4.53894135662365 1.77296024089359 -0.573873049561021 4.16510932298979 -0.977795301008542 -1.15274390354753
-2.34438094681926 1.76888691815784 -1.49616560043083 2.27300589639631 -2.0766901077753 -0.989274200850672 1.91297269775476 -2.8272842923794 1.96376514915601 -0.346563882239853
2.84409321462601 -0.324030197265109 -0.113868258503264 -1.297336933982 2.67253245412501 -0.769783779136976 0.4159510818113 4.08163578763482 -1.5753334207769 -1.12563472558689
4.78610350340339 -0.527740346515737 1.26343329641726 -0.720255654522021 1.00358611572651 7.59578236433235 2.90393314554226 2.72928828877414 3.53305271784218 2.42098536734206
1.11046596959821 3.30472088664693 3.68535659208219 -2.61178376211261 -3.03149532220233 2.62963803470221 0.89202842240197 1.04003531836527 -3.15871349813799 0.0721835532315106
-1.84763522379282 -1.30474714758357 2.42024493977487 -0.597769615645718 1.32117605077419 -0.0746139256059653 -0.309834849717085 -2.37636699388458 -0.591195936392821 -2.5105035488581
-1.13558607506532 5.64721467493421 -2.79506362305693 -0.388426491332622 -1.523339414142 -0.851092174482606 -2.07727954784867 6.8503233645439 -0.16417346813333 -2.2346105607536
-1.72337495289701 -1.45323776025778 1.26414008443885 -1.11486725866811 0.302721414336242 0.296550197403664 0.0500009092287104 2.08871713952859 7.87735542629612 2.31728783617674
-1.0292169125387 -0.418133232694225 1.96515160677077 -1.82209902263799 -4.04930456126778 -0.143813356141837 0.197247164479198 0.402406061469649 -5.5969947763126 -2.7135318231058
-3.11139337966976 -1.56009131161369 2.21174784048803 1.29095768944226 -4.25762104987499 1.04278911260572 4.64945170193954 -0.152541723649869 -2.81818553934932 1.32956190454541
1.61477523025123 2.39887683542718 -4.04838986074907 1.93230810134842 0.627108613273214 3.08339713414313 0.695690687804172 2.63294027713164 5.50318660763584 0.0141550370639573
2.72504395523647 1.92904341254788 -1.00734872918647 -2.72244523034688 0.898114233499542 1.29274476076608 1.4777960727617 9.19753322055586 -0.464119295713298 2.11894706854639
-2.78937972961322 -3.25505119068843 1.24358105665916 -2.89837977211696 -0.369550908121657 1.22748216890848 2.47653123657992 8.10529380951297 1.60574451899105 1.82869673788043
1.05108134184147 -0.262028794298874 -1.61376136371214 4.03060962038487 0.441599069556487 -3.19363615075854 -2.06374300811466 0.0381336877659923 -0.754023159885734 -2.64447305691602
5.81888572866488 -3.1742604281665 0.328653397975451 -1.75466489899717 0.153524481461928 3.70217984282623 1.73832125741888 -0.24283531968113 -4.39596167206882 0.933977136658043
-0.0783094155215107 -0.967740329415498 -2.07021744799373 2.89839858080414 -2.16302972107425 1.10310794191877 2.08755465379039 11.3902217688537 0.525945939901765 -1.81592825070282
4.10015238762483 2.34352019891163 1.8898623146117 1.30536849800465 -0.395533136710474 2.32900048577005 -0.0636402607282766 -1.56878738373419 0.84061584638591 1.08744696516655
-1.45396498681897 6.14114673467195 -2.68422820064025 0.314689267774252 2.39939980111839 0.788364131930539 2.54229862685555 9.56562899687858 1.5817373368498 -1.06499778529643
0.13336223129177 0.390697024407424 -0.459070376760475 -1.30376371357509 3.13705314423588 -4.93085057010843 0.0436272334920119 7.51141473876876 -0.334150589200089 5.73655234309822
-3.04826932586376 -0.791987721058888 1.74015196288628 2.00303803753336 1.28400439828956 6.84766036303201 0.250205698208903 -0.767097483621341 5.74581208422179 -1.52413461747327
1.16721744718764 1.93154964273994 -0.918391047282971 -5.18455407304376 0.719116796047502 -0.957492376919512 -3.03285418926691 4.01831889163371 -0.0608948896237972 0.17078555255767
-2.24096232566066 -0.268660261735232 -1.73738009883596 -3.20168864302777 2.29381972315435 1.86670844902566 -0.286691183919819 8.66455891988884 2.92201773696484 2.54693842404068
1.83873508100375 -1.5124289025957 -1.82686067872477 -2.58935717679886 1.4823159248954 8.04568655431194 2.32425044979102 -2.20409587767439 1.26474004461465 -1.2730455143518
-0.011547726204963 1.90723790499909 0.810096153501734 -1.13728490824312 -3.5851678924379 4.7701653058857 3.23528172737749 -2.17375201021985 1.78867577980349 0.207683858273737
1.86124711404391 -0.125561353258735 -2.54338900857268 -1.78791786911692 1.09082856177686 0.348218078446701 -1.07656705421593 1.66464023906615 -1.31338199060199 0.223881923622511
-1.25538508735981 0.0711198446119062 -2.51456510544965 -2.30581158678992 0.0467481934025289 0.812758879777107 -0.469622074921113 1.16421242928017 -1.80355882464787 -1.48398554037718
-2.05313591184029 -0.907923757949451 1.79347724469596 -1.72166117109832 0.0669157133362707 -0.215139659251189 0.547857741838229 -0.477358798997155 -2.54003852061568 3.7545380550984
0.727117324053778 -2.32470626855089 -0.560457059298309 -1.2434775955026 1.11245466171842 1.03931644540355 -1.57237921161277 6.10804400604019 0.40047900423821 -2.87024268571407
1.65667126781777 -0.675108599643641 0.0333855363768397 0.665866772230404 -0.716847920011348 2.17448871931262 -1.00258395206829 1.01322362122052 -1.43272424935039 0.713359336974092
2.86714618148027 -2.09000092912269 -0.23608751231231 0.747750743254506 1.03321372819449 -1.47043269892776 -1.85223358442708 8.45890674114936 -1.49918384244222 -0.634294119734426
5.43875426905939 0.181593631398642 0.231784972951017 -3.68613346729683 -1.63070582175581 8.63937415525085 -1.17985061815383 -3.26033026840426 0.79791166523322 1.10262183778472
-0.565248015215513 0.296554494181661 1.16845485060437 0.364368680889053 0.213446290782177 -2.487188961446 -0.231352139243788 8.52450953129164 2.30983577898604 -3.85547418840181
1.09951096618462 2.55111207798487 0.0519248699318009 -1.2687995232628 2.46586918063754 10.1898193791087 -2.8247959373684 3.5741840538483 -0.214096196348659 0.76630423676367
-2.3871914995417 0.369865340692429 3.26567675696334 -2.16195214054125 -0.356007392877698 -0.240025353167554 1.25649578226887 0.284556868989208 -0.176393417589278 3.58150889882689
1.31369892206572 -0.387335776587375 0.0876765397904065 4.69397353643399 2.0276177051376 9.88884998465963 1.74202310952017 -1.2745538661506 -1.05561362084352 1.4798421979921
1.56143866864309 -0.588223220840912 1.64304811225659 0.244284949451146 -0.410712578823418 3.85285387883485 -0.622462097022058 -3.93440048630274 0.84675846731227 1.48508422633375
-1.81432213097485 0.44774928414249 -0.675727248161334 0.266521788993591 0.289326677505169 -1.31059857349296 -1.78969889836825 -0.960831797266608 -2.27434530201843 -3.80427466010257
1.58911346315211 -1.26310876089822 -3.00622788751574 2.50461181687681 -1.28640898909091 1.74162386239389 -2.34854870081337 3.20921376317488 -3.43905120257793 0.666343666709026
1.01743515525843 -0.833173088984949 1.47085633942274 -1.11833584007833 2.78996065750649 4.4272655538515 0.318927831843272 8.12411576127965 0.835406353590097 0.617675499367412
0.674666327857277 0.374720411264555 0.404099380052836 3.1684863109097 1.53768424443916 5.13155399704598 -0.17895975675152 2.41629737493229 2.16157273593288 -4.10046240978936
-2.33077153362693 -5.60779978927484 2.25422851042355 -0.17582539321047 1.33108305061756 -3.01830717346668 2.89918057593021 2.62677580336064 -2.8295737963177 -1.16661106960812
-1.36024299889005 3.02352009845624 -4.08005793004964 1.12964511816549 -1.0990709081102 7.07343085953854 2.13497432948407 -0.359493960829494 -0.156335288867882 1.59420346478158
-5.12624347784653 -1.31357939568067 1.59574097867554 -1.31174535029191 -1.29544102124151 -4.26438546765258 -1.02715395694122 -0.915870659621293 -0.323120432591868 1.85201773912268
2.1812836975115 -1.75725197175737 -3.80668855232261 2.69463585707433 -1.72893815786159 0.246091404642994 -1.92218349902764 5.5937539604611 -0.730651964278528 -2.08684455603656
-1.23741539557674 -1.85935382141192 0.641719165644202 0.0434169941832485 0.168528250314588 1.34893742791359 -2.82306219547374 2.92530384284831 1.14047874884337 1.94827989779958
-2.79937492328195 -1.37911733984874 -0.573234298626396 2.95969495909521 1.92312463918203 0.875577374939431 -0.903133011118899 -2.89400946667727 0.480336529565548 -2.71283990776779
-1.16032281320219 -1.42785305331626 0.970492044397814 3.95359822533046 -1.94883031535073 0.335189557522002 0.874008786208083 4.49348086617014 -3.33772145802419 2.29466345382855
-3.07344223851142 2.87331096813755 -0.764785094431089 0.423434455159838 -4.74727860053857 4.92923237844015 1.8025902009495 5.26926721806575 -0.597028571463233 1.86521645433334
-0.856110255452137 1.88649818539973 -1.1583893653799 1.38560266286695 1.27979446171308 10.2542626643573 0.0400706108964601 -2.68162314927741 2.15215563372801 0.225030798812113
-2.0131935992217 0.54213687277593 -0.883432203130537 1.51575040037943 2.38343876421817 -0.728604883431837 2.79927891456838 -2.70362585347709 1.40987283229955 -3.20222926303441
-1.09673022039384 0.00969439286897788 -0.852936523386829 -1.54693250800616 0.615565909080649 0.255845727795606 3.02378584060545 8.36993469776094 -2.37463457251677 1.4960499586957
0.557868729956542 0.655583251477081 -0.840552536010521 1.1797547017682 0.761508739804266 5.18325921667683 0.829113106407794 -2.14565669030394 -1.2581962353687 -2.86185382328652
0.142621014934737 1.46772129561362 -0.262847087528958 -0.889391687831259 4.31962593705008 -0.673457655231577 0.195039082648012 -2.30114938439856 -0.853498402657549 1.17363536209503
0.125927742902235 -1.45887128792278 1.0103964177349 -3.264006593696 -0.170166485739704 1.39714242627856 0.584130599461638 -3.09098640724671 1.95388940980074 2.69468941264686
-0.458771872175394 -2.06409712049319 -0.342575086735637 0.952909254688151 2.91548444801334 1.48821887167636 0.142152884279699 -2.64254765086058 1.87785758477623 0.932738793855065
1.80010353257768 -2.56451727738674 2.2389020761667 0.47250163843453 -2.58029239826913 3.83930240859975 -0.139744578435191 -1.54181280400004 -2.75993279935515 0.944701924601296
0.641571700310837 -1.76984224548851 1.56315535940896 -1.94758949616153 1.98429528936142 8.38695492349747 -0.739141665305352 -0.0225833840279482 0.468855110139691 0.78738089480921
-0.525901523767958 -1.34610524513421 -7.33901533417114 -1.03860013640787 0.0841723344886171 7.4180166763809 0.611290096238372 2.9628044968439 1.16525227486093 -3.48597276889376
-1.30666990849068 -0.664867241375282 0.896423981746019 0.133418015136674 -3.22716430683493 2.25418373732403 -1.96727805898434 6.69092541436854 0.982729052757286 -0.318768962077772
-4.82034675071058 1.8156113244525 -3.42743254372535 -3.89264865190851 -1.61637702222351 0.845825603175911 2.51071267393094 6.47660279022803 -1.49133898846729 2.0922570194066
1.43689734415451 1.07344387344445 2.87895224097774 0.453007951519987 -2.59252726996837 7.65080663823413 1.9015130403212 1.9212320289494 -2.67474574442151 -1.20527493122283
-3.36916445952382 0.781784869336148 -4.08325860557914 3.06543398032744 -3.13628097460493 -1.26292172931173 -1.3301584888969 3.58753387393125 -1.9942404179603 -0.928740914784463
-2.47632932407691 -0.863385401156999 -0.51062664778158 1.28690605698051 0.161923335985073 -1.30502792235689 -5.69854008233052 -0.375514015738631 -0.32209450859188 -0.967221619235508
-0.448278909159098 1.64649896100284 1.28892023799821 -0.748214033842478 0.754857105748656 9.68978976924909 0.389085141140838 -4.27201655099192 -2.14053500047156 -2.5087305823492
2.55328344469267 2.45937935709789 1.75240880333871 2.06502986643082 -1.67103135861087 2.71516585143303 -0.895467167640995 10.1500521382244 -2.11280648796784 -0.84360145194233
4.7767627831489 2.26157175348224 0.86427659360703 -1.34564494792509 0.50356039335746 2.22585694238813 1.17041991092249 -1.69538504160235 -1.7650144534067 0.652450853159045
-1.21133086571919 0.424600910757871 -1.05003159770077 6.89721721626354 -1.6969039066125 7.18199203963376 0.509169866858194 4.42081846647883 1.8642720074969 1.65939305315958
-1.74508828424789 -0.253791094750184 -4.27622030262024 -1.55816272195735 2.37501281035539 -0.829551042777731 -1.28519643023341 -1.02196419771498 2.01510866390534 0.171726323552027
