0.359888377137026 -1.6536360490212 2.21026545826436 -1.75066556247526 -1.55983112472321 3.2079642570316 2.65175678683833 1.80800316042932 -3.57751675277964 -5.16287030785737
-3.50638795998917 2.56208332346887 0.0364125831443774 -1.39276680132852 1.92637407097947 0.668082658758438 3.3342853918979 1.56153294321222 1.71142939516181 2.15816131652262
1.14955498243524 1.0703181497895 1.6321969191079 2.13915450968089 -0.944432695464051 -0.539614484384574 1.5368507506236 0.530503449683078 4.5596463022226 -0.867918605115015
2.38963078513721 0.855291990806192 0.0432630387886884 2.12343232465312 1.69007914746215 0.942813771811346 1.64525677375678 1.85503492914553 -0.902627832960074 -3.37946283582711
-2.66232910704522 -0.00813745542849015 -0.335526480995357 -0.735482424037058 3.16195653693239 3.39633639069324 -0.516410737789738 0.711937563388857 7.0806525105112 0.00946081493120516
1.99044937932835 -1.24161265190717 -2.04758963680041 -0.126734016446801 -1.23461484398657 -1.07643063341258 -2.27726089625258 1.46718733279496 -3.61496307001666 1.77223443880293
0.452249056060029 -0.636853427762506 -2.03595547350959 -1.54019495801944 0.248476130745974 0.820841677149763 10.2371881720445 2.28729561985838 1.97984501750184 -3.94585551118808
1.91534803901994 -0.973413909788114 -2.17478192850229 1.18742377439342 0.318342607282683 4.18899531428669 1.12844505644486 0.417059223451025 0.537135498278768 -0.231122270668301
0.910836489262731 0.80487844185112 1.49928460139152 -0.428315669369395 -0.702100939436197 -1.22134427594282 0.368676529842178 0.337492819491823 -2.94851644412815 -1.67230301851181
-4.93113567562278 5.41778063655584 1.77590871751715 0.0875281439439323 0.00121326316600139 -0.0512215567544299 -2.06820830306988 -2.28381949934304 2.13252366713978 -1.5594071016575
0.577747297198655 -0.841924222143333 0.26764638466345 -1.55667567266015 -0.756776856269004 -3.34833820623693 -0.218728915322137 1.29513826783951 1.94617301273998 0.424498199023785
2.96067139458587 5.47173494640119 3.28330000047602 -0.44571747577734 0.795402752663377 -2.38235306954101 -2.83828716482734 0.419928495169864 -2.33651442222847 -1.84716224269851
-1.21260286257954 -4.54078149041604 0.993677450378827 -1.21247463019482 -2.1592339805447 -0.580014247363653 -3.43090239598744 0.0176369256624091 2.00584604092233 -0.118728479839316
-0.0176762366520453 1.69242767134674 0.1696269510687 2.30218960793088 0.718008200974208 -0.682073769016274 -1.61561293983316 -3.40758893532653 1.89264639824171 -1.21293104083203
-0.667194591335108 1.39975503761521 2.15325353893615 -2.17095107864332 -1.54038556089238 -0.248220674664976 -0.272173669923691 -2.27458499579694 -1.02644521956473 -0.478046863026037
0.79535199033759 2.23843342400706 1.98502247712529 -0.658485510798164 2.36489124099529 -0.366207614756504 0.358330806531064 -1.91774866608321 -0.44788450352661 2.124137543656
0.635832047681718 1.68006889626374 2.57463663218296 -5.0283625778034 -0.365842450484648 1.75120290939313 -1.93157026305386 2.16629384426576 -0.353938963796579 3.56958462382059
0.467173395999397 2.93108919101263 1.74091897296958 -3.43249319192125 1.21963775763375 10.8962969380528 0.30847344927236 -3.71963596904162 -1.13270882583414 -3.83772279985595
2.20026569529687 -0.945026782299105 -2.00138253609255 0.671982724720124 1.15608009961038 -0.401219590400889 2.92797126560833 -1.62363524499032 -0.526544682569975 2.16369177980046
4.79387042062142 -1.67000531480808 -0.653028244556009 2.66792939933026 0.688951430620569 -4.65378410651857 3.18332037004854 -2.82565358366784 -2.18820368723472 -3.381979893891
-1.01460827659419 2.06636844339943 -1.31910178411944 0.492416040770723 -3.58681499773107 0.100888165921001 0.506400765685189 -1.2887359916584 2.06224879800413 4.29526961238891
-1.04746740454198 1.5370700122749 -3.22435690306681 1.38328344849945 -2.92581685897044 2.84527271241179 -2.58668954168103 2.54878935066519 2.01581681617729 0.811823123519517
1.60212342515278 -1.06710036821407 0.299800812308426 -2.62115327126157 -2.67464176261474 2.03505006155193 -2.92390614980618 -2.10370815305971 0.848027603440151 -1.04310289030473
-2.41625086192601 -2.10949414876846 -3.50155139224216 -0.222161033971609 -2.39808298539081 0.938757574329074 -0.362780132286679 0.738356547472814 -1.8844524912215 0.645052053299251
-1.40835600967994 2.30473086574111 -2.46444492207401 0.672551917951303 -0.522294471262305 -1.6993711209079 -2.62385299456919 0.175396827194264 -0.947026812696935 1.82330982668274
-0.197783672051204 3.3026582353462 1.78499856028735 1.35074235006927 -2.68565480676873 0.993830937089365 1.17121514334453 -0.839219789299918 -2.72138618455239 1.15323213669965
-1.0245257837501 12.7190106622836 1.32868186916995 0.730509192067694 -4.09879697339623 1.33036482642576 1.48428036900258 -0.463111869013718 -2.55043888798308 -0.534150339309159
-5.59766201861509 0.267272249726344 1.6199940601207 0.0348952673650653 -1.90838365085598 -0.688236262499655 -2.12942501374878 1.48791808095617 -1.52710751718995 1.03556236296029
-0.769443101613187 7.96596903098409 2.69369222380683 0.294071646772981 -2.79715358197349 -0.0449429170686818 -0.968963773748993 -2.46238129318747 -0.398054126120421 -0.861040514050223
-1.33967983821011 12.4133763606617 -3.38135302953795 -1.87703123563059 0.933589106171915 0.986553744637379 -2.98607611431368 -3.25287344059833 -1.07358095874356 1.7505182984294
0.0348883207410922 -1.09356282636719 1.46252111102679 -2.51395755036669 -0.213066378551842 0.177930514155772 0.0324604458892314 -0.323792249014378 1.20865249864276 -0.492763185469072
1.58878910903022 -2.00337290920664 2.96484926506072 -0.00354793675324201 3.68148248559519 5.01839461916682 1.5676921260762 -1.69432128827218 -0.63700750742148 -0.358009381732915
-0.759338643650876 -2.69151152744081 0.656916526768694 -0.0643902639904091 -0.057065266481065 1.33564589359163 3.16617448310893 2.25286382386261 0.962118951527206 3.43167460177428
-3.87520174188628 1.45111491734474 2.77060348133342 0.10640420844313 1.04355706212829 0.0811014615457832 0.710761054643146 3.42244803436732 1.11320789813934 -0.111842250606664
0.290609349409439 1.11098746591239 2.45045198287629 -1.64109489233691 -1.95164807276619 -4.58569389766139 0.428941817500396 -2.07588234606814 0.269510595499073 5.14275226683234
0.281662773315889 -2.84038462760441 3.06551615812162 -4.22160262028358 0.500416904501038 -0.218078620453084 0.148980458881643 0.428795777463899 -0.880440526313335 0.491124141122888
0.0397543810448528 1.87678572789303 4.49219439629098 -1.45329469582326 1.08997246717981 -0.580431431350257 -0.0607931161679603 -2.07893832396132 0.0655105386143246 -2.7118048010373
-1.35882169463656 3.76209178480231 0.829662685773697 -2.07483540023002 2.61273213510148 1.126236955548 -1.14121554543447 -1.8463392160209 -4.51413512471904 -0.988872948634194
1.64127999080716 4.94977940239287 -0.134858803415467 -0.617403138346267 -1.72352227668189 0.00674013048774595 -2.69926460445676 -2.60788597074576 1.33971224178436 0.22889271584019
2.80156932258335 -1.79513366608832 3.51646403708299 -2.42793690782781 -0.596512915884471 0.0926201426076144 -1.78989462329877 1.87469921747608 -4.64430546434153 2.2900482808201
-0.955888039506194 12.3472115018243 -0.344243162768104 -0.8559941271248 1.73809538780949 1.52099470365209 -2.26765308726334 0.743826442239952 -1.42141346207938 -0.78534625314827
4.95349863427056 0.443940900177267 0.580375381648058 -0.151352053025888 -0.132130400034407 1.37216112408412 -2.18359399953006 0.151094149772066 1.8859171722758 1.31550850380633
3.34987153982671 9.89997586309759 -1.55727381031375 0.808058746071869 0.563367007902839 2.48324632884178 -0.404753217806466 0.0811055116038934 -5.12859978875066 0.831093329787102
-1.44116030949669 0.92437913971815 -0.793712420002074 -3.24884642652643 1.58598251785177 0.517657418712558 -0.193996562072409 -1.97745625180204 -0.596685297042511 -0.0600893864153785
0.566621526115947 2.83715849698024 1.92439264282728 2.70507242850049 -1.25758672281658 -1.45264295366318 1.39624461453319 -0.137321490395226 -0.0569387156463345 3.08153707245048
-0.501823301620304 -1.07634479091649 -0.35676396917068 -1.66649251892082 -2.46530245971586 1.65557673271538 0.110345206192368 2.796490887892 -1.98351075738735 0.338746675229162
1.11885790354913 0.0905037004207919 0.59452810887544 -0.771607327085124 -2.15128318374139 -3.58959694326411 0.673759425039429 -1.7443907388882 1.53875188454062 1.97075695185447
0.392567110248228 0.111773309645592 -0.594811205535576 -0.592541266452952 2.79843396501224 -0.437345983435396 0.45915424145924 1.5965690340413 -2.33288354061685 -1.41552352632447
1.49569626692944 0.461314058261507 -1.37209430551847 1.25187455424524 0.346797599914749 -2.0111382704858 -1.64017312203838 0.495673997939195 1.68327437027396 -0.890882438304214
1.62947439364718 0.700750279481126 4.51574276747849 3.38342206012451 -1.35967354849603 -2.39856067573269 -2.01207442769319 0.102747197384638 -0.204438236266873 0.849371814816362
2.56347363620532 2.65180079301859 -1.17863327137822 -2.70600714740304 0.531118676310666 1.00440146605614 1.16510902198355 3.0670037511306 0.166192744908997 0.281971326702523
-5.19933101842342 1.58933341623927 -4.86838112281368 -1.6408106725753 3.28898881028454 -0.466204256500117 -1.14670572073081 2.63053144424312 -0.552763026856417 1.39071146784065
-4.19541692209809 -1.08933207846509 0.00805205896311894 0.411390161995043 0.564694155824584 -1.62584053346878 -2.80631421086593 2.69767388176003 2.92549988414741 3.04610672260409
-2.20197247606946 7.102458279814 -0.266455126288697 0.170620799155612 -0.406874738453423 0.306468167364514 -0.15277869791444 -0.853684776700779 0.759393042492253 -2.53023047447019
-1.32406599589394 1.04265610048235 -3.88515023619636 -1.38563739912632 -1.72492122523784 -1.05987793284725 -1.79748857181043 1.83595187755211 1.30299942660723 -1.41750784618528
-2.16170587588483 0.654164000530813 0.0148404431525764 -0.756904552071077 0.146666168642572 -1.79599342780685 0.424496347774244 1.63204067864671 0.853956393656933 -0.480997812308525
-0.723597855025792 3.68250557201493 0.140231264105446 -0.655733649410818 0.382936020073474 1.63397164591842 -1.58303505856734 -1.53113769727888 -0.29808808677529 -2.26678858804927
3.12175814298455 1.31107074821425 0.534251179354246 2.40621593218209 -0.64435246341992 -0.741663726849862 -2.94455012343001 0.7877627312415 1.63378407334651 -0.447406651301259
-1.82671323483261 -0.969328297044631 3.1363796888936 0.0533711050482875 -2.97945552677524 0.539419666265384 0.44294803982511 1.39666162351116 -0.106984646762482 -0.0486425702320429
-0.306990845543431 0.496885361696316 -2.32156294130074 -1.87155402844709 -2.37517199184702 -1.36460334858282 -0.0583768919465104 -4.39677302444273 2.93205632666311 -1.09905435219069
-3.06720753331953 0.0270402626779159 0.0863633370786065 0.763586077121347 1.98577924820414 -0.379323906013791 -0.940414634809527 4.33621612929701 0.388449453693928 -0.62077739321228
2.62989705817383 1.1250901582443 0.580427728245917 0.215843812876804 -0.627359897122588 -4.38797790744425 1.34031072281549 2.46133203663222 2.59236896425434 -3.0092019824985
-0.641513626575492 1.71153516296265 -1.07921173653124 -0.231916516992822 -1.08078280823476 2.94556026655656 -0.326494366323569 0.269200166730645 -1.19456039215217 -1.78077597974349
1.15972690751129 -1.42200001867736 -1.9935115387077 2.38642021528267 0.749122355705598 -1.81926888606313 1.1987527179378 -0.578526456642307 0.354915374062723 2.52818093934929
0.904620616475892 -0.367544178641241 -0.0617605259396744 0.804123973953505 -0.217117370723748 -0.0674923234141833 0.24757756716882 -0.402519234057223 -0.744672246577722 1.71182275610202
0.367645378996431 -0.503694812773762 0.0272103661464851 -1.3338023040406 -0.955427436667449 1.18050993604057 3.59634921406272 0.815038684436899 -1.09370925954578 -5.19930906681978
-0.102496144187983 -1.67339351221701 2.27111196962521 2.41122732899053 -1.97021575718081 -0.867643903148346 -0.460425033627571 -1.03220475218687 4.07275398466194 0.151559946728688
2.24918182300537 8.5773501267897 2.10012666313654 0.135171998785216 -1.86518682930737 1.62330423396899 2.62152704932279 0.77230839670111 -1.87871364642723 -0.501748064062408
2.55321780588999 2.06044620705531 0.770773681726869 -0.485700589485022 -0.793134570841951 3.15197494777838 -0.474393416861836 -2.88346940150571 1.71247696015817 0.344094205117556
-0.546787835640818 -0.0576069842169923 -1.80280821262317 -2.03461947736546 -0.201630689397754 2.58690233382187 3.09539939607706 0.463578836836982 1.59787230668149 1.43168424736318
0.546600588528868 1.96446210132927 1.80930203854019 3.12865842439625 0.180462577351877 2.08794251526866 -1.53554062993902 -2.28997385052459 0.570687902052262 0.284118043219104
3.50833856733575 2.65098367358615 2.71428834682128 -1.93017956270695 2.99853823576631 -1.16571788096436 5.26887068377391 -0.656694682179746 -2.269800879589 -0.330040612424851
4.10201370459392 1.86452335415073 -1.09129814274856 -5.06378139030226 0.216381754604946 1.32069952781059 3.57741596013861 -1.59676356729101 0.186958203093706 -1.54212807705194
2.97316889604767 -0.276436804358951 4.11311340522628 1.00982412705036 0.505961799896823 -3.030233714806 -0.304088099838959 0.664212901594185 -1.88724865177155 0.174838519481831
-1.68313123905566 -3.55578314174982 0.434702668575743 -2.46220835789136 1.55474922405463 -0.381208101698719 -0.216724510502998 -0.922660163530619 0.323595617178303 1.35033411277983
2.80150568997723 -0.556301201452667 1.26982277361371 1.6291051592959 -2.21586964574488 -2.03647165509256 0.421945132262986 1.06606376827884 0.751303754540872 1.53489157739448
0.322949314288607 1.21467800277961 -3.52004155949131 1.42388241388706 1.88833681315328 0.367445052322083 1.99158491121689 2.53861660072774 1.13171930289722 -1.73557828912105
-0.803856317989829 -0.510219054927526 -1.49007516487547 -1.64450218142596 -2.50902972519617 0.170157376238617 -0.741260171320569 1.83625190236005 -3.07998116665869 -1.10628150000755
-1.45742831650389 1.82987104339756 0.0707547165022063 -0.696675996479435 2.13162494083373 -1.62428816728679 1.15069673699164 1.6925808079528 -3.76100679011153 1.45274813339013
-1.17983425232112 -1.30048337165471 0.10823289524934 0.513194166856072 -0.0123374529463196 -1.37942010159436 0.776148090633433 3.25847233679486 -3.186449466684 6.46805445926558
-3.50596026411123 -0.109042303511689 2.26102064255685 -0.918576716614849 0.396584221601271 -4.43046887180579 0.185866346369151 0.0778396097488536 3.00936643423252 2.03360765135264
2.87666042549672 0.52548885240681 4.43423412399273 -0.307295823559708 -1.83635831995976 0.257599410326766 -0.601994457114138 -0.117176088430784 -0.72199835624353 0.557363350557023
-3.36807265785309 -1.91528778920175 0.837535990190902 -1.09781762535771 -0.480530191729826 -4.34289188167595 1.19428851904498 -0.444189722089763 0.354131397511674 2.9067864687316
-3.18067506001598 1.39909015188695 -0.428405928578707 0.864175400678018 1.14302323802535 2.58487624309962 -0.436711948970298 -1.41466656919007 0.0519146395649243 -3.23954668214136
2.56352388850549 1.47423829435964 2.25289990356048 1.21746026214558 -1.37142369711945 2.81937604638625 2.2433985807118 -0.42773290443766 1.24014532534826 0.616376041626469
0.609447227003342 -1.90211498948436 1.55204421499261 1.59336949147664 1.02982465676014 -2.44931409404976 2.13627781948619 0.776314017068041 -2.87591346044083 2.68686179968685
-3.00593621491137 3.12536700821699 1.47340165120809 2.09544214748562 -5.40056881762805 -0.350690145510834 2.49430197861325 0.426850604860054 4.25701198249459 -1.48465139533399
-1.57124569991551 10.5326853296669 -1.43842152571823 1.55295282692803 -0.7864159405582 0.704033756258256 1.00353714492675 -2.16699988094292 -1.79406573643076 -0.679426325236083
3.23218810843322 -1.47283299954314 -1.03197274018918 0.355928933545521 0.704646989133903 2.33300786436528 -0.0624219548172052 0.389556809020825 -0.3345406533404 1.82968852551281
3.31248337866542 3.62056234914087 -0.925783070185344 0.0235620638433515 0.316095754476524 1.77422605622021 -1.29487158934801 0.804029324027502 1.763391843862 -3.27102310842256
1.62251138834934 0.799147002472115 -0.555633812251941 0.850532459185498 2.30363925088925 -1.21615553196353 0.166995339325494 2.77005162546893 -3.52624231672387 -0.945377779979988
-1.49810740058777 2.28188588248053 0.525380700407951 4.90032162328143 2.22081000858164 1.16444736675033 3.02799390945511 -1.855421277737 -0.805449471068489 -1.25812339245527
1.94139553472008 0.469429805660364 0.635609534963738 -3.29220540704938 -2.42299382164021 2.23074032422537 -0.737958459028039 -2.26640458431649 -0.361084046035119 -2.28747532527424
2.62699925557552 1.4855238021709 -2.64263214899927 -1.45649928173794 -0.865544205891038 -0.219157017647807 -1.50521555391292 -1.71966017031921 0.481258621686767 1.86946499999123
0.0614352384875045 -2.45427017292252 3.33833241296829 0.539710663527646 0.654082981467443 -3.03981386877669 -2.04584838720674 1.73834734014922 -1.35203081746379 -5.21985170621765
-1.39855698556261 0.726873105625799 -1.57408801697704 3.18432470216877 2.11647260047849 -0.0441646596113861 0.255246719792107 -2.07615739887773 1.80828513665559 -1.39499689737693
2.04410284016387 -0.740918954990064 -0.748503593613817 -3.38960833461921 -2.95827802068244 -0.12712348571697 0.564132364378437 3.03304380801787 3.07906928064858 -0.00158294889321617
2.55360090729848 0.423927938304437 -2.66066626886339 -0.266531661557548 0.0112041775450405 -3.27464159444252 -1.21129874586958 -2.99788108160205 0.504816750615647 2.61553803556362
2.65458612251911 2.87935961041245 -0.173335336788484 0.95006466998399 -1.15012388836044 1.28485077846342 -1.49809502497932 1.47174899702982 4.91270779115026 2.49378105638996
1.2271783682954 -1.81858906450384 1.83491009951026 1.7219988594156 2.1871968086464 -0.700611231863018 -0.417462641289039 -3.14863812436424 3.02139419246475 9.3777641219326
4.04924410284519 -1.9549527796559 2.4035610519627 0.424662329048045 0.831969877954508 -0.165981744626577 1.4371084520945 -1.22384480919403 2.69870919380966 1.42528337835365
0.581671499981789 7.16906432856318 0.604802603896557 0.214120652670839 -2.78953285788675 -2.3978295796834 -1.60427745917007 -1.47757192450788 -0.757464079565685 -0.742147910659211
-1.25282593218839 0.474370572270662 -1.90654719361713 2.30313512395746 -1.35518895540727 -0.0102450743844235 0.369003042010009 -0.624004309575873 2.35897209300323 -0.360314420225083
-1.68620519495168 1.87927963059379 1.99183707997965 0.976029757811053 -0.802116823254794 -1.36806818550098 1.16223462707972 1.11297610573867 2.38261535869259 2.6119215795027
-3.95240872534845 -1.99206541450862 -0.512751694781629 -0.399896938317513 -1.27413922179731 1.73452103624469 -1.05993339454565 1.91302847147942 1.02905011819668 -1.09383394477219
-5.91631868923883 1.816930056135 -0.980366249429885 1.18600155227676 3.69412694459561 2.51882762392821 -0.0591382452354358 -0.523330681043271 2.60751770499414 -0.77383749741289
-3.79942605386521 -1.22233214918908 0.64932917324492 -3.14068295038804 0.131024378710965 0.889234897425056 -2.08502729541423 -0.627359101928046 -0.129015730404219 1.42596934158448
1.31970093043503 1.88199462035148 -1.58086846578275 -1.74799249771926 -1.78020275559382 2.57001968305216 -0.550361939717447 0.131149070454447 -1.80227456178082 1.61182035433023
1.97697963350263 8.22593132219384 1.2898689062616 -1.15464988809239 1.97990916278923 -0.387003631717672 -0.872723015311733 -0.80895315809129 -2.82938312475108 -0.607286338989552
0.287345691608846 12.0656203303079 2.09843795824793 2.07960161540465 2.70643071197548 -0.987405563287256 2.24558350313046 0.605144878200547 -2.7587019661995 0.500421162425485
3.91789500726433 5.34311313024065 0.981762333949627 1.42136948472254 -0.616420654109032 -1.05982274934931 -2.63954886615183 0.937356170043365 -1.02847378190931 -0.686917786170137
0.629036421893686 -1.85306576585787 -0.479902883982026 -3.10460008550178 3.03936756672858 1.05483871045025 -0.516142696565597 -3.09284911216789 2.75625411563702 4.44190285605583
-0.0981896147725126 6.43767787101611 1.79126821817025 -0.341384546252383 1.58343465093373 -0.209426214252677 1.93846145159005 -0.373342248055221 -0.386154524419968 -1.01356226296485
-0.351754967551319 -0.133097047054666 -0.648996726719272 -3.30140799193308 1.19569201199338 -0.698989064175408 -3.72971847187124 -0.481636732839449 0.777495361544625 0.310441827526933
-1.96865275894077 2.76065932359499 0.873051172247276 -3.00211751100341 -0.0132993411884629 -0.0256533785863812 2.61521229675281 3.39181946248997 1.59981247945112 -0.601171260640032
0.636767248735382 0.00507605461899037 2.24713920451316 -2.79737075932466 -0.483220120582512 1.93920198396533 5.74289695856446 -1.00121859152108 2.04892374171939 -0.400162926162122
0.416838371008674 11.1714172068179 1.01281164016411 -0.479169516808944 -0.607427194155025 -1.55888377296633 0.622395094760059 -0.736031848041491 -1.20141647578753 -2.50124880068069
-3.87624459620963 2.34528474732212 -0.828765177618862 3.74960169676755 -2.19457822275742 0.791833566103555 -3.8081867674989 2.67754898904271 -0.819907340770285 -0.457498688358045
-0.491054074013895 6.83605156105101 1.01640754100519 -4.24549209756769 -3.36812143646471 0.12683210820824 1.78170925632426 0.535715514645891 2.5528946092264 1.72236175173267
-1.71504893912795 3.07666243941437 1.2888795337234 -0.0852998084250608 -1.60113636234996 0.374116873090559 -1.28432881275324 0.551889223647021 -1.25817180012875 -1.80259444317133
-3.82974634069642 0.216649262472662 -0.947137638181132 6.07125883015322 -0.136434157116275 -2.18481707154621 0.280823634838154 1.95800827009963 -1.30508999499877 -0.129202629972238
-1.4680599192169 1.46711241203844 1.51187003722493 2.1397718428485 0.305229626367434 1.46282621437211 2.71905307678416 2.04638582016054 -0.511706759317937 2.8013850921593
0.854776189153928 -0.949011405240548 0.656939118663525 4.52823489517595 -1.11980661428767 -0.470904916202638 -0.3562737408436 -2.45487988613978 -1.84129349655073 0.780620658807505
0.47146266257653 -2.07658457849159 2.03069752398586 -3.21935047268535 -4.77704461334022 -3.43345322287133 1.72202020467189 -2.5649144016479 -4.15646838583933 0.207912554714605
2.60746525465001 0.894126057026618 2.352416534598 1.18955061344022 2.47890853650371 -2.44493972746161 -1.17804662627723 0.745777191143627 2.78011141980651 -1.27434171317171
-2.07126123655993 -1.61101745409454 0.60476276456619 -0.168364675054328 -0.164704144286337 0.870499374946512 -0.810430487494127 1.54094184741372 0.925232469802164 0.873977901575359
-2.22002259024545 2.13413350447778 0.567172324414226 -1.30910059180842 0.976060061302856 -2.58662814678946 0.380363947139196 -0.512603569544278 -0.327516731416628 -1.61935073802264
-0.604845793127887 -0.675241591785674 -2.81493166155954 2.30497596690729 2.67668770477981 -2.84566660899322 -1.18855255494756 1.5999682397412 2.96999585343765 1.90409385847216
2.17945772888113 0.102794416625248 -0.79644973391831 2.31151506686735 0.463225181788579 -0.409296277130066 1.38644995892756 1.61876083760894 -5.15986107611718 -0.900124073388836
-4.11124860306641 -1.2800677023689 -0.664852297093418 5.35749092820612 1.53115040742849 0.114189897868762 0.532910380154841 -2.04963713934236 0.543870970269641 -3.49076225084619
0.158888941138193 1.58408733251229 0.999652741706831 -1.40622193949895 -1.49580055412085 0.772878648922697 3.46403588707495 1.26327009127934 -2.35736110498109 -2.60767380538636
-0.616940298248924 -2.25704831935547 2.05249940797847 2.62586461364272 -4.32427457389472 5.38029549684554 2.19131157593392 -2.43473147866091 1.02321907684108 1.09923919285077
1.31399735467021 1.1868945915305 2.05163912513152 -0.940238274298385 -2.36611773653652 -2.6999811413599 0.64399628507761 -0.128673376901752 0.579196201770648 0.0992729842260894
2.01325767881476 1.69529566214237 -0.171033272835424 0.690976287843874 0.829454654940171 -1.58360584797794 4.0006583312385 1.82671305679079 0.419044081528774 -3.10821781761848
-0.447939752543325 0.603528499823454 -0.949753958631974 2.12588200674019 0.00809130699827502 0.182900116817179 0.431698909799129 0.20925671985259 2.79752249661175 1.86724889576138
-0.12901532956798 -0.0578357039300778 2.65109131878153 1.87211360073689 2.30830358679113 -1.77405315498698 -0.228787175387894 -0.916215132726316 1.30677889041509 -2.07459627901301
3.08291777252787 -2.98733990455863 -5.05192878666807 -0.359217468914561 2.68034874410149 -1.68606660476084 -0.693959689597626 -1.01140076713855 -2.30479501161477 0.268098337406635
2.89430947624666 1.32001220382395 -0.70070772618782 3.30490561983122 -0.774697856241261 0.56289252319642 1.64424947659994 -2.25758954029959 -2.48194877743189 -2.51107588655153
-1.19587475863682 -0.770933873584816 3.30929252821354 -0.635380845929603 -0.792405529969761 1.80133623881181 1.27135895034108 1.53080947922717 2.89060799532492 1.20407673563963
-2.08067998458687 2.33712273056663 -0.0793374541493624 0.880392452286821 3.15577060574063 2.29082047874971 -5.42413435183423 -1.4359143574573 0.896314444969728 -1.12244797534407
-2.72060855405518 -0.920490904883736 -2.81633207651265 1.19494168398148 0.686119132583659 5.89122307518529 -4.92439786259778 -1.25022712698237 3.33515561768388 6.09959578487123
1.05657391758572 -0.890691133807277 2.40848999250142 -0.709713537206319 -2.66041483800629 0.228570757977983 -0.366076944136413 2.08610343962135 0.942359251403935 2.76349810607305
-2.04556771362521 0.483921420118276 -0.0991687971476287 -0.736688455630636 -1.15836662122701 2.03694507883953 -0.11019985302518 -2.30693812257765 5.37365603244334 1.55139923266693
0.0676352127814332 -1.25464744346623 -3.13448841625217 -0.581533545789449 -1.39866780745944 -3.17598092392364 -4.84387499394293 -0.741446794572744 -1.26635768488558 -0.441961573062968
1.51073604682793 2.95750200487783 1.32115806239891 -4.19706263796391 2.15249398810378 -0.38970531168554 1.04408131829795 0.331030550008608 -3.21901609781245 -0.514505942054871
0.210869139398841 1.50962433753641 3.27131206928732 -5.97794832354967 -2.57928589218172 0.523368240252434 0.671331470213109 3.00034369977937 0.102663847167236 1.09340102649121
-1.77953002477125 -2.12644515732667 -1.28671140790868 -2.90959054619163 -0.293341256520045 3.64548822510901 -0.336648485061882 -2.1058621118124 0.270258020547015 -1.25495018933205
-1.62181356382456 -0.794262320916728 0.298519014363222 -0.13800635668362 -0.71420912078356 3.048186729655 -1.6655470618954 3.85205018384892 0.742368731279071 5.18277976321312
-3.56598260687837 -1.9225242042326 0.204161856107156 0.358344980889574 -0.213136474466814 -0.582406364871387 6.15968428062376 2.15875306060836 2.43451635026935 -0.656041609105076
-2.41019612183256 0.550021688449091 -1.03093950773158 2.15806178841463 4.39016750601981 -7.33119335904329 1.71166878468419 -1.77377994403837 -1.78309862630723 -0.658501061378312
0.689572202411431 1.09874609717582 -5.05072259309857 0.546232673140095 0.111134227995031 0.35641234016683 3.19811609888761 2.26609430718477 -0.264255436427902 2.5740090092607
-1.45765924830621 2.29554399393649 1.55569198027456 -1.43099038598753 1.06426033923218 3.1531888785468 4.08505090835794 -0.0702992514700288 2.88177272852986 -2.47121742951386
0.643408515389392 0.382740700989321 -1.77542458701004 4.06848110915784 1.83470828226077 -1.91910720481858 0.497097341504115 -1.82467885676898 2.53117878474425 0.113037806469616
0.85671390760009 -3.19504369955102 -0.581601117009384 1.1972956822589 0.699100855418839 2.55000921607506 -3.25660344474359 2.16127809243501 2.44877772072354 -0.662257841890404
1.03107349050217 1.63316293364213 3.59941730092403 -0.97378749993518 3.3802416358615 0.846524195211423 1.29189180742387 -2.36329301790603 0.740661792131646 -0.0633726044814959
-1.83685204962802 -1.90250932576442 0.737282603867226 -0.911765847009191 0.696275104965077 -1.66116633205137 0.967907224895752 -0.0457652608626527 -0.0177993339084184 2.45853513483802
-1.84263623181016 1.45918009431084 1.11339454139585 -0.869976322086111 -0.828609184823092 -0.8206369295178 -2.25511323354775 -0.201194324485194 0.654222003351702 3.60554400580464
-1.5605813210467 1.72915720997366 -0.150719784575911 3.18694395695369 -3.861267113304 0.904992159939883 2.39613628339279 -0.355088741893791 0.229947785712757 -3.36968387015439
1.10259574293386 5.16118579118206 1.85379107356168 -1.93948180102095 0.984566946449822 3.37395559077076 3.84885808831459 2.03937353370698 -2.94750436229683 3.40434735585794
-0.205728098837341 1.58527559455242 -3.2682123779636 -0.732667217397449 -0.378929188149493 -1.42555564840018 0.400605450201549 0.269349149290578 -2.92842695227733 -1.24704866995363
0.917580671850804 -0.233930918781824 -0.500228720247043 2.82100303436184 -0.40027392444885 -0.41349808522466 1.00003581339102 -0.503454707754946 0.654206364964584 -0.258831170141555
-0.720577368452738 -0.568886549324895 -2.13725140759297 -0.179451558817365 0.295620865616884 1.80103716519958 -0.579590517200915 0.730510114927009 -0.527033376896799 -2.72059906078408
-2.93473081939384 -2.043882900647 -1.50750746771095 1.56525718714434 0.31798125441383 0.66258372010965 0.583694534305038 -1.94785661228545 0.29880240825958 0.63253892436691
-2.54395885981753 -0.248045634977328 0.501841168334655 2.81953670230393 -1.77371795542456 -0.0642302068476576 -5.58290741253689 -0.443269088433017 -3.54210984359526 3.07433157546677
-0.148988627928899 -1.23387505540865 -1.7981146501417 -0.789291331501261 0.959476896337601 3.08266425347436 0.339564060763739 -0.597014571050314 -0.307508387257953 -2.50354166732231
0.677810420121291 0.291865178911207 -0.718949736145295 -0.159003905742433 -3.28809728113053 0.929943888520372 -1.8567863597942 -2.17355531314773 -2.69450968567251 1.06690171367554
0.648652479361021 1.97704255891041 0.833690535033953 -2.05396058318359 -1.21405521632927 2.7988260947802 -0.195850990705309 -2.48982756329726 -1.34464285291738 1.08662111157515
-0.339927015460365 -0.61545246282031 -0.596944711891158 0.511472060780404 -3.17116479876703 1.62040455079442 1.14767481796241 6.0467355014088 0.90535456843955 -0.915615094202653
0.286683522870465 4.69510810410511 1.71448179775126 1.11241634673923 6.01585387130845 -2.20992688128918 1.21085104950046 -2.9162591449695 -1.68621166486093 -0.854897708271068
-1.52843367429816 2.23988622910203 -0.381958767174477 -3.18448863444643 2.72785794420592 -0.280506867942609 -0.7278739093786 -1.08963186954178 0.944221529871929 3.14829356159673
-0.384979466821226 2.37232702656438 1.29134693295834 -1.44545328800894 1.60634090222641 -2.49775306123898 0.292853189301238 -4.69481233447233 -0.799785388601131 -1.38801908319331
-2.64461044609172 -1.19178288531649 2.29717276374729 0.179541228609395 1.24281388093203 1.08112026737113 2.23687402100167 1.48661914401148 1.45496391293026 0.313022109677344
-0.983211907152268 -2.6907719556663 2.17808835651049 2.40174816859119 -0.023563821027389 1.4990993160569 -4.07052386917319 -3.21644870227124 -0.0614843865966724 -1.51213596711139
2.05250767383054 2.20669221637761 -2.99945720045794 3.55965702729733 1.43631414179861 0.598794627457232 1.46955728302515 0.502929654937781 1.14486211700035 -2.18472318579855
1.53309115912035 -0.438665861521984 0.345011295851144 0.373135206744265 0.407885529498203 -2.90530254825006 -0.721125870438595 0.442643144623909 1.4377633178366 0.0525234696640781
-0.211234727835459 10.3773756952378 0.800194766219956 1.19592947312833 -3.19133660312947 -0.860520013381923 1.83250995906038 -2.40870902954728 -1.52195461474352 -2.84597683455191
0.966562724592862 -2.60581869941664 -2.14014162005275 3.30669391882254 2.68006943165683 -2.4746692299574 -0.755115041374248 -0.63154948828487 -0.59895155382297 -0.211060904127373
-3.51501191917096 2.06991290967351 0.769562084990055 0.0419084335097831 1.99167097629314 0.813232117031188 1.65906181509441 -3.98147136086247 1.26205233403731 1.14978614909709
-1.82156547469151 0.423292723552358 -3.21726124448915 1.23309411516913 -0.395225660190554 0.284214269646916 -1.09916999361469 -0.739740366402691 -0.167003542250613 -1.23643561532761
2.27439108633533 0.447911939749356 0.174588169912928 -3.19315986484689 -2.39267805781763 0.740894604894832 -1.18011682151617 -2.22179955826578 0.751186339243246 1.61314950732276
-2.61741434372118 -2.71441810281216 0.460711097395672 -1.77461232166214 0.221061490331648 -1.58930258481519 1.02644853912439 3.00270555630613 -1.96939281932264 -0.747480193479586
-1.61128559945968 3.57863805392723 1.01447210695474 1.56648839278546 -0.695757777686996 1.22335944645717 0.0408085590206718 0.564471959724037 -0.309654354295136 0.840303387883639
1.76466937180158 -1.79571579756567 -2.0829030909231 1.02660365142357 0.699387040281487 3.56042712563535 -0.547756761633173 -1.8054772251773 1.39182085991734 3.09666042159104
0.209695023036194 0.122208463630968 -0.0897625867106817 -0.600624931698112 -0.303574559920546 0.463246505631427 -1.18750362012699 0.673113633359806 2.02107170933324 -0.420717879484496
-0.990050669702054 -2.21863404916275 5.00462316301794 -3.03267204899677 -1.1553056219809 4.29705302089469 2.89139498600274 -2.84349842454828 2.47499917876443 -2.36359003271036
2.83887906856993 4.59322970092955 -0.287078965745039 4.39468245921715 -3.87336253620935 3.34710230383559 2.76271974026906 -0.323625700164254 -1.03999677167098 0.459954195752934
-2.17741940369034 1.81752291494 -1.3588408174622 -1.67843311304647 -1.2695128718512 -2.18650641881837 1.32935245679809 -0.924925202935338 0.93066672189215 0.813112045670231
-1.03004318718681 1.97963631401365 -2.08346034707592 2.6213270577725 4.82846362878634 0.21062999994827 1.46305042439732 1.79831720775039 4.73521719602796 2.04340688440998
2.09466795820696 1.33047641429412 1.92507202611378 1.81860975516428 1.24941661439011 -1.5935612578216 0.561245628954783 -0.360070528717614 -4.23672233912606 0.458356176530521
-0.780748054665665 -0.327736203715002 0.54805155749777 2.37774874729501 3.2860080599255 3.68570713953608 -2.39604226579344 -3.58818312375999 0.760159581319741 4.28800602179693
-0.014907096590881 -0.187849380091099 -0.872374545720695 -0.660559890712183 0.119714120271674 -1.28110235300388 -2.78668098099789 0.0844497120905849 -1.26513243174968 -0.848589560515074
0.509232715733521 -1.65060075840603 -0.3720559936092 -4.41868705248046 1.33782869490932 1.77008681364247 0.0994077012944936 -1.33772373298443 2.30031226935638 -3.02532798251812
-0.429768193915371 -4.28636116383356 3.1779791567974 -2.27338598385983 -2.35437262559236 -0.717980154511632 -2.22759877568857 -1.91607560055095 1.78524520863281 -0.744176362054301
2.71632341065556 1.46855929753575 -2.60401144818865 -0.1209396490599 3.13804605044818 0.641585164161468 -0.690992816267239 -0.305485443815136 2.39795622012822 -1.33300137752077
-0.204896794866639 -0.158844174999928 1.48610066048586 -1.39386890431461 -0.49778271337631 4.47687554544931 0.223535430033946 -2.99230861759061 0.397075949888084 -1.77390797711639
0.594426218243486 0.941267687062034 0.887315096409661 -0.771465328795968 -0.36887755103194 -2.9055344211828 2.46357244919239 0.223534776431079 0.358597329560541 -1.36142554843489
2.23395445361255 0.148649003637505 -1.26766034586444 2.11266577455369 -2.75728680418085 -2.23942311993774 -1.52694256662963 1.19491022663621 2.89537706887909 3.18969763230383
0.660366454264381 -0.869279499222092 -2.60783790355451 0.980613194585444 -1.72148624099204 -2.38616011695653 -1.3057102466349 -0.468006243622111 6.05884159885827 3.32387892914225
-0.328482713395768 -2.41831878337998 -2.95109166162803 -1.54520472095525 3.03545255124206 1.85418750349947 -0.528798984638078 -1.36806559462403 1.57729710256002 0.799618658176486
-0.59397876921545 2.13886069632042 1.37942480609554 -1.32660874801287 0.248071660288643 -0.101960295142848 -4.22137837736003 -1.37101591374852 5.92328799395753 0.0557963761690952
-1.16206292495566 -1.53452458350579 -1.15336693196371 0.747930484407245 -0.663004748711603 3.70868389235881 -1.24970750447792 1.60200253684746 1.22704196331652 -0.83215975622893
1.64006184573576 -0.0345973577312566 -0.925188090805969 1.18682426753029 -1.24999250060251 10.8794636064521 -0.760842249636636 -0.536507085537269 0.151538697051016 2.92188908788342
-0.0115693032133358 2.26194914479132 -0.897898275981314 -1.88103468777854 0.860715666724033 -1.19474470989474 -1.04822713063062 2.20813061764351 -0.981297438522834 0.468676454500836
-3.14375782358153 -1.66493942736224 2.00390002456817 -2.38289926156702 -1.08559979502442 -1.06256054248412 -0.0992877690566493 -1.98760499383829 4.82230479234774 -0.604924326415385
-0.3144043518558 -2.62828117183191 1.77930184759863 1.37568108369454 3.27013033546281 -1.44563945778116 -2.51513173711239 0.924334795543977 1.28666971700705 -1.56464042987499
4.60927186629002 1.3215946469945 -0.266092170375159 0.854577314471943 -1.60987284337315 -0.511246061935702 -2.01292253075467 1.34363108236805 2.23188291621608 2.85374492898017
3.41634239727065 -0.97173774642226 -1.442828355469 0.439588091847514 0.567112513511781 7.22001185213848 1.29264337849989 0.81889512450666 0.15270681659242 -0.572301118744413
2.70919073670928 1.43523393879378 1.87402065384743 3.20221446060295 -1.36294708181132 -1.60346338252753 -2.15641691392132 -0.886201663459501 -0.359189719561686 0.122093558498733
1.13863453223402 0.827598763792196 0.894516941404548 1.1406406112527 -0.0116994466008436 1.94384624755432 -3.75465459212097 2.3420638989572 -1.14037558469687 0.265415700170798
-1.04991558744493 -2.2399342217352 -0.386973213971841 -1.49399919227508 0.542454306999002 1.11558238651156 -1.6859411635692 2.93280218460625 -0.812314338616513 2.10868242012948
-2.08113116197442 -3.10626231929992 -1.46018427964867 1.91025721995141 2.00890374257578 -0.223473192351045 3.91557761307931 2.61846301301409 3.53934236929373 -1.6508919830757
1.55862279940974 -0.20554886511035 2.03343444430147 -1.08332233180011 -1.03100112269692 2.96755993155443 -0.299588327145469 0.0456917790808732 -0.546639973595219 0.489156284333928
-1.95763279119282 -2.18867659072024 0.578501240262378 -2.03731011360567 0.648014287866462 -0.940256866415166 -2.13484689646094 0.0212838815467625 -1.90853671474144 1.51530435793394
-0.50941569957219 -1.17854511176689 -3.71954647095709 -2.25960897968991 -2.54451404669009 -2.09847021089929 -0.381180667667307 1.34491730687294 0.513873372220896 -0.401479299257377
1.47341980082741 0.114180638185759 2.53798337349952 -0.984671943419569 -0.537684504786725 0.100055909842065 0.891493670915705 -3.49514065777236 -0.666948991942431 3.10932380718033
1.42379945893332 -2.47914685022044 0.394152146485965 2.35109256276982 0.790214422056182 -1.83408248928347 4.11450561211327 -2.63286593172697 2.39965829704557 -1.77019029724604
