3.98099701488255 2.85817208636598 -2.56239523355037 5.66463290974453 -0.213805830593101 -0.98311782886211 2.44861873734389 -3.51587851323274 -0.104723594141589 2.78995831610739
-0.0510172613390259 -6.64732210920736 1.31969952984199 4.18778742994614 0.187811533756879 -1.58611121760102 -0.367327938919575 -0.219590939580763 -1.75545093238137 1.52501948975488
0.0666852001110873 12.9969300502064 0.985555329150363 -3.26910776217262 -1.50804719972734 -0.855138479721297 0.215899248093464 -4.4343809327711 1.41644549910067 2.42785046806453
-1.17326883241372 0.456102168342096 -1.05923572511679 10.0459604411136 -1.09227011615765 1.98727213231281 -3.00907065377238 -2.08523884366856 -1.0664817304288 -1.57324467783304
-0.585445138796201 5.72883054849114 -1.38930794082197 0.159531987875983 -0.271899051997987 -2.77189714895241 0.743936799372578 2.70868772212818 0.592738180149474 3.87869301743718
1.04479666694228 6.80119294773147 1.87138851595804 2.02250342212365 -0.129165228788536 1.77021304186433 -1.40581661390821 -0.886918936753661 2.3651837665707 -2.85668882645948
1.07877188229229 9.08141940302193 1.58350144700467 7.78238396095267 -1.68254150886428 -1.54185267598353 1.92965795877275 -0.0408535944715375 -0.646895595766828 0.0791079270717441
-2.33611473093345 4.58232631545169 -1.15176307447224 5.61841830991963 -3.01664136110641 -1.8478555251886 0.696726133520114 0.109245300951496 -0.997352568256854 -1.98336499189376
3.33339440584394 4.36030330374923 0.134806626024491 2.39192659660158 0.681479744712417 -3.13533451906787 -1.84196228733979 -0.532952571240946 -1.5723837700687 2.21032820358881
0.980086488381052 7.48197066365181 2.7324960706934 12.7261919294948 3.72398180229556 -1.28213861560564 8.07533905594163 -2.66706077697233 0.194668097002661 -2.59789285449636
-4.09584194052184 6.37677543348148 2.06985586720383 6.38789445437431 -2.73034320392839 -3.4476759654351 -1.19295601036403 3.04472641706253 -2.95368877770257 -1.98486882306192
2.23651026232113 -0.889685881309705 -1.43212407866612 4.23516031927821 -1.71985192614016 -3.43564082636405 0.424420881975106 0.0655473390363486 1.68709180079208 -2.68114167185766
-2.53829352820899 4.55667464725675 -0.317475302243669 9.04421090936146 -1.03044021488753 4.7136624093021 -2.94054932920624 -1.5362139337494 -0.424094068749644 -1.13074075055163
0.290180438100183 -0.50006815563251 -0.27051630499951 -0.789765685575448 -0.381407269637534 0.869526290641142 -0.344674195538359 3.08143184490272 -1.59659922766107 1.14144035465176
1.3758429635399 11.1690701565925 2.2315022974355 4.62399891323575 0.344219403196787 -1.19417298003275 -0.821585288978096 2.74205291853828 0.0443629767930818 -3.23268431408908
2.8331993872642 17.884766627733 2.61680761581445 10.4463772536827 -2.15329582517 -1.43022725016839 -0.495361421779483 1.23423259260696 -1.65181412954511 2.38837996374777
-1.355095683093 4.67095416766285 -1.86418573770943 7.65683049304592 0.0731041038788142 0.0812475589563584 9.22096066428135 0.889614895552375 3.28710897185905 -2.29335449820617
1.06815515147759 3.50785458754626 1.26999394125401 5.40714435401972 1.35358834855317 -2.89037810464213 1.51830579003245 -2.97058218637605 -2.89233155653734 2.14769967146343
-0.763611314464035 5.96400177984333 2.65660001424983 -1.33087802604207 -3.53817327341538 2.67355732341419 -0.210143880156489 -0.543868040196911 0.529832836160248 1.31643590675297
2.04684330812501 8.94367815195357 -0.921631731699402 5.96324651991941 1.4820087305344 0.580152047526248 -1.14053163577306 3.65612187545159 1.41713807841661 -1.8148199345067
2.47251018761389 3.99450423402681 2.32744452093944 -2.54235771646698 0.575297267025641 -0.358120016220401 -1.29595015255144 -0.933747541476352 5.32514079114198 0.0623368638032188
3.63935109543335 5.15684957797535 1.4152062059333 -0.203718217086529 -0.771942754324563 2.06341584947678 1.61152079676887 -1.00328544214027 0.992247634337909 1.33732540398613
-0.22945761953889 2.47888296665971 0.396629808349949 5.35770507445617 -1.05215829518768 -2.30664910159469 0.944828490242721 3.57351493282142 1.58175462293946 4.6886743154325
0.284290427068243 4.94863781458607 -0.0548034908037937 7.78540915259387 -4.64276040740335 -2.6364422355887 -1.27574888961924 2.93530250069438 0.743091245067695 3.57960532741651
-3.7523561380674 2.8680998117529 -2.16684652265771 -0.427813674823619 0.57085259726833 0.597930962260359 -2.22632211002687 0.71226167679777 1.43399266587941 -0.373959628301052
-1.68502200529259 5.37437548654778 2.231146288345 -4.60390002979695 1.84026791119355 -0.646327280039278 0.933784911606722 4.14822916247547 1.68663901766412 -2.31196562105306
0.695190129188687 3.27423142485512 4.35924148110079 -0.573278046539051 -0.339646399821373 -2.30221620053967 -0.161164210760168 -3.09855045547697 -2.01361183581711 -1.50270380137525
-2.71252439354355 1.45337518368995 0.590056963398548 1.63893474855545 -0.551561737433227 3.33225430298666 -0.21054016333647 -1.12744970426352 -1.18742164207828 -0.161408531378023
0.622405578592123 6.86683938134238 1.30381908434173 6.16051693224746 2.43828863810331 0.0493515164159066 -0.869722204929866 1.19119513820535 0.468753739253294 -0.811021658688225
0.604586608181061 3.21227293221719 3.33733527125356 8.23935990359026 -1.02167078844545 1.21281558758039 -1.05087965746431 3.77458217332659 -1.49689636890475 0.0825680373493584
0.79551643049675 6.79630312621246 -1.24054559517182 8.23973565722481 -3.51910288238599 0.161152569370039 7.5951375690949 0.101120380181557 2.3545502698926 4.38760983975032
-2.48385317079611 6.48580086306256 -0.647854776144992 6.12929139588586 5.00351866503556 -0.64360951003012 -1.75203221338943 -1.85015230484641 2.38310586683022 -0.0287463314622173
0.0476074333093662 9.97616891944646 -1.16321234216978 5.05543460709248 -2.17572732037651 2.92784575701221 1.06352193474578 -2.12555194208785 0.982691978752082 -3.01980881472726
1.32279876490076 11.5137950923962 -1.60340320529592 10.1056182496289 3.52949978928057 1.30032077037324 -1.2746723846917 3.1987299673574 3.06638884416761 0.173286913747586
0.372893265097407 10.1798139230684 -1.96829227060242 6.35114237799032 -0.0727804493663549 1.23143837290068 -0.95324049582 -2.07779162573725 -0.339004107553582 3.90843662428435
3.68828742883553 5.23483983453918 -1.50735108800587 6.57123983308174 0.259779482564524 1.93783018672249 2.55531143271121 -2.41964474850743 -1.91055220616564 -0.511196203850423
2.28945007947643 4.22742669295854 -2.20048100307362 1.1352288689841 -0.555375239513827 -1.6586105955103 -3.92599389837899 3.1313209860278 1.7452293387568 2.71727437763936
2.36531307975837 9.62988580721549 -0.035412349459414 -2.26092319594768 0.0562734749689366 -2.83993394236164 -2.43481991602722 -3.17988617548464 1.15179286812436 0.163005720535298
0.557236435306957 3.96664989123139 -0.754004274655317 3.93637258545593 2.39295267643092 0.110512593385923 1.05728547798485 1.65254238910538 -0.141987285190294 2.04293627803806
-0.691621770204275 4.23318138241686 -2.04543843290834 5.17466240378976 -0.425367939222451 -1.08039884314608 -3.9124017972407 -1.83456307584923 2.932814426125 1.70922686548672
1.12987259632944 -1.22549663486577 -0.00819586219706005 5.62695097860357 -1.64590499140329 0.985848492707984 -0.774688235351134 -0.649474392365187 0.613440543907754 -1.61688569941937
-3.21341510266598 13.7417043837983 -0.595787193203139 5.28235405625471 -0.588116153061154 2.13734324467234 0.28326888030071 -0.874741656012611 -1.4645218975559 -1.43227583308563
1.07859385686186 11.1300116411043 4.50911759518422 9.40149349732064 1.5332589215781 1.16310799726841 -0.539651299350505 0.326402614987798 -1.84633478016151 -1.38370728688488
-0.0310679343608921 7.52720547090063 3.49999919706713 1.65019875004465 -1.81091607815063 0.482457051905332 2.9484829884465 -5.1044381886412 4.27657131336601 0.387897024628869
1.0260627687716 1.62679924524958 -0.145924491679827 4.74934697457825 0.387146563932942 3.21310045158683 7.14158353299686 -1.34676191465384 1.77549442212783 -0.0782322241674577
0.909690781061087 1.76051946940125 1.71661614082298 8.79914154929222 -1.0509021288039 1.41637069724668 -0.177256694427489 0.506452779644078 0.757478223025898 -2.02197795609912
0.197924394259771 8.60964501304726 -0.547978532851921 -1.76863366548309 -0.950829139881633 1.76765483862498 -3.65866959139718 1.79589381309359 -0.518528963298945 -0.0617958205131176
-0.577752223196332 1.43030608558828 -3.62556523648191 4.97989669768802 -1.5749698434424 -1.25416641093868 0.360015559616045 -0.156848933031689 2.47566849517772 -1.6915868039827
-4.50014003360354 11.1042934342046 -2.99792882464648 5.09520446661975 2.28501518598455 -0.941398251953325 1.6224048405846 -1.64553718666212 -0.180018036482053 4.43694019973796
-4.43742889889401 8.16088991243567 -2.16231974617107 1.62464107175824 3.06860272478178 -0.628938382788095 -0.427451449512023 0.196753087772885 2.2643065132044 -0.0190153604057827
2.75697193386628 11.7180125387678 -0.478276904406456 0.357165716247355 -0.323593714309454 1.53846666751596 4.53134477480025 4.27035334375181 -4.61949341514485 -1.4503104975485
1.46400119584326 10.5289830162576 4.12604540625709 -0.836700764437679 -0.00516323579116271 -2.06556899191505 1.70256068298685 -2.9047191890285 1.76211306221123 -0.601783052494401
1.25948463055172 5.95365665367517 -2.38508985462018 -2.24399856338083 -2.73220280053312 1.39425956421436 2.21416076906369 -2.09371435347101 -0.303685984031462 -2.02182764056023
-0.331772055888319 3.4183316574475 2.05970998722368 -3.96207700974367 -0.737041823125979 -0.158907688956276 -0.417619832097292 0.964967335244553 -1.06268181259339 -0.701383426859324
0.596443774285091 2.14472104934078 0.410502223597076 12.0512541242642 3.30312688809745 -1.10762017005223 -0.907372575677595 -3.47183791073726 -0.339529684408252 -1.3239208078624
-2.27550171289167 -1.98419307566734 0.88415724980059 2.48401937335229 -2.86547641948709 -2.69213980166987 -4.62596915249011 -0.00580493613439168 -1.9660218391881 2.37071760591485
1.04926708100771 7.83561846981597 -1.46484840087452 11.7275224850159 -6.17699451227796 2.09804539139564 -4.33927392167135 0.813211187559864 2.9731174832088 -2.44161241631691
4.64213205846055 10.473986544132 -0.0107026629259061 -1.00516993256199 1.42550841575925 -1.51868706767381 -0.698379528151449 -3.4064090547785 1.74266436359734 -2.18623305844554
3.48290223275815 7.83487280127305 -0.845665538439119 4.07931076048396 1.38903451676427 2.63480291280309 1.49753350858391 2.75491902386818 -1.16837844991639 0.0269459088814526
0.187885051652918 3.74090288485296 -1.29816171242485 1.5603177251353 -1.46788120498156 -2.69208102666235 -0.294921804834539 0.833966937058899 -3.22009412928703 -0.144293597447912
2.35168008922251 7.04849999878917 0.0999830002501448 6.52220567020646 3.13897762411699 4.41031445060755 -1.72091907632433 0.875588967052951 -2.39234048694423 -1.99894314620266
0.354762216143925 3.05197727475518 0.640213064920707 5.36248108368676 0.00910739715561707 -0.404979216019147 -2.18643908305794 0.304406526899116 -1.15573989632662 -1.50277023734587
0.646456065768957 11.6841207200791 2.1557431387513 4.06429638083346 0.856140696020646 -4.10509488058209 -0.0209734248188821 -0.258179861890938 -2.92054267552724 -0.948472391371465
-1.13521810063662 11.5794068636429 -1.24162206497706 14.286412279831 -0.133988150183556 -1.43099925735431 2.76003793462381 2.32994980587169 2.94513134382558 1.52053844427868
0.360124471035724 4.81349575635102 -0.991181082447585 -2.05083123225068 2.66648331127988 -2.09719553501446 -1.28209786739378 0.869737476976027 0.542556380907654 1.45942983106241
0.719332202694681 2.41242791970207 1.50372460602059 9.06818375067558 -1.28188258355858 -3.76046986292396 0.0949174944873077 -1.53632711994809 -0.904696764646778 0.0282808762195882
0.946027875162942 -1.45770443300939 -1.62976436785399 0.855574314839559 -2.46187040096172 2.37910796475788 -3.77477462957239 -1.16178764342762 1.88817651494743 1.46877560721412
0.651536565512574 3.51394441272972 -1.89602092693571 6.54821067944695 -1.59791283533576 -4.26091586706665 -2.35176457545287 -1.8699334854294 0.586892010607227 2.35526979555269
-0.781102104306763 -0.600554326931355 1.41523956824725 1.68329757420995 -0.260953401387491 0.0656276323617106 -1.78364240150002 0.0213048485696424 -1.64186169062387 -0.792147378627382
-2.93971569771552 4.8463477486032 -1.08071701301714 5.38083673288119 1.71278819254146 2.03628465355505 0.0621022163179048 1.61351298655805 -0.959777676535807 0.662170517673542
1.52536076607424 -0.414056761742846 2.50972449468433 0.538473528053157 -1.0570694849522 -4.82650518417827 2.10729213298057 -1.29311989173451 -0.398799180086948 -1.87539910751369
-0.4195535133765 3.64314666826769 -1.02148144112443 0.624568198727659 -0.397703731313392 -0.64560803750449 5.82827702474654 0.00451094996468052 1.36332126736026 0.398340604091073
2.09351237903633 0.888756164403489 1.40476829084962 1.54882851902432 -0.489081260995022 -0.884557262287668 0.546431226732531 0.74206733538111 2.87642545680361 -0.744127126507692
1.37246955498174 1.32194612721697 0.151221140647136 -0.0193425324869816 0.824404738585364 7.32403059763949 -2.11411045700188 2.62655381451685 3.10026037234477 1.16218641942341
-0.0445221466247567 11.0453893203995 2.56077820025513 6.69710069165929 1.84030937638116 2.40321389375286 2.56222933377553 0.811624653658412 -1.34734094359914 -0.0168971990941056
-0.363274899175678 2.90229655397429 -2.443672368445 -3.37248246170828 -1.74103806225106 2.50415531862455 3.37787179824914 -0.78033335176512 0.377081336205677 -2.3670758142076
-1.04814642679088 9.03129850085392 -1.89539337737487 -6.18830493365171 -0.48288515373816 -2.81752719885529 -0.825150851892136 -0.762029609306006 0.311448237395996 1.74752296275435
-0.184771771840849 13.896595077685 3.77953026612999 5.85881641670869 0.0854358372075396 0.68496006617943 -2.70334844723401 0.932831192004254 0.900971338854375 0.0558391925126496
-0.201784784272519 3.76773148625941 2.2534908368275 1.19956543647104 -3.64077883172559 -4.51088106408534 -1.58550744142392 0.00325898369418231 -0.903561779114091 -0.751519452894367
-1.97499220692571 4.24376086617713 1.87332800675546 2.2919423861228 2.89392309985236 4.15520656224957 3.59625163117669 0.150633543248284 1.68557568168397 -0.784478404913444
1.7552992873343 -0.606713724170208 -0.537599750150145 11.9542477742404 2.48940135282196 -1.16078941041357 -3.19691628089653 -1.33739699509479 -2.8385537205018 0.720700700239521
-1.80591785753968 1.01425116478418 -0.582744777262681 0.465090919846639 1.45703749665046 0.892621604337173 0.727848446146624 1.82829751984034 -0.913537772891009 0.932490383127245
0.43963109657114 5.69640248314884 0.456706607117947 11.1543211487289 0.879555570861735 -1.58131562783756 -1.17734467126643 -0.415431830680023 -0.447270140118893 -0.0653115686918239
3.19661026684078 1.27508769976185 -3.55108798713115 4.0831030826136 0.560198398121234 -0.274190515835323 -0.205801857404656 -0.806714756923631 3.24235993389912 -1.54913765267146
1.27663925372547 11.8100118688758 -2.27542487131213 3.26703178483557 2.91392202438909 0.29736174875145 -2.31925203475644 2.69122632152873 2.01998087536674 -1.16407840472087
-4.45394905629181 3.06780137655789 1.56426477421334 9.88317103868948 -1.04394658571942 2.98422070507088 3.10617638642312 1.46613770029314 -2.79260240460072 2.22497566977857
-2.67693021651377 3.35707783140639 2.12746901955399 8.19285309011545 -4.0041301599621 -1.84508179838918 2.39904678762461 1.89699379033417 -6.33661885405339 -7.77685078880421
-2.00521895726849 4.39007721083364 0.381035751969488 3.87133565107335 0.45718515794603 1.97056640816546 1.86959295305337 -0.388332267569797 3.03312841182356 -1.63294021360588
1.86247382277461 4.91869116860231 -2.19512864876818 -0.0750834287613253 1.99832658068871 -0.797752632360355 0.242531746833621 0.282859910637917 2.05227297474565 0.394660248507103
4.94149577865732 3.49948518884612 -2.2684960948598 9.98729859868344 1.08055929085999 -1.91008355952647 -0.0250118896097015 -0.75437151569894 -1.23657553798333 -2.46793027536785
0.251066130149087 4.20110998851002 3.51918314376421 2.21626706570701 -1.4686002229675 -1.13464324671436 -2.0947666882253 0.228801972638588 -3.27955307257805 1.43135521034943
0.537257785313631 10.165707901302 -1.22096151224234 7.17091756212441 -1.69113570335278 -4.02028348896687 2.23252836863565 0.970324854875251 -1.19572562998108 -3.11666824864463
1.13955980259997 -1.62449638314301 0.447883329423267 1.64315066921987 -1.09964257876845 1.16615648892359 -2.41000245128808 -0.10647073884323 0.951112600068877 3.6213358768781
2.2598614232561 4.95044581139163 -1.24817749387981 8.97204585841699 -1.63814277410879 -0.802687295376538 2.11315911997484 -1.16350760504464 1.58756549813576 -1.72955551034072
-0.282167839785901 4.09074894230239 1.87489935369323 -2.94203703716279 -4.98885678620324 0.961785332438338 -1.39540686415227 0.674472849066543 1.89806635021733 -1.65507610076438
1.27036590587652 2.34632115847472 1.2749712537205 9.83990096843874 0.865866182451599 1.58988041760757 -0.977211983574632 -0.852866667720766 1.54985355338949 -4.63279130311263
1.77835003436184 8.49503750414316 0.292296835778539 12.3040551196099 1.79397299265442 -2.08472592872736 1.63653452971597 1.00926636958554 3.63809626281661 -2.18173591416158
1.22110125726738 8.53611043911525 -2.37543150994587 13.8489865099262 0.751839671547337 3.27459656657467 1.90711794709299 -1.97742020342667 1.59951441550473 0.988095836234966
1.13906163579652 0.382070830312155 1.66301134878742 11.9158025958128 4.66986947738342 -0.71216162235558 0.954355619769359 -2.35219434818497 0.47106008691551 2.1130588972663
4.66993600897887 5.67674836397376 -0.412823036934019 12.3870626365786 0.658951294827654 1.60077594358685 3.06279474770468 3.18898706309994 -2.09432929719427 1.9745161925461
4.90663577502367 0.614252752466281 -6.35734036125784 6.98910081975414 1.35597514698268 -3.18466366819925 6.23292822487538 -1.20836000579264 0.739310298747329 0.665708787898518
0.508158681726592 -0.688510418069609 1.0578457160539 6.8952609567372 -2.02106202798522 -0.74265324763088 4.24504577770562 2.23561050897212 -0.738169706593358 -0.303819481930403
-0.791064261834367 9.75495289533141 0.284433485197228 9.08259849505425 1.965159962582 -0.551906006264608 4.23258100498997 0.949718906042161 2.58640502066933 -2.71543603911219
0.857864813703574 4.07775352255515 3.71999436967486 6.97572508639218 -3.30247465189578 3.68857954220898 -1.04762157758868 -0.357076480873009 0.562973163893719 1.14604829699164
1.53172999541005 -0.194328392917555 -2.04892724279063 1.49660113832654 2.87216730363216 -1.07699130454526 1.51424229432131 0.563740136637465 0.142969738533321 0.345909126514891
-1.41603504509861 5.50948315657832 3.07887804866379 12.0425999640849 0.695620324117786 3.88450008511232 7.80852005122473 0.196105478771872 0.423318966967672 0.968455446155718
-1.8469972590883 -0.309951806810147 0.357336363327142 1.32880870081104 0.0926728954937689 4.04689900961052 -0.803949767459119 0.36680464309833 -2.82343872565652 3.86752676352896
2.1742170979807 -3.31668405877075 3.4195836446104 5.30654922111043 -2.86814813069157 0.982440243707276 1.42811912478002 0.672189787795444 2.37058866151569 1.39576293207486
-1.75837870383374 10.6737431454115 1.90396629092771 0.0594048000696166 -0.752775654299397 1.16421100982518 3.2014861254779 -2.99178670190866 2.77563993863347 0.119928747605837
-0.789187204692688 6.55637330127584 -0.819313062990223 6.31270073892134 2.87266743835113 1.92524844467712 -0.0369446477469279 -0.44504511972331 0.318175488247658 3.65860977122739
0.358736840806529 1.5661169623346 4.04821334176569 5.60794162792182 -0.516668374399347 1.32610462159929 0.594832539989863 1.07741155374915 -1.0125770716527 4.01700753054552
1.16506551025851 3.09752104813531 -1.3122693991373 8.31122386639557 0.866613785328861 -3.42302506660281 1.46548477913452 -1.85987077820276 -0.144395885034746 5.0291844099096
-3.23148913538962 0.652599226612594 -0.301072589027893 3.75253768906034 2.36974382899216 3.03573775587256 1.01315602247667 -0.44096275982424 1.84022865112428 0.745601078924697
1.19899767598597 9.88705559740592 2.50535710295138 4.26153942278107 -0.926027884411571 4.93125040660732 -1.59328318200795 -0.419176711354665 -2.77882064057424 2.04983826556053
1.60095555508853 1.16395897036124 2.49565142199152 8.05327688816152 -0.751355828303022 3.48165016143953 0.715383852241994 3.26472088591885 -0.70929548618451 -1.6596067513191
-2.49188378399612 0.234437358971822 -3.72350144225026 0.990599883711014 0.180465371438556 1.51654591070627 -0.23530902725006 -4.32963439375547 -3.11421302556203 -1.34131706829104
1.33845747601591 2.64840406528015 -0.447549967827197 10.5979815630149 3.35362890391404 -0.260767392611955 -0.568470151382846 -2.01856385525349 -3.04214945408098 6.44804578727422
-0.237350163022493 1.47306749989215 -3.34304083887803 4.35652576798252 1.09692367901329 0.445763237901387 -0.183865671584137 0.090256098122114 -3.58301032458112 -1.7230527193852
0.185787370694587 1.75644831148667 -1.25740294186033 -2.62373627595668 0.736413479586938 2.24624691974773 3.06185628169685 -1.20201735817629 1.67214816217427 -2.5156801443494
-0.686477431977158 4.00974526295192 0.480429064984218 2.1211477380908 1.44783105916794 -0.158089135174177 4.19063696066173 -1.71953587329436 0.678648882090986 1.57139472100353
-2.43868554531357 2.65202191222979 1.22439621587674 4.1039501872586 -3.08024209003337 -3.19408617589398 -1.52439064395353 -1.42159363420524 -2.1626799553217 -0.602063315911416
0.136045787998898 8.86836297058796 2.06621940297775 12.1042748620845 1.99199306661412 -6.67829075311295 1.14608292862661 -0.0393035246615069 0.670972499659015 1.16870405364792
0.522473111596868 8.29771763493774 -4.78091047902149 12.2699413889344 -2.33098329525444 1.89543292610167 -0.249743525028767 -0.141591556960227 3.23088869705932 -0.236453663722628
1.43027147367228 -0.153297746661869 0.196081800764215 -0.193617393371847 1.40549048452555 1.03990235167935 0.892113384371572 -4.54462679812484 0.945560275277373 -0.981009051588855
1.295880799728 7.78804665745045 0.182156695551501 5.28258223378053 -0.629634591309919 2.6905761690801 0.794642793312188 2.16497594217577 1.41636386405726 -0.256828311969614
-3.38823815800002 3.25488430017427 -2.20624147400107 3.56909851572719 2.13145663610211 -3.9131839163361 -0.709785296491515 1.2230630501978 -0.488349512457354 0.257211982057929
-0.175914879898791 14.4905510109684 -0.435865458688276 5.96987611876406 0.789345798884371 -0.586977576812312 -1.80020855856643 0.0712398508247808 -0.428132298102066 -0.619528177138089
0.308684320974839 1.12145627178948 -0.264606387880377 8.35471827863886 2.83481146224873 -3.58983302793107 -5.00905701662142 1.20597143681698 1.81497253695418 4.08419316610569
-4.52929457519354 8.77665152963042 -3.25823094113552 -1.56031791201809 0.435804260853191 1.60247345674492 1.26230896663575 -3.10536657282167 -1.64052578238993 0.0462389259159611
-3.03328645692632 0.892880831696814 0.355719908455899 -0.238097184558399 -1.95748828473912 -3.7968350644008 0.771954818980602 7.69185495290004 0.554545801093727 -4.67483216633897
1.02620109060703 7.59368273622325 -2.83876517509434 10.3763591676679 1.08890922381525 3.7697932777468 0.945174337788234 -0.0887430884637604 -3.89638100108166 -2.07874632008683
-0.14853794649256 4.45837797572506 -1.61215382627137 0.440808842176011 -0.348565830745098 2.30173973211745 1.15981973699375 -0.530114002059522 0.792544906799265 0.850361146882044
1.19057768202344 -2.50741308651063 0.610446479661396 4.39948656505118 2.35600458010489 1.99596219946318 -3.16864398470766 2.06069821489972 1.4847335635585 0.775332300274591
-1.93825182751719 8.9697465116961 4.39437069333729 0.480955391361586 -3.02056807637601 1.86462163595078 -1.85450287092403 -1.62592141138099 0.18725900977054 3.25136969154456
-0.0663877561484044 1.21548683749053 -0.580172523627518 8.31586227570748 1.61681924324426 -1.70276859667971 -0.476482380134339 -3.4253860144574 -1.41163120729277 -1.24449368022877
0.51654260313906 1.76547193612242 4.23360164065663 6.60900795166327 1.6762045881699 4.7498276713066 0.772598111867946 2.29956810840106 1.27824811989522 1.26573279237765
-1.23299727344447 9.87136686215224 -1.97402811812845 1.5523234356576 0.715627150484044 -1.12160371877491 1.39995832033166 1.06783981674823 3.36059767697302 -1.7013092616486
0.502296127264597 9.93332079608557 1.26747618708765 -0.548923420127878 -2.20775844970113 -3.82876406052333 -2.012597313687 -0.89531316248782 -1.28787316890131 0.227281887424707
-3.07119261998494 7.00940826728701 2.14638041814378 -0.705868381585249 2.88774110312985 2.03087123868682 -0.211221120844084 -1.27111048856628 -0.41188603596321 2.31496926192407
-0.0878399068870488 13.1486549907873 -2.05511843920639 6.46782737831454 -3.51022373223707 -1.21584117662922 -1.35129242885767 0.0978346951165244 1.5015734909296 1.50746352966296
0.162608739890154 6.43041749471061 -0.23758073226332 7.13712502218639 -2.15678969231406 1.9372371750882 4.80077450253493 -2.41888974147796 -4.6625889957553 -1.62361210617544
0.22208499397621 6.70447008353318 -3.26868850319613 4.78739765213975 -1.76983572150359 -1.53283184809068 -2.36423103834742 0.260481824897101 -1.97724675882098 0.758983820274051
-2.61313530875237 4.46268240922505 -0.621912197968859 6.87719904714615 -1.20233901623019 1.71735553683841 3.07643006399032 -0.76028718188363 0.369463184440494 -0.555885773984633
1.00587535758367 -1.06978055933581 4.36286426927818 6.11415734619323 -2.57916016403636 -0.63202200552242 -1.61353703795958 1.63945939527665 -2.61299770542115 -2.05121204607237
-0.285411837210941 1.52466881202022 -0.362085176677075 5.54449437544546 2.55505414413601 -2.47999750384983 -0.387856060814011 -0.257216208155835 0.690514028341019 0.48547183718533
6.63600189309726 7.90507636978679 0.575282063356323 3.66057043461412 8.4832655663989 -0.26040439186518 4.07019272958844 3.5923349309359 -1.0347537349149 -1.2023775713457
0.33049289035135 3.69082506035189 3.18770981754272 1.04732452128234 -1.99680278605321 0.209043158042424 10.3955920979097 1.76003807274744 4.02038195018292 -1.50393102980491
1.41494545254796 4.5802079421686 0.510763278418645 2.45202386173072 -1.85596636564908 -4.02602262230613 -0.243029631636909 -1.74483714968365 0.0498334889441554 0.403005245643255
-0.041871535141264 7.16941410049167 3.3626531745754 8.93126093235929 2.91847043521128 1.10250407778553 4.34971180349206 1.17223339202711 -1.23311854506325 0.217555750967886
1.09880244887131 7.53461737905009 -2.78252446082975 -1.94087676413889 -0.113774041468274 2.72757067902104 -1.07469915782388 0.0914360838339961 0.420300549238749 -1.19394273673423
0.353201852086428 5.22973621101166 -0.989249146034473 9.70306867865882 -4.90057448875164 -3.35261502951905 2.64018368961417 -1.4059282228025 2.61374438516236 2.44265814512799
1.69832029824453 -0.964824036624002 -0.760418366034406 2.84509839849632 1.01863608368766 1.14549835106363 0.403579411258675 0.0790440939705669 0.479211777312521 0.109457913585039
3.82668644254138 8.430044354319 -0.358337408596474 4.60185232819031 0.684507402761524 -2.85710851322217 2.63917997052957 2.5510898651651 1.63442569200943 0.929064173906596
-1.93643723187134 3.07047049804999 -0.710244762397619 2.99611498630358 1.31623055641307 -1.37251500321472 -0.463810592419631 1.0163899002857 -0.441980806589436 -1.70897228192446
-0.959051619322901 -4.05059420984372 0.394321260655999 4.8995821135319 0.711616823404253 0.315634078063243 -2.52961329769325 0.657236502311804 0.0845394627582648 -3.65446379773133
-0.30060217082882 8.41872059887479 -1.36267232843289 0.290135077238443 0.240331541945729 -2.93800465973506 -0.664617768065387 4.27935152063902 0.179646498484193 -2.6511107600598
0.0714434933536663 4.77813583746588 -1.79859559548533 5.5938939703726 6.51699760940935 -3.70888867538476 0.629913126198489 0.287702497786852 0.73646073745834 -2.51998457465622
-0.302942315757607 8.10804952614442 3.96053354621194 6.12110536249665 -0.894475110027822 -1.32959265131761 -5.47708524869182 0.801318074052008 -0.328219561749367 3.16609583642109
-0.682284837795721 9.96264352956411 0.316554293736167 6.39762635964571 -2.10729593663604 -3.3532167034223 -1.59726274582466 1.83174267513722 -2.08826452911877 -1.12802249176851
0.40752981431098 4.06794828207609 1.30877416554608 -2.53949712259886 -2.90747377205784 -0.657333125214802 3.36132354375006 -0.936761650730173 0.475038016880345 0.15974586023041
-1.66007914403708 9.50521544733954 1.16256952274141 9.71699393129594 -1.66821911163008 -1.40648047179509 0.0376067392086596 4.32494837775908 -1.33197024103318 -1.04865409904749
1.15720041186586 5.26390435476262 3.08474722396891 1.26925049623304 -0.341492972547218 -0.82073467292459 0.22431847861309 5.27954385323709 -2.86307157716263 2.99019530994445
0.604985005481176 4.61349763264751 -1.12132850384644 6.60737961710383 2.5754541446657 -0.986151282228839 -3.11735283178555 -1.13688036488392 -0.655078614265214 -1.99582709093669
0.663329054144867 7.06780747468598 0.898935913293585 9.57237096544677 -0.207790925023838 -0.510596854958641 -3.248455190477 -2.25023965423278 3.1065077743016 -3.63086700381095
-1.94460922296047 -0.9868797321857 1.22288708922749 -2.58541272575703 0.945015148028356 -1.91076213594914 -4.98716085909301 -0.063795467988138 -2.01402217704994 0.953309533522595
-0.882515507115685 2.17821191198269 -1.66486421536846 10.3151720544664 4.33774127596748 -1.06933399989562 0.478968694357557 0.111733452607786 -1.99971191328767 0.419351646545636
0.923674278170077 2.12967629048199 -0.208801554956209 9.10024571464225 1.66404062414673 0.154885142647395 -2.57610962990816 1.05140908049068 -0.336362273584229 -1.84659103417099
-2.24576992532245 3.61004218600018 0.161274393939002 8.44457786907505 -1.26916480956999 -1.63255453807435 0.444118827926513 -0.0466135134797152 3.44717228609522 -2.34388654672699
-0.0134584390430152 2.78625240129454 1.70269265934348 2.96002961343439 2.59623212404706 -0.215326457596745 -0.8801280930149 1.55823905900634 1.41435964373567 -1.34383437098056
5.19089854515838 5.7954739849876 2.16388760832116 -1.43749548899881 2.12487712022634 -0.331880121794321 1.03135761898195 -1.27268095025995 -2.40792111285033 2.86632364984414
-0.0117547759979049 10.8432410778251 0.468696050722405 2.21679704006582 0.484731356442401 2.25094047345518 -0.809122336086732 -2.48433989973287 -1.77418774960017 -0.788412805973762
-0.0710327363510167 3.6975353369462 2.42908855655106 1.84490866675117 -0.954469936196893 2.55507996826436 -1.89866581746021 0.496638399548074 -0.606316950467481 -2.75315270601922
3.34606868786803 6.530535266987 -0.460807787294293 2.67949254077361 1.11013067093663 1.18611600491413 -1.52398712052634 -1.82182208285857 -0.881890356740949 -0.525894867299955
-0.81409944152169 6.70076927352364 2.96656299134021 -0.0774065819686527 -4.59677438045877 -2.64701193207247 -1.42666020440539 2.18451790411099 1.50170504701765 -2.32307309792531
3.64289356233852 6.28972348570279 0.974334044068223 -2.17542875455379 -1.3123530969317 0.255318509466754 -1.98833574926403 2.07930410944031 4.57691075923357 -0.261451107337709
0.653866987792288 4.35060100955599 0.886547302039179 1.78626131610862 4.60388094443914 1.79223035052215 -0.876081725532255 -0.697239726596969 -0.40969190287316 1.1239508590482
1.89803654726503 4.24009429443537 -1.07242203612972 2.77072087269706 -0.576558308512635 -1.66402897693182 1.76638406320612 -0.525053106619439 0.43435180540624 2.37757956810381
3.23910192861046 12.0287414958654 -2.33739956391914 8.5772394745495 2.01198049166582 -2.76042894260972 -0.470976377169768 0.964563687901578 -1.06350450731596 1.17808714014615
-1.28968508323575 -0.407533270320203 2.9161572619398 4.73720666629717 -3.43214860922256 1.7628673957171 1.26218772296162 0.876990838810587 0.352662069683484 2.72814362575915
1.16980855130164 0.94843558776215 -1.36883868399091 9.47094643261383 1.45173985311289 -4.12820591214776 -0.544020840984975 4.50954265174083 5.89805602113509 0.902594984415438
-0.8796990234361 -1.19354999664381 -0.822702555844834 -0.677674839505959 2.999294153842 0.22892323530716 -1.97630284901115 -2.0696122761693 -0.797190031006079 -0.311503514828032
2.05148839051034 3.39516871993938 2.99952890021731 8.21291368290563 -1.74403590302524 0.628267730525765 0.323227747822094 -2.3034424484816 2.05016062313321 0.170389265001774
-0.82769198823581 7.07256417514267 3.14128787432436 11.3270584890817 -0.41153944391806 -2.18356205882578 1.94597640854256 2.78035472682078 -0.311084769606117 1.50950335171808
1.93698483746913 11.7167473720907 0.322948321365482 12.3907810525428 -1.81327731698092 -2.14699477347293 5.28030934376687 1.71609572210903 -3.48577877852858 0.608192984061107
-0.549998098667135 6.40260582679813 -0.829842494521176 4.89346894358192 1.39607632089182 0.987205373126897 1.61495389103886 -0.774240534646552 -0.634686104860349 -0.884852611600136
1.8092376843899 1.14015429097645 0.722631686670125 6.62849957706433 -0.766226029564327 0.104453357041125 -2.78235225372375 -1.85232916860199 2.47549074066626 -0.310795452404135
2.06365190285432 -2.06807505831098 -3.30947835383803 1.21775571284008 -1.27980175488997 -0.925492009880729 -1.92556655767682 -0.526280355627139 0.390004158808085 -1.2999346611807
-0.869192789313606 0.208284998814494 -0.397181531063792 1.48233993992443 -4.73758143491505 1.37404154437169 -1.87679595910274 0.881934870107602 -1.41966844346329 -0.36873613038372
-3.69989805288712 4.51265340153798 -4.25223353076185 9.20285271981341 2.05967062818266 1.92369725137462 1.07726814008159 0.580001664937524 -1.15400249792543 2.26918053857703
1.81882328957652 3.20631896582875 -0.933756022328305 4.09986580729037 0.367729071658401 1.39953680710812 1.09766824649336 -5.64513046668998 1.57313671710664 -0.842619676092972
-0.782028153565861 3.13832085698415 1.82404310961973 -3.86902271908152 0.707800572646953 -1.0204549842528 -1.64580803842742 -0.784729924454734 0.390883960797666 1.09724548146342
1.23653195877764 4.05853397765366 1.11038029602844 -3.15029420052149 0.692700768690969 -0.62416031824521 0.777242178744151 -1.71365891563981 0.466654839118961 2.3599938750666
-0.505041159046657 1.75529703695613 -2.40342006940815 7.63196731744495 1.01627083048313 2.39419796978384 1.81231091515881 2.74496502068339 0.11976382613962 0.154155206895451
0.979591333156875 1.15507251754646 -0.806679810684931 7.8646050215538 1.32690425377416 6.02195533027841 0.110636893400899 1.77518173332567 -0.671408825906514 2.02694533528386
0.302783372955781 8.98147323810037 -3.22460530295352 -2.38648442038086 -1.88849845658103 0.264700985294137 -1.56225336333824 3.87699999371982 3.78387629242741 -1.07684863399441
-4.15238019973549 9.96033422126516 0.98700427299485 -1.06058409218813 -1.11529151004672 -1.32710363215975 -1.22319619497009 0.105021190007859 0.460790439814946 0.440192293385124
3.33193284423943 -1.15461602820369 -2.90087558543835 5.29789707745856 2.05708019931124 -1.06351256685313 -1.42989525878489 -0.309041344767226 2.00532051991604 0.891117602751563
0.155498204362066 7.69168097701761 1.49555815344027 -2.49100317510205 -0.887192739410731 2.27866065596432 -2.65530665508761 2.27275006763373 0.348784777872062 0.840607864247462
-0.904174672236161 6.13046643813229 -0.460334070302788 3.1472583640002 -1.30019273067457 1.78734898678877 -0.185732520034367 -1.59403789839413 1.91344118246158 1.46141772834619
2.39645825416412 1.24893329767005 -3.81761995986197 -0.818642971657132 3.63995959797992 -0.514106557012371 -0.577102642307598 -3.09093425496285 -1.0938754767287 2.11805635925694
-1.15563647845503 0.911871171210485 3.05919567628324 8.52161342674768 2.37476347018235 0.114379366308514 2.33365320393223 1.15768347247113 -1.86230991910966 1.9868449428862
0.141707487720381 7.29859983558747 -2.86495482796332 3.96762260452933 -0.772176656264285 -4.65069847996845 0.347408177248329 -0.645575588262007 0.575468150597529 -1.58415225108125
2.20115784454203 8.64044584298545 -0.60548268471284 6.83306843018976 1.21529023516967 0.705660142335856 0.865681319176664 -1.43217395887769 -0.291112278373072 -2.076772002247
-0.77842108142293 11.6946790628976 1.25647830463023 6.02029142420376 1.71349045018806 0.476609340651578 5.47250308231689 0.903497366961415 -0.541009426894156 0.522160801968716
3.0707742667142 3.5405481558401 1.90522325769611 5.44450489819322 -0.424544118123608 2.54902773895543 2.76269386489652 3.59245251216372 -0.185744305874883 -0.144774197250971
-3.62572440243519 4.28249408139003 -0.0182528161126144 8.95000704954395 -1.70493364194207 3.34939034802078 -2.5454075540175 -2.89871029793748 0.232768295386962 0.896292504867825
2.63409169088181 2.26395487222111 2.3331172414976 -1.7878592955005 3.42627895862153 2.02572201854739 4.49936502574363 0.81341957355447 2.84262278834473 -0.704722890587438
1.22343586003455 4.34814256253401 -3.02392454157077 3.00800887257168 -0.318177594392315 -1.24502305525954 3.37681623471458 1.40867252536234 1.01805259835288 2.8899188404786
-0.175152633383638 8.53424868566653 3.04938779685836 1.39394802727055 -0.235917416168936 -2.14267587518977 1.19999145351142 -0.660991915853273 2.89988826028336 1.36362543951374
-2.42815783674049 9.20830848681842 1.45542080366998 14.1363571452653 1.79991207237734 1.31406567530927 1.62919974226807 1.9870304531563 0.107133324888167 -0.23589332701999
4.73168623640987 8.97086525012223 -1.40820120316415 10.1061370859819 -2.11047226887619 3.21666567051871 -0.111887156984928 -0.505216214387187 -0.807389338019263 2.34662687530066
-3.27548080688625 1.58369524760096 -2.71732013054642 6.46739272242052 -5.46850150971985 -2.93138818394531 0.605054880587763 1.58483097008344 -4.34184007069086 2.42447817531697
-0.997317598522109 5.00757604753226 -1.59597300410133 9.15192585930594 2.16105814165408 -0.000595210040776198 0.492029655872597 -1.7803499219421 -0.18185166830253 0.82536626037752
-2.63988738754288 4.81785938271568 0.638606129754475 9.69762184383513 1.78886436356824 -1.41407666014543 0.850248241697362 2.54727481552775 2.34672573751293 2.21170542625711
1.91522167578475 7.80401644515051 0.481367541735635 1.56901429402531 -1.08336798789363 -2.30343271113555 -3.20345420277092 -0.164552540174212 -2.91559018359705 -2.24416180338285
2.76918817180458 2.55052465832989 2.27291023993241 1.86728022587361 0.204399713772095 0.537041166985921 -0.600222722331646 -0.0682139400640043 1.72798742728972 0.812304377066435
