1.8957631348112 1.71799050093555 1.74312551536159 0.379875113796171 -1.02351590582601 3.58674251579221 2.71397717530792 2.05748544043082 0.550869657288355 11.2523967890001
1.25391700714978 -2.75598533815342 5.85110509190758 0.350008820877362 0.108806128388154 -0.893784856337216 1.90727516274649 -2.03862398996738 -1.78190738863527 -0.0181183085392487
2.93597328463169 -1.39062822812263 1.87848102913196 -0.435290839113653 0.627913419559141 -2.57210494737852 0.42462814308808 0.54693623532807 0.138697568809073 5.32781596207188
3.23324221434225 0.660586269631587 -2.84696001707002 -0.391484813200129 2.64835282488878 -3.44727057808533 -1.5646803441129 1.96804619561349 3.03963839678801 2.84367833513631
-3.11037085369884 -3.77064939245674 -5.48050579576511 -1.7754981500323 2.80795097047064 6.9327830618189 -1.95304229003765 0.853034718336258 1.7635459670019 3.4376743882882
-3.32623421850708 1.99808745876155 -3.88133731837654 -0.947499251489072 1.43482925745123 -2.8645901926663 -0.52065374641334 -0.543860376445749 1.73017908036701 7.45991677227133
0.519622205277013 -5.25746058047479 4.34238330401079 0.0305311555693732 -4.29636651615595 1.35704344498837 0.752632595970699 -2.90137873096636 -0.201366516438081 14.8240444327454
2.17247677683321 2.40195195409972 1.38598358889389 0.00877888874144158 1.24561558924866 -0.226062537946408 -2.08530139442137 1.64471139283997 -1.61972824997567 -5.61020903215652
0.223815948672117 -6.46831150641887 6.0886027366515 -1.87025079822199 1.76909834068188 1.98104508365292 0.104342401822567 -0.800751015573028 0.0336778670042728 0.737427896038089
-6.32312570657599 2.19224074710562 -0.0833940107675896 0.416024223556173 -3.5065172292303 3.37581770226143 1.12534057777882 2.05085835054244 0.796013659280356 7.78507669248414
0.615968165904055 -1.59232873893794 -1.15586702788055 1.02976595158386 -1.25259483113264 6.45882076262245 -1.36029072767706 -0.437217371908655 -1.98837637404957 11.6583409112956
0.341777529587911 -1.26119466445632 0.944849017770465 1.692284490288 0.269776075279509 -0.39364095786971 -1.18178856227192 -2.30713194998169 -0.360456283228909 2.92942045044358
-1.73486291269223 1.09362115800946 0.0994866953885021 -1.22217631704399 1.99277437027675 9.46105150889438 -4.25424836285265 -1.03607820625929 0.88449272678668 6.60633042669339
-0.697587045863673 -1.38615032903078 6.4790489150332 3.69177929125998 9.07421995280373 2.83526672978661 4.15544378012855 3.88912192065647 -1.13410412065378 7.68572683173495
0.729929684421192 2.75940634421666 3.20624656237646 2.13094611512539 -3.21047756011958 4.44177422899641 2.11826141058747 1.96140952256467 1.59253434430774 7.1960237151546
12.4327929278203 -2.4935072578621 -0.998789087980681 0.715558538248674 -1.97131987007578 -2.02921204339402 0.151938456364848 -0.473219166104882 1.3462196059513 7.32120094431627
1.30977812440108 -3.33607785762877 1.34539481853369 2.93627749614338 4.27926113799104 6.86264031152874 -2.97178054392178 -1.37259533872388 -1.12391336298558 2.04877926232113
2.75122336115247 -2.10193856883272 -0.434191686189325 -1.78242303701978 2.22712408656054 -0.113959158309625 -1.93627997548271 -4.11922566294018 -2.26051113333676 1.35655714737485
0.240054007329702 2.41088831091414 1.19134111252922 2.22973991813953 -2.27462642885785 1.94020814004089 -5.72183630771258 2.39063157163446 -0.167768743818768 5.42622814909022
-1.14526281444559 1.23263974634272 2.24697208820237 -0.856483659888029 0.520072212993414 -1.04764788081033 -2.00909754928534 2.81970122431221 3.08017271163428 6.39018206213582
-1.59122986211714 -0.298937242602139 0.0346384455376654 -0.217297856068644 0.840920451381969 -2.91826059923635 1.23275883113911 -4.00036799898664 0.660291018314182 1.92938388704224
1.07954439056152 -1.52816173860923 -1.13602488152452 3.52404893452555 -1.19784346042284 9.35806367175711 -1.49741103227086 -0.568358981553126 -4.67760561187627 3.25980458408225
5.34295591893071 1.76328838782003 1.86160591108 0.846871623720221 -1.38129769865951 0.892978713827962 -0.782510743604394 -0.580885076307306 -3.62549916535136 4.74807478926765
4.59390273535694 -3.42657507749683 2.49857007760806 0.0766773944587531 1.97636648467203 0.806105200992176 1.96225657263368 1.39328644718495 2.82616116183612 4.81315940084948
-1.17770385892673 0.673908494441237 -1.59142790352503 0.653743336518401 -0.355700669307938 3.01867852953751 0.374026249120839 -0.279357609007877 -1.24782938408532 8.17780374176423
5.78274027030682 1.61677732017536 -2.4301980027797 -0.361240394093119 3.38762650292624 -3.31728555184687 0.134803296989646 0.606876116867224 0.0917905814883374 11.692563305623
3.3140959466825 -2.62059151385404 -1.3846954887254 1.4506010769543 2.94864635006315 -0.46218867745202 -0.365008913105747 -3.94682531225875 -1.04511562625998 4.52019804946058
8.60940841049954 2.95903344856489 -0.0456324627203151 -6.21220176615693 -0.330163426144408 2.35377574463145 -1.97587055459765 0.382638960378568 0.189145630004817 8.41484047977413
8.00057106376118 1.88732316720453 1.58109366077242 -0.300869493285534 -1.2896048989768 -2.366328499686 -0.52829006637 0.105898858195014 0.908283253072244 0.062310885507733
9.86856707369095 -0.152049145913433 -0.413300267097769 3.68609068111639 -3.15863485972276 -0.73302343944395 9.01977849712153 -1.42170877793094 0.324443937311912 6.99816781467117
6.04894308635862 1.66052403097002 3.65486285877198 -0.464915123942747 4.03611906156606 -3.11839703019174 2.77425270271299 0.437858186354329 2.03669469740858 4.48749016759004
12.0808486990052 3.595820865339 3.0673503078775 2.49877882225864 -0.202166589505972 -0.972400553850967 -1.15007394482124 1.94735141817294 -1.55615190333349 16.0180877447563
5.29231505513582 3.16688365717468 -0.4155467479867 -2.4000093416549 -1.05415405062146 -3.13122458994291 2.04770467283301 0.949257777596086 5.31017858252396 2.91110746224174
11.8622560823303 -3.10026392799114 -0.522319738028328 0.879295732163684 -1.73129930577164 0.898883726429176 0.885185487110076 -0.606889602811529 2.35943238821354 -3.70944436620635
2.06576187334072 -2.21959254791225 -4.92173311776354 1.90239082345052 -0.949881614874764 -0.728026449858971 11.102746162411 3.11790650913855 3.55190630074556 5.43116001838463
-2.31863746065863 0.700278694243315 -2.99480941036054 1.52032997445159 -0.361787500269693 4.81728784391064 0.980379379424318 2.05884647422586 0.437885032152444 4.78078424137492
0.00762969211698021 0.040731215459717 -0.475244665970256 -0.152453881656276 1.7603590641338 2.61759691291834 -0.0751332991127623 -1.33118055977422 -0.270591550200835 18.7417414751624
-1.34513092193679 -0.750625847778403 9.70566159998017 1.19695946446763 0.412228154751422 9.01292433604179 2.35900546544502 -1.61667940895945 0.0833388430940221 0.228400989032845
-0.536168118516153 0.175082242911987 4.84622859319893 1.94177181379474 -0.915617848083913 -3.36955120274904 -4.74866053736775 1.30604278010429 -0.942254930474521 6.46033585138504
2.68446382699125 -0.788552781969946 1.27353229741576 0.16109293019772 -1.62423414870247 3.00917923033416 -3.36812885045162 1.79102671792229 2.07932223181328 11.9981514501765
-2.74945927169566 -3.12826196637134 -1.43483416726463 1.89468150331812 0.806081167703532 10.1599589432988 1.6553022187706 -0.24111270377282 0.879037575117479 6.03780458874651
-0.202075671278474 2.86063132436598 -0.78694493072152 0.777605330752317 -0.0522718079637033 -0.760627128340963 2.5437734286385 1.58380729212956 0.14558267555189 11.4086626010273
2.07034608701895 0.438031880833129 9.48004313029949 -0.831553112262114 3.76000612946239 -0.919502350398838 1.05920985675044 0.45617907057317 2.62723730544986 4.17286404785963
-0.0906207845483289 0.387214662405919 3.45719210173939 -0.801353365351473 1.05607469750116 1.32397704059282 -1.77110499735503 0.309269571612643 -0.896475610442511 7.13969392222001
3.65280586769293 0.828595448178188 0.627371626405533 -0.694781704897608 -0.82061325285927 1.03186730819381 0.182120982977485 1.13700570371054 -3.22501616539932 0.451898538057285
-0.595573426952471 -0.382993326262648 0.82040037228764 1.42480766971756 -4.05093202924551 -1.01102442138742 0.184272981029066 0.782953663695032 0.204336567192223 4.01662767036944
-0.719838180943838 -2.88278269991836 0.311522301173247 -3.85153888509706 -0.0519716542736729 -2.13019149881461 -0.263528706456037 0.830768782262344 -1.73906692830348 6.85960758744558
0.593647631456097 0.894749202449966 -0.0746904636910227 2.25950219861683 -3.21365212275717 2.95352155420884 -6.03724174286733 0.617921386941947 4.32736947062143 7.08977983843765
3.78230576968608 1.47172899589075 -0.538129993379932 -1.78660376931748 -1.30918061121876 -0.839529653376931 2.1680816388015 -1.30506876384726 2.73869302420668 10.0776350622594
1.28306098796345 3.37519969064123 1.17734665443619 -4.21950429341833 0.36556259847948 -1.3325001957502 2.36430528926598 2.55834835047523 0.0752678909735577 3.89650094397961
10.1324349097984 3.03361547828248 4.11206947750803 1.34982340088127 1.19164572830005 -1.29658902139961 -1.42210277214484 0.693051871182339 1.12159429207302 5.64715132741182
1.23303585514938 -2.11306327427384 -1.47512512612086 0.421538182838905 4.83797571693739 5.65068971619051 1.06368635607276 -1.10613294365053 -0.109605130401293 17.5271911909753
0.806412035154606 -0.172106792133657 -1.94765676919925 1.00351925595944 -1.54540937717138 -1.54274694959558 -0.506657112477304 2.1283844504595 -1.18379119160695 4.43387399552851
7.74119924146659 -5.09493039391244 -1.48541556053585 -0.492140908704664 2.45766218253936 1.37056846108096 -1.3438902095304 -4.14052890541723 -1.35257188233576 4.93439269202349
-0.690953368788089 1.54937535149268 0.331017919277855 0.0324636718132975 -0.116837180149018 1.56958359939294 10.9775793708215 1.94092163162054 1.59631110331651 2.1528118529052
-0.874616041158561 1.13556766517039 1.84653817916213 2.34833106833842 -4.16192173149225 1.12727892436804 -0.948191613835605 -0.266975361115527 1.6050647083978 2.11693238240985
-4.26754569472055 -0.951596688019628 1.97619978611602 -1.99253897267327 1.84237452079598 1.07136229842204 0.229110797852788 0.0696597138293577 0.64625926530612 9.18118851747632
-0.0935313184689168 -1.51639710959706 2.0152084480523 1.91313450842343 0.600114954363613 -0.853599168980398 -0.968197576561733 -0.542073931278392 -3.22885980343758 -0.0862053150907007
-0.908988793017874 -0.484315865123869 -3.80224437785159 5.09710302519493 1.26949396074245 5.9297220222057 -3.37489679124191 0.444135732333588 -0.423573923386223 6.73240077235065
0.471172759725384 -0.59526807664199 -2.17849232719519 0.000586298037116571 -2.63509275172439 6.58664660762153 -1.01809975543684 -2.29390167831124 1.41962955467899 0.0159407565969802
0.943365784629653 3.94164425982855 1.64517307761669 -1.3079087727179 -0.261542738858362 -1.11825185568067 2.55800682927802 -0.785081789028063 2.78981771351463 3.83909805223683
-3.04667142477189 0.559672460574199 -2.9670628169377 1.30176428018322 1.38119653724314 -2.91768719824871 -1.19571703303624 -0.791533303024993 1.03655255142933 -0.539634070502538
7.12441734270954 0.58001566781278 -0.629330379591906 0.493987244287243 -0.144792029614382 -2.01471807947006 2.22633433648717 1.54355263559316 0.659721527204819 -2.76243338380008
7.58473068884299 -0.882617582534056 2.51020893731449 2.59298606198775 0.0841639724838685 -3.40957237721459 -3.17282734850833 1.34139890151958 0.620420099567055 5.37517081937682
-0.926189165344824 -4.45182180655712 0.35592087930375 -0.221696108974295 -1.41436737478881 -0.175580934415071 -0.204268490344254 3.61773998067237 -0.0750850472761459 1.49784794168669
8.52710583923173 -1.35816259485102 -2.98185668449511 1.98150541549064 0.362455836758989 0.864002765371168 0.336941258275326 -0.871988103905214 -0.390701321166935 4.67531925650495
8.28955771186045 0.351528350645578 -1.61410343541062 2.0842656297618 0.848793770734578 -0.790465745199254 0.335409432722873 0.408227296215618 2.34634876396649 5.24762578981799
-0.291729143733578 -1.09216464426648 9.63101566457377 -1.03679561689061 5.3072912098554 4.81640486906873 1.39445419821078 -0.194203781255119 1.28020427761075 8.80431478781594
11.4567480630765 -2.39251323820359 1.28002552458428 -1.02987685886932 1.35794288081336 0.628655246158036 8.28881452701425 -2.78233823264196 2.76022315039118 -0.206001087567528
-3.31135433365701 -1.96847047044124 2.30654126306307 -0.0893299835373069 -4.94684492376586 -1.10680407786864 2.83789621235231 -2.1734721739085 0.845886751053894 8.02242863584292
-0.223286357165031 -0.425849145287369 9.87097262472417 2.75517189121896 1.25622629674319 1.63157117985755 -3.2578596613556 1.49760045137933 -1.98091258536779 2.48255281462674
5.13433478715509 -1.17440216190422 -2.49310638499965 -0.29049135391169 -0.237249498012222 1.55739222277576 1.24870726207397 1.74680864275817 2.2375853839832 5.41818223286397
-0.371649649226661 2.87311669931244 1.17434866040356 -2.17124938343476 1.56461113054756 4.08045122044374 -0.898166588252288 -1.48211940797618 0.130501196511411 -0.293873111134905
0.163332163812675 1.22243143721269 1.3908560888922 -1.34560527571182 -0.818727568159689 -2.02696031469733 -0.65548701854675 -2.04308969200313 1.85924680995452 -4.43192862319076
-1.24811736647108 -5.33836640276914 4.21350619406685 0.189927534668359 -1.0595429665979 1.90877241156022 0.835938285414091 2.08562026121114 1.06633278459736 -0.852691849342853
3.29263419114087 -2.03394842207372 -0.947738597025398 -1.19338551162574 -2.33092464024238 5.47174721860305 -3.4523937389769 -1.15273650348602 -0.490199973053513 9.71552115320557
2.99096784737386 -1.89090458157364 7.040878979154 5.61428162325339 1.97680754956503 -3.10657776362229 -2.50895187899041 1.76447484806447 2.13040883375273 8.75794598394782
1.80835905625253 0.541140235796897 3.37533885504369 3.57600435002476 1.01144388551272 -1.46305698190976 2.09336077328483 -2.31243668832159 2.26307606548464 3.20462908711812
-0.175263939455814 0.804972145079821 2.18703600122783 0.862257327520725 -0.279137475527856 -1.77802644969792 -1.01566432356082 -1.19298630912801 0.332499692262482 4.80830745576226
2.07536360961719 -2.85470494806153 -0.859015797525232 1.56929366913928 -1.55323061187662 6.23491404576422 2.48443902744035 -1.41547919101242 0.620964379293124 1.09563538069295
2.17969453622526 -0.157894046796126 -3.07109277423096 0.690903038282576 -0.536268799415027 -1.26687221560866 1.62808077698628 -1.30035506883971 -0.0625566113331631 3.90524584340844
2.68502199242236 -0.216358867477185 2.72937629748342 -1.73456800643211 0.517270672073914 -2.92822350202827 2.48849701548319 0.649496522338298 0.305257048676807 9.55171429348076
2.79864812328152 -4.29555194114719 2.17023859933997 0.438406610255497 -1.63449427387829 -0.320332579738797 -1.44407614269542 1.72524071971275 -2.5723036006245 1.51501726222065
-1.74300398335621 -4.38341271808428 -0.883271921722913 4.21617237217199 -1.00672276301808 0.190566270619227 -1.01245776672866 -1.940462354924 1.6972519013605 4.5511795053806
1.51698738073007 1.04613551756219 -0.819386916710614 -0.602547683941862 3.38470051879333 7.84549170348547 -0.142811101994944 1.75497302895213 -1.84395255411076 5.01611828048881
-6.35253269725858 2.4365236974437 6.43790675786412 -1.34471184794223 -1.66592385273265 5.06949966405236 -2.25094075370955 0.659094277976047 1.91158858676173 6.34004551869345
4.08363743642737 0.335366327042117 0.788848443054091 -3.18367334570424 -0.197990370131951 0.615499305256716 -2.3583603409342 -2.73692447782327 1.43916703776023 10.6557941897038
5.90732576252027 -2.38765884813886 3.62620180854062 -0.119625673175438 -0.372394685080138 0.959889006886966 1.3943773091529 0.170209785949699 2.8057186287666 5.18890623244768
-4.69217206580235 -0.0917030330131833 6.8151049754598 0.323341694218968 1.36373036383376 1.00662988356506 -2.25937153020579 0.816606185558347 -1.53229286685208 -1.61024074469503
0.166685493046582 -2.32324945242578 11.0434907869024 -0.29313861171506 0.141147610380112 -0.341892125050614 3.0400325029615 0.144430807058781 -1.40471811406579 10.9707136369267
-3.07186191151134 1.83813853645861 -1.31646924422268 -2.31714349895548 0.862575009072796 1.85052989038715 0.372878952051219 3.01660212601339 0.993672551512552 5.99014666250023
-3.32773842748316 -2.19668004319375 -2.43793486869059 -0.114061118488429 0.526502296204019 3.93701915222048 2.94587230729332 1.10850404370217 1.77220636131772 7.8131514502739
7.1514774650841 2.04830444475426 0.00439670008913339 -4.8726954285531 -2.53264863259134 4.0551095418842 1.26572916187997 1.49085526292645 2.17586749393246 6.66126294749073
-1.3618436518832 -1.65628038981885 -2.31779394785073 0.00367033515621858 1.01339960823263 6.61379814505839 -0.831809152109611 -3.53950350200815 0.928553686531336 7.77120933589495
0.455154051817503 0.304429510246563 -2.2474508289382 1.87807555043665 -0.360384603539863 4.86450215634369 -1.16094170484462 -1.23157226413428 -0.468478981132994 11.7215591619162
9.88509561792227 -0.87820295882904 1.91399459054563 0.544688903270225 1.4946482788592 1.63590806756403 0.601223346926127 -2.23780633579933 -0.985792333218063 4.17684869412823
11.7532870472484 2.47497826760821 -2.01745220239845 0.072964001973871 -1.36279374134604 -3.17059268532618 2.87660803601373 0.0942870146933024 -1.21969293113756 1.35831252988756
-3.0697684204174 -0.241182008462855 2.25332389763092 4.12259106269939 -0.935618120668163 4.19029116449207 1.04069798917004 0.208628124862902 2.91194218792254 5.43103528027897
0.584623425019865 -2.53443244287103 -2.29381987899696 -1.7885262832943 -1.24809734280387 4.97845492244874 1.18950512079998 -1.85441673061607 0.789805176771836 3.85177945117458
4.91695469420723 4.00335629024158 -0.982371274173646 -0.561572539163268 1.22421628649798 1.36596167766825 1.27829004100003 -0.592323592086386 -0.525126075441759 8.63256357272268
8.76492091189471 -1.98247043085572 1.35035504295975 0.653865564181756 3.84527168212138 -0.111811605878189 -1.82597809047968 3.16847253668268 0.857057867794666 12.8852325958696
14.0977133514854 -2.80534924983482 2.02722706196637 -2.43163656599213 -1.2657898452451 4.61701294206924 1.83873393568539 2.85159755866195 -0.738197199980871 1.10718566592348
-2.47322627657385 -1.07190725790478 4.15277294150763 2.07707982997897 1.51835773181478 -2.49020260122943 0.478779850158087 -1.14408804280153 -0.004312946957873 3.60631606247406
-0.288643363600889 -2.79616879157465 -2.01205021803212 1.15723185281858 1.07869162266738 -0.220983489382482 2.735525702152 -1.91908045381584 -0.42588121323179 8.12467886165147
2.81889355256717 1.00939030967895 0.673728729920908 0.441991368211754 0.472070047528461 0.847185538321139 0.652267931578471 -0.765543580546402 1.6708461161441 7.89556668336367
-1.48527371760807 0.771979981230335 2.69497844328078 -1.43543907844008 -0.0210448029143539 2.89232097668029 0.249575662289425 -0.0044693102301129 0.428295322884945 6.57925915907802
1.10811540846005 2.82990511666875 -0.310667795186124 4.0665533269529 -0.613943292954399 1.02638821769715 -0.927705173816711 3.09344737857927 -2.34056138921905 6.7390481944357
-1.69168886303448 2.19891647192711 0.889773215300839 -0.252995126806316 -2.30118882211158 14.0294980462449 2.15348273208612 -0.443316395543675 2.37078683081942 6.31269587599356
3.57392425971594 3.29634810393465 1.8848427752999 -3.08358209414521 1.97065862885124 2.48017261101236 -1.25148108384801 1.93476798431426 1.31592257598888 3.28954758599258
-0.341090406946206 -4.9556424586716 -0.295576002595716 3.16034725913897 -0.432365419201359 0.0798528080811022 -1.23995465591528 -3.66911334283249 0.536440950525413 3.58076636700951
3.82637071929179 0.54222413872339 -0.895400786037303 2.83064392713921 -1.38017163022185 3.27182570404014 1.53273989455866 2.12189679032303 -0.167098570219104 4.49496934435256
-0.162412963739592 0.374711236987925 2.0656607416477 -2.25708542044505 4.03598493447774 -2.21527624512121 3.00531367046462 1.79555588895223 -2.16258737608058 6.73292256625183
3.6199153006629 4.33580061788959 -0.822494334442106 -1.74496765485955 0.862984369225188 -1.92712184766793 -0.847843317391195 1.31897141859045 -3.61772126320884 2.74916354877121
6.99331569361324 -2.79788088687527 1.66196833613007 2.7445390301667 0.565208164310959 -1.00793242045341 -4.39222830404696 -0.608712524180547 -2.22930459145982 6.59165239594826
-2.14873929453523 -3.6154390437421 1.16987148642436 0.76200721516294 1.09066451111298 8.89400032134125 2.2350972711364 -1.53778621622845 1.23767672073234 4.99768113915258
-2.12753821354011 2.06076155008914 2.46335039347905 -2.71804183499606 -0.255336981581234 1.61045050039578 1.39391759832271 0.433729141955353 2.25891154077625 -0.328144937977394
8.76616277720856 0.605116217127041 -1.99752757295972 2.21847762120744 -1.9724154470482 -1.09547760201235 3.42757250631056 -0.461390048374815 0.77026310202996 4.40217028537818
3.90544084785684 0.926293224276685 -0.556983855466397 -1.97989845352514 0.823528226020304 9.17916479279903 -4.29979057831553 -3.49587228071991 4.26827685162071 13.6962689760298
-0.23873995170126 3.07166571298626 1.62690923956415 -2.37891917856506 -1.12025429706584 10.8547137120342 1.84428804210955 0.894393572736782 0.22609501691556 7.87400748195766
1.48920342664932 0.939933932369686 3.28893487679609 0.699726088283022 -0.33406817549174 2.08739638616472 0.256428140130167 -1.19466861217751 2.12930102065918 5.63589415224722
-0.490490716107948 0.637538526644933 -3.37404179826204 0.299975096402157 -2.11232512309095 6.09209180225017 -1.46044965774152 1.28195462792633 0.227710734714212 9.99400058116844
-0.580060103296896 -3.49363434572907 -3.5299104394189 -1.33678012054463 -1.56303960565775 0.18365167572664 1.51540082981177 0.301321069366831 -1.82453722166631 0.457941885279662
2.25860571128888 0.728272147640588 4.09472415776194 2.07961720666539 1.13869828315469 6.87964528424064 0.535982026638813 -0.17722696033004 0.207874865751576 6.17868657863024
-3.35470734010826 -1.57315614422004 -0.310898976789615 -2.18197173867628 1.2991880848942 4.0374542787891 1.78101355851288 -1.26143103242448 -0.739044310256696 13.2118887733212
0.235046223832151 2.94164698474469 0.386234840251157 -1.9928057501409 -0.967590812238064 9.30004060714889 3.10009126784602 -2.03816211973096 -2.77461522237085 3.01712883905804
3.06570781767914 1.74518602052529 -2.56492702776471 -0.759003822160554 0.638616083976289 4.76929422012532 0.110870130294116 -5.13383244598132 1.4104600315673 3.82790467993744
1.4492532764333 -1.22416609333489 0.359914752119544 -1.43270458124308 0.258293703702492 0.801556528014427 0.0702119770734295 -3.79282996436095 -0.754171338302875 3.83878659232244
-3.17908777527957 -2.03951199271806 -1.0600538096347 1.45877183944844 0.540108754364826 0.810397205185669 3.64184670325392 -4.10550880162278 3.75083789915048 7.8956718013552
7.6989711842945 -0.709271058215326 0.28706619720357 3.59200727875391 -1.40388610463334 -1.8102854717704 3.98429911706671 1.84980817019603 -0.791428512123193 7.05589867849162
0.378838929934379 5.01499650875888 1.65722334963251 -2.45157206263021 -1.31174383595348 0.556685855459254 -1.47872038725416 1.04112717152804 -1.69336429590687 4.78026993642314
0.0308625001063579 -0.265401973406901 5.46020828870509 -0.735880109461253 0.958487383667272 -1.69013009653875 -6.34734129778434 -2.68301793917541 0.638110654371185 5.45295201703887
2.02120548112983 -0.332638329487217 3.27325266905981 -0.896198510671594 -0.967152309646766 -0.472542171544536 -1.21562710406003 0.119881993460162 -1.0965510245081 8.49043149131461
6.31411773092714 0.0649677579647363 -2.22123158741997 -0.894421988827214 -1.80590612004097 2.61725563334026 0.91563277695478 -0.094064599134336 -3.09788301052686 10.7033299500129
2.72359984200556 5.78413804747726 0.983690267095748 -1.68338674640228 1.17002471050719 4.19231569497865 -0.995550343462443 -0.53368396853869 0.603658747218595 6.69089625737931
-3.77984336125933 2.77011206547746 9.32174542260798 -0.0751276023944113 0.0888460119999062 0.943718599641058 0.160442171784782 1.53750497328027 0.0140693092366811 7.29574582900647
-1.59449605355847 0.791655354505127 3.94775406294709 0.210238348426192 0.275033657731058 2.1173317731803 -1.82138150972042 -3.36629382304931 1.82616980317373 5.75778718413497
-1.17465432004932 0.224514326535371 0.549667908777979 -2.16341085386037 1.41733545777599 -1.3624451323533 -0.0912345397996559 3.58608541717359 -3.56410988100228 9.47757023017807
-0.999394125703017 1.74407721705066 5.51346567335258 0.843780076947097 -1.39834842073109 0.918560952545328 -0.928429798741577 1.08247633926854 -0.754750975130567 3.15615075556105
8.13348497463406 -2.78174068394399 1.30742425777515 0.0914289348414618 -0.604880642563889 -0.27693323572735 1.5621433663829 2.04454321143657 4.01379084408347 1.71551060423512
-3.49385017049149 -2.49263523698007 0.274790939935449 -3.64976520642823 0.61783281005231 1.88461698329201 -2.19145288997624 -0.243312692979481 -0.596644444658712 16.8802156917999
-1.99578529957452 -2.77526378240185 3.52810599217112 4.44327443653788 -3.34174217559452 10.507712394935 -0.120526136695088 -1.72974917074813 -0.0396421850562455 4.14244681848231
0.708814191605993 -0.25525116632984 4.3181630065102 -2.89047870721526 1.88456837405579 7.94894399759222 -1.08695548862889 -0.445563031780263 0.0948459408789653 7.48556241045323
2.55406078210014 -1.43210370308029 -2.46363510666491 -1.13988778286245 -0.950667109879805 0.0894281100705197 0.0644514275199738 0.503898600766288 -2.92563806132648 3.84441148831987
0.449328277460177 0.70916220788506 -1.0842399088373 -0.913253578536804 -0.341712706880353 0.865354528047739 -1.76380153099148 -0.280128122136551 -0.506985832770031 8.32600387766217
4.08706560004475 -3.883082998367 0.00734098630110632 -0.914294731635753 -0.486587140899286 0.854793481795986 3.60769267532375 0.0116527217870172 -0.827017013348536 8.39543132951168
6.40741701795992 5.05461025468942 -1.64845600490096 0.149590534536557 0.867467938185816 -2.30332111042866 0.967284022512374 -0.86833912851767 -1.45193093259348 4.84605583982349
0.144050924893997 -0.400236668831162 0.436636437503836 1.87502105734306 -0.341002505054423 8.63794549900437 -0.696632962652422 -1.20909370828151 -3.66507105978334 5.7400570418166
15.0878304555386 -1.62906957273862 -3.31739171920686 -2.41992423419216 2.6117380871092 0.645696377419695 0.902555228167108 -1.36203684090215 -1.90574268271171 10.0131840552358
-2.07878111403703 -1.36079100049163 3.20232391297192 -4.62402809348969 3.29307620030667 1.09014616963785 -0.161119326518634 -0.578926178576655 -0.656412656740249 1.18651746347051
5.72227897897954 0.695790114142415 -2.94126452861189 0.934589392377043 2.14526877862863 -0.1351154702105 2.66008815143564 0.839022010850281 2.62261125307003 6.99427856958174
0.302435313461561 2.77347322584298 3.97415124516308 -1.89630580413701 -0.497333780731656 4.82869525442307 -0.435684400899025 -3.42771008282919 -0.403376948278437 12.2767604455599
2.82595372056172 -1.16384995106682 0.817301484691495 0.756473844335981 1.90599470884368 15.7162291757689 2.49461846544297 -2.39226975194575 -1.2027607966891 6.19720505928446
3.20849686022647 -1.72322648266575 -0.750258900397183 -0.347182939803697 0.221699467014836 4.27681238843552 -1.13052965039167 1.47057718912556 2.17340885113823 4.65449702197499
-3.38428898343496 2.31496379768303 0.996332190715752 -0.132586617292873 -2.38775283268168 2.42063675306912 -1.6023409995037 -2.02279848557489 0.0944998121775794 4.85428675414897
1.42891513260879 1.48357376038704 2.14179732753592 -0.841277599774278 -1.71035808563313 0.199719089626657 1.66480101548792 0.179468339902825 -3.19309686575301 -4.31486057726636
-0.449871118872998 1.65161948406611 -1.17095168152186 2.13125188872124 0.377330295644007 1.66371974517307 -3.75435240956368 1.22760177027773 2.1783562278883 3.07450659216693
9.7370968277193 2.10281078943052 -1.95299483107793 -0.253097734509158 -1.79814940010703 2.80728573222046 -2.63475351555344 -1.68815082567785 0.80069594107957 8.35059862416999
1.36308535338246 0.114300626966488 -3.76904748632354 1.67401654992362 -0.675713927932135 3.73664314750122 2.58456861959789 2.98119100309143 -0.0992433414966768 -1.86576754107235
3.34584054933582 2.15095742712815 0.292131679887573 1.96888723606017 1.22343687616619 -0.37193227217971 -0.670002998516663 -2.41605725606429 -2.08284992770691 4.92982596642499
7.82221078812645 1.4260623050948 1.52364845668595 0.451183640398968 -0.119534792933903 -2.40021573451006 -0.0801002616295618 -1.30759468404958 3.18195411060097 4.06147755508426
3.23491170530978 0.834807735764355 0.682728184616498 3.03177698317031 2.64601548694218 -1.04136007687761 1.2583586269789 -0.187623667862023 0.691970783281829 3.34292220253698
3.53998095430993 0.0271841816343891 -1.47033869553789 -2.28816075686069 -1.22982517538609 3.23410249424333 -0.841077156676604 3.739762001217 2.45963986931258 1.71482883551294
2.65318267955956 0.748181316378502 2.96598225388311 2.29042407935031 0.414170768491995 2.71375363674659 0.692174358591859 -1.47161991233955 2.39447197324108 11.3727246644801
-0.121864415198132 -2.01667593217657 1.67216740646129 3.98696018512971 -3.33878515535828 1.11162018197043 -2.47092420567258 0.0843342730104781 -3.58457694221505 7.17759182712438
-0.97806378455746 -0.157217422102577 4.86549576330117 0.620947254306153 -1.5275434629246 1.66993636933848 1.41123923245565 2.1099438373008 0.584044829160511 9.50041659988052
3.60470907506504 4.63776431539933 -1.55673274104521 1.73725906354834 -1.33537013050381 0.426469519041423 -0.911817757697844 -2.51254107377201 1.33274191917532 7.771454006678
1.98534502185467 -1.2517973176052 -0.947050779341986 -1.95502391914544 0.411752782533678 2.89573003001165 2.44249914097794 -0.0833287257884878 0.718833098587286 -2.73777891000763
8.8557339150471 1.94101629346928 -1.98223306381071 -2.70105673971121 -1.00018805008628 0.373502621366557 -0.31734113896362 -3.33683806129817 0.953701317775143 10.9537648398864
-2.04315765272029 -4.3848945659361 -2.88291992124966 2.56999706028406 0.825220143062046 14.6747170682481 0.825632765318705 0.753079792526686 -1.39220133320004 7.12566592056448
11.1630023511639 -2.86852289053924 2.95822020469752 -0.767248302344963 -0.311778382434504 2.05396652118105 0.0713608623325067 -2.50108677051596 0.596374831462718 1.52445055917822
7.76124984990639 1.16508762850572 1.90264070494924 -0.00399216266805762 -1.14411306290637 0.76809730673341 -0.130861389461796 -0.132092048871159 1.55732175210058 18.7661152258803
4.09041299201421 3.13524078145644 5.34936970401002 -1.28475302737023 -3.15866089452468 0.0906753709471248 -1.82115972444735 2.33925955591606 0.793815956169059 4.36440501403365
4.00763018429009 1.93477917472306 1.41567250637633 0.981516063378601 -0.975995928479421 0.342529123497493 -0.282800128590219 -0.840012714138783 1.84349410468604 8.5477547093073
4.85438274700597 0.0754723427525086 0.850974110380134 1.34464314647243 -0.415976526914947 -2.43027367161239 -1.63519397913498 -0.148121662717679 1.73880793379336 2.62215852589762
1.80025783694766 1.15445777030546 6.64591459957995 -3.07023067775809 0.540003790675132 -1.02238107773778 -0.38063948139091 -0.448819231019869 1.27083473499302 6.45692664308126
2.17834689523066 0.233451355463115 -0.259206591969322 0.0228771977881259 1.72549941431955 2.74683278675868 1.64755674628793 -2.96021984227289 0.596861341149251 10.6371157839463
0.245754893287502 -1.88857442913111 1.60600676116764 1.12938248683606 -0.177934755990648 -0.0559612376194616 -0.522828904647563 0.403907693080703 0.0777581317371367 13.1531092966203
-3.74071165342627 -0.782161816067932 2.46808438071329 2.81451183723498 1.07626993606191 -1.18024378913641 1.3313803081988 -2.65559374614005 0.986865148874762 7.10379697755076
-1.60863558844221 1.71105207597849 -1.12194782523455 1.00448783093727 -2.60381183658084 -4.24770547531009 -0.381042766177604 1.00148960894078 0.828997634150604 9.19324902141118
-3.95058190196393 0.129751524997647 0.559518125827295 2.28412995197032 -1.45325290692126 1.88520715092429 -2.86519183282182 3.63849833865276 0.109098709228532 2.44065902816607
5.62707190585625 -4.30508682320188 1.04972309826277 -1.43812328745531 1.59384704718322 -2.28246205752448 -0.231188531049665 3.74790856879536 -3.41487842223726 0.680723087829265
4.01112931649735 2.65412604472286 0.754882691480981 -0.398894895583919 -0.171741423163511 0.401167403894675 2.27312336222431 -2.64981215771228 -0.0211193611165488 6.79550362628712
-1.408371261226 0.440124984483177 -0.48061270296147 -3.11336346214221 -0.0677275575526177 13.141272798665 -2.58086327421598 -0.178811645498509 -0.578307859604224 5.38333666241011
1.96318554549456 -0.700944297410924 -0.243635632371875 0.688668928236923 2.11332410024605 1.89799473994287 -0.0172728862103539 -2.83687570875349 1.84114769788158 1.54195398364808
4.7768523186056 2.58176106430788 0.306236155876318 1.07015838013607 2.71070912426799 -3.27555277011732 0.784428662908989 -3.49735427426001 0.318258916967119 1.48432428456099
1.95930715734137 1.13767137827426 1.9435827994473 0.496519742268095 -1.89890869458253 6.71211201960965 2.03374138207008 0.450728768431087 0.533491780152899 0.143132619178087
-1.77116423937302 3.69569443313387 -0.184346595921748 1.57299570504059 0.626931444644727 -1.12057321961835 -0.207568663200893 0.933476175906387 2.63642566109122 4.03663397181418
3.79821937906985 -2.05594299625606 2.85764316048691 -2.28417863592473 -0.731713570110714 -2.35633700112759 0.174014886832059 0.932755537843541 -4.19773101324833 5.08922267551593
13.73337157248 -0.588772855385173 -1.57365255988605 1.22139905134371 2.59430401297963 -1.2579393028599 2.49228429550706 1.38549677658205 -5.36006411616494 4.08877335287293
1.58775414480876 -0.602053461711977 0.332435045342238 -2.69361589398905 -0.977979109672272 5.9149462168955 1.91094654764328 -0.301542693669049 -0.307796995144726 12.0474221255092
1.01037997131722 1.95480210618076 2.70564237437745 1.09290628421652 -1.75742569361011 0.709999327640313 0.982974017263325 -0.984302737769557 3.37197828654083 7.24759460234472
2.09060372081449 -0.71050324232839 2.6818707876567 -0.0190861724101647 -4.226548320207 8.46030551384369 -3.20528669835796 -2.02010242734439 0.299144494667074 4.34355281043446
3.61988333133141 -2.40414507635179 2.7669842393999 -0.622711377234156 1.57779541766375 0.991362344399595 -3.72571374455935 2.48085764334552 1.05318743771951 -0.252865775663005
-2.61144051490304 -0.19589698709728 -1.8340850170426 3.65477127972537 -3.24546871715529 2.53452515218701 -0.391434263278413 -0.937292194773602 -1.08732522791892 3.52387637987702
-3.45039824694394 4.65417515283208 -1.52057250530618 -0.525101038361866 3.1091346018281 1.05120783600672 0.443658273173559 3.7228660935778 -4.19278638704806 -2.26848664115362
-0.680287692666553 0.928731056047516 2.78443408187803 -1.20206444872241 1.51341775161141 0.646854756350561 -0.38078883942501 7.22501476582751 -0.0124994837008311 7.64319255942421
2.81211674288058 -0.328750424613887 -4.60695595405319 1.62946005430326 -0.294584744276001 0.755674768816828 1.06383316235448 -2.64824786763581 0.96016816163939 -5.11800151139182
2.76584708129691 0.886192836634118 2.66271939401744 -1.03525313657537 -1.35816211268934 -2.18913452689496 1.62371415346841 -0.511484241855107 2.43411688903092 2.81260640251577
-0.0486545433174122 3.0619600755823 -3.10071080870176 -0.734173931213641 0.834744932136433 3.86843093740915 -2.70041735144269 -0.17665885387572 -0.13419890259163 10.4020468049186
-1.84972933330203 0.660821567452281 -0.408647970526628 1.96741337019563 2.3343526739717 2.18555550097847 -1.5038264921266 1.70096541735181 -4.27483526279418 4.71863921848527
-4.90497402934553 -2.30862292391375 7.39838108822254 2.54826019968297 1.68598193987535 -0.814264634515529 1.7951604164409 -2.47206038446406 0.472747365892027 8.17847933586035
1.23052654438637 0.419449361490604 -4.13260992949733 0.564968446149577 2.4633399909485 1.21286275213986 -2.30576408409864 -0.110002437479204 -0.467471439303433 -1.48302857645984
-0.439313574589664 0.365427427898469 5.29412224752008 -3.67770913917316 -0.0430948485758579 -2.49594624362774 -1.96006771317999 -0.914226456045884 -1.52263484759736 9.32762916682349
0.611039397299423 2.53482345868665 -0.209766040966699 -1.2970792334527 -0.552814096824555 0.152070168594173 0.880852469339357 -2.9227726927395 1.40591316091479 8.44902196517489
0.100453865142094 3.41127417157497 2.19627633924918 0.877418604141942 1.45386033374221 7.47850622051399 2.51558640821269 -1.20427151170708 0.34941792918928 3.6480541771341
3.42536999139784 1.27928019648614 -4.7320414287782 -4.29365568706373 -0.134236140656201 0.180921216625156 -2.8492626504247 1.58833061492816 2.24552587059272 9.49766821055694
-1.33006754872181 -0.701909021409582 2.27445635765023 3.53982048840846 0.988352384998349 0.702325002902854 0.978114256121326 1.10350630327915 0.631598680675823 0.529999799106512
0.551075421673321 -0.437535316411486 3.43515694808767 -1.19575585949436 -0.645316642000046 -0.336367460582778 1.0813246106024 3.37577366669523 4.55477690383683 0.560502733640304
9.17037004888886 0.533707998873367 1.84471290297283 -0.565004793328924 2.97293883675213 -0.764599897768993 0.417496385802201 1.04190278258363 1.62828616096241 7.68127802231959
3.42868449388109 -2.11726686987839 1.96482337032952 2.64370042975399 -3.42380968333159 0.0877074851352327 -2.79625575406845 -2.46455735160009 -0.640521715498726 6.13544075616858
-2.56388526156211 -4.47284618573822 2.50863908967586 3.86250963720112 1.57052590685112 -1.72193728868062 -0.54587380057076 -2.0668451678895 1.61584403255401 12.1227763072399
8.67184879269644 3.2409168317931 0.946333995570956 2.62624064597975 0.143834656439108 1.85283547446044 2.60625374587346 0.18774311362775 -0.679829250485255 8.30654668324301
2.14124888339642 -1.03275142091532 -1.22037248629301 2.80466017089673 -0.416634144473253 -0.483015910111308 1.82947694983031 -0.622213343576904 1.98093696965168 7.45811323348324
1.58368343681277 2.10022816169257 -5.3278077167839 3.38359751287955 -0.611584608861554 -1.58243519113702 -5.4621218334259 -0.454894745724477 0.703007987096231 2.6649404917851
1.07715130174942 2.80477621769564 -0.974868063032082 -1.19256689753618 1.57121500881239 1.47554956377759 1.91889004282137 1.51721464777946 -1.57775215225163 3.21312999614312
0.457100616404065 -0.649081645236664 7.89067469344272 -0.00529806011821249 -2.96227182660819 6.45569790007948 -1.41389064500071 0.448838134183791 2.73317349419398 4.73766234645299
