2.36723468011522 -0.719817159266291 -2.88311507165219 2.52812413941803 -0.738006262026893 -0.961012348203085 -1.66381962550658 -2.44380433165932 0.0354637320189592 2.72824957484194
2.11822945324965 2.57715373193455 2.26955452318979 1.4530695824706 3.77082028534477 -2.62314373819147 0.877671074976637 0.493656059018797 -0.160901070443821 2.032266333846
-1.80721604999202 3.52210091813558 2.9976541406677 2.41224262427564 -2.39123394947882 1.23693649311232 -0.663886109533619 0.909955100725145 0.804656920657355 3.24950879570118
-1.67435189737508 -3.80112181602762 -2.37850269115475 -0.69345379311818 -1.91328282259254 -3.02689596013231 -1.19290123370557 2.53058911101273 -1.94795317423353 -2.17066287868023
3.0881554454215 -2.03032084594286 1.16821712647964 3.19036266780792 -0.472893376750078 -1.62264224153151 2.94041208607515 -3.64258228134222 1.21789738998221 -0.279340560517498
2.96344469821702 3.02542185747867 -1.22217776531397 2.80972488629602 -2.37238708206385 1.22450997763378 2.05437753858298 0.0958125451982592 0.259576535977408 -0.373098987958604
-0.247821539552809 -0.181286482294424 0.273636076702328 2.44190415275136 0.168636625492595 -0.683798533971882 -1.83639899650396 2.86277998343987 0.595670693584649 5.16672492293158
-1.13539140428365 -3.75320510511992 -0.165532725288595 2.32001950886783 1.63919547871858 4.1791430875576 -2.21847498511681 2.25070631622042 1.49836482619721 5.1247837961054
2.38043551466698 -0.439328729681193 -1.71870562388405 -2.53117073145951 3.00528509310305 -2.71777254075143 -0.997331546960669 -4.42743073799313 2.81944571697727 -1.12747185860344
-0.0487746884734708 2.4379162204686 -1.27078481898784 -2.2853215185549 2.38008668775911 -2.48898228306281 -3.22938157142889 4.69308526386106 -2.0105412459026 -0.557871115054491
-1.3202747085799 5.68314181670286 1.16427412338957 -2.19010886651949 1.48740978653276 1.49285521768917 0.723897788269021 2.06717094360171 0.249574251077157 -0.423234303111853
2.59441777868296 2.10045703416087 -4.42011115398433 2.32914039743786 -1.51301960522929 3.52251721687449 2.39378740420464 -0.871798079077903 2.24601212428181 -0.505556104636898
0.124881135587405 0.274251109430676 1.38621016838091 -0.562706975766548 0.13332548061193 0.42081022564899 2.53990866421025 2.6985034515987 6.75892523295997 0.566518974866483
-1.1021130657924 0.0720340777391095 -0.758681482705047 -0.069524752585103 0.589554166695998 4.65501765475468 0.15440245061681 -2.95084392194404 1.11609543269061 -0.0836648259960179
-0.926505736692882 0.30816945972031 1.89303538437125 -1.34591269402117 2.18997555044709 -2.25792587191628 -0.103948337066001 -2.04732754887582 -1.07968267767033 -2.78853183453832
3.81364397919039 4.2004648950902 1.85124600094672 2.56765449219352 -2.80747544997536 2.72700362812966 -1.68529084814523 -2.11007217467806 -1.60715514750183 -0.697126076627903
-0.680594567372247 -0.295785224011182 1.82480700703937 -0.557478588731804 0.195292475355106 -3.13260902626027 0.816643498414867 3.76391821034527 -0.885814257541742 -1.5431403388352
0.396132647293366 1.68710230573932 0.840708570056884 2.63846238095711 -4.3276684830835 3.4424692046302 -2.64012557925045 0.908888891461969 0.18486696775741 -3.0901678816313
0.210571728684267 2.1971304183559 -0.78640515739339 0.0108659523281913 2.81226716599395 6.85455824443785 1.55845285368764 1.21269030856527 1.00642586348545 0.238140182406542
-1.65250826636371 -0.946715780462278 -1.69492157855671 -0.532615279083287 -0.431714591438054 -0.538036616629894 5.24820953866221 -2.45897761794741 -1.88722314814201 2.03089426003858
-1.49193612124632 -1.03709981852472 0.0330300752902638 1.31693714247379 -1.29948471229099 0.00745859727849275 1.35614552272735 1.77152517405563 -1.24371223285879 1.79696919944949
3.04071815762174 0.786279568176576 -1.3609182018377 -0.351241655714715 0.0302406739988975 -0.968348408908077 -1.96278863756883 -2.11772020949598 1.04024773187104 -0.37930770442293
2.99044838993699 2.02034188234111 -2.30584274165158 0.667526858666166 -0.526735626030925 -1.73411962836542 -0.668680020135222 2.3517493768298 0.96894330044539 -1.84113587491647
-1.46029523312341 -0.124039730331131 -1.84919941876537 -1.3267952698281 1.66479252236191 0.889076993943485 -1.07184325644213 -1.22657991358077 -2.56392285528947 -0.388616151616003
-0.777250178329444 -2.63197030687375 2.964177329989 -0.567490664866322 2.34959600967358 0.770738879637404 -0.957869589071603 0.828330440058436 3.52408680463483 0.325656101837065
0.887284931842974 -0.495017035337175 2.8254519702442 -1.2011821351107 -3.64442071829566 1.61175335436181 2.69247230783545 -1.35020528606824 0.388458041526121 1.71843015098937
-3.54863176421692 0.0113192948712767 5.65068082699124 -1.26001886570804 0.89130320795192 8.82793280951605 -0.727866899619946 1.59111277530637 0.773751694561516 0.133125524941965
0.615021461228289 2.65056724118457 0.222482581087726 -2.98146639876705 3.48316251354146 0.81327796371997 3.74669146324607 0.456779073137441 -0.49048885413376 2.66445339598922
0.410908069682268 -1.97509942817509 -0.151118906056411 2.70279294136902 1.08138313411639 0.757357408272791 -2.43579420540578 -0.579816663897221 -0.637776659260567 -0.26275317645516
0.244006741532051 0.988689396744506 1.45321556281667 0.0699467706197966 1.36056180124186 1.63134593272885 -1.90974710685274 -0.293255609003315 0.591339195561249 1.35403341613806
-1.86489848389437 2.35447650729993 0.99347278253719 0.251822319293142 -1.29767876025589 -3.10343454916021 0.2240835145283 6.11751597389827 2.96372102764109 1.37193098702483
0.460785503927168 3.10196100952712 -1.73524949660312 0.968340546085024 -2.78104861333661 -0.0943970145928874 -1.19351129788217 0.0849114512283524 -2.39420729877503 2.24909470419705
2.93081383400706 -0.544624950794715 -0.880850523635355 3.38839537949474 -3.6019335474582 0.942282952103712 0.34032535108473 -2.09459397581615 1.38314231597172 1.4218130358345
-2.37806904695193 -0.955111015681833 0.906413475678708 0.00435049188432142 -2.14124491452612 -0.61505176080477 0.783936906455842 -3.05579402062542 -1.4531371185717 -2.16166801344077
-2.82623752118342 -1.33130619056739 1.05126011089581 1.23086607695533 0.165106974516169 9.08614138169092 -1.35160646729575 -0.337536720096923 0.214689925184413 0.419167045341243
-3.03469898329261 1.51897996496065 1.66873986948971 -1.11185544112335 -0.126473518769229 -1.01187828924779 0.785128633295115 -3.12033666214748 2.29864556483164 2.14483248759831
-2.73246716257541 -2.16429042083698 -1.51764275556973 1.08080252182383 -8.04508321662425 -1.62683455191345 -1.84003900209061 -1.31317126825723 -1.3435491533186 -0.189938443125581
2.0552137211646 -4.05650847832477 0.0176655341827652 0.491417098356807 -0.363375925528681 -1.02109110596485 -2.47754942132902 1.85419667897287 0.699555030269403 -1.78156287780203
0.194045376593156 2.46341364488144 0.644548590108854 1.27944115161484 -4.53578429114908 -0.701717738315711 0.460876182174182 -3.3981725839266 -1.03489615935653 3.50668432973411
-0.177213380891542 1.04928138161986 -3.38749108513369 1.82692583486282 -2.14870992115763 1.66550459047736 2.62421288151889 -3.43789292872249 0.362232668602501 -0.317206050386299
-1.2608797834083 -2.14233011533803 1.03925465182216 -0.510379400574133 -2.76879785590043 -0.843554971878045 2.84813456120833 2.04877725865138 -0.858896424191778 2.76031255311413
2.28973526680837 2.78467184311587 -0.192424301590666 -0.862628886801741 -1.22242862330064 -2.8248361485873 -0.414916182394042 -1.05774829268238 -1.13738051763112 0.131175218324239
1.6087642501893 -3.67938631822368 -3.0791702374837 -1.2988965632019 -2.42424950531273 8.43166995973408 1.94813169091725 -2.02657719841881 -1.51172836933305 2.89936107731878
2.64472226834341 0.651070776926098 -0.472547851856657 2.8676485420702 -6.30545876767163 -0.504626377398141 -2.60824657125534 0.730047371512685 -4.06572629794685 -1.17262255340285
0.733629453078826 -2.91114823949969 3.16288249748384 -1.11033833432969 -1.30416901245285 -0.458995718283826 4.31682206117915 -3.22232252967307 -1.2942140818194 -4.32057953201216
-3.89114420399585 -1.71706640261878 1.23493723853004 -0.394582348945407 1.08838637358672 -2.06111802901151 -0.361346549828191 -4.43577676842278 3.45836151925465 -1.35281105888212
2.3490446428868 -1.19740540142461 0.81702968875856 -3.01278150442904 2.69340708107627 1.22632839203846 0.89514230203772 2.59564136703889 -0.506126886388191 0.386160549505147
-0.48005778352854 3.53683373987896 0.19199073623665 2.02156236582452 0.487415400095488 2.68028848734492 1.69799385421972 4.9178536245124 -0.307524803553075 2.79638608480589
-1.54771272462456 2.28369500930573 -0.152538488618576 0.00476133580692769 0.977301711777669 1.30699386792236 2.11093590020115 0.422025246672568 -1.10155950593638 -0.698196218051684
-1.2000121760376 -0.456153632139502 -1.37728234488514 0.712564634854764 -0.0809435969241295 -2.46296556205908 2.05811399107849 -0.236853647643496 1.42577791727611 -0.404495404973533
-2.06654242302959 -0.130740936044827 3.30318417324231 -2.04204122323741 -5.58144401445866 -1.02118047260721 3.66585952750163 2.24376732217984 1.04606115807843 0.132771028895459
-0.658870114498406 -0.52487334598424 2.53676736836874 1.43523068294152 -2.41782200795617 -1.85439755441504 4.37665178009202 -2.7620105347974 0.45300415034766 -1.47828164551095
-0.602996910262605 1.99454188053532 -0.702923670282594 2.04885386270071 -0.869660936321168 -1.87676089606495 -1.34122411567367 -1.17336493271041 -0.620050554881911 1.30760071327604
3.03050940417698 -2.6577883832293 -1.18855954461548 3.45855942794939 -0.132182178612187 0.611607372024938 0.903790820163128 0.267220519766397 0.226165210580104 5.02370441170402
2.14108571834815 -0.267375141898326 1.92199112602944 1.02655223253052 1.21601411638717 2.49778077011114 2.84152334633322 2.15579527115185 -4.89307621952214 3.43935169584091
-3.63056731916944 0.933454735739079 -1.07821200817805 -1.47016477794268 0.637849208504353 0.513569803148509 -1.92177146773814 -1.35395651634684 -1.24377029846798 -6.34948684763533
0.348719332769632 -5.05967414638742 1.34712118978611 0.0365776139851447 0.778922203637229 -0.375577676854877 -2.83881061512088 2.32124740980835 0.554584891485035 0.617127122793465
-1.9269282233193 2.02936445859789 2.47388444644735 1.35587057321051 -2.04631816437447 -1.16630496689919 -2.10400288636277 2.51157142370883 3.17248296938449 -0.0273105421001097
-1.06140563763 0.550396395267486 -1.5288447933928 -0.88669029465928 1.500378126257 -1.43468017480337 0.489966357737101 -0.000827883712435156 -0.956018265909731 2.86931853253432
0.844676426989592 -1.19225577959352 0.627697935642656 4.4180618776672 -2.54173077906995 -0.589451839582704 1.80457101115284 0.141109389399914 -1.73867851300279 -1.55924649400952
1.84732393078763 -2.82858740166427 0.606394508880465 -1.58400630940994 -0.94924255129303 1.92457012521794 -3.15528978170269 -0.322252249664804 -0.841046443339021 -0.515248030392599
4.31267495375765 -3.29304992023139 -1.06797204886445 2.28880410694759 -0.417540095042041 0.975139704473459 1.15598030677225 -1.11040469621024 3.5890459617955 0.279259318360029
-2.7796478521235 -6.20170540574839 0.337509330276838 -3.00296406861551 -2.05715923586882 2.3566842512444 -0.612982370812796 3.01981851502936 0.577096273706365 -0.604918109131959
2.29861395507688 1.56786722426074 -2.24655728669779 3.81000177722148 0.894199063898786 -0.0483212554278824 0.93047870462891 -0.801366016787674 0.74201081279106 1.32019650879581
0.77935753445798 -0.389405970555422 3.3412623894062 0.8151816435747 1.74670778357744 1.13488873492455 -1.42110379881966 -2.26005930899418 1.60441176809609 -0.822246790059943
0.583696556967392 -0.244511697444417 0.82815520097279 -2.35388598201569 3.8600289124407 0.751077496766148 -0.541452843589532 1.49849974012158 -1.03188054865255 -4.3496526251924
0.797995347097506 -0.929626646946164 0.449096414349893 -1.13098833028109 1.81936171054973 -6.09604757819622 -1.2789353240964 -2.33935862097946 -0.295473077651487 -0.0298205233279756
0.65023714667889 1.04669979043768 0.260011707313723 0.537057518903329 -2.78877167944457 0.145026150790587 0.919246096666561 1.09718791211854 1.20575818944773 0.200143096183592
2.09493963837401 1.08708456110595 0.85347634118862 -0.66179757199292 3.69256095671808 -0.766677440381291 -0.574536991915069 -4.0440073467978 -2.78188285151402 0.523780825343938
4.40009311074112 -0.683181397239784 -0.294707157739558 1.61318384898711 5.49546736027929 -0.518554068218646 -3.1127286538297 0.418795444923673 -1.04810903752327 0.328067322578533
2.82504328775958 1.08769302229642 -1.59996102734766 0.486977942604393 -2.5895932372822 -2.58603669066013 -3.93091174060508 0.707673015923892 0.634324164473146 0.38751477579442
-2.19302493509408 1.09449146364494 -0.190179154409272 3.98612306662004 -1.3971717631161 1.98927682126446 0.00203278990680116 -2.96419900400706 -1.33332353402958 0.516514060783036
-1.3931638570762 2.03939759149884 0.185337578142802 -1.83606121117247 1.54764257983382 0.371690071810437 0.450607782099682 0.50669896172764 -0.553952571460899 -0.0191328440274392
-1.70632224714531 3.4075584768451 -0.922924709843806 -2.27259851402852 -2.10422068024634 2.49241068496706 0.965951913240007 -0.317575998784408 0.13676113901224 -1.21243298383769
2.88499647032839 -2.34401880662822 -1.13241869077511 2.33198140462899 1.25003681130519 4.17310492457436 2.12229508294938 0.951560525971046 0.869012916169189 1.17147091776745
-1.26071565303084 1.2368306632058 -2.36492676792978 2.13619871630931 0.813136803288733 -1.42599451023448 4.84966793471373 -4.88898146887686 -3.10371894496974 1.27626672671199
-1.17343482432229 -0.945446584292526 2.361154398415 -2.37803832029892 -3.57528560069638 -1.43746496645757 0.504863835746341 -0.761963764108347 0.612901369724331 -0.711946837135503
-5.54090859572449 -2.8784993820062 2.94676084648193 3.11803020162527 -0.158106193816411 2.4776803177443 -1.26597148699978 3.63290317551709 -2.52755614031612 -0.975411501498634
0.178402555626022 -1.64926559263053 1.23524742700482 3.77505169562117 0.737821072863312 -2.949705989043 -0.317929367702778 1.44139037563066 1.37897270981405 3.36388444230532
0.668544206170276 3.74274836746263 0.336616177702204 -2.37333978273898 0.833767732724599 5.90863464345955 -0.0113150213305308 -1.27021477558621 1.06114190123259 0.608567318165844
-1.61105445075118 2.87445109117244 -2.62213913536491 2.35855649466155 0.28214721437333 -1.69859814922564 -1.07103499524501 -0.98623769117104 2.56695656804848 -3.54637879679765
-2.63728957800841 -2.00752227305565 3.13362053148147 1.47509599298226 -2.29064623689235 -0.998886563303917 0.630122878578573 -1.80461339156852 0.112284617464572 1.03616203299169
0.287346385826584 -1.84550815064605 1.43198199710198 1.84125207834187 2.53224964621663 2.92328978597605 2.46444112863994 0.158284381032859 -0.0425368494711682 2.62117615362121
1.29869804841301 -0.73498573825028 -0.521597296939855 0.937296314287528 -0.435347046639094 -1.37983857251418 0.829468736421644 0.59370246337837 0.547023736181145 -0.993979025584953
-3.00957646649445 1.53881751042045 1.02055815605172 1.06218276382803 -2.47775304665438 -1.93937544272517 -3.69311104092768 0.811629722297652 -0.480791827324184 2.93723802069616
1.41379389823426 1.57407754187043 2.21517940619115 4.51707954494668 1.15955715044918 0.727344915661386 1.92559128837908 0.612523651829576 2.91957153433325 2.90478652739913
0.793455108527014 0.261027677355248 -0.273426965009641 4.45308930166535 1.57465017247527 0.962630887642795 1.03253927452622 -0.499109500755429 0.287149069866064 2.38005201504642
-1.56536972593498 -1.18397877723988 0.698188327878846 2.47752942702727 -0.0432785650666412 0.535810231851129 -2.63674345447182 -0.77615708045355 2.15591478603008 2.29496744669107
0.390316665341945 2.91530081889388 2.52671181730137 -3.08492207647703 1.62677957659659 1.13700449689897 1.95951759908733 -1.92208442681665 -1.09732202753422 -1.11429255275143
-2.52241236644462 -1.59474279219433 0.48548052118984 2.1119937195558 0.717851846685014 -2.25986118639089 -1.97645372873949 0.928326494150385 -1.34508092710181 3.62315474333537
1.55224879428136 -1.73222424531649 2.22864797640393 0.131237925354844 0.386961342480889 -0.534619458310582 1.42580217596395 -1.37779579903548 1.52538342260278 0.111603427521047
-2.62398363668452 0.761044635754195 1.57585194292612 -4.9968348933283 -1.79171533970298 0.0475385896923828 2.71165401430052 1.29143911004443 -0.492954609068397 -0.10779914622849
0.00931909985169707 1.96460242097362 0.687365381121622 1.10428621070661 -3.72058105036312 2.30739754269941 -0.149271216536381 -1.89575151112805 1.85916505789344 1.52799673500903
0.732841389061257 4.56233368528426 -0.757208221593956 2.63953765730681 4.70513278242106 2.77785266444643 3.82680011232479 -0.477248842091097 0.357384635329659 -1.97126709938982
-0.372716556313029 -0.519213452033553 -2.33360356290387 -0.0874743854317777 -1.58402966368216 1.31530140556261 -1.12365079952985 -0.538699676229317 -0.123380543965505 -2.26246604084276
-0.0637350475047691 2.45033742780171 -0.328491925792549 1.10864346698679 3.08198547444267 -1.4174361573303 1.50214522722386 2.20184941511466 -4.42587585789623 -1.98293894175353
-0.420888210724079 -0.777188105515074 5.25553497145579 1.40128266463278 -1.37489117157546 -2.8837706815198 2.53015421877464 -2.89518675205708 -0.985825903507921 -1.08955950290002
-0.712356637527007 2.41971266806514 0.0789256321307921 -1.17273031460602 0.981298647212898 9.57858929260833 -2.13568917856162 0.687099015693905 -0.400419811073626 -1.29524019209018
1.21401031117858 1.32642012076468 2.30994386653424 -1.488938383551 0.381767480413107 2.45862139972135 1.35646648786089 1.64381599415964 3.29485290100156 5.14640961139123
0.507356227171536 -1.1621715181079 -3.10425726556253 -0.316402133284515 -1.48613851369043 0.361231707867059 0.590571334806896 -1.46939793605172 -4.04999980961735 -3.39646414824275
-1.51628358595968 -1.32136476785525 -0.528244941153302 -3.22966157784939 -1.40996776881505 0.311510614049779 -2.02844890303242 1.38298172453128 1.50352103229996 -1.53681120158565
-3.54959590515525 -1.02971064232252 -1.5903635730042 -0.840365563261283 -1.18512290723723 -7.12405825280228 1.090888047441 2.53703191828395 2.29338802049749 -1.55843459242164
-1.92187942411992 2.15658043559599 2.63588298791177 0.991094930617721 0.225653776237925 -3.50521869683452 0.757395647315655 3.57151362493275 -0.388201330698797 -4.11984433917737
1.75654759038014 3.01973003402516 0.838802019568406 1.2917775027175 -0.325487909679281 -0.168637992891694 -1.44109888065347 0.0748007116700712 0.234245395364461 2.40933833008995
0.75932730825128 -4.80369346231615 4.14580788296964 -3.68756786732016 -2.07850971230742 4.54374675329143 -1.74757258319146 -1.02236324557795 -1.66076360583385 2.02111773527091
2.65950868254638 -0.641807131943963 0.776642289104366 -2.85765386230399 2.54559516270702 1.04476318552841 -2.48674363343406 -2.81000435449023 1.43480629748928 1.2440950337059
1.30537101883636 -1.66414414126479 -0.848691604248302 0.600291489974293 -1.14292702542988 -0.791182061654011 -0.122007534552575 1.93351738382864 -1.58092000221696 2.37022623512972
1.20609357802939 -3.1524409392079 0.882222362278064 3.46246140957133 1.43267895506087 -0.0457066521189769 0.075978426516207 -0.0444004800920711 -2.37462405847011 0.101406950094601
1.74094502842183 1.298693047204 -3.00589380041349 0.690478873404502 2.36290923795276 1.14119487597882 -0.33858723540042 0.0459182041135087 -3.23811425535812 -1.61666303059916
-3.8678690139983 -2.2571823812995 -0.791515011068954 -0.855687440771402 2.77267621065072 -1.87030587018818 -0.759889161131204 0.152835071196012 1.30623180432394 -1.11776559951905
-1.02718948818045 0.110581800549712 3.05472443953082 -1.474913439984 1.44023729460688 -3.74598363094414 -0.535221526718902 1.80014854912154 -2.36297847324019 0.980761908329619
-2.3172934494972 1.33591782732317 -1.12211558821034 -0.025058844200193 -1.40799519972054 1.87618603179016 1.71802625518094 4.29525284115832 -0.235444281775044 2.09613583335516
5.32581240414139 0.421305594104161 2.48931816480169 2.41797917522024 4.6418292143225 0.135963569050131 -1.45230655648977 -0.746519077116832 -3.4026135587174 -0.0529687635435704
1.1368130442637 -1.89108612811551 0.132337348078443 -1.82539210224812 0.540057509475656 0.672152623733706 -0.273530352887037 0.2620591577706 3.37509593827507 1.3416855000311
2.02805693913196 -1.41494912172013 -0.438920017471682 -3.82978943565044 0.744839502497635 1.19288089602825 -0.449887178184622 0.318909707847913 -0.518471204452982 -0.198972767661626
1.26499023906041 4.01246366366857 1.75521722128756 0.380662538890376 -2.74853317162307 -4.27564135871645 1.86164253161084 0.227710423965503 -0.0768861380852086 -1.12420464367207
0.866036689955684 2.60234746656463 -0.840062155675623 0.781614008843774 3.7416512246633 -0.388843277939829 1.96309381577928 -0.746033853138474 0.740644050470614 -0.270976549552026
-1.51973944727224 0.769377427554407 1.4785188859093 -1.58146185743487 1.80167716506894 0.583137063769072 2.92811045802686 3.92770704646473 -3.42994624259918 -0.361695790318954
3.35891793208211 1.87351888425946 1.31183419739855 1.18541725585693 1.48862293458231 -2.42285379488742 -0.571467467180889 1.94494678654439 -0.716497873677933 -1.16962138754081
-1.70892293734696 -0.648124409219211 2.48098658924876 3.15415762142142 2.04464772698252 -0.0490718411348762 -1.54909525909261 -6.55759361122522 1.52405958883014 -1.54453028935407
-1.31765906381987 0.93570886037162 1.1888275683367 0.8484978862404 -1.17434445610716 -2.20167718624457 1.33286251738691 -2.89619879737272 3.2854250219694 0.59614188944924
2.31906890341152 -2.18652732356451 0.513103463333933 1.05710906655656 -0.80493115211478 -4.11731271984346 -4.21230098795901 3.19345805188297 -1.95961788807052 8.29011054650354
2.05986143076593 3.1722614817504 -3.67341592034089 -2.36681039731396 0.657651669448278 3.68243734525919 -1.34906832258454 4.54492526533146 2.95359297779384 -3.07511224745403
-2.00335209931429 -0.233777467108378 1.72219797132574 -4.71365876783905 2.59435370829821 -2.54475943815997 1.76116755562691 -0.287635424357568 0.0771659885260137 0.654322320195879
1.50587006542028 0.867043821007098 -1.73827514024591 -0.398515725055312 -1.12978878662342 1.87525142254305 -0.200829130597212 -0.884555441488368 2.44974332346332 -0.429293556211221
-0.722241003551814 2.16052210433624 -0.218578538306929 -4.01084800054011 -0.668721836119555 -0.35296117508269 1.23725113760358 -0.425997899993207 -0.409636162646595 -0.0609198968687025
-1.8870671555653 1.3401686924977 -2.82521326034565 2.36000516947667 -1.38873941269129 -0.801062033802117 -0.214900916004072 -0.754308816020268 -3.75634817209312 1.16467940509486
2.34447997498169 -1.80158273134842 -2.57384350513129 0.659187763298447 -3.817445470413 -0.151759324140414 0.964781048310857 2.42262355535713 0.990348207552818 0.592549927377334
-0.956114281629062 -0.441335328390855 1.19359452891145 -0.114466089555579 0.412619915752876 9.89199121397098 0.134578248679108 3.66204564444629 0.829392407440048 0.609527044315625
-0.547218660693848 1.08707097865229 0.254947823988265 -0.828345207778435 1.89767013498917 -6.5775553255329 2.41972993009924 1.11305264563795 -0.635320562152683 0.732285630676888
-4.79894443460488 -2.71391089666241 -1.14022414425648 0.00586736216600434 0.193728123945267 3.76532823501553 1.28886935089777 -2.48603691387527 3.25688221148238 -1.94904599022907
-0.111331996761749 -2.50301000183457 1.98003152034522 -0.849164462199189 -3.25995194005979 -0.631162419289002 -0.464961079760272 1.18849456235745 0.642242282049994 -1.00051523662461
-0.0282033582953006 -2.18422084228738 -5.20062882874165 0.49669407015665 -1.98629430370686 7.32071289529348 1.49735481414399 -0.346871508822846 -1.02281202576645 -2.62793929261297
-1.21119103235421 0.848955971447093 1.07966616398706 -0.712570532593131 0.781623639237535 -2.61566719195286 -0.619981658821469 -3.81713563356654 -0.820480638387692 0.168131976145719
1.7107526176178 2.20117938713369 1.04987992930724 -1.26822168694619 0.0213071338131182 -1.17971026393348 -1.53716962317631 4.73551109628736 0.679696623193349 4.0546105064398
-1.1133121298592 1.18573414134353 -2.06137175399433 -1.6863494152204 -0.557915017711559 -0.353499659362345 -0.358553653402906 -0.531710365981548 1.31675481255152 -3.45829445319492
-1.45409808950787 0.284565805161402 0.317602461831895 2.32979780908962 -0.372014689470452 4.06885174239675 0.0120142026327959 -1.05664664218028 0.126665355501468 4.63780829894728
-1.8840851744226 2.64993053146893 -0.151052058202337 2.0079529944419 0.157862721983985 2.60588787338262 -1.22480189573335 -3.34584394759781 -3.58359131053885 -0.50273466655467
1.69326347855244 1.28394444045751 -0.204350580392315 -0.168812009965146 1.89362249982504 -3.46904189994477 -1.00437629061926 -0.861132056316874 -3.91623965564228 0.531847465716781
-0.975551920543698 -0.899131308955071 1.0954741995583 -0.0912500360337082 1.10925675025428 1.05427691202573 4.59534528963659 0.777033901535739 -2.28482607294281 -4.62890459340877
-1.47492253066769 -1.30135690204008 4.28899056390385 -1.54660616182737 -0.147824410759318 3.89021633643916 2.72920531819162 2.62898453816674 -1.54822333511134 1.93398764819807
1.2713117423597 1.07123736492064 6.08623499119812 2.09781673542163 -0.923849693452785 -1.9631653829288 2.49617077652573 1.40396165571371 -0.96337440813717 0.955290866502433
-2.16550132678867 -2.18913163820367 2.15932955998587 -0.144429607884523 -0.101286527422212 0.391368276136317 -1.27876372980021 -3.31618458606598 1.75868258247821 0.572411401323522
4.35539015353745 0.222777445264729 -3.89377650026413 3.10753327209934 -0.91703603817559 15.1356953507803 -2.58604487577609 0.229276797275341 0.338022729172383 -0.298897803342463
0.147100850658246 -2.91586885104183 0.45408215379981 -1.23202444997883 -0.262087313343122 -1.43609203647344 0.0729950206080398 0.925893299792728 -0.619232223257825 2.70470666918946
0.171945323135596 -0.197828682673411 2.2534988056641 -3.25179889284419 -1.20631992611768 -0.764541887458974 0.165979851102624 -1.66541219662398 -1.07739898539143 -0.866513866596581
-0.351159952656927 -0.0207520902590335 -0.960011107972356 0.69296523813261 0.376251155126548 0.0272515637055069 -2.4555899542795 1.00049776213203 0.883190008882449 1.7208606229212
0.639764650247434 0.318910064854687 -1.92885312347856 -0.0591322224349477 -1.8081043230251 2.61503946298896 0.154248655735236 3.36028592960153 -1.38289321018687 2.88233887029717
2.73708629038764 2.07047601631248 -0.000970143431997541 -3.21335180285134 -5.18989205558788 5.5986053101454 -0.685079859195907 1.17834094027755 1.53721788869286 0.00472281915102586
-1.66594572841905 -1.26715222769073 2.16717526732471 1.64172697716377 -0.0740374402134172 0.109257328105173 0.0798758381847751 -2.9429373405408 -1.60973591738719 -0.00402927149918574
3.29043306721998 -1.38074302252323 -1.97121666478849 -0.135277319884234 -2.72947341154519 0.835695504498094 2.23179937482549 0.363910756140082 -3.22578124594462 1.37578339411762
2.94398066645904 -1.11579227638854 0.394919127031488 -0.630869807042483 1.47657820041975 -1.37758662864731 1.03274848564361 -0.593698681698389 1.60303441078234 0.390095088454158
0.822015603389869 1.71790027383229 -1.65523278527779 0.0797335904544008 -1.32067068482635 5.53336456176451 -4.66264171801313 2.8457686012706 0.248457210473064 2.5923235613063
-4.54509692030708 -4.74053273206799 0.728031617261721 0.446600811139286 -0.551196085791382 -4.18783918772098 -0.487420884131504 2.78814247739333 0.323641542744126 -0.326859181750944
-1.2484645626879 1.96454459114499 -2.53057081247157 1.22477015435615 1.69352144158595 0.332866346813445 -1.86689545209131 -3.25867838360373 -0.781710104322459 -1.67695455612911
-0.121004593701189 -0.338865517320216 2.04099646727509 -0.962737145648057 -0.241344300883061 -2.12086611863747 1.48355267895236 0.502629669818554 1.36415463387021 0.654570279376377
-1.13076966609403 0.088612663703551 -2.47378796365691 3.12129900295302 -1.53409746138257 -3.35868020508215 1.4662541590718 0.0207286917991202 1.67985891984395 0.717992458336818
-2.57347224763688 -4.23789650789844 1.60668437876534 1.74424070193264 3.18868732329123 0.419419542281414 -3.85134161351493 3.28720251423429 -1.51466547255169 -0.7592146941786
-0.51270808468554 -0.0609032078750818 -1.05141645460941 -0.378705182432373 2.07890546867679 -0.204488191957245 -0.185455128676221 -0.205903649682264 -0.381303392377781 -0.171951925380681
2.67057932022193 -0.718142247445276 0.858429632269002 3.32350361883628 -1.42179063449983 0.217299396574502 1.22674466211269 0.615030191735927 -2.40521077944621 0.0612807403706743
-0.0831042924869192 1.45763808359499 0.0833305025171383 2.85987308728961 4.88220952115555 -1.58386330667527 -3.26980554624141 1.99880627935514 0.346533501639761 -1.41891234731214
-3.23280355184913 -0.444646423596407 -0.0747390132929436 -2.63016736498474 3.08451193612418 3.48212268900735 -1.69161181654258 -1.06321012113036 -2.32133236413854 -0.207499972323439
4.7017694303119 -0.844282414823383 -2.43340653037114 0.326044393670881 1.64343932289554 -0.270882061367678 -1.39492318311772 -1.75058382842579 0.552282973004746 0.980400496495101
-1.19053789699114 -2.07305485448008 -2.70853290861283 0.00202861294363866 -0.458887968239211 -0.787290795733079 -3.1133252755452 -0.955863769721464 1.1842885798446 -1.77487208237575
-1.57051235786024 -0.237312385041801 -0.0760193738770752 1.97811188739636 -0.463789555518065 -1.00322002667258 3.40164598449555 0.648522256682846 -2.69897143991991 2.27405055117999
0.770736491596361 1.26607610259657 -5.04992217649155 0.450427246423826 -1.40879890797269 4.56940320348258 3.14648319584041 -2.89880564575433 0.401010247051141 1.59945150241739
0.671364270187169 0.503419754142573 3.02540558132935 1.41376295996526 1.03398899688385 -1.33740053389033 0.811150222904767 -1.68564198518777 0.0571585552208273 1.97140916742654
2.07230410806787 -4.08974911427972 -3.0209648558163 1.76277385117334 -2.0982619832675 -1.36963586458422 -1.36481060139666 -1.64676915819291 -0.85791081614613 3.48333311599334
1.29583075650136 0.535145913091 -0.133169837942046 -4.09786146594472 -1.87271866181973 0.725213013960194 2.3307198320902 -0.378961286794053 1.44861358878571 2.11066862749134
0.583267522489605 -0.833334438522016 0.962163972727477 -1.04098584228109 1.72194579252911 -1.38461519688897 -2.01382076059845 -0.504719012588019 1.02535936678386 2.01767823620757
-2.67301808178965 3.49127546729577 1.82639189166884 2.76520183329662 0.422582386812756 0.898636649723916 3.89408055844822 0.747546245768338 -0.00272309050100637 1.10358260566923
1.3206135046375 0.287808134251624 1.04290676414886 -0.0715369578065934 -2.07796488949674 -3.34692824847378 0.631764009953702 -0.999547937721207 2.90196455491877 0.0195420057718973
2.82967389766262 1.77933102737345 -0.554069059176485 2.44178702066553 -1.07671940633626 -1.40344530392197 -0.1082995002449 -1.58611215539517 -1.09466830202022 -1.8231824253102
-2.31651138155905 1.1575829338743 0.824486493704028 3.77650723519822 -1.04826718363604 0.465489372233453 1.98446367366633 1.26817351511109 -0.196058373610995 -1.66108601376159
0.493218665339578 0.672050798913735 2.72729984072642 2.34971260757093 -3.17239718711858 2.83328483544961 1.40537764751595 -2.61478626260838 -2.62538601921275 -1.7464803246845
-0.769490349337085 1.77807671532945 -0.0142091943750254 0.72422104278571 -1.47631445683048 -0.936870373892161 1.68796885008043 -4.3613276830444 -2.89356227688171 0.41832268139714
-1.44784186392988 -4.35170099845585 -0.908189853705216 2.30425653008913 -0.172647559154398 3.27616511052875 -0.973174998780426 -1.18425647534077 0.0925982828999605 1.07700554796604
0.468414731124631 1.51261304282204 -0.146962320671149 0.0309372613232278 -2.31344995945515 -0.489629297024945 2.27969325944785 -1.63035219347482 -2.09592972098889 -2.09796683782043
-0.444282565479042 1.88449890586378 2.23306864249471 0.257120228727694 -0.557430488568865 1.88796952877095 2.60847092466963 1.09498036846599 0.092762640036488 -1.41985303132668
-1.90527304110788 1.61038688700948 1.16292840395083 -3.23640748082077 2.43462048013202 1.05285663487718 -0.542216006679918 2.0921343365111 -2.32691210397426 0.170755214229228
0.0963712161850555 0.904650794339218 0.559771746159907 0.953578804146576 0.284357867413324 -1.18898668119954 -0.936225461174761 -1.06492327552717 1.74370247732149 -2.97672021511578
1.06999417879589 -0.154920823469253 -2.32020359962586 -1.64184726303414 -3.11864164973853 2.43054797145829 -1.80186229768717 1.72718511044735 -0.44877442988845 -0.62359574029442
-1.06848864440093 -1.75044592798614 0.535098260083917 0.724133277230478 0.344280607058889 -0.949711350539146 -0.036093396985885 2.25496723233422 -2.00331601528674 2.34035896749533
2.47491947782986 0.924465067436927 1.13832900133855 -0.269895293712291 -2.44022455676742 -0.992007951083632 -0.289474145557152 1.35376245083912 -2.18688818623392 0.534990678571382
1.92543144680336 -1.30688338872915 -0.660440912279272 0.432200975483587 2.54110260801043 0.958386156179695 0.371434508970296 3.70536945395056 -0.80573993016767 -1.30809869635467
-1.51026281937178 1.70003122557797 -1.39773946440714 -1.54608054315019 -2.633074890694 -0.263033938693298 -0.540558861680915 -0.482761081582196 0.141553855247447 2.8991107203025
-0.740098539378019 0.0845025584418993 0.187756103876001 -0.760596377687256 0.691142948847263 -3.07997532249018 0.0852446861695197 -1.61173374525342 2.8387949527192 -1.65551012887445
2.05862347521567 4.610180753298 1.4066767323731 -3.21554428189376 -3.80006642995679 1.53418233020964 -2.55205328104312 -0.115443392620032 0.612942983985437 -0.0113237701307611
6.34915481988862 -2.34454130411879 3.29747090499605 -1.67403449373067 -2.39410021053544 -0.400248028082934 3.08195232490253 0.927981502091148 2.06407428901175 -0.0565893661737683
-2.39283906561955 -0.0818741106384685 -0.892945186046496 -0.404239750819664 1.57680031235308 -1.90375344332254 -4.64781530608777 1.26974377589037 -1.92645203082271 3.83352502955443
-0.160816444241113 0.475422756944507 -2.72920159608527 0.146520764805457 1.7331615221116 9.14715660463862 -0.62264741739921 -0.537862493475147 -0.50002049863094 -1.26666219172222
-5.31424278775225 -0.130465586163937 1.07147001396992 -0.066159804379588 1.58078462814328 0.311738771603441 0.0103164282080959 1.6356163918423 3.39398339756322 2.49816664393532
-1.74572286512482 -0.237293661295328 -1.30344391154272 -5.8457516775691 -0.954774492899353 6.22728535486763 -0.971369192621025 -2.94011591832631 -0.462639125325641 2.26127313454149
-0.411443473784144 1.25913513294955 -0.102164719340288 -1.90276172203619 -1.26367134061856 3.83252323070869 -0.11664455211845 -1.35193991390378 -3.68832925139681 -0.378325254949098
1.56892217705493 -0.933479413753238 -0.937848615050241 -0.38568932107696 0.39404980351397 2.57876409528968 1.68691145068506 1.40107708299583 -1.29496228708653 1.2871297353528
1.05578988558009 -0.374001751073455 -1.93359119995906 -1.73735677756321 1.19822073157282 2.48955441101924 1.87201299948573 -2.73213819912892 -2.71451665567794 3.69150636035288
1.56660123900709 1.79341573671045 -1.93037851160342 2.3404023710474 -3.30172769878281 4.23646107056484 -0.694690379611781 -1.62067906932537 -1.04036805125234 -3.15540624020274
-1.09514985989748 2.55494621661803 0.257183527765275 1.28925482681334 -1.71020640658444 -0.434814973432212 1.15538366516033 -0.875599173920187 0.245533916281637 -0.127928696056666
0.19728935039534 -0.00362991873588926 0.540088886955806 -0.968984755881232 -1.24251428351637 1.57835527874502 1.93342052801407 -1.56302241669014 2.29995989829422 0.764909889827291
0.285743803904358 0.733768618125172 -0.848266097666884 -0.163054248284365 3.52232889708181 2.04832821271845 1.30195988238882 0.56204531126323 -2.32436704377978 3.71385260028343
5.24097875822472 -4.32870722418768 3.05873593593425 1.58758010893117 -1.62733878897428 -0.684531432839543 -0.968148647237988 0.672358407483853 -0.516630431368376 -2.40975983263159
-1.05588594300429 -2.06858756942434 1.56458028229066 0.0937924341196216 -1.26567023486082 0.140715927717464 -0.513839225750114 -0.12695880971657 1.52251800697359 0.247699904313484
0.4313679834018 -1.56597238738439 2.66245912510148 0.0375046415355768 2.99990876289766 -2.35334376191735 0.221640801471073 -0.201044423667387 -0.638835525616505 -3.06458459483818
0.268937871431557 3.21220311569324 1.37815565285364 2.41897531296381 0.249316602799556 2.25043732011944 -1.23061240629066 -3.32716871236561 -3.64876487335752 0.943564398715756
2.97270922691159 -0.853674485416534 1.82322432499081 0.650434425018859 2.00999379141775 1.96089667922114 -2.57951416472173 1.14570933007592 2.11046326108881 0.231990035010949
0.199992880237587 -1.19908760494601 0.462091029670657 4.89894619924012 1.80229791311784 -2.99542446572305 -1.03721002206687 -1.3679392438653 -0.708319257717828 -4.2899196389039
0.736130540000462 -0.701436937746783 -3.24115840459755 -2.07655195139921 1.4609055494703 2.60959894814881 2.52516856770625 1.14668619867857 0.286619896746105 1.42512519697464
-0.321392814814059 -1.64430740810835 -0.130313674242069 1.34113327621634 2.97435986636848 2.71105258136698 -1.80611041433244 -1.90155733357556 -3.09865807547167 -0.333815703251297
1.66441751784051 0.498526799640815 -3.40427382012961 -2.56573148923144 -1.03555778230407 2.71433997323716 -1.30967506187457 -2.19894838466793 0.59524996648132 3.61918097850305
-3.40206782987197 -0.890333825991938 -1.12121261699809 1.20568460490378 1.5994933808493 -0.603379793585862 4.71387307669585 1.26788370118875 2.35463894696902 -0.360028469243651
-3.98851009782135 -3.30504558348666 0.781228526892487 2.5430029663577 1.48567873864257 -1.32621242903283 -0.456616882557387 -1.87813386157785 0.611631721944846 1.53848075128761
0.872308421159263 2.10350388176196 -2.41712115814259 0.486642063147778 0.0670745576283538 -2.09001456580009 -0.196019859982615 -0.275974693263363 7.13335664187072 0.283053833687196
-0.776219072835703 -1.73717609335694 -0.989955968285489 3.1807987498002 2.63448212118236 5.56916633148305 1.70135470776267 0.806389326253333 0.877517593618139 1.23466494130747
0.30441648491843 4.23327501572211 2.80631910382886 -2.31933482249348 -0.671691926069513 0.962857377659617 1.20961610719862 2.26147130299481 0.142688311927279 -2.69151767036031
4.11775540023431 -4.1317296510024 2.86338186452448 -0.718669049625585 -1.50801941687 5.32357623537321 -4.27080678394488 0.092292984783241 -2.51101432492511 0.40736899052528
-3.06845515973624 1.58478369008663 0.0335317699781867 0.0481866718966077 -0.000722687423176416 0.940588819004861 5.63599688272871 1.7963610665499 -0.0133913115984589 1.04531828533482
