-0.451034996204457 1.65854976443202 0.466998049672015 -0.365475275189052 0.808146205398396 -0.97696450598372 -0.215932558519394 3.04040280161854 -1.14529296715138 -0.442806469999741
-0.573864523292706 1.31615254995597 0.381890382268951 -0.758763223796176 -0.398588474299685 -3.14640864895191 -3.20567816810767 3.31231068040154 2.41165599407143 -1.56613723958565
1.25214090192626 -0.232946535256107 0.131218412544502 -2.30027103679178 1.29736160589022 -0.0924443136404893 -0.197583507531776 5.80233825606481 -2.00569449540489 -5.38355262164139
0.435323698685014 2.68011411275119 1.90394364345624 0.592230538053993 -2.30315426322079 -0.183369107193915 3.37143878720585 1.37851402442708 0.951829854055917 0.858674961189438
0.145838318213098 -2.73027452206837 2.86109245761937 2.73134139719747 3.5807929366989 1.77416000179505 0.338913427587908 1.79606769943176 -3.68758264108257 -1.95769135010361
-0.358788903713459 1.62893929282723 -3.10856054419868 4.40909372239611 0.534580007137032 -0.439202759071431 -3.74140338388613 1.62068605711151 -1.25328828060243 -0.885806678095722
0.306521138741729 -1.34982935941289 0.435899638733826 -2.74109464546158 5.33808883324345 3.34393361514095 -3.24619497235626 -1.05442505556145 0.23465478280172 -3.41486071857826
0.0334067132403876 -1.52809523344084 3.73814732913634 -0.341031044477868 -0.441642297245966 0.380185343055561 -3.54891339412185 2.01857555590384 -0.933957891511838 3.43348239394415
1.28886607414935 -3.62952958946109 0.838670529400157 -0.954008798362262 -1.28849048212806 -1.59562600493406 -0.719272800711416 -1.54589435834486 0.165914441009361 0.181534874955893
1.98694399360177 0.493741340667688 -1.47297106808556 0.382182134989389 -3.8340778432446 -0.282857764849994 2.89682801710468 -0.152123592508976 0.865233596125353 4.3062732071432
0.260509736255445 0.157609759257048 1.79654670716483 1.67982420190141 -0.850114743940656 3.46655486432174 0.501489920298942 -0.114468833436046 2.95762049080417 1.11824783341634
4.36600012965161 2.80418818304672 0.054415779802705 -1.88949027666599 0.23436126976964 1.10281911024789 1.637571046225 -0.328385120646584 -0.385738838889193 -1.07985245898047
-1.84824166366082 2.36670306161621 0.702071860358419 -1.23147395873186 -1.62046309514134 -0.57825490292274 -2.75826923723126 1.14910945306017 1.46979774059608 1.94745251773518
-0.749796920806995 -0.917063449336341 2.51258275555648 -0.691803677110728 1.84053745666905 -1.39521666237208 0.410183387932607 2.41808607493341 0.918171364676379 -0.440307830223186
0.301808602248449 -1.50646211507586 0.824839159635372 1.42743188047306 0.807488710780383 -1.13839075034481 0.787841890680203 0.574298269435823 -0.947196729301484 -1.2572522629166
-0.545198418158606 -0.377333826390611 0.049926909669309 -1.2707760962318 -0.543265801863243 1.01346659303093 0.892021418831787 0.712676680484088 1.42370413441803 -0.483218213719054
-2.11108108744567 1.11658585481175 -0.476791330174265 1.633623359229 0.861860907543012 -2.57240654919868 3.54041800989491 1.09845485441722 -1.77244962691725 -1.80818577138249
-0.156058843106123 2.34585776543212 1.41555832311678 -2.52563575026183 1.33600458278913 1.56062127165894 -0.185857309426169 2.79255740688726 -2.41303687683984 1.42037625094374
-1.47136095053936 1.3890421917134 -4.65834767501472 0.119154909772079 0.968407104232381 -1.43488018952064 -4.07762876951926 -0.309653509455608 -4.36104495964345 -0.634542849903488
1.06370021837015 0.697794956000634 0.924814426311924 3.14519706867745 0.199426478383536 -0.668139607645476 -2.92355181119466 0.485469571463827 -1.94394107115067 1.66660614782372
-3.34506609035228 -1.79453511383322 2.40575739678064 -0.908674397139855 -0.547850070556213 1.5955916845497 0.437917422398134 -0.00917507170680881 0.726174267322713 0.971302747160057
4.10713562792844 2.37429041603902 -2.04056897664585 -1.14037823586746 0.403519920626001 -0.829945343466334 0.158683542015613 -1.05997303426366 -0.609558957197542 1.35523162388699
-3.11876301941535 -2.05391864984218 -2.76847060220767 0.962932733823947 -4.16296425882836 0.655405365162549 0.864421251050166 -2.41884106732568 -0.143108552484851 2.50363489326822
2.20487045486859 -1.69414958942045 0.0321540494947121 0.669907311543538 0.745903329787435 -0.156929080439452 3.2736609229538 3.11435741807397 -1.77811234057612 1.54675749700706
1.44926768808913 1.39683217380212 -0.21577248480559 2.17189463493871 -0.467682444703166 1.2622681120016 0.400998707107793 0.734666141648212 0.696501528013268 5.8649970477037
2.97259994382985 -2.14315372168905 1.4993663398349 0.537104672102873 -0.110021938538843 -0.148094758670317 8.16642833903361 0.626878075505833 2.55333790206971 1.59322557240836
-0.216883622716569 -3.40075713216056 -2.74580393532735 -2.49686728036955 2.13494537555849 1.73536223830476 -3.30665621375423 -0.436683883031847 1.43748963738253 1.71538750562201
0.88884084763825 -1.22612175452077 2.42553309282847 -1.947226044448 -4.25631790236892 -0.220040632941627 1.07937324243754 -1.85630432038899 -4.00534050830928 -1.1743711963483
0.705813837051869 0.977094837429495 -0.512075588155358 -0.142715060241836 -4.99315419458933 1.44087669444727 -0.884003391737662 -0.514253369062929 -1.11622739114797 -2.0573811369908
1.36439538978058 1.02847521056938 -2.7249571209295 0.873597487012892 -0.223904782968322 1.37795664368856 -2.06763153570744 -1.9055982199764 -3.22085698997053 -1.39882009407993
0.585190404400401 -3.98518807191552 2.860157521164 -0.666167882433389 -2.48809103118704 0.241829894172693 -2.24381377955991 0.748886592552977 -3.05893179603031 4.87558901758979
1.38873777891008 0.242717862912516 2.90377521812273 -2.70734050909906 3.09983670292305 0.778913130612766 1.52740251469307 3.50436809457151 0.764055140692977 0.490937363068283
-0.668087315246717 2.70661407065605 0.511793208065691 -1.55487229220382 1.79737274172285 0.362810812918748 2.43831410853867 0.854624088831728 -1.02124661530731 0.203227503287225
-1.00344975270103 1.26303287524304 1.34700445936991 1.23694440132692 -1.29163530935885 0.838547662359422 2.0495907129247 4.30388355849425 -0.910047818051859 -1.78290174797039
2.1511289003273 -5.00290481704563 -0.681201077951289 0.574370375879203 -1.35766785655069 -1.55718951647154 1.52357348837319 2.42785791911191 -0.535615869994492 0.635378151575901
2.87689834087916 -2.42819090509803 -2.42242180440993 0.283791877054299 -2.22468438621862 -1.35815916397881 0.409710991441086 -1.74381716501666 0.429334370575919 3.90360031743222
-0.549554208794149 -1.12336300757318 2.03183042235049 2.772248408857 0.345326768618844 1.76900985542323 0.215826063210685 1.58486198543648 -0.876902566174862 1.18477047257801
0.157748551715845 2.87846994334047 0.624684936075782 0.962221175565071 0.250798695293295 -1.02475383465837 0.335166464767723 2.72181219333119 1.93108122590865 -1.19497212750517
-0.0929229516269519 -0.18596549743593 -1.5855822606082 2.29070325570232 -0.365180102132341 0.091365345382049 0.599004470433174 -0.250254051829681 0.823541410243913 -2.54694510434811
-3.86624774274701 -0.265641525721075 3.67193211724958 -1.59660925024911 -3.63542664015314 3.45625098238934 -1.47343324717463 -0.404880286450306 1.02062614677595 -1.62901409407922
2.29766395902889 -2.44133021813564 2.50196149808932 -0.977342688902318 0.744266924860178 -1.66460477848862 -5.72798384614996 -0.921059776543907 -0.204601255332476 -2.27964828481424
0.626173085578744 -2.42629862832245 3.1761109594973 1.1784478630507 2.0311960176728 -2.73041652401739 2.66621041521496 0.223908148841247 -1.57466943257109 -2.54956346477759
2.52832882074976 -2.53371404818889 1.95080828714421 0.911131785376767 -2.80126166798092 2.48590633610863 1.28568715441304 3.24866955204142 -2.38140072002062 -2.93882208084217
0.407436344698609 -0.878690784177896 -1.71947543376701 -1.47396558005777 0.238384871879157 -2.42525481466104 0.691772102112048 2.3598060572571 1.45127459093288 -2.47099181192056
-4.35552363457348 1.16719088714362 -1.14739612736601 0.403080435578731 0.534207878145438 1.06618878488978 1.56609308613774 -0.731263807447405 -0.799193096536727 1.41087039987395
0.396253808830011 -3.86834175858939 2.84691960749008 2.3617118563181 2.83566962034002 -4.86747754943935 -0.548984982149547 0.257706017222942 -1.11759765778969 -1.39365914530147
2.92777387048183 -1.64381652466082 0.558147241451323 -1.58784299028277 -0.491507820973828 0.833442397761759 -0.61485520518007 2.00468419619468 -0.678389718941461 -1.86775906386046
-1.54400494967767 -0.604634009816537 0.576810471892085 1.9025583977598 1.56606020931708 -2.26072559195575 1.90820101962155 -1.80035055976711 3.75617493392225 -1.77233857330542
-3.36803076616257 -0.519096515314288 -1.08080188464973 2.86989206741645 0.975801491592225 1.48905400729308 -2.44854375725304 -1.33098554611658 1.33840294985073 -1.90083418693501
1.75826731238856 1.3524527763464 -5.17071064260647 -3.14487949891406 1.15017513094923 -0.993049997178929 -1.76931873216326 3.40180949744306 0.0997833359801053 0.1885913654978
-0.547899895322629 -0.267988302704502 -0.982709944027028 3.87319188432131 -2.44421706309291 -0.0886209236617289 -0.202889928740055 2.58165029637774 2.95468514666816 -2.50028037910352
2.29284294920084 -0.0631517851911383 1.16931548464344 -0.795333605151373 -0.921477538801784 0.635422129914495 5.75549298791112 -0.476940851836413 -0.896517838278465 0.951047979879013
1.83500579255042 -0.00226385991998887 0.685619927374691 -0.0685285561465061 2.46256358226569 -1.68040943204445 1.1151401278386 -0.894834274383918 0.824085815443333 4.20649461341464
1.30784354427667 -2.16640060661193 0.198822824503684 0.165041253867761 0.439558482537941 -2.09957441235117 0.620661518501622 2.12037718251921 0.517604546591797 -0.0977564200914245
0.427663089787446 4.71508367951404 1.5784400985434 0.370258697428436 -2.54395048165008 0.41424892860183 0.813839826021088 2.02357900160709 3.12592428868323 0.327212592032934
-1.13253321751892 0.861303268804386 0.447730378036938 -1.4555082901687 1.65151686573573 -1.06202366995758 0.617875539085657 -3.06270632763959 -0.132359289912614 0.682777122368588
-0.275123945239031 -2.9483412121898 3.86247288876281 1.84985662042935 -3.4920129642293 -5.98032689581727 -0.695138245853517 -1.20232046106513 -0.90710590128285 -1.16678193695127
1.5784591760676 1.43154928282522 -1.51625914898704 -0.0425636693049329 -0.0428547954462859 2.55135299460138 -0.729113983804777 2.3472591369789 3.50445644275294 2.95713921915348
0.121800397364922 -1.9328339658657 2.75370882101637 -0.264827896628443 0.666095953815091 -0.138012341089822 -2.6112048724455 0.180354978820327 1.36611748316155 3.0400524503534
0.922709125871188 -0.85357215170488 -2.28857118999114 -0.451746055714893 -2.34003036332349 -1.75575223052904 1.16504222005554 -2.29803867656115 1.55333303978474 -0.157117125084469
-2.63729724685917 -1.18249878206767 3.80481884172485 0.0642773467049965 2.8860958357496 0.466493943404084 1.61012744743923 -5.04504928755136 0.844785389746919 2.16699755499929
-0.609530878042848 1.33028139392756 1.25722042264118 1.96514459881831 1.44847501139046 -0.157720521764093 1.59777943281346 0.401599318255676 -1.19642834722176 -3.04106114632517
-0.679900103682305 0.741288370326809 0.375830271849435 -1.70055805128777 -0.0208986647828307 -0.71618275338433 3.90157267225511 -0.169393566293959 -2.25576518768788 -2.11798759286976
-1.2324869761021 1.31390814873877 -0.135883668472061 3.50794405855654 0.527042673043746 2.27459676215645 -0.332768234413675 1.30741973774701 -2.75404946852584 5.22464465096698
-0.794146435057716 -2.61413176290788 0.097424685672707 -1.26012185160811 -0.969334309896838 2.30371601944192 -0.0935332905577689 4.72617067449064 -0.0535994731403207 -2.28648949246574
-3.12896627216265 -0.882063787515477 -2.36324873688535 0.617202858926177 0.588889737601092 -1.39965130950598 0.187966579258319 1.14650805084273 -1.16711373002517 2.53469576523245
-1.38210249143176 0.690385672925503 -3.09164484654978 -2.88585408624372 -2.93049665516758 -6.01967520864293 0.293858490040245 1.9656138654338 -0.280187007601692 3.15312919510184
0.286059447315085 -2.20878639215192 0.695529275531374 -2.26491291455782 0.915421906929653 -3.57403738153856 -0.15981748880507 -5.5744229254127 -3.27478904775859 3.56993627313758
2.06247995969283 -3.86645827819646 -0.417875856943798 0.931262495992015 1.12138195720803 1.34112122128713 0.801116357481674 -2.87539867501222 -0.818795776839188 0.00260321020078894
-3.51548853425385 4.87969527119995 -0.495272527510868 -0.075065090773109 -3.05760914738565 -3.93659235985184 -1.67765355642372 -3.16507001782992 -3.02746178441841 -4.10950991629683
-5.58231132377942 -1.86820223527162 2.09675986027946 1.46465472918056 -1.06581082844296 -0.201715813104089 0.513411498581209 -0.722725780160556 -1.63962237883504 2.7487437787646
-2.45820169153648 0.356411936297396 -1.73822077666682 -0.862916797222977 -2.3359780012527 3.73671247842226 1.96106938829317 1.16749849840527 -2.16229742087721 -0.247416559635704
-2.26427719036716 -1.14534257957898 -0.525164543993723 -2.59862074903511 -2.52063773930811 -0.112655391139179 -0.64249703442426 -1.39947423632451 -2.30176132189029 2.77844367939879
-1.90781707483329 4.77206009134366 -1.3831520362671 -2.5202400391393 -0.607462500265918 2.59435032394055 -0.567279350169497 -0.0278600719383297 0.746376297405564 2.34979969265452
-1.54728318700093 0.652158901920501 4.06643700461538 0.195721917125753 2.8827683928956 0.157484754711332 -2.58179144874724 1.16082778094432 -0.407768609489056 -1.087523525076
-2.12325254980798 1.77284933476132 1.00335379257189 0.914981555645637 0.34400137402708 -0.541719005235319 -0.915450281363211 0.286046645348809 -1.4986941687857 1.71693076757805
1.51393985860303 2.99305686805376 -0.0965488973581199 -1.15216745562649 -1.81890386889328 0.620747737794618 0.616057036271999 1.46816746546199 -0.0326168737382353 0.419009447589977
-0.401237583981169 -2.40951179069671 -1.43814936736189 0.591190745306983 -1.49585663341375 0.87308242132079 -2.94008574130212 2.25340674935157 -1.89264240424048 12.0207526385577
3.01755504743373 -3.45126113163931 2.60520477745252 1.89682749086548 -0.609865570056171 1.38014881272865 -1.95058210270768 0.742019160337212 -3.0285997679866 -0.877132135691505
1.48611075643052 -0.581785002865496 2.31778195323206 -3.10691950039893 -0.717055579699616 -2.90390897813032 -0.0050171403652088 -3.56929672491809 1.88506533027343 3.94331302759878
0.306947293871515 -1.07834469888544 0.584986721528585 -1.755577082389 2.08631152365512 -0.0305654564902792 0.539099875805016 -1.87055116938367 -0.697717246577638 -5.07769556701465
-3.33171321298454 1.07140147802156 -0.280324057421779 0.0635106594295647 -2.52327956784572 -2.29191255574536 -4.10785534680372 -0.254835342730503 3.54028638374033 0.50189082413087
3.52663073551687 2.56371315486972 2.26846752939021 1.23931142750871 -2.51706323759179 3.37153629137909 1.48709427110809 2.27082701875189 0.578565723058787 7.49439347908012
2.88578913653369 0.61588885126762 1.19956483854645 -2.08659738519959 -0.154700983187398 3.42439433738041 -2.13775957983918 0.284733742034213 2.23236912416022 3.20453014379522
2.20437755581194 -0.51219992326364 1.74258906875887 3.21871237088841 -1.38164078466983 -0.889731031709371 -1.11815977809102 3.95157423416941 -0.653610385995301 -2.47366515640182
2.54935248410719 2.04870592653904 -1.01985483663618 1.24622094381521 -1.18940043581446 3.60121182365648 -0.995646162504127 -0.737477117679754 -0.42886486339956 -0.410429939553171
-0.686299602850514 1.35055944300112 -1.82027659160257 -0.199645371323031 3.04223130788794 -2.40025226697326 0.119154246411194 -0.353858643053031 -2.52897397963316 -1.82941867967926
3.13862599016989 -2.20332713841767 0.958359927041373 -1.14130181167706 1.30523764641109 -3.31022618060369 0.913172138347008 0.332674763321012 -0.251829777570072 3.64438422282443
-0.884955553354911 1.46921882979322 -1.81774577919412 1.49534221657273 1.20598405569178 -0.514112951495132 0.904191680184042 -5.43798599369674 -1.65666958456228 4.5987506377821
1.27998260086841 3.0794585769793 2.42374834217547 0.419248767446079 -0.431805169005423 -0.397678458918962 -1.1589580900144 1.41895294566312 -1.18074403512714 -2.59979313967914
1.14807257126848 1.19755780798015 0.583911053056267 1.58867521489195 1.38152590098959 -0.789762521587384 -1.89666260592943 1.79051300092215 -2.22058408510036 6.54996745842169
-1.98938027574468 -1.27050027659139 0.207220337520797 -2.80508873321692 -0.148212418278104 -0.28556044293735 -1.88733637069149 -1.04377696053941 0.366029757870782 0.246755284396738
0.942009919240771 -0.33154578229126 -2.38705316376289 1.39587642080913 -1.89244129088318 2.28162138795183 1.35379101246989 0.585150469633712 1.35419001390517 2.97226940481209
0.225122923929989 1.15944179152191 -1.1268335798538 -2.27380804943613 3.99747902179396 -2.67966943620702 -0.914623598620621 0.140328012957253 0.0953711846729283 8.4122013018121
1.96457312820559 1.49845757629694 1.42664486241372 -0.313709701247626 -4.4904684552302 0.320139504837391 3.21132844860232 -0.475468557786097 1.71261166783179 -0.597665327129196
3.07226429507726 -1.04307822604813 -3.21237142659719 0.540483297130054 0.0787820379667549 -0.6665630152223 0.566368860665491 2.58145507147601 1.10168018263845 8.3528023503685
0.926853530163846 0.98264241677178 0.183674956001499 -0.137306992063055 -0.459249538690414 0.346063487133438 -0.30294100559407 0.234271774297537 -0.107712943433753 1.9313673545112
-1.83378366074386 2.48662255015752 2.48961918095085 0.843637898081798 2.66513118648556 0.72157126558238 0.0191771421218335 4.20291039850479 -3.75314305309025 3.269387876831
2.06806076922543 0.61350809416308 0.568305460926376 -0.42532241013283 1.99109966383696 0.772528510329743 -2.73290109251167 -3.99277312747704 -1.85153822253532 -0.41223296820468
-1.31012616891283 1.5910397094184 0.137621330301152 -4.28308072428096 1.6579007949099 -2.84070424587773 -4.14872463598329 -1.80146647702724 2.94319762974064 2.08850911808043
-0.774104746067604 0.687051152871334 0.429913753581677 0.366829345739142 -1.27912044750371 -1.38768096548233 -0.715474800012613 -1.95354111388816 -2.1625173941693 -2.68804663680992
-2.18518651565262 0.788650785965628 -0.961824195387853 2.09354802915137 -2.49219913762371 1.01323351540996 -0.14342527033259 -3.45564867138196 -1.81959148604208 0.603834083590944
-2.39582036853868 1.62615143648873 -3.17726401488807 1.94465096213275 2.68645616437865 -0.345585063503413 5.15626443002756 0.198370805395129 -1.99180782885502 2.29993023180317
-4.44790870421698 0.378416024723604 0.0677402236112756 -0.96225965329665 2.81497464846212 -2.51382989917277 -2.00514441435387 -0.911060023591044 -3.13825897508666 -1.24407870318036
-0.59923609050224 0.558113688454563 -1.54341427568573 -1.0156233741366 1.17590457899558 0.468981198583468 -2.59038085764404 2.25032325411831 -3.48231966126263 -2.27153691057635
-2.27294497496487 0.156246307736422 5.3754016079831 1.82811461911667 2.83563025642396 0.440142044849213 0.174246712905623 1.73058188289239 9.05880127779308 0.299898920398394
0.263046887078263 -1.03032075930879 2.75740797461092 -0.162677742053826 -1.70576820090524 -0.938744125133763 2.37555411416445 1.644724037672 0.933747046137211 1.92755307391372
-0.72943455445416 -2.72435377059484 0.639196558436204 -2.77915292704993 0.724009523277006 -0.940090434172437 0.503882806892962 -1.55519329975912 -1.92716638450941 -1.06114907097732
-1.95203931156974 -2.90313611551891 -1.17908225930438 -0.151983221086668 6.29271632009158 -0.244027404762085 -2.57721120642776 -1.69104983084972 -0.325468197921205 2.41663983107399
-1.78137906418021 -0.830359907597468 1.44157669062021 -0.735934834705656 2.04348397332771 5.64299340092112 1.09961641624015 2.336913573081 1.86109373708859 1.65397553635559
-0.355440610609055 -2.78920168393975 0.753152244184224 0.222925832800107 -0.483172915804166 -1.83379943355706 -0.342145425357747 -1.76091653982774 -2.25534638093652 3.3383632469111
-0.317066978564421 0.706479136603498 -4.06087207691834 0.500011015313364 -2.96555431448138 0.491368785237689 2.54295610313575 1.92226054950297 -0.324117543812737 -1.45806753482787
-0.353573318268647 1.39383347024839 -0.174839807513815 1.5666930571847 0.502982339010152 -0.42783213828361 0.00838854467549676 0.224157216996602 -0.449544663190721 -0.0244906798901829
-1.47884238643241 -2.18600087451424 2.38555638698846 2.43283845070399 0.664835580674864 -0.0447605162238756 -3.16027418254399 2.10392993458747 3.0758531301419 0.0854535908961364
0.459699513268587 -2.40200712682064 1.53814878272227 -2.98335135705901 3.3288057272299 1.22144420269867 -0.83508930736798 2.25840816463725 1.54817931004644 0.703042323646135
0.721757701285291 1.15599641394834 1.39031538433396 0.0715661391181977 0.00576311336718681 1.52455495812135 -1.64590307635605 1.22574760465354 -0.665016496971845 2.91529386294919
-0.299762787779264 3.49316215617596 1.71869457407923 3.20948566470477 -1.33450801869588 1.23408437160589 1.0208368330022 -0.108096244808222 3.38153483636994 -1.01668734836569
1.31338316097222 -5.12572457324815 -0.693639002323519 2.72465909294578 -1.9660070178339 -0.869252220204588 0.405071146939738 -2.18586060771376 -0.51493159581742 -2.37403723034829
0.648293715181235 -3.35147117271739 1.32911482806614 0.523178624700164 0.909923001756349 3.87641539381233 -0.651349601807437 -1.64236516452164 3.42358708280897 1.12672572478098
1.87831661187178 0.935238521120815 -0.399561827049824 -1.68531525409309 2.40080591948245 0.591036686125353 -0.30909740789445 5.45709914680782 0.92633393010424 5.39339635234877
0.572313742284936 -1.70330114627828 -2.28739541020062 -5.58798273600017 -1.8760686527651 1.61355715804485 1.04827905616134 1.03600289977356 0.0621434324537195 -2.97903653791925
-3.60527849715094 -0.717721836236372 -3.1065043755025 -3.70258769401885 -1.52710659462885 0.144875759843155 -2.81371714839563 2.34849039757798 1.57115115359221 3.92821951473979
2.69623824934617 -1.07384922441698 3.10941077554193 3.79846661356489 -1.66783086681098 -0.37326097707994 0.438321843268879 4.32438901823174 -1.81301390590575 -0.721528160883936
-1.52259848939595 -0.277897951480085 2.06399395597923 -2.66389598797051 -1.29773310386701 -1.83470357868892 2.52729876883824 1.75407699233135 -1.85735074216881 -1.11783630309498
0.586369459660996 -1.61084234743854 0.561941412532742 -1.66348321521351 2.39158800208475 -0.299068614953583 1.94313171206367 -0.295577157009171 -1.9542342805563 -1.92202559460009
-0.437830742916349 1.17401193711037 0.0136508464300439 1.62770227232549 6.39477447226739 -0.581480383637492 0.829505113157222 1.7356826153217 -0.854201127627244 10.8623304254631
0.970961517772079 4.89974103686693 -4.01680359600947 -0.993478905754415 1.51718840723607 -2.95368625022216 -3.74117939102138 4.99807684587354 -0.618236019313432 3.8004756988354
-2.51660715781314 1.69530762182055 -0.855108221955213 4.40391757345793 0.60797701986604 -0.480656688689626 1.25103827467243 -3.27003023280649 6.44463628832999 -0.314804098933035
-1.78163634996808 2.3836199774832 -1.07569646111311 -4.76224943562771 -2.21400612024578 -0.238545551758184 -0.678970661896761 0.956372019645361 1.54100549600787 -1.37774239762345
0.158304631099256 -2.24087182152989 -0.816606226062327 -1.0082091726377 1.98371638309783 2.32534781012655 -2.9819835491417 -0.14257295908084 0.689602188745278 -0.118600338992526
-0.560964538036008 -1.17382578266399 -2.05321203431066 -0.0702612846991418 1.41087110435375 -1.36789569402989 1.17904245214668 0.307666061300257 -1.73186531466584 1.29045157121617
-1.13502348787405 -1.95525508929463 0.58777929526439 -1.55590695115327 2.94075635201647 0.330964577738939 1.7127877646633 -1.08641393423886 2.571229603197 -0.0710258338416782
-3.24831036620252 -3.11795016853865 1.75995215562617 -0.069879951990295 -4.04434060353548 0.636269408817738 -2.09540538196342 2.14701634098317 0.788458975534885 -2.13613288976936
1.15433132876906 -2.30592551625848 -2.90480690932105 -0.780283044505749 -3.65735284312881 1.4716468080694 0.652463019454892 -0.418745087423076 0.995140528707475 -2.45706432282366
1.33063586970807 -0.171583392682624 0.467734479917793 -4.3209706222909 3.94987734803752 -1.23219156855553 -0.0842079564587625 1.18798135554801 0.792725710643906 0.269295836371198
1.81891533413718 -0.534858865876444 -2.3691708858446 3.21021628656512 -0.309009265211656 -1.07378882914087 6.53537738999877 -3.59288971050103 -0.215850916261246 0.187180600679376
-1.64963862332965 -1.53896862699466 2.9060359848092 -2.13203123087314 3.9304034121347 0.60499960272709 -2.70699313514833 5.19348525343834 0.862149114319186 1.77513459510745
-3.23664299547384 -0.784298744936976 -0.520000979307806 1.07292868359702 -1.77530797763554 -1.51744578542017 0.800706184208651 -0.512207609957521 -0.627022417950036 -0.916982620187623
1.88655326052709 -1.56921797860389 0.46661656322254 -1.79479151691859 -2.16912130587214 -1.04132455529369 -1.83639644122673 -0.65130022081136 1.37473442199362 0.647059636369984
0.515100372336769 -0.9992728816105 1.65491109072456 -0.701551496946163 -0.424210134997186 -0.453976364585785 0.365171853220722 0.0630571268097751 -0.56340460694883 0.903623412591653
-0.14001196308834 0.79364382553586 1.99046136738018 1.37089593236591 -3.61347838378535 0.303570526151275 3.81919825189779 0.793551027505582 2.20505470612497 -3.45647420574503
-0.108030486693938 1.27019831545872 -0.143157758489816 -2.1964085289279 1.58834866290206 -2.32395750651558 1.29146628526868 0.447041932693868 -4.86982833659009 0.244981438056715
-0.122487400249006 1.0335492467876 -1.04533127732285 -0.102033405388911 0.956986240182943 -1.23136946482516 -0.399881261417284 -0.173169455615674 2.5408880823651 -0.358108442676541
-2.33689037895459 0.679133213007944 -3.4923538652905 0.166026140884762 -0.108627438561205 2.23126329380561 2.77153912229866 3.54354714111819 -2.47381279664032 -1.85050588838522
-1.2602451796288 0.613485203352426 2.6948587238431 0.0981607675497973 -2.63418085967233 0.977549404911971 0.78829888984193 -0.664944840117563 0.959983102285887 -2.04099663818221
0.170713740030055 -0.662314650778271 1.18871608926351 -2.9105387599825 2.36060434047049 -0.0916738989987379 0.73283813415365 4.09119485582038 -0.868584471617837 0.980789795867261
1.85230042603958 3.05774146628321 -4.03190415813936 -2.70113608639205 1.10605369715935 0.885961856865176 -1.89965937975083 2.40792379528667 -0.122799329573235 -1.04182665807976
0.951538096592733 -4.55808425989534 2.29482457587697 1.76324283811623 1.44914745776475 -0.845205661235282 1.99719330295434 0.416290467492483 0.618119412523205 -1.61572227003628
-0.267976827473467 1.99633385574254 -4.53772429323782 2.19503428380579 -1.11985963564929 2.60808967187648 -0.76343479401853 -1.88016788394077 -2.92065726596862 2.44421425953848
1.41864396078878 -0.55420126949345 -0.315724961767507 3.15547404312818 0.0956676765085805 1.62274927320745 -3.2031615399782 -0.0973190254707971 1.62233696963429 -1.92910125818349
-0.396078132191765 -2.13113131388443 1.92509858580415 -1.63301740429614 2.76455998733761 4.11080094599005 -0.0275408389834735 -2.0578676645981 -1.01847780201872 0.381347430744875
0.255005964140586 3.36074139487618 -2.25678186494382 -3.78459059000811 -2.36876353901657 0.408333023278659 1.94332614020266 1.85497555907822 -0.539399827073295 -1.84197652421037
-0.967789843081518 4.02321869160607 0.157020323264672 -3.26223405819037 -1.16068960160405 -1.40295683306392 -3.71722220308597 0.749986953346391 3.56445228717996 -2.1209719026657
-2.24652025016196 0.281656689939173 -3.93453630566076 0.99658727042906 -3.67237482084063 -2.9090753941099 -3.43483900690631 3.67750828989838 0.432713853689958 2.07573566202324
-1.30670934251815 2.38448432003869 -2.91424404964101 0.100760006120321 -2.85087885767931 0.113368508398542 3.08538634400743 2.37131551744975 -3.81404103400189 -4.83158533812602
0.655202724880516 -2.38904927495272 3.32869139491642 3.54414311788449 -1.66993485766449 1.00411628509501 -0.762573051387914 -1.41880921043164 1.22374033448459 -1.10199659555628
-1.20966191995574 -1.03708308471981 -0.0470140291956362 -0.494211050919797 -1.74565568390062 -0.674381993911761 -2.04581839866859 0.942186295030328 -0.00538130132832437 3.40769353840545
2.55750216356379 1.22274739163332 1.79981787088664 -2.01115027101499 1.44756889721352 1.18188829054683 0.992433481205964 0.130246572650165 -1.037912648175 -1.06361483643672
1.56905452925762 2.04318388586741 1.32332874928513 -1.61635501472651 0.525397511571532 -4.79237270779871 1.43253556894547 -3.30446095231682 -0.60924157538856 -1.39515154655777
-0.0149740263303685 -2.8117622143038 1.5610728879269 -2.40819790779465 -1.91198979928607 -0.757222454042374 -1.58322317499101 -0.0976097491873061 -0.122341727234539 -3.0150987053871
-0.370506659608814 -2.01070747088407 2.31658312641216 1.30952957308158 2.98352365388299 -1.79845847672612 3.30213574691594 -2.45999211136992 6.63998567419664 -2.4204986853261
-0.615377765966364 -1.41548962233597 1.46921541271071 2.75710068363913 -4.62071153005938 -0.395532006196987 -0.382386141888379 -2.13393946840711 -0.762916522888782 -0.484790981491515
-0.194525650527408 -2.65064891953294 1.6864581153898 -2.06662952731452 -2.08036787930049 0.79338944383524 -0.707547567321597 -2.04063527016621 0.653979875976277 -3.29093453799567
4.94700924264795 0.545533001091137 0.580364928261413 -3.77092193696879 -4.71946359656281 -0.268827396674209 0.720997553630471 1.73669099904699 0.0818002607949954 -0.043041165487924
2.52740645778412 0.341826374757883 0.900866677311934 -1.10891824339833 -0.220887655825286 -0.903433041881005 1.86424865054983 0.574901094268313 -0.0616192821900467 -1.45537032376703
-0.062844785665809 -1.76348277099546 -2.79066682182339 -1.02246619154822 -0.0528619442648379 1.52156169131178 -0.630449003244922 2.33718517777646 1.94706058801897 -1.43298768142555
1.85053168782153 0.26825333730194 -0.538056395925965 1.3268348433858 -1.3973514413658 1.73570241993973 -0.743034089112847 3.00562952478576 1.45315838265903 -2.69852181142958
-0.625517674007318 1.61315387821447 0.158217962006172 -1.18578569857753 3.02017161256222 0.482957664409832 1.60503201218389 0.12041470298935 -2.34559992462409 0.522805281533642
1.46942347633284 -0.893889366739794 2.67756265013405 1.48511279637455 -3.80557320976992 -1.52538277448422 -0.269762465830521 -2.11311221637552 1.24617294898632 -0.423478298894254
-1.78631720525563 -0.811722936898204 -0.779065679009102 -0.929887671387616 1.96779982751875 -1.17543651748917 -2.47200844599804 -3.24429085188155 -0.313846713192103 -1.94734938792199
-0.432825655192264 -0.963198835083919 -3.04424829037864 -1.0040346937855 -1.71999442687978 -0.382618080245359 -0.739804605150482 -1.6495512265279 -1.48466425344007 0.934446428863565
-2.29461288792957 -1.43686095599861 -0.862754734794215 -1.9846655742119 -1.10556422004714 -0.102821839334708 -1.79045489750976 0.514351217504593 0.756454719756564 9.57371259380251
0.522373629802168 1.29222740534598 -0.42137563595325 -1.09689360215788 4.94475882490286 0.244402501180396 -0.127289401703757 0.160507513088546 -0.214497561138376 0.544393878637322
-3.07496957837501 -3.16922182356505 4.12800047245813 -0.440643498572548 -3.01862245709006 0.972362189440767 -0.241224055066974 0.406028938351327 2.08329001807335 1.34790656451757
-0.00638446287945313 -0.0414419697132944 -0.127794970509345 1.26227417838202 0.410929491103957 0.234100365749425 -0.0178253409700335 1.13104992159435 3.74385724562499 1.41504837434975
1.43545980071104 -0.800562150699174 1.25182393385027 1.25893956487897 -1.31594933604084 0.826056117600446 -2.7589668256624 -1.02797540162075 -2.70370349781691 -2.55054531692976
0.0680737414183591 -6.99774081546081 2.98669494520481 -1.25354152433551 -0.89108007043595 -0.336203626037155 -1.78379572664532 -1.45855869276675 0.107828271480538 9.41092643863155
0.248826155485359 0.58395416481493 -3.52051655062113 -0.419396386354161 -2.08939355020211 1.86886741348423 -4.65384624879887 1.53438838807503 3.16659070707824 7.65846180424602
3.24267297232377 -1.93789264983161 -1.96187155103369 0.75976733696045 0.844504701044932 -0.840116483931442 0.773913590256314 -1.61880314365335 -2.31398314045287 -3.95932834039214
-2.84291689348238 -1.11520601386624 1.53649358408161 3.58902416936418 0.751654421886268 1.08855360362508 0.122226130399555 -0.292646027964589 0.161636164604547 1.50175777481624
2.01038469999967 0.991531264531129 2.95566967020552 3.9099251735557 -0.651795529204409 0.668125538488335 -0.135518603097199 5.00421186889895 -2.41027583666055 -5.81524303273022
1.42400338998304 0.488426935219093 3.23634166229051 -0.501243449916947 0.731665781803679 1.1766829946641 -0.453761517948261 1.45123269844045 0.793132680215333 -0.407295795772106
-1.46283030899281 -0.371455001245786 2.14701290005585 -0.0186467777927022 -2.4858771224147 -0.58616012850813 -0.257186568077158 -0.15141233900418 1.40480109292013 0.008607680473238
-2.16069157047786 0.584142177253631 -0.260592644160439 -1.69685623106127 -4.62715612269996 -0.455208532303277 -1.21179590953095 0.873866354773826 0.554938874682465 -2.50328822767043
-0.164229044505444 -2.4765037151398 -2.30159892765281 1.51740233604333 0.048910835034446 1.83895959191278 -3.12442440612737 2.00175277450599 0.481485846629949 -0.367668880489296
2.65920936347961 -0.884953335502586 1.58004900666408 -2.02003506925012 1.47265344876676 -2.61215191196 -0.865991489472348 -4.18781004267926 1.91808034418268 -1.45770414262186
3.49554727793635 0.596418769726244 -2.99918971139926 0.609971611624403 0.0931185723376948 -1.85833526891789 2.28125239393077 -0.880084973287383 -1.44884567257657 -0.685643249953744
-1.48125180204514 -0.672671668427259 2.23606129295165 -2.33608732002969 -0.398929492526551 -1.48335627525407 -0.523817789039699 -0.520900279092447 0.103427192578834 -0.800140557884024
2.63441567271373 -1.26610325540652 0.199954830869375 -1.5997007513756 -2.92304313383651 1.50062395798019 0.116047287392708 1.15305529695262 -1.2501705480027 0.088249995973125
-1.98455390421669 -2.70877620463819 0.239107362099421 -1.33864139478938 -3.72995919456322 2.25052236614326 1.21861304763579 1.14485274778885 -0.259974184820975 1.83126636233549
-0.831320419562129 -4.6028356460224 -1.68540949785942 -2.44886149623275 -0.0675294966105817 3.40984511986706 -4.93826001029813 -3.34764776201979 -0.28848960650579 -2.48908283775669
1.48150082633591 -1.84690711369234 0.214997617099793 2.58171065320965 -0.295173490993685 -1.70719703348487 -1.09953957986859 0.439602815294805 2.66321430238694 -1.24954794614397
1.3884426371975 -2.28139513877363 2.87364448774729 -4.13588648344261 1.47921058200451 -0.478718003957777 -1.32034876260132 0.436454033980938 0.267064414499841 -2.96154730008116
-3.46231891107978 2.5954670514748 0.81570038216744 -2.10255773847349 -0.881213333222236 0.917482717703439 -1.17192057288544 -3.09359206332444 -0.575433728729908 0.874869606452674
-1.64791539453138 -2.31853518926401 -1.48125979644351 -1.60590548683812 1.41078409184157 0.533028933989077 0.216282517271839 3.4591463272907 0.955792354611092 -2.04436797739375
3.15795167604627 0.544243421571655 0.560904189113238 -3.22532627541078 1.40246828866029 -0.278455657731456 -1.780363509112 0.893724875411967 1.52523597325762 4.12043110430848
-2.12183329435859 -0.413949281288653 -1.8731632822745 -0.121540392269064 3.32444795163267 -1.66138013410661 0.85395281131093 -3.86507663471716 -0.212891117710394 1.35795998345519
2.80645379748042 2.59747557927649 0.532645270677779 3.41112084772757 3.29035863303262 -3.05288524898203 -2.60188645356599 5.81045763818539 -2.79126760828302 -1.66077608741407
-1.02388384437486 0.839261042485282 3.73914930178854 2.88810524489984 2.27324270266225 -0.577319702740068 -1.80463349955642 0.983580179521725 2.16177129634707 -0.392758216270827
-0.857652024838689 -0.29974670480655 1.1328458075291 -0.790208672237936 4.15564929000154 1.88809703821899 0.563456024178948 -1.24290681194207 0.274476175584376 0.379571377289888
-0.183850165851907 -3.12985702167147 5.01187842867287 0.52501687008717 0.474822753168075 1.29040219953575 -1.46792384225223 -0.110973122195605 -1.68493453174632 1.41397174254562
-2.8132002248979 2.56628625461541 -2.77931808559696 0.649835468555952 -0.763244809863892 -0.454283385775623 0.702598395823246 -1.34467122243578 0.748947991100368 1.89561556847167
3.88828110284758 1.75676755170629 -2.16368006268307 -2.82977807874496 0.500977632209238 0.114015152341433 2.8336861700458 -0.924071910431159 0.5327084946754 -1.82735299697218
2.44922431167459 -3.58331046583322 0.650079485822419 -1.74820442250429 -2.73420801592412 -2.08809911464439 0.368337428444413 -2.71033377680364 2.75374807569532 1.29342887064775
-0.917890509872544 3.92985439217051 0.423086032500572 2.86140914404329 -1.56641113423697 0.554192223346181 4.42193755752724 -0.76073039749497 0.699206579959504 8.45309312236819
-0.0615669031505688 -4.61272887874621 -2.22355027021449 -1.41905590038955 0.844629181064236 -0.513451264379106 2.76700482049775 0.81854083150045 3.63531662272164 3.65062227689644
1.27940995050643 -0.824770373130649 -0.305656656048229 3.89192714730949 2.52667663785183 1.93236259818264 -2.08194216240061 0.474041076422162 -2.14890530227077 2.21185183563045
5.69965612960215 -3.48103997845366 0.417195525686863 -2.33280802769348 -2.93556917859802 -2.08695173269575 -2.85737356034412 -2.33260124178694 1.10619259858989 2.69850707737913
-1.31334391573846 -0.610521345431479 3.38889399857523 -0.109337140979399 -0.616568651730758 0.678795631571062 -3.78993108887743 -1.74775265373953 -1.46019831818908 -0.126223899107219
-1.81184923624874 1.14534847666431 -0.884150820061249 -0.937399604153847 -1.00658537897518 -4.66450414344126 -0.159265649661648 3.95034012171922 2.5212770645911 0.101776100676369
-0.398618277612222 -0.784462737988804 -0.569875067378466 -1.0867081391272 -1.17049723813335 2.92926557617156 1.51780224943316 -0.927109376093284 3.57869295425886 -1.89610482602908
-1.53582788347998 -3.05519265672367 -1.41770544316409 0.00905500263579562 -0.278821272197531 -4.55209541887534 2.53193558012474 2.24187705232417 0.99363661117269 7.69083872920472
-2.80511435517118 -0.459920832591638 -3.23650104872823 4.09418834997836 -1.80709568606583 2.01463671080553 -2.6604449468439 1.25445048787686 -2.29500816729812 6.96613926330898
1.33727044301401 2.23243376680831 -2.66151980003787 -0.447971931244323 1.79857586815291 -0.472944028034492 1.69937649563262 -1.55510995062475 -5.19401021206153 -2.06322906646717
4.44659696091582 -0.427760991802228 0.970368495275697 0.137574895505122 0.570662493916025 2.16428377101032 1.49218748341106 -1.93697160537494 -0.0942874514988761 3.40534847591634
-2.1051513038573 -2.01366906351046 -0.117068738045144 1.27118530922363 -0.702249071739085 0.88704484753936 0.203100659928384 1.70974043819494 -0.0796031601659605 3.03726216483992
