-0.712257258394153 -0.658261779372619 -1.22519198753657 -0.584520777748579 -5.55214299776454 -0.776305677882913 -0.387139598752306 -0.423500353467202 -1.18674266732335 0.98187724255204
-0.840464762987358 -0.574070959900762 2.53087849393779 -2.55409956619071 0.600331544729476 -0.219927154498738 -0.234982822178393 2.16004336408588 -2.07568347369536 4.43761976660834
-1.12358797188638 -3.05234644614336 1.03288057485352 1.70786343358858 2.21343409051803 -0.0622610548791392 -0.0154679758867597 -3.11750065691695 1.90615867027509 1.50279865995033
1.0695670863327 3.8358670264564 1.13588741919332 6.65206914686047 -0.353613472159153 0.271871946133788 -4.30587656538168 -2.11002850709507 3.60376121802519 -1.88319518865126
0.568577825188932 -0.451505667529275 1.56803028904347 4.23920480213521 -0.103411942483463 -1.93606583421432 2.87318183479613 1.79286939374765 -1.65835448007286 1.97980364655217
0.416305376882941 1.04976565821076 -1.50693560313376 3.23993630854494 1.60297558373066 -2.25825513735567 -2.57944036218836 1.26008717373028 2.15227826036261 1.31464684650181
3.66590890717039 -0.62055319011395 -0.641869819302083 3.27565219793225 -0.528903112316148 0.189973139477573 0.822739876248416 0.544908044647059 2.17705267133191 -1.87382300172502
-2.27523820372417 -1.92599168458489 -1.61297299095022 1.29941192056292 -1.91686383488582 -0.125047816814871 -1.07173307441449 1.27504442003447 -0.622962963380435 -3.62440227526182
0.951270353673621 -1.65656595308837 2.46151019447333 0.944685798353137 1.13913037407067 1.73079604621015 2.41232584595555 1.91429456155138 0.587597093546859 3.36741971711518
-0.526927889578136 0.522357471680337 2.31405778453123 0.42704900781897 -1.42406294832981 2.27666390700294 3.79090505656198 -2.1911134465778 -1.96541087813037 -0.916646133666172
0.293744762751608 -0.620523349800205 -4.08661441147445 -0.0397516842746132 -0.733215729924171 -1.14076182774986 1.14250137505074 -1.05470491790888 -1.84466595967563 1.01688073315843
1.84272317283637 -1.36808518437371 -1.5022680633107 3.40514173959892 5.90033136613335 -0.730423053697042 -2.83261297233503 1.8668023166387 0.502495145772313 -3.53360022504538
0.292364245955023 -0.26610749460404 0.856722177529128 1.63905449247342 0.489457225764426 0.874995218534436 1.62617628401521 -2.23120673186798 -0.134036886316491 1.928842072799
0.0460702275510701 -0.164558185602716 -2.25535804994188 -1.01053263264431 -1.47689019032334 1.85592855144186 2.40954772428331 -0.999571103647248 1.7707045507512 1.02160540260094
0.0730996505869304 0.464565328196513 3.45971708321425 3.87393237579089 2.61723206311172 1.27714450943657 0.767700895337296 -2.21385592970547 2.55451332299186 -3.70942378084967
-1.37299759252088 0.367955111704638 0.906451927432066 -0.933042208956888 0.243480053003024 3.77894555400588 0.654933175003111 -0.621057036579718 -0.25271696639668 1.30527750071165
-1.00345040349565 -3.86039714624922 -1.21789298854288 1.31664188649226 3.34995189592826 3.28226520276103 -6.01114780983484 0.591084509393323 -0.209439167662614 -1.39869600035978
1.7687396023688 1.05997256244292 -1.99870969869199 2.53349874884234 -0.768722840214812 -0.320404564437386 -1.82728129912337 -0.741451394549896 -0.360371044123082 2.06228005245606
-3.4623268011575 -2.51319694970966 -1.26519754536175 -1.87719770309368 4.36849720633313 -2.14949715588253 2.35471611308921 1.05994647757692 -0.0108326543901273 2.34431156937873
-1.41817622739331 -1.09836531013712 3.35800844480668 1.40358299630709 -3.21822268047576 -4.41535792027831 0.509321633340406 -0.230868764060292 1.40219651514538 -4.56443164243982
-2.05963504952447 0.956114677787811 -1.90940095636721 -0.96401219489316 -4.00007066955108 2.69270281530839 2.74829249630767 0.745786967218067 -0.105537225558424 0.990439512124634
1.06297977246596 -2.03755300733756 -0.0519495282688117 -3.63985667227976 -3.27221176173813 -1.52745020387184 0.370221373128111 3.0292235407266 -5.16381788794763 0.823937335297126
-4.1961750110021 0.446136214687467 -5.02818625529428 6.08484109159595 1.38069462492761 -1.70704134695962 2.61123426815369 -2.6352776327663 1.17652117025016 -0.259205084361631
0.68853624543701 -1.15614339358925 0.0262974263953198 0.185530243867946 -0.737783797965575 -3.051969258509 1.22688975527713 0.494015999840098 1.22552746202266 -0.45178184019849
0.591479114136393 -1.30661206118988 0.77493347536583 4.13064501796011 1.06391101969275 -1.58609496513354 -0.702540107288972 -0.710429154076537 -1.93825664438174 -0.112191469892662
0.55153160071921 3.99218083507858 1.82939546715087 5.93022748897117 -2.15051720187379 2.2219512257306 2.34580797426807 2.1989529876268 0.34949446734012 0.331323187022895
0.84245292660548 3.07568982959109 0.576824210853948 -1.51106995728028 -1.07066194728326 -1.19279873221945 0.225836601775151 -0.0335072687034217 2.35287788491964 2.73038442726329
3.31414580096259 0.037649752045484 -0.065021000385859 7.304343428202 0.420965905677197 2.04010382904288 0.332029139870945 -2.70811049918166 1.04337387965721 -0.305806000436805
1.29838704833625 -2.28844829829809 1.66588545443032 0.555321754864488 0.128257164388266 -1.35408006520854 2.56964539117607 2.85366950799153 -0.558172785660836 1.02050341841809
0.303147866629165 -0.348276119890903 -0.0520677890531367 3.27752181338585 1.98735596615519 -3.13574404461405 1.65049009302262 0.797157055749011 -0.659377144223343 -1.67733367767585
1.33421804470864 2.17786016048554 -0.851034629196912 -0.4983638508108 -2.4692015377752 2.0229512884013 1.72161377654821 -0.257514860650185 1.49800623160036 0.591634206775793
-3.80573205180043 0.833735424689405 1.12525482547024 1.13532110040081 3.13308546718188 -1.85368881898337 0.708314034252432 0.687068997315969 4.48338035095451 2.33874858823959
-1.54478259961996 1.47600290147749 2.75025783774272 0.580118915418041 3.34777743182108 1.50239069138295 0.274388502047634 -2.87546282719472 3.50976806994056 -2.77510462346228
0.615991894896889 2.38768920923964 1.80152693277871 3.55618739053746 1.18655798839525 -1.07172065312605 -0.258977068183467 -1.770991473677 -0.520375549519935 -0.383890155769587
-0.543873914258921 0.819934793778549 0.183225828090213 0.343671285020131 2.56797791071252 1.17651718012402 -1.2016544753877 -0.759129427763025 -0.0139962655420658 1.46024181420314
0.87163219369245 2.83129662338072 2.34044216775759 0.768007448283609 1.56915892975592 -2.2330304301892 0.332972490763682 1.82509848603363 -2.8075074870959 -1.03077836571762
-1.28403649346433 -2.09147731008692 -3.76850428520496 9.64136355409783 -2.21224034438274 0.203418573295863 -1.67477260294915 -2.78547984187497 -0.512866912830603 -1.62502824027479
-0.259951660438495 4.66772329631316 0.808423467764589 2.46483448748087 1.18693586604218 -2.56564560553067 1.7519459044613 -1.0723459625285 0.334225837025978 -1.73693056845236
1.08119812281549 0.581423546110122 -1.90676128643048 1.28844590756183 -2.48206916758851 -1.94270816798644 -2.1989186320084 0.934193406862348 -3.23923896516304 -1.35832817753275
-0.630054325618833 -2.00890224605724 -0.903408906376703 6.2582870121364 -0.884776593466803 -1.03488664000532 -1.27396035795959 4.20011527608717 0.972459346293 -0.778422765804036
0.664707516219961 -1.0896189669968 -1.73646655932845 -2.04867809028863 2.32723168562057 -1.07919299278641 0.723590553176217 2.51611540571619 -3.21180077000443 -0.32273894177511
-2.41866809505605 1.29120124017893 -1.66085178031136 2.11648374902645 -0.918138861572664 1.55164127088476 -0.422597856199288 0.0302630752040574 1.80886617429434 -0.204227324397746
-0.736869395057676 0.855015848450283 -1.3011017543545 -1.89768648341741 0.0927185897512976 0.382087510961813 -4.7314464447825 1.42613339452196 1.8588683968401 -0.919846758281587
1.1835393370292 -3.23556134159008 -0.501180940393791 5.40438943134502 0.178398016216634 -2.07594757611305 -0.690567000182281 0.251561041347223 -1.5605834910073 2.24502630773163
2.56391896860533 -0.488445947717609 -2.18125162071601 3.00244007150377 1.14147943344676 0.268825438553444 0.0679315336845324 -0.539737028399742 -4.59519955217041 0.553066147828351
-0.673586823726054 3.12482859442649 0.241708240103478 -0.148710621497145 -0.787220880122495 0.045187524845953 -1.2935941290659 -1.13862171237504 5.13696361193392 1.38094694950644
-1.31206269209841 2.98169157719275 3.94855438182503 -6.0049420313241 3.32581628220551 -2.42130442202377 3.20149395471113 -1.20925288666371 -1.41515801952459 -1.02986856732576
-0.105389635096317 -1.16617379365806 1.45500955755671 -3.9992245269481 -1.80238562252664 2.64600353289363 -1.28282665002327 -2.10363315071698 0.865332850666853 0.646712276773226
0.164294497505585 -2.48121525049764 -3.52153045836944 1.90779883405613 -3.33147662950774 -0.417266182215993 1.13655598602293 3.59657894308598 -1.33940460498201 0.29871048893678
0.732308273454184 -1.6570932792513 0.321885603243265 6.84283622421322 2.53086503002588 1.70061497063046 0.745128482957806 -3.59592107216491 -0.546694470093283 0.889662354649607
0.0743970933292884 -1.32431499361654 -2.68865600098925 7.67948893949066 -2.96526600421465 1.57616209226467 -2.07752021105171 -2.55861738626087 2.72860851173838 0.542899256115027
2.41113796496021 0.288314060588613 -0.439198447599439 3.39820414203324 0.37158233641449 -1.89802607912052 -2.91795191718022 5.03663912529332 0.125193778653105 -3.76856996099866
2.58420664178823 -2.36619608698743 0.252777831181553 6.83920487191264 1.25167249783269 2.41819839358029 0.765831388360482 -2.26345071749512 0.403843785097734 -0.216058531012621
-1.85301516614416 -0.890531277850107 -2.53379907147645 11.3133843722248 1.31600519634031 1.01450512084191 4.09747224903721 -2.31263743843571 -1.33076280231935 0.650159224690654
1.30340773712619 -3.17938221834846 0.730055040807332 5.18260011273103 0.947475299810033 0.284964164080933 2.15847717570736 2.05153817297077 -0.813479940851531 -0.889812947344658
-2.11683516195571 -1.25640505535807 -0.75598097497644 -0.207765346047606 -1.06447031106718 1.29951428217124 -0.406316932056432 -3.93765827880731 -0.460669264752043 -0.422928318608904
-1.04671060848352 0.968715513357576 0.862263849812251 0.956813371800974 -1.08210041463858 1.99144967999018 0.644271447578165 2.04933310440662 0.609342645302939 -0.361634006189819
-1.39497566551015 -0.186959795221892 -2.2493630156807 3.07592325311705 3.64136898113808 4.11110756726431 -1.15191123527414 -0.471180715585861 -0.772761265421526 1.31601915514869
-1.12154233751291 -1.9431626671981 -0.0120615714063524 7.03545699447885 -3.8944914440153 0.71308012035632 -0.974000022306138 3.61831747302093 0.963890179088953 -1.0137003770822
-1.1297028567795 -0.0479477769626133 1.87803142568554 -0.491398071255587 -1.0040131296919 -4.64624839949233 -0.658745662071813 -0.160583910057278 2.34519596462025 0.397386237286645
-1.99700084495316 2.17685322417812 2.62542985020204 0.679952854717762 -2.43698188971905 1.24629851200372 -1.15083954199862 1.28361030488759 -2.08916407795991 -0.0844979793004382
-1.96010377058504 3.3333046338339 2.19088755400502 0.655455453808896 -1.01768995163126 -0.598048456684109 1.12573253039181 -2.50050836184631 1.11375674567891 1.21158032483427
-0.0766214033628748 0.883053254985069 4.15453310866861 0.205403862717101 1.44873459008677 -3.18867335808842 -0.322880840934317 -3.7058965111771 -3.62208111580911 -0.907924528299719
1.45425019421876 0.840268577710577 -0.660263601698193 2.77877044792695 -0.999275326080427 4.45893130126306 -2.33291875364021 0.799534141549508 -2.629800993944 2.08664844145651
-1.84126968561814 0.186515291684642 6.2560344222476 6.07527834396272 2.19007722403178 0.937800042840724 0.182979799011869 -2.56628642892402 -0.0514704103074523 -2.89298712002183
0.445433324593033 -0.200243418267568 -0.559870407800838 -2.67850528931148 -2.21040494621096 -0.992064260854975 6.55707550904222 1.91645017831223 -1.50395566388022 0.655621558898896
1.8294625335398 0.396425015090701 1.31934727477178 2.95859317540496 -0.775435229242193 -2.22598689745225 1.30489141193102 -1.0175823764373 -0.853614609956241 0.0506351053618824
-3.00098482822704 4.75174798673963 -0.709633868629414 7.863833669899 -0.076127811503659 -1.07955762941773 0.598900963698748 -0.337689307083947 -0.046446182490059 4.40946770806087
-1.18337579974288 1.35081321732412 0.730788759113461 10.9225419767045 2.16889519906705 -2.30532256142598 -0.302115769546382 0.0345845985860925 0.247447457491013 0.88802510086606
1.43310156570839 -0.171805541092046 2.19550401714701 10.3999786542104 -1.53048151967185 -1.35335080538231 -0.924634908413812 -1.46533472046062 -0.530666368269442 3.60468082245699
0.631451122648296 0.878343005512824 0.255312365069941 -0.405527277991637 0.410668539465945 -2.52794926882766 2.04746537334438 0.988190586866105 0.223727901914596 -2.27331963561583
1.88460156316923 -0.643849203696514 -1.1630736599799 3.52413702748284 -0.988707570246863 -2.00580501571243 -1.72661668994426 0.414584712972007 3.42168947690454 -0.328260842374798
-1.29880774867064 -0.282349768564414 2.66755392127519 6.72049943986129 -3.54355794249851 -1.746823094118 -2.66226672324815 -0.698634729397781 0.697688167723676 -0.0167533327042535
-0.35934730963754 -1.58850236115369 5.35532948009219 1.74273100848552 -0.8149081173426 -0.367213662193438 0.145569823124037 2.26584810052179 -1.0371531597839 -1.73995578054959
0.649058643192506 1.79053874182898 1.27295697549821 -0.755154946215697 2.77679140393415 1.81955183812433 -2.28649774829456 -0.836699012871973 -2.65214895121537 -1.85075464397172
1.74198191491607 -1.15189477579276 -1.47422939382383 -4.22458104926439 -1.6385679904903 1.49499943505593 -0.670116829300918 -0.15234341685087 -0.369118763599304 4.43691294754132
-2.79788371045023 -0.6792899340455 -1.81313179819032 -1.39504230555553 -0.185648530996727 0.470015957902763 -0.268984796892401 0.45301011974915 1.75034916042831 1.0113840198835
-0.888251343197473 1.92492253806733 -0.846714734395603 5.92760028993761 -1.02461609350537 -1.74311662510398 -0.332990081309896 -0.257025245639437 1.20533791028738 -2.77961488158538
-1.99830143523399 -1.95652565059575 0.513096448698585 0.673644076918277 -1.7219358534831 -0.336610883572051 -0.996774811529456 -0.910033683441405 0.400712542236336 -3.62241618876429
2.08120866548532 3.77475156380287 -0.218523814072831 8.69349869695457 1.84621529806493 -0.659520538439444 -0.879452187199782 -0.253258584323649 -0.491201374669537 -0.206475826123512
-2.07558547516196 2.96576371316018 4.1871171085119 8.04723541778421 -0.618682039854351 2.88706231699805 -2.19285801264497 1.78618308356534 0.582906333357509 -3.07577525845255
1.99352205966751 -1.14736319423327 -1.28171676939136 -1.80849706759344 -2.32846822315917 -2.27635620937826 -0.723405930711907 4.51262019303576 0.851530896472974 -0.655526163163795
0.701317974061475 1.98578107013095 0.687038307781134 0.201992073136813 -1.72853603366387 0.400689186965587 1.95834254605906 -3.07987496557931 0.0530209377715245 2.71070875558252
0.913755437396862 0.211392370899344 0.431863694541664 3.50392234807644 0.768002463886767 2.89606424668447 -0.933850938472197 -2.13636267014283 1.40541951090984 -2.59944812620832
0.245855117151253 1.52503267397207 -2.47695647225766 0.520029748905299 3.9337333626862 0.662840676616508 4.909393776836 -2.80735212897705 -0.917331942341108 1.26153084123618
-0.556466501938511 0.129514123149911 0.99164810800701 0.4222317413704 -4.30702427577834 0.961157882611997 1.403560133838 2.79508067583438 -3.16750892368459 2.03174344273133
-1.49062645148109 3.35425363841464 4.88331183303064 -1.25679116801054 -1.50249248403075 -0.996661280492385 -3.01655716346627 -2.66741480842917 1.93649808826034 1.66535047764646
-2.26831123057099 -1.48212185670023 -1.58170576942389 0.655009363409056 2.32888691994264 -0.887405069335721 -1.38664920959058 0.186229398198203 -0.380300526427587 1.52111911768993
-2.65801913523076 -0.973134876066747 -1.99106650420135 5.6916599167478 3.05712203882254 3.4321864386355 -1.89753714240989 -0.00782023943381124 2.12528874156697 1.77537901849973
1.24029624739947 -0.834548427644172 -2.76604802821309 -1.78892082100196 -2.24468235615063 0.44215164497554 1.08541904742692 -2.8745763370642 1.28309741335769 -1.0031556372329
1.70797914828741 2.34935304516892 2.33786153955819 -0.397258237945826 2.68783419110928 0.596075043483084 2.69767138990242 1.71795389785398 -1.51659906955694 -1.07827709076294
0.830709580342059 -1.94199668261111 1.99135421333541 1.74815677480471 -0.0828229897201627 3.0244708909299 0.901626671599556 0.203805613333588 0.403911674116514 -2.89387733154742
0.73333065155183 -2.51654678550647 -2.42436209176211 0.431840006189926 -1.47180136765179 3.81686213733428 -0.142960590934347 1.99086938588947 0.905066179729562 -0.686035605854167
-1.49846788751324 -1.76212564898953 1.2056384362548 -1.32591651923066 -1.56786955190238 -3.34935698953559 -0.337904619091993 -3.6573794206554 0.586417354894929 1.90524796270677
-0.101000916308718 -1.14585768980042 -0.893205442979872 0.684220300645301 1.3867939700107 3.22942531399503 1.08457866884287 -2.18561332976833 3.03804223272289 -0.8631114838763
-0.284877333225557 -0.38117980912291 1.90663472793598 -1.00824429033765 1.35068755803391 2.4785946729688 0.71951719712 1.15685424829809 0.786431160673924 -4.43439331756337
0.966929635000516 -1.5692906206762 0.783091951406755 2.13134171960106 5.010301255138 1.52311330284065 0.598666565558608 0.36312909101705 0.857464776201929 -3.50095999828869
-1.35645626715701 -0.701230411097613 -0.535525393208194 -1.48227311071907 -1.46890068826085 -4.4019841120243 -1.12918471961966 -0.0125024817477483 2.77735691238442 -1.72313218550357
-1.74029926133609 0.567691428118087 -0.0528089449589446 7.0284850825427 -0.166321122735877 -0.287820838516013 0.740198050495685 3.82944302432969 -1.70013831154715 -1.80564321003011
-2.05434125080599 -0.171216079183315 0.271429494093756 6.71670633918734 -1.189417198369 1.95638452879254 1.24659886761646 -2.70676126625451 2.05767853727943 -0.234809174728737
-0.788759075510036 -0.648346037964697 -0.61131844535687 -1.22228078473437 -0.235522949652668 -2.21752055702361 0.476970356450854 -1.04455036498103 1.02606273926666 -3.29854140668792
0.412784437772538 -3.75226281174119 3.96171652950913 -1.31291648332602 -0.911705943202539 -0.556540448704833 2.53847178192999 0.522702876350346 -2.29043504255142 2.53453253395609
-0.208353445933672 -2.07226560269632 -0.298368559311853 11.0296724578351 0.185226566960228 0.323364539353071 2.75446158257959 -2.2122836479203 0.890369681605447 3.9548927519642
2.75049795629004 -1.88463712454999 1.62963824743943 -0.91698074846165 -1.28774658699447 -2.05276984929245 0.507500776248803 4.25670146078329 0.981355853285827 -0.405741737040675
0.952651921983897 -2.90946566863268 -3.95584844593653 4.0287262012923 1.24795928329736 0.597271085486294 0.805381928564772 2.7897182830124 1.92583902816545 -3.64653768092219
2.74563700798612 0.162390672423479 1.30665247027477 -0.179700157099543 1.09170112717878 -0.486668171316781 3.2550475409926 0.360428148071466 -1.95047644782961 -0.765160906337338
3.17412104496346 -0.12079096847089 -3.25847337572302 5.3931093823798 -1.83897776636399 -1.22295062131792 0.584486132673129 2.57286249659879 -0.908192437266431 2.53894275126248
1.12853182428058 0.597474876113502 2.02493130880624 0.252550031904064 -0.0479176123431034 -0.675246785691884 2.62072122557271 3.37422615623402 -3.12163402020281 0.0298670771336082
-1.32148454112476 4.1506283570826 1.03046723878371 -0.957053773915716 -1.36377781741659 0.786473254183311 -1.76069530424463 0.771905353146602 -1.00665750412168 -1.62907433943876
2.07299888207309 -0.668973445072359 4.72779508967708 2.86272691386193 2.18075879278623 0.101939480299373 -2.42921731677986 -1.22597367342342 -0.588806447945886 -0.103584607104939
-0.953802465130633 -0.640363878975335 1.08871637309519 -1.35168110651918 -1.41809322269621 2.01283013222204 0.616359069403941 -0.929417944344145 -1.60032331430449 -2.34907227148109
0.695061069041141 -2.6024005148643 0.846759345468993 -1.30759591711522 -0.565835415626074 -4.20683129226913 2.86938883305535 0.118231618119457 -0.23085866728749 2.86393485122657
0.622499445574258 -1.6926140821457 -1.63246438465159 1.83554817404969 -3.45535688615019 1.34541422371881 0.78075031849365 2.93909724138753 -0.578031643519998 -1.22249940323972
-0.410992509592438 0.365962317999317 2.77962853068299 -1.63590201686275 -2.97344930146565 3.81624482920039 0.464385819219301 3.2873822261485 1.58525687982544 0.19124156171376
-0.955433257206233 -2.2751959830926 1.17489675878693 6.87343030916011 -1.76466764014735 -1.66225232188792 -1.7578376592662 0.99235753364159 -2.27473020907748 -0.734940666576417
1.76638113698029 0.146830162985818 -0.00917125416364065 5.99333088053566 2.08930444938827 0.134123458914938 -1.71230761604951 -0.645522146708258 -0.46565585554592 0.48351193952549
1.2947001473835 -3.09971601177347 -1.0141182354959 0.0580754127549739 -0.483660192027533 0.231319428075605 3.36098714889034 0.716970607871993 -3.33626866375709 1.28750269368036
-1.9092300316622 -1.81794232285433 -1.56227040973908 3.5975393533168 1.44175867419504 0.828632267103753 -1.4342524683872 4.12257664587693 1.86216643133766 -1.56677047171397
3.24937035198711 -0.0217889522217464 0.875361440277534 -0.3134606103285 2.59769493891542 -1.13240589243568 2.48682451919885 -1.74391647849648 -1.65526253700629 -1.70934609627798
-2.03019730892446 -1.21545340176326 2.11092933482136 9.352025598901 1.70874132398066 0.939983897590564 0.813390059649805 -0.0683509552041707 -0.305734295421957 -0.379182808103071
2.49665004926771 -0.662968315323115 0.222272986089503 1.45865815912752 -0.00606306246725824 0.532325727040883 -2.37065287596844 -1.75231083705563 -0.259185530158823 -1.77730673280367
-0.735809805564661 0.777544737833384 -0.16063344425972 -1.80917516454784 -2.60648939331819 0.694412708300854 0.548915815831404 0.826780774974986 -2.80689112364572 -1.05285928483364
0.347624911931193 2.80296230836459 2.02576881092868 -0.0748622932679091 -0.631170403086423 -2.32553590247379 0.631866029823451 -0.517992741203414 -2.94926709352583 0.661426322057888
-0.690399691570016 2.22757786560444 -0.531402145623588 1.72171319120849 0.164462739705434 -0.279318089081584 -2.9096330381161 0.00514626421381987 4.41491082727627 1.81143769002753
-0.573023709398781 -0.15145824472129 0.353916634247246 -0.373207126015273 0.395539499611048 0.108862294527002 2.95870114700056 1.1857040542757 -3.85719173923446 0.641452665971425
-0.956339810372595 -2.50298526358022 -3.18776896610144 0.608935516317133 -1.73328929149526 3.18033089295494 -1.88269374651927 -1.30389757821363 -0.331648610198445 -3.03376232839556
-4.42176601165649 2.19612422684036 0.0867005171938292 4.3766724858441 -2.18864103427079 0.49425571641141 -0.635170049526477 -2.02770048451917 -0.0012607652347316 -3.00776628031507
4.17501157835215 -1.1618664757139 -2.76654488781365 2.73451219884179 0.635223469001112 -2.0896942078223 -1.68628083288319 -1.5342439176255 2.43474209203774 -0.862582430821874
0.356200294629878 -0.656060097003665 -1.53968145872443 2.55079176929063 0.0941672081409103 -0.0661217564573662 -0.40173709104706 1.52634803888063 -0.991098573790554 -1.65224161339103
-0.362768943302673 1.99832214020152 0.826474156600899 -3.67046072095585 -0.445551647893221 0.771628742322889 1.88511497887995 -1.02988983602441 -0.36019615436276 -0.265284418991843
2.24110927875748 -2.58448002828289 -1.70723097543311 -1.78072096751897 -1.16714814993508 -0.354805544869907 1.95888474908244 -0.518177644188617 -0.676098783523489 1.99073735906638
-2.67962880434421 0.320525537239928 -1.28698807364264 0.649711534156422 -1.27463225910847 -1.6927931160243 -3.21767087927329 0.0477686116861549 -0.26822808884227 -4.11560431156555
0.851883492781165 -7.53881499682289 -0.636823797438743 -1.8347192551069 -2.93999987834408 -0.175236327340437 2.88432840444669 -0.229422573928926 0.872620822692493 0.43471643855843
0.612816873420686 0.313625842964249 2.2059989230439 1.15989301670304 1.95895913019458 0.233659637524645 -0.961975597898032 2.77569902615334 2.80354373336165 -1.99204882266032
1.66429482010827 3.76154985391631 2.63563393408155 0.496053367347327 -3.73764786380178 -4.35419808988338 -0.382793582302066 1.67561756086993 2.07992170892368 0.299823880774546
-0.381537267454625 -0.454413566961981 1.49162558514172 -1.99475919278979 -3.89686797449686 -0.0125873380394277 3.43238911839701 0.465242841045694 -0.424560800495034 -1.07893191945357
-0.170348047107915 -3.39787341284322 -1.1142078903958 0.539818467780571 -1.02843363796171 3.42760512903009 -0.534932463621426 1.53667650578415 -0.0792412769976133 -2.45700952823663
3.92045927423823 1.24958610044662 -2.37448467030021 1.83936208660643 -5.56149023219987 -2.47801753541699 -2.20943065597521 -2.38643896660049 0.100858593759522 1.85729813364671
-0.397622344026023 -2.30700434796804 -2.10034481590979 7.84540346926487 -0.34414308881009 0.837403043032206 2.66237559185404 1.75251444782796 -4.39007083465952 -1.29018906705202
0.268611132024269 1.49597849906028 0.333712520785905 -0.316811480871837 0.289939701846373 4.23669531190061 -1.89624086913275 2.23699306835305 -0.877099428534552 -4.60998939822564
-0.521738840983751 1.45179205840005 -2.48838604034606 -2.17343754608635 -3.2584577279866 0.0790830310915744 1.83549691609799 4.61706214772665 -3.54681412517746 0.604345466413518
2.5189514505117 -3.92986752311956 0.659472257299202 7.39655112522305 -0.643952390973222 -3.18231615126679 1.76993904645124 1.48121615612097 1.69582472461718 1.36695120105279
-1.54387643948044 0.75308019912959 0.909551293050643 10.4608436686375 0.087898503660414 -2.82740571040402 -1.67999952549651 -0.776149394290411 -2.26085429811382 0.629182110446213
2.87571605888651 2.76034585762362 2.04176334647556 3.54127577939221 -2.59551593786536 0.165954560996564 0.34459599987115 -0.896565076806219 1.23018358760668 -6.01720634072252
-2.6399074522268 -1.22941669493927 -1.93280617320018 -2.55840627904399 -1.61280425491142 -3.39925742927048 1.2719005201731 5.1160253186105 -2.17789666296697 -1.89429146679811
1.61338534730185 -0.0347790336079882 5.52892498075531 -1.87332833449767 0.304391032109383 0.805073270691176 1.27328623715769 2.41128828169906 -0.279257036415372 -3.29632471435861
2.18913875048167 2.06616251921139 1.77229404311308 6.33971684901561 0.9684071475358 -1.16822000239333 0.192184474643569 1.66296639831023 -1.93803233046683 -1.19754587127096
-5.59808630871294 -0.131737970409299 1.21665048419945 11.9137414248845 1.98506060612805 -3.40568325367787 1.54406299411364 -2.56681089816638 0.625755204404007 3.21089482290411
2.16933759904178 4.32406129231501 -3.51665626489487 2.07625877462175 -2.3274504167477 -1.27573747281349 0.728100929594005 -0.838312823291339 -0.0883594077669621 2.66064436463666
-3.47479913887874 -0.311513855522087 0.258217305006842 1.84601180688645 2.69341441007099 2.12841885668183 -1.22850431655907 0.492454001342731 -0.434507414269357 0.636462238096211
-1.89721277428065 -0.729652715883159 -0.698366333323249 6.58606408295968 -0.607252293245905 2.75014116865829 -0.165625053681716 0.883236502118205 -0.67984685437395 -0.857725081420424
0.217351927403068 -4.24293958120718 -3.13246375103771 0.674645174224785 -1.11338910996952 -0.88635597214315 2.33477732238257 -1.45465823723917 -0.813912870542886 -0.319378115727207
2.25791212395565 -2.13259059754135 2.75530696516089 -1.49577628844013 -2.97436683023183 1.07413773586225 1.36452894013812 -0.489792593953964 -3.97497579200134 2.24879459791378
3.06759448958975 -2.23441073953191 -0.121611750686258 7.64754831681584 2.48311251971672 1.11011288838688 0.349098848217388 -2.05587649163084 -0.43865382291462 0.912042750278956
2.18419666319438 0.754473223547423 0.613736203378556 6.04507681786786 -0.107646468304123 2.90522891152411 0.295346580352977 -0.418458050679292 -0.275379518952985 2.54619757106788
1.26377206786298 1.77059064407831 0.561451773682128 -2.09374994724956 -0.515300278289454 -1.36558200477708 -2.22887658818612 3.04340626765376 -2.80528867463846 0.591487381574026
-0.432140398400138 2.37672528449113 -0.702740990349534 1.65343860847584 -0.879320012071114 -0.694266869946327 1.41355291721005 2.84259496159562 -0.161984760906214 -1.5361531936592
-1.69481784398689 0.884800586164247 2.31971402497593 2.72993751394135 3.62611797705472 7.34919199348231 -1.2398080266874 -1.01370925559839 0.10589216419094 1.10308711955054
1.04221677827441 3.56133088846019 -3.0890910482213 -0.866786230543463 1.0703748405822 -3.90870237789868 -1.65283453596557 -2.7872219263136 -2.46111470317764 0.177249682742324
0.271317145961447 0.78799724537548 1.46338801412279 1.64609682485947 -0.854133693874148 -0.46889208238607 5.50157369778036 0.875937708931533 1.70634617673863 -1.06714576469439
0.79985852098847 -1.97770240244705 0.135092501874367 5.59297062792707 -4.26461361377307 -1.7233718275063 0.425266340213772 0.584119541457324 1.5234649439605 -0.295050528240759
1.13553970092631 3.60798202792496 -1.51112720305903 0.153438208425233 -1.84298353750712 1.8954924133282 -3.22038076123818 1.24730260089642 -1.49820680498859 1.10771078881309
0.163133181532137 0.175458770747437 -1.11796574925142 0.114890442112903 2.18255538803819 -3.46585642774312 -2.03046134539079 1.99683201690593 -0.192629578693017 -1.82266576423432
0.158649135420549 -3.52912496184541 2.39412546966723 0.467951248465855 0.140444307490943 3.14956307340089 1.93580948590972 3.0069408121596 0.206035272826809 2.49850495307712
0.309887707229199 -0.0484185134332775 1.20511723698152 -0.868753580874454 -2.54283422013094 -1.56534575458484 1.77939978859468 -1.24448564785012 -1.10742723679137 3.61811508712148
-0.227612274916465 1.65549705840517 -2.47508494914206 -1.49455854618439 -1.27603954538619 0.720319413260382 -0.474496002966943 0.753841044231735 0.62960507397483 -1.17581824281837
0.893734680057464 1.72483770843703 -2.8976134889717 1.66687555849354 3.67182548270538 3.07618401418015 -0.652493849248105 -0.859658968944524 2.95754917511445 -3.08023997173564
-0.128576742714733 0.767556426691581 3.24332510942114 10.0479342388033 -0.614266110626494 -2.56967251053754 -2.66387312451981 1.46734067715317 4.08011955807294 0.38780488274974
-0.819696144996085 -1.90974273870632 6.56251868044115 4.86230023320297 -1.5872698112099 -0.955830235722401 0.151536936203683 0.135688991561604 2.65198682963509 -0.543341871438095
0.915599345940148 -2.54738412437449 0.18297749558123 4.8370297711877 0.412578843724678 -2.56915938922755 3.12311330301253 1.14523531545523 0.659215420948894 -2.48015282908252
-2.89246000492759 0.868588807547095 2.97311108366062 -0.365730388600958 -1.10611191877396 1.87596248572044 -1.3838119318875 1.8635897947848 -3.81360233429581 3.92398713486269
0.477779474507802 0.431697179848911 -0.864359453650527 7.30715525783149 -0.904218517372248 1.83929800034176 1.55350546069002 4.4917496040034 -1.66451082080928 -1.86259718731318
-0.753894614376095 -1.4200374336643 -1.72594468264361 2.31352306276981 1.6341505412284 -3.90311871002556 -0.134453105816194 1.36829080157309 -0.912542083046167 -3.60906994918027
-0.545400476670236 0.539809808324545 0.895423427563438 11.3932126224733 -0.924491144525143 -2.36832649366141 -0.885361262724201 0.0872392603612564 1.50577866846389 3.85619020227037
2.7974743916782 0.269750129944372 2.57524011968135 -2.45299059392972 -4.43993980383618 -2.31240171094173 -2.39653993290855 1.44513827225894 1.66157098893478 -2.02108028662195
4.76759721671122 0.448887764706459 0.905627709189009 0.778227883862965 -0.318339431592487 0.356855712592365 1.02088673475656 0.5028094860296 0.98646776325337 -1.1940891400694
1.21352081186828 -2.21307415275434 -1.54565815179794 -0.466987646007689 0.183628041362047 0.243074873548405 -1.20901696343801 1.73533812050875 -0.998921820640909 -0.801852558224369
-0.236417653228839 2.00047188479664 -0.791402391697849 -2.98852361460029 -2.69265612458942 -1.49587652913083 -0.0698034869875462 -0.348633638642726 -0.202423326337124 2.75437758543717
2.4518830628762 -1.25568054772914 3.19394642449075 -0.376251062583516 0.314825163483108 -2.12952067324296 -1.82365693023914 -0.398500468113909 -1.13745601752091 -2.45947627687511
-1.68781950084738 -0.621316144026299 1.32739063796703 6.22406609618915 -1.71238079744575 0.598455816574189 1.82080704454275 -0.0840702318769092 -2.49951547964366 0.334433868153992
1.74748387398029 0.543401608871412 -2.69807251243105 -3.58173769142681 0.77214807984549 0.0447813167489673 -3.50419519656919 1.35475715929506 -0.981769913414967 0.0991017127004893
1.3457122222883 -0.869953058147819 2.0885548376267 0.6279555616213 1.57619052659776 -0.878539665289046 0.246803400623192 -1.91347421609646 -0.25755797451157 1.90045503876316
0.10481509507638 -1.37599479745032 0.133799185955065 -2.33052835225536 -2.81992240607065 -3.04373910797842 -0.239577541090927 -1.05865172158125 2.18154708081447 -2.45098071411627
2.72566881027433 -1.25386245245869 3.89684397908066 3.29819244918944 1.8541942386356 -1.51051280680231 -1.94676376447733 2.02375712002726 0.0999668290354909 0.99595887150723
2.56728984788541 -2.42596466483331 0.370669258730016 -1.48231728645391 0.148127574307445 1.35960171127113 1.89911680526138 -0.00208248746180763 1.49790969553847 1.15603176130083
-0.490113495422679 -2.73177521386421 -1.43929385138891 6.40622798832567 1.11894608290323 -0.321588913398723 1.39831362122578 2.36273452909939 0.611018353331065 -4.89221996498859
0.147040700078362 1.58403137013627 1.00112572071618 4.16121597528999 -0.331923582354076 -0.314647789726595 -1.0764337434754 0.37673076715265 2.46765580940819 -0.57512493862522
-0.785607493283956 1.81314109035064 -0.249971796125233 -1.48589967069638 -0.362298825789959 -3.59767420401448 1.85319072745978 -1.59696685768467 -4.48827904677593 0.734743486674428
1.58050668584517 -0.490916331089994 0.212722905252947 6.28301434836218 -3.54318652831942 -0.571755914357233 3.4832323306401 2.29281550168235 -0.62719858974785 -1.50425999043895
0.0577436941583752 -1.41109332219669 -0.38644886854699 0.109349987942578 3.58532887333933 0.649982057458622 3.09590308677793 -1.06415497268427 -2.37427424338323 -2.35115519151706
0.760510387122578 0.802177901103376 0.96697768745869 -0.46105209027353 0.997464585486451 3.25230808685076 0.272463658881962 0.421152833228763 0.246797188788502 -0.94189986673548
-0.551149207642796 1.03204802717549 3.7183075937979 7.31029328928754 0.166669326302244 -0.909014117102845 1.3969305287875 -0.0603262958572429 -0.580115698942014 2.23664845258972
1.8707742079869 1.95052282745232 -0.818627030596001 5.35642471800839 0.178127647860769 -1.95398129503049 -3.72400492247116 -2.31225310057788 2.28931632358544 -0.486343455316865
-0.69914001338596 1.10143260876177 -1.14167361965731 -2.18673984859508 -4.88554322998638 -2.34522272449227 1.11516032965086 -0.236334125892105 0.45854592702569 2.87980194914842
1.04982427414059 3.18404174474856 -1.23815525186996 0.297842506787646 0.700865746492122 0.856978029708382 -0.819359014123308 -1.74101412773417 1.05252141265461 -1.42186824714919
-1.6430381722167 0.588251181889075 -0.358495458711072 0.631774831301803 -3.4425478151388 0.40329284997065 4.12432327649239 0.477323371037153 -1.42443270653459 2.00855013309439
-0.315245076868402 -0.951381400062074 0.110701780513423 -1.21734707611933 2.86580250956232 0.881342738827288 -2.16323171719508 -3.28760148004365 1.51829069236791 0.532517726239862
-4.11910784423514 -3.38028575698072 2.3912034353857 -0.0131412406206106 1.72805711558415 -0.419627033754334 -0.891653069883514 0.250931310370145 1.81909119101894 -0.155032175114712
-0.835472774742348 0.225903230962495 1.17529170733887 7.6079273235854 1.412857991626 -3.10254011871909 0.0467348216756753 -1.92294286862692 -2.09300730538604 1.76771569136256
-1.65613481581452 1.21999729336311 2.30752038650171 4.42349151336038 4.08528584538171 4.28528661499367 -3.08601362583768 0.458101472476114 2.71787344502868 -1.49858057802864
1.08442705639972 -0.810801635126906 0.386324754450624 6.24403474087726 -0.11759534822352 -0.342258750504587 -0.890634320524546 -0.793994085737971 -1.44787605115996 1.40528102738465
3.22601638947184 1.07681948196579 -2.83262002092545 5.42281021503999 2.23857550699718 0.276916822980637 -2.06106348295944 -1.10138965149308 0.331613332010837 1.27706362640955
-0.732994218563202 -3.20847952048032 1.38780649917145 6.70449247749226 -3.15589827231402 -1.04933361087321 0.967998037918366 2.59010672983649 4.99005397047955 0.217644803322396
0.0818797438896698 0.0314876731486516 -1.61527532260384 -1.21668050568457 1.03176989582703 1.27075818491268 -2.12307776287163 0.806558177607008 -0.426756826670863 -1.55247856175861
3.46046576793289 1.35119009720982 -0.413648820349604 1.06097906583813 -1.69487502993636 0.135176681726369 -1.32061622483134 0.561979985628015 -0.886050500624504 -1.12045475481135
0.312726856971008 0.731051293479357 0.670823428407264 0.393415085361505 -1.5174192655876 2.17713812382672 -0.975599625664128 -3.82899215536245 0.1345970689846 0.775947381710215
-2.34415715650639 -1.91896431512959 -2.11129666126294 1.2145947549232 -1.69046459440149 1.47676115533507 0.36751590153947 1.68829282908533 0.923756412714405 -0.245367617486175
2.76987237343395 1.50679162010391 -1.8081922721906 0.275126314867544 3.37605416511538 -3.16305688415226 -2.07933917337239 3.3567333812448 1.28434303993736 -0.0108751609926955
2.12512782115662 -0.615472027827084 -3.63635765431531 5.64126181177938 1.47569327743971 0.224411282275091 0.961040513880553 -2.72483463906043 -0.262910734704906 -0.23634587051713
-0.234297504561919 -2.2175628217631 2.27853151720655 4.76392435811172 -1.05739159705107 0.245593020531639 -0.803044013476598 -0.523064747192209 2.06873252747375 -2.82480092950297
0.415066182514923 -0.597436946520885 2.54911767108479 3.82289904994166 -1.15015121382784 -0.869669904609845 -1.2113998293527 1.28083302140718 5.36496333623049 -0.61000502413038
0.679997683497809 -1.55977298120847 3.23365458660973 12.4795424943534 -0.344381180746679 -0.892331872805178 -0.695655516386802 -2.05104195315795 3.22073400374826 2.99011630532416
-0.475997623775077 -1.63747385301093 -1.60847122614709 11.8460967320963 -0.00551419760550677 1.03294124081397 -0.466447944493842 -0.789719819138992 -0.376135471326989 -0.761732277038522
0.960556480969847 -1.23296078569972 4.7965384322525 3.97900785324666 -2.5628348476773 -1.97083298851138 0.67328200122646 -0.13126152638333 2.04576880853841 0.773826822079339
-2.34122768734337 2.83808686394661 0.583432044851028 -1.72124189300983 -0.51242307127454 -0.337460556851488 -4.03414628185907 -0.110224459570164 -0.162108679450839 -1.71998126409581
2.99033405328885 -3.21278947905661 -0.348492129754093 -1.19435907962678 2.6138430185787 -0.570007387339937 0.159792797363896 0.0399659668938956 3.22545448112806 -3.03826766218024
