-0.38935889158404 2.49508565849541 0.719349282429459 0.693936300623124 -2.18746003096393 -0.386415152738898 0.459205346463412 -4.3776323608046 -2.47036347900627 -0.345500777417373
-2.42992542486589 -2.83303604039159 -0.736837643464099 0.905555120539189 -0.431218823924426 -1.98256810909727 -2.48324624148956 -2.37670115765832 0.462095748748604 -1.1829545715991
0.677649404089657 1.66909772436969 -1.28146205329207 0.693765027940804 3.07794226565104 0.587224980537594 2.77029115107227 1.50610795416819 -1.42054821721615 -0.477391570440767
1.51922431978207 1.40619357969957 1.5485512448403 -2.8118666378087 1.05979638231306 0.696896673300094 -0.255552039592488 0.467164123395812 2.34731743331569 -3.45993845853584
-2.30232340687315 -0.398085086492612 -1.47406946486044 4.64343159255737 -2.04358700287296 -0.0706500351547087 -0.122236723227773 0.289182412218008 0.134391333299195 2.61152210042484
-0.0055856652311937 -2.28413978343938 3.11125166475777 -1.55158555570499 -1.546102319594 0.719415929581901 0.663383655461101 0.967124861950533 0.762592621382383 -1.25203089679079
-2.1487663874681 3.72132808606682 -1.59485497006253 2.32760195627544 0.611568649169068 -0.196734568519954 -1.97791196099918 0.524092449259316 -0.131151285521865 -1.26995466590897
-0.196498250937744 0.360104273449018 5.19723587282513 -0.957147156822424 -2.30233319677521 -1.79392693006403 2.77911163008086 0.515471430873216 -0.665933527771604 -1.83947062355796
1.06535466955818 1.53181696932498 -2.19264816196974 -2.74135191132684 -0.976323886302658 2.5990275320903 -1.74310304891494 1.80518686233998 -2.28810315474793 -2.52518062063454
0.0151950559217738 -0.069969258488527 1.94934435430238 -4.99227840242401 -1.59582207426802 -3.44707123863919 -0.26907466571395 -0.00927137322912605 2.44260129846767 -2.46946055294577
-0.943065068380488 2.44417397349852 -1.22657068158629 -4.2364017028383 -0.93130023517895 -1.48317222233617 1.71025857424367 0.489140622839256 -1.92349071446942 -4.209732342909
0.324074949501881 -1.2102232035824 1.55221997339297 -0.101602237531936 -3.38189433469904 -0.0717314436510525 -0.371080509504485 0.196326442968831 1.81947980519893 3.85206878377632
0.81661826706088 0.419116194849014 3.13439831997184 1.3956225687283 -1.24799489016676 -0.272554021006422 2.60942406933138 -1.38162908301359 4.27675994326424 -0.88394733456673
3.44434368677645 1.53860380204198 3.92881276000611 -0.900970564475794 -1.47205991251068 -5.12719697586318 3.45330343522359 -0.69336795595903 2.0244751419954 -0.908582069685087
2.27636222169124 1.89252776109098 2.96550050811843 -1.45300484589439 2.14106158729866 -2.5682692721008 2.2308504983339 -0.590180391822773 2.2969487589418 0.923050293630591
-1.41924303664509 2.55524848750674 1.56413946856901 0.38565307918028 1.86872715157526 1.42931859961714 2.12918233895822 -0.486148156031083 0.0434818993670212 -1.05080717815274
-0.482773512867999 -0.298915766708518 4.55942772893241 -0.769444356962955 -3.69717973836474 3.44608877644266 1.73478653254396 2.51428832829196 -1.10831306244599 -0.241705112577974
-0.874680685720634 -2.18911998902023 -1.12837482473948 -0.0179270859888733 -6.06891328148076 0.409280795404458 -0.207369601116792 1.01285801178787 -2.80653257943921 2.52990725637936
0.222498908566989 0.920806740863592 3.34807708392109 2.20400451015317 3.75370175843409 -0.0375444988594841 -0.482560690583073 1.64041110942479 0.517416245389922 -0.152722196599422
2.19041597834343 3.67812897245634 -0.322822833494754 2.32417465953702 1.74949977895227 -1.46685066266794 0.467267377147763 1.42049517282944 -0.251880382920384 1.00642420780605
-0.522306803153514 0.282080386982812 1.79481077531941 2.09123653644131 -0.54397385599197 -2.03286639787121 -1.17391531369968 0.823314819889698 0.956094574908797 0.824415176264163
-1.30202258264909 0.0184614825573957 -1.85377948990763 1.32692421994681 -0.50241928709249 -2.40244602888703 0.485383629092382 -2.72999630196393 -1.9478803603424 -2.97239515143875
2.3686145086926 -2.67592955268736 0.647094111810326 3.57026486474746 -2.5486759441575 -2.72489091960507 0.386037423755257 2.33790357956461 0.678262307273226 -0.399983086767629
-0.479129737906102 -1.36563546177243 0.392934350940937 1.26243278251219 4.48245038587191 -2.77307493876011 1.62725088101979 -0.767978042308209 1.87043431797743 0.309635193871648
-1.02688711634872 -0.821249187234317 6.16568108237453 -1.09095118100859 0.476169783475866 0.740923275853734 3.15165280271109 0.810445883055163 2.86121108785397 -0.382609448094141
-1.06420184089398 -0.558446169310703 -1.25238064885577 2.00914497127909 -1.96125967753451 1.29994637277225 0.883548978777539 0.265587145270055 1.36194656567224 -3.39160949969413
-0.574285193358836 -3.15075565921492 -1.06811418050093 -0.666409162593475 -1.15310860010421 -2.0261981286695 -0.191201970294431 -1.11773503491446 2.73728192739706 -2.04186064005903
-0.730878204183555 0.942964193397552 2.04359507053582 -0.913980420964373 1.34016374456448 -3.82428164651265 4.17419536183388 -0.600214669732714 1.97823286984905 -0.322223197757994
-2.47476201870365 1.51146203084565 -0.587790513594611 0.683808240054171 -1.33926182791237 1.51381894948254 2.74156770848476 1.36351865380816 -1.55808955432792 2.37150796300423
0.128535581413479 -0.833974318624255 0.0991352092519121 -0.862852578073036 -4.14221331195459 -0.881916445661585 1.40996218088225 -2.83933482832878 2.0507445793185 -0.0700377269891405
3.02280044907075 2.28731668443588 -0.167236492717433 1.59132333245392 -2.98280703508313 2.61796834558771 -0.725742495501723 2.2074962090643 4.85386979513462 -0.691163011592956
2.37152275312092 2.62782229209115 -2.56528167421473 -0.893449584310712 -0.318698959457273 -2.65278446705524 1.32372505208506 -4.4964926451746 -0.976707477519263 -0.334692302913037
1.76141043005893 0.516650719170251 0.0753854846354763 1.00635809949522 1.50589136783979 -1.48749787054814 -1.02725574252624 1.9636511009262 -1.77596738942156 -1.54153415795883
3.19736889621788 2.71536936810562 -0.953825107026573 3.06515036601113 3.87122909660913 -1.05779859130469 0.324467326365947 -0.898545220968273 -2.01155673268859 -3.26210374927822
1.70169225672477 -0.254968213358875 -1.74366532692373 -2.36281532804631 0.788582449222993 0.313620683694402 3.67897439935805 -0.374784938010058 1.74138045690217 -1.8547183265875
0.095108036018942 2.31315061390005 -4.11463658363121 0.201800935445471 1.48153281985252 -4.1754766314082 0.316753600120002 -1.58375890313208 0.95835844038282 1.46520319092443
0.825003204639026 -0.43327521252681 -0.113410209059541 -0.206855288023048 1.97793664514779 -2.79404860913644 -0.251262392833973 0.635843930957768 -1.87881531283533 5.26422471219833
0.961331782234934 -1.00931485602008 1.29933957099598 1.49818191650809 1.57864949269488 0.109060642629423 -0.695953510890464 -2.93888469889272 1.61498488143097 -1.25571416357099
-2.45859943503386 -1.17235852310307 -2.40249211303764 -1.22185305408411 0.700586294951958 0.849380146915014 -0.452781586797062 -2.7491977194942 -6.65456410046216 2.443544782572
2.2048137909881 3.12318720345269 0.447440294257336 -3.43815619511758 -2.30345505352269 -1.43940350781165 1.31598252861618 0.933454390245898 3.47595661852256 3.90122571499914
1.50589636584757 5.00846422351003 1.25724489417681 -2.69890217143826 2.44411019007817 -0.422843406073793 -0.212174502660982 -1.82624052597876 3.50136492537887 -4.74748161891499
1.34966617894193 -2.06009774241203 2.0356443076206 0.181094873961186 0.471190709382888 -1.66983901875259 4.37304599652292 1.8097479746657 -0.248670671905601 1.58035483395598
-0.978997911449765 5.98985295213149 1.37484306901532 0.127839051220044 1.35291816765876 -0.926930510390512 0.47684264586144 0.954758061392798 -1.69093872467337 1.89405201670143
1.53201446243661 4.80582560181075 1.2231338204974 -1.06668150611177 -1.44181322473318 -1.38826621419944 1.20493139927915 -0.162177677429878 0.358239703052209 -3.25152450773014
-0.907713127355832 3.26447775286296 0.697111979022389 1.08435823078753 3.56184908057356 -3.29889039501321 -0.160515928707341 0.289161756547305 -1.15948214562535 -0.377613775276003
0.343049651399835 -4.33371515723378 -1.14733139309499 0.831975077700672 -2.48156102274886 -3.39265524511875 1.85889093325812 -3.45097941773497 -2.09936604561075 0.937248996910503
-6.03404205933148 -0.0787602709907242 -2.00584573552056 3.90072016537512 0.0200905240303208 2.52099666549476 -2.78740574850912 1.97034537540793 -1.9466260457429 0.708079840393081
1.98005351971173 1.08326465559936 1.64426958141071 -4.25868116935506 1.6317493326777 1.28995278842529 0.155987217980339 -2.64402130617068 -4.2619094466523 0.295067051551221
-2.42187695272541 3.05223277396046 -0.0939543719698024 -0.782696881755105 -1.51275391720789 0.604508492739371 0.361774107203476 -4.24121190684574 0.0218940970153775 -1.24354589848661
0.0859562850082605 3.0355024875366 0.899035688434599 -3.85797060151163 3.04285613431208 0.129209725992686 -0.476808642461653 0.118894940924324 -0.888620413163503 1.65503518254863
-0.884666179682656 2.32268475682006 3.49927255894361 0.189445823230604 2.39734743529261 0.575559681020809 0.486088151926758 2.26069814267125 0.796810961633618 -0.744318859238806
-0.512918208655232 0.145487686831367 1.29987382320747 1.23355466186805 0.956103609424286 1.91756576694132 -0.897041852372891 2.74938323025099 5.3209493779207 -2.91335885012966
0.871020112392328 1.10565921745462 1.89212814435058 0.482546276416881 -1.71131611119599 -1.1178412398832 -2.51485023731822 -1.51123357280851 -1.94935164804716 3.3922114072831
0.912959112774117 1.94370458627516 -3.87808359064616 -0.107103737195173 -2.82856657123342 -0.247569486810413 -0.0102740701887187 3.08331075852901 -2.63192291671701 0.221016247381294
-1.33193983961311 -3.26649143042797 1.30020589275065 -4.77914943765815 -0.760171934288428 0.736141682908771 0.552937660894301 3.23134250199103 -0.788568592840574 -2.81540369193417
-0.847140972372769 0.293077833023355 4.73108925695962 -0.893633556634989 0.933678218178845 -0.867293051774023 1.22278304714994 1.07518346603249 -0.570488866119894 1.76959061583686
-0.205065504263156 9.26890373968369 -0.816148744571086 -3.09719853134837 -2.27759848605345 1.85194029445652 2.35554098298113 -1.31046626338474 -3.60433190150624 -0.875358854532481
-0.803041673908506 -2.47231406467682 0.449060584512379 -0.640146611558315 -1.47755772192336 -0.900441196852163 2.65710158790634 -0.933168314844799 1.65411662406979 0.110105141658894
-3.59472393655589 -2.00847237752656 -1.23339705899756 -1.72471782407167 -1.40753165565296 0.570339496640727 -1.67768736304671 2.57393213344845 -2.12026514033639 2.22707773000229
0.467764191702673 -2.86108930445904 2.05395224696346 -1.48002218400666 -3.02213231378117 -0.178882624507054 0.845806606623683 0.548243052951065 -1.2077063921041 1.56618047218296
-5.12451736376817 0.0587360718927162 0.901755060417533 0.0596001282545746 1.79730599842131 -1.66624470212129 0.746278298960627 4.56547475269654 0.0233415090442394 -3.33252188273407
-3.70843126095933 2.29419391830297 4.59432542600778 -0.461864140090304 0.84556844834088 3.74058446874343 0.910422880491275 -4.99171536270977 -1.52150583993994 1.11276911421406
2.52824161268726 1.29653370517081 3.12541546996557 0.695847577892999 -0.368116542157138 0.325659038169618 -1.14817035436946 0.0722577995972292 2.92717750166637 0.0355892449242918
-0.104211081957026 -0.723334364038215 -0.28476099463718 -1.77914795211577 0.514768055341298 1.85898308392872 -3.91371046375547 3.91160724224049 1.06598006505126 -1.90340507978178
0.39663407316341 0.891862160916132 -1.37790599141486 -1.63748222885868 1.45261616185785 -3.9858384555981 3.47524112311307 0.651169264344935 2.58925113850636 -1.48789335835906
-1.06501972379517 -3.11393916861691 -1.60813079771727 -3.22428815414714 1.38536607936726 -2.10877825411671 2.91585545797034 0.633928705972516 1.76949214768413 1.63670710583081
4.87177209037807 -2.07505149055604 -2.3984134761451 0.292537270401215 1.13332077524204 -1.37409529480187 -2.51509656600061 -1.65263201068736 -1.96741342584272 1.90465666587716
-2.56150112829117 0.980141738321993 0.141476234814744 -0.596448425948642 -0.8070678900646 -1.16707412454638 0.0627528159182993 0.680039972047409 -1.1205550432306 -4.78879153868264
-1.40138276294568 1.50366440927349 -3.56644458233465 -1.43746327414524 -0.284416896686934 0.590381619465327 -1.18737242660664 1.91258622803893 0.3496574940221 -0.448110356085649
-0.0712539689656787 0.727190834134493 2.03795306941079 2.05449078490435 1.64969476269853 -2.19473804944043 3.03188830509918 0.874101182319276 0.209757728134002 0.544162891526937
1.27446450838495 3.5031228988009 1.90073780063264 -3.07107972431909 1.81224530143511 2.55868507720985 -1.12896953969211 -1.54153345143047 0.334259200262084 -1.33090559259981
-0.794567393276806 0.421391880250433 2.44109399589908 -0.967272843090552 1.75368620142693 -3.26976549349798 -2.64992053957936 1.09455798013379 -0.470962077260836 1.41786468909581
1.2768528754769 -1.52697198772896 0.443188801446782 -2.8568799695611 -1.03224456406417 -1.16235261188557 3.25514227746798 -3.80465933547385 -1.30230332930326 -2.66111341062683
-1.08258027535464 3.63442431113328 -0.740907086953579 1.30913886608063 1.27389302755293 1.48277284618421 1.38012012973974 0.126008598295515 2.65936651185855 2.60645593513409
1.4724338898444 -0.371972343161278 2.98900206712108 -0.587773896537657 1.1132963146381 -3.34582932512807 1.38627316206148 -0.311293943205235 -1.85812219919127 0.237878929817282
1.74151443156625 -0.537027912753711 0.955584988925518 2.00961932045708 -0.447529826827598 1.67049504621448 1.57058219419096 2.49945860860982 1.29714503727045 6.39461353119317
-0.679447840017751 -0.740373336332841 1.69220271144768 -1.20564449263244 -0.667227039262062 -2.12349930119237 2.20957776372816 1.77261668496262 -1.65998356501842 -2.83024188516063
0.279310617712301 1.8292682238673 1.77817504743602 -3.60376632906663 1.18893261532369 -0.242366180796625 1.58269980204443 0.356667082877373 1.76381691244603 0.673020100171845
-1.40869037035375 3.08819024683192 -3.42472047101169 3.53958158684413 -0.711093095697683 -3.8623079605152 0.202670179837711 0.318074272300158 -1.19635918959582 -0.810804575652931
1.92325552369693 -1.28482336534698 -1.54290600708646 -1.46789293547686 -4.45134259456548 -0.822130165586318 -2.36412105358536 -0.749825302656929 5.01915764343163 -0.979598333231495
-2.17733639853224 0.848434030814372 2.65388844313695 -1.15643554774319 -1.02344601156406 -1.20665605914718 -1.81781141015471 -3.56774289000509 -1.19217563255461 -1.38326853059629
-1.56517784110676 2.59760694940051 -1.88594350370958 -0.563477282731121 -0.826900030683121 -3.46222872757341 0.232094794526178 0.322498872418942 -2.14849786677127 1.78545282247421
0.557556397624502 3.12918384504197 -2.90125521024083 -1.07647318072844 0.638822678583859 -2.46843895901109 -1.26819009352983 1.80887366063257 0.564676594896716 1.48899982417301
-1.11942638587965 0.229717004959681 -0.503592663788862 -0.251380427837581 -1.32167532756035 -0.198157182183385 -1.03581415074675 -1.15692620545784 -1.47380639307274 -1.4611847412286
-0.134682039441035 2.5749379993175 1.02385463621225 1.33792343174177 2.83943816960148 2.76125894490099 -2.54149145020663 -0.107625022346166 -2.27293149621225 -1.77456030873479
0.29126197353978 -2.36144978636867 0.176340083732131 -4.89715508731053 1.70698019696689 -0.57197968173978 -0.27441921153267 -1.59074494141234 2.38255672099418 -3.81171164098625
-2.97051696876099 1.13056146719399 0.621216871818538 4.00640672839412 2.8660844511452 1.24107364497311 -5.09370837219128 0.443473687130491 0.67435236750851 0.481910209714441
0.276214731481007 -0.661232735475512 1.01237534885464 0.520716074255716 -0.576506991031974 0.515464793812152 -3.45405094510574 2.23049285732337 -4.08410572802553 -0.909949861502375
0.245545159423998 0.182390895475574 2.40298295508363 -0.792310071228014 -5.49707501394284 -0.148815471543746 2.33157811250443 0.548664094844963 0.416708593152907 -0.838001377331943
-3.33604409627348 1.56171141192554 -2.15372610516468 4.29657284809768 0.430141179763266 -2.26716958674626 0.213883692083137 -0.218360627903303 -0.0805527391311709 0.381504640052365
-1.50885240227429 -0.78246470391166 -0.793306989257227 0.209819853445482 -0.02830861549242 -0.907377568424061 -1.12635330495563 -1.55811053590075 -4.0492366599157 -4.99607210465843
2.31787780902864 -3.34288896990052 0.0532054704029795 0.347070824909857 -2.72214951335403 -1.56530390531349 -1.04760678812523 1.20635008032935 2.00334079387071 0.333636465246745
1.84965505164536 -1.96223562868084 2.6684999411777 -0.0588083097365841 -2.12481117608164 2.21370801741421 0.76650851750414 0.526127129027294 0.590928643076168 -1.67378109182365
-1.36228400044516 -1.8844813553567 -1.80174129635396 -0.262226706339168 0.0341811225535188 0.96461784611558 0.797767512976093 0.419886713251243 0.124198637090327 -0.636520512499681
0.0871404350616763 8.62447359324035 1.05138628208131 0.452234307164134 2.92514526033492 -0.170283586270049 -0.249321006189205 -3.42501892655252 -0.086729493383255 0.280030012995098
-2.66605705824814 -0.0764303010967647 0.262288999216801 1.16498182996572 -0.219597873106776 3.88496974291677 3.30630508511835 -0.369279362001226 1.94935132758401 2.06249090274407
-2.19634278616813 0.0299164572965936 1.70447453027863 0.814825807257626 -2.56380351370057 1.30736194006323 -4.62708109170714 0.347879989493051 -1.36439399314389 -1.11022543082392
1.78797677831987 1.52234770834869 -1.09929638323274 -0.146717245316684 0.402942066093257 0.839420389802478 -0.110987390681335 2.56992985558789 -0.155736122523829 0.594678677813819
-0.28967010620557 0.867346580447161 -1.91534668581583 -0.365533200762847 1.85014264581513 2.53148704585204 -0.0076332745441919 -2.25370911165 -5.71078329524214 -1.81160337113876
0.299992278704947 2.27676335286048 0.172845444921746 1.64152793458166 1.49760915736481 0.268739844704192 -0.144948650134788 -2.64341895343921 -2.18049382022994 0.951139053189225
-2.6742094455002 -1.3005462835825 1.15090797722323 -3.33592301257991 -4.47236126084722 -1.0989543408212 -0.981903310695175 -0.411081789762846 -0.148980100155183 -0.25962741109846
-0.496692509362575 1.33390474855463 -0.669271038859031 0.479606247024832 -1.13864268204616 2.15209021948796 1.95717851334698 0.692993689626462 0.416172536720946 2.34911847170347
-3.09562044281885 -1.37357313554919 -0.336845954199721 0.277951152734021 2.16462809603141 -0.893859350327644 1.84787175800595 0.26300426436374 1.78779163512573 -0.912003714064231
-1.00501368674729 -1.46627942784504 -1.67251762011715 -0.603983446319143 0.442984036179743 -0.113290123175891 2.0473975080035 -1.93531234078336 -0.228299245459419 -1.16950775343999
0.496339552304686 2.51381479709955 -3.28313475839424 -1.18734738179367 0.516621162553842 -0.664935212574408 3.51569457335393 -0.96467738769723 -2.12382044492461 1.6991220013606
-2.23032339421592 1.98329848416865 -1.14874063143462 4.0235157894516 -0.0920626173927719 2.36211282630292 -0.103368111207283 -1.06107655895099 -0.147692794402061 -0.829895370565932
1.32318678032046 2.52985268080128 -0.0818199293220339 1.0104494168173 0.207782017771368 -1.69510105494571 -0.72724250629539 -0.203535550282242 -4.62177655454454 0.177007822148462
3.054085504059 -0.544902258718131 2.72128046082405 1.09255883377596 0.971735390920918 -3.59265470923975 -1.18126420245251 -0.211004135761953 -3.78493394614766 -0.404630978462477
-4.91416301113653 2.00080945425885 1.84608468811868 0.924404013212603 2.39901810436596 -0.77974436336256 0.736549963528683 -0.79594309100629 -2.97499648963437 -0.437331270892388
-1.41967475729573 0.79047928737803 -1.59494461391111 -0.522299489137214 4.20231856029494 1.49977629497178 0.566254898074354 2.17740686085135 -1.61101106698766 -0.395399482579911
-1.68413297760627 -2.70371956329181 0.36142648885888 2.90586367462976 -2.75861737778681 0.992884557338686 1.32351393657271 0.320491830330057 4.78192787349056 -0.625983686187152
1.66965359613957 0.0783218638759885 -0.876209080480716 2.78748223151335 -2.33618055379815 -2.00126575230394 -0.626028796488716 0.494258428125153 -4.05586714153255 4.95968802641572
0.584106362358229 3.17345716380151 1.31582747821144 2.66128897182458 3.36362070416331 1.00745379761288 2.43781994099433 0.635216408121365 0.175722463253897 -0.650728129104
-0.824320421069978 -1.77010585861075 -1.18384578273904 0.0381523274384932 -0.674276391469771 1.9512866647151 1.14478167167471 -1.14119604751775 -1.59303526818303 -1.01231144887638
0.807499517310313 0.418602297219611 -0.482981139786926 -0.365295581588094 -0.118129175292209 0.258712343995209 1.29744232637519 -0.996659730583532 2.36192570089662 0.593790494571327
3.98166682076077 -0.865323542301028 2.44959165578763 3.00837933437196 -1.23087863907215 -0.463265325947555 2.44912854720026 -2.37453557613185 -0.700978084239312 0.244246275078508
-2.96571105003317 0.923306564880926 -1.57214436128304 -1.64412760795673 0.838082683057667 -3.47968393983254 1.78146177144339 2.06508942202545 1.56729812078619 -0.668976577479982
2.31194762246801 -2.46759485929951 2.25242221924932 1.49259530420802 0.206278884196452 2.58986544869275 1.59217162407276 -0.809028387657929 3.81389790911423 -0.934081284673107
1.77526607015614 3.47823576750192 -1.85263606704134 -1.67617222111576 0.849133934342781 0.105603831989541 0.39924152623244 0.830445561199871 -1.87549016432882 2.95159344918489
0.832953711413458 -0.64345177790648 -0.300922923697398 -2.18107610544693 1.8209500434328 0.48671859280091 1.5308360552714 3.3818792537171 -0.796002762976311 0.491762736883688
0.900029469191177 -0.241273562808947 -3.72046506238663 3.61913740333103 -0.334502635360143 1.12216484221597 1.9852961465818 -1.18345259537505 1.79383968172519 0.348700052356316
1.04317712503527 3.57148077635831 -1.2604028677218 -2.29916021106196 -1.80719963533026 -1.18210223442542 2.82531667298298 2.15185800695475 1.55063838686738 -1.71642276850719
-4.02902124388811 1.28518452190806 -0.902611703795322 1.15923162097295 2.59702969900485 2.52507414354425 1.24932755032793 -0.501829602880537 0.669657212638082 0.135942401989401
-0.878134283463489 -3.43589611888132 -3.69127871274851 -2.93105944312813 1.62271841699922 -1.50519366674136 -1.68550431581611 1.94068222587198 -0.458998737212101 2.31025187233786
-0.875189246169989 2.02743522913812 -0.707759484936681 0.383826422907427 -0.693254457882454 1.85128552650729 -1.55770038975658 2.43003610117075 0.619430424759457 0.990648407392692
0.213100080940842 -0.85922653838299 -1.64646782919382 -1.3253711925747 0.405736525288529 -2.42144554783602 -0.895511873789389 2.93729790223186 0.652046994723855 2.5433935766563
0.351671500143428 1.43000556648725 0.346983090188263 -2.07120875424402 -3.39125773330692 -0.831649838609226 5.95320361092807 -1.25564533194252 -0.731417324455476 -0.603556682705447
0.413666594839528 1.06503024604403 4.24560570321927 0.594907725040497 -0.896936755721859 3.07932318882295 8.02942242973239 0.117223589384903 -2.65433764935641 -3.7058996174259
1.18812983690451 2.38189327378052 -0.922904991405743 -0.411504849479182 -2.63664623680494 3.06295837767918 -2.04675661933857 -0.961943294879795 5.06088004647671 2.18377544689618
-1.24117435089897 0.962472286759746 -1.28315026335748 -2.04247323499694 1.37662972047337 0.90405290794556 1.79038735440905 -2.1879991779894 -1.85874626581478 0.919713086103393
-0.801838619413566 -3.09548923137165 -2.24943794789051 2.61911245973164 3.34210465445458 -2.88368540531161 -0.696131072115464 3.90369107493522 1.32403716802481 4.68055547368059
-0.401483136963658 -1.7518004245968 1.87156208924155 -4.00464549995863 1.04999587104573 -0.649033048094989 -3.03505336030905 1.17279693910857 2.37751817110038 -1.74552252145684
2.48467213235056 -3.46414064904854 -1.40747338229408 0.499924355164251 -1.57511933868995 3.31683392788685 2.6816663045253 1.1837315799621 1.3945124106963 -0.693288627423748
-1.52868844322941 0.78110216506896 -1.65841103129755 1.07856097851411 -2.59524441616768 0.346860588270899 -0.688638319888998 -3.13292029488109 -3.6055970299768 -2.52881768369181
0.493005654677579 -3.67237876699533 -1.77556690531907 0.124009025424838 0.294878751444514 -1.16339484717159 -2.50623097737888 1.31894112589094 1.02137531396408 -0.140639835979001
1.89611114265571 -0.109289148151327 0.369462552212722 0.934814434627882 0.94012151673038 -0.89254154488872 -0.769220203711718 -1.60074262421504 -1.27055395488146 1.41367393446482
-1.15546391547398 -1.91261712167226 2.56142056018666 1.03594403771274 -1.18577813641854 1.19952693721789 -0.488130598336997 2.62798471478952 -2.36385293851093 -3.05033464569116
0.382858652912776 1.79771946403262 0.110604603009221 0.597985994647131 -1.87968407302555 -1.84562531418356 -1.67711104750485 -1.39344531635797 0.178823039753139 -1.72086397912712
0.583119653276799 1.51828768241707 1.98922763057302 2.32932663770631 1.58826744715526 -4.16519094759638 3.18394238476131 0.816565578414055 2.48803514989277 0.00566053760973138
-1.21915014259234 -0.219992174478188 -0.126168980261117 1.78155611212394 -0.934746267460994 2.26564877148464 -0.504802324365594 -1.12439721349641 0.768045968691771 -1.14954093952291
-2.98225128450956 -1.85863236418261 -1.03001831292522 1.17331996651846 -0.730053835498751 0.51078916408899 -0.744607491572034 -0.929256680640813 -1.89932573834648 0.605321302907608
1.15865923191646 2.30737385432406 1.74617215327887 -1.30343986861332 4.15106861215015 3.3341454265344 -0.487365788272956 -2.79547565426187 1.81076906811777 -0.611737404929537
3.8429533220458 0.14587417297451 4.06518228420748 -0.159647675222271 -2.60129794933107 -5.02756798656335 -1.34708043126617 -1.01344157904097 -1.45380488033431 1.47480482840401
0.528561339539136 0.626722573138349 -0.921025258447679 1.17109776879999 -2.32616612815263 0.233466785508622 3.99492213795282 -0.303748209663546 0.627677440092031 3.24396481658281
-1.56268797335002 4.98620855561639 0.598045695959081 1.28834055563843 -1.40654868413484 0.946300553192181 -2.03824423236335 -3.19679172561708 -1.1684591453888 0.743407985846274
-0.272459064193561 1.57634441950012 -2.59023683324694 1.30693480670521 1.62760907549913 0.623641559864444 -2.24023587483022 -0.373464456625759 -0.915871890223143 2.08014505614055
4.30761852044251 -3.05195256542777 -0.438889608900155 2.58236751719397 -1.53396204231117 1.08344071430915 -2.7538450952272 0.443101138399868 -2.82087692877239 -3.01935850657775
-2.39674218891225 -2.89370596549023 -1.80511290069647 2.07898327655331 3.25273298746134 -0.598778406532092 -1.04318812937637 -1.39378524204719 1.16675470537211 -4.85531814570727
-3.63356165462331 -0.177263576447972 -1.80291464181564 0.0856968512470232 1.03978225623333 0.379494340666454 -0.365481462482733 -0.934234545397017 -3.10876721164884 -4.7014033272256
3.73813812993959 0.496414083029885 -0.537862233759651 0.597949529755902 1.27905147875221 -1.17960484537073 0.444145834512204 1.23137331833983 1.32953674598701 2.05794090671829
-2.8135569116487 4.24424703675308 -3.43233771821203 -2.89990340196801 -4.67549715889245 0.203024560605232 -1.61524000008242 -1.56937505855761 -0.332364583031246 -2.10894399455055
1.67003299160364 0.313774541317665 -1.60155439853047 -0.0822971648247889 -0.64695502277538 -1.5720041854483 1.0814462612052 -1.89329776947886 -0.802446511533957 3.17249144305832
-3.65625820606924 -1.20314736569416 1.98360086183894 2.45023113998511 0.746765785298989 -2.24607020430657 -4.72059915709597 -0.692340890656169 -1.32211883227013 0.297800488537767
-0.685016819404413 -0.793523065037344 0.609933155051401 0.218004668582945 0.876165281095644 4.10452609451904 6.21066148878885 -1.59814990103877 0.118611187247563 1.30157876405291
-1.57697465186565 0.727535833223489 -0.258623649172135 0.212850714338573 0.134534801676901 0.062148141514614 -0.907526358271338 -2.31426586164529 -1.0151603055732 0.933595039140044
0.279721171504562 -1.53918856332983 -0.0498991863890816 3.56318631379743 0.589383395047119 3.31229008111187 1.32545627707764 -1.89928840948904 1.6832954390508 -2.42427502925947
2.50762568898399 2.53123469288737 0.98911972094953 3.10335056643934 2.78091395450584 -2.14520794275479 6.77193758454055 2.08642100025272 -0.731641099953815 -0.0807230081360126
2.9957190061634 -2.05775744230411 2.51885952152863 -0.273019407096024 -0.805389222611266 -0.268926656526558 -3.33004659348628 -0.157329452486992 0.776147320476366 -4.50219924369538
0.452237281328396 -0.436318780811781 -3.28529972434756 -1.060857732649 -1.75465721961856 0.436251145315201 4.39238585309972 -1.01377056591532 -0.399668089237037 -1.45254660782847
-0.378124124128593 1.62542179533411 6.57515903029619 0.0418718747777166 -1.36315627772746 -2.86033154497544 1.67012002957553 -0.11006898081486 2.83485905735788 2.71465570219759
1.23198629632417 -1.06692600638475 -4.12167030554766 -0.781067734720857 -2.29492135272912 -1.6166186443868 -4.03513018761701 3.40271047624062 0.778037155722998 -1.07596339622561
0.555763374770971 0.578498460462609 -0.461667709658872 0.0940737486563078 0.655518181990592 -1.80213935865116 0.242266072542892 -1.11924428760732 -1.34642320043128 1.22821443571314
2.43459986017399 0.255492212245782 1.22041403943868 -1.63639944291943 1.96796894473661 1.34882732465224 1.83091678633075 -1.10186973158718 2.89188661262922 -1.10381315957622
3.0753481650535 0.171027688085807 0.270831500980364 0.939978827468249 2.33967540769578 -0.723676936359602 -0.330122811782902 -1.42559871919956 -2.68520633358424 2.43458602747762
0.563011566492111 2.4884745161307 -0.904967730672435 0.710362575778182 -0.299865593702648 -4.79190459748826 -1.71489824825131 0.361019981558174 3.66267522794229 -1.99278634704223
-0.37003750601694 -0.165193928744176 2.02196990760963 -0.358691953246804 -1.80425462365614 -0.411161678966877 1.75516741292593 -0.836157218190636 2.15777678175113 -0.145312336578561
-1.3580226167999 -1.65889915189397 4.31294273314646 -1.98345339257368 2.43686453856361 -0.247818927760086 1.43113684422475 -1.47899405722934 -1.4017119581549 1.15323297059109
0.57797881672322 1.26875426162488 -1.76493870032371 0.413962126165818 2.48351555767484 -0.0980345536037406 0.104164395620706 2.21600429733634 -2.4554759407486 1.22980846441888
-4.29633217647932 0.181872057035743 0.789109115281177 -1.81424108353627 -3.88650336705009 0.682853719237369 3.24804244374408 -1.46514023386058 1.43265815546161 -0.0820682059338029
2.84908546036764 0.613692494591143 2.41642928987812 0.986077100218207 0.0963760713835546 -0.649993954913574 0.297666511592793 -1.03538016470562 -4.28038718898965 -1.6557194224072
-0.722568145641715 -1.85704837229193 0.935971064312693 0.913841809530394 -1.04261296729919 -2.90844800706109 -5.35842306729512 0.905581146436129 4.73234934609569 1.90228207930097
-0.100295931494159 1.30993847917137 2.36650978139438 -0.139515385758028 -1.44489838488628 -1.45646976510478 -1.0211414864732 -3.46599036199556 -0.539368841582283 -1.83279290837263
2.21795605885731 2.32879952645849 0.985560850396499 -1.75229017677195 -0.700235249634493 0.276465945077868 1.93613475435318 -0.982647839451595 -0.518846501108155 1.20109379637023
2.35601939173244 -2.22146307363554 -1.02828056544981 -2.93423289318224 0.923272883106455 -1.50438928401116 -3.35919909366046 -0.0407975602749498 4.51884932774842 -1.3259587758943
-0.379946220623521 -0.221681499636902 2.65485297991496 2.35654877113747 -0.351890339895857 -2.88442694614307 -1.91732045304886 -2.37994722357718 -4.86535494950458 -0.326032179120748
0.21645450234018 -1.65607153047458 -3.18796415278075 -0.143778697929406 0.27148757443567 0.127577116350878 -0.112480911423932 1.45795549027339 -0.360824548324901 -2.34080593074222
2.24298184780045 1.28408988532209 -1.67692215805279 -0.365756390183008 1.36124952576576 -3.80137216731223 0.620090141988096 1.58242316079298 0.949240692116435 0.152507746491619
2.45609960431596 -1.59884710966658 -0.537444500937801 2.05386741729274 4.52113482184213 4.86210301786296 1.01923855289863 -1.27406550732841 -0.86355491810604 4.30585504541716
0.393427825066273 1.99554124767729 -2.40999966266773 -0.796123487082978 2.41921085963493 -2.04720149849096 -1.0936451506772 0.850981957624893 1.02428723306245 1.47110936161399
-1.98011469196433 1.07094251457381 -0.579104578026275 2.75181890244722 -1.57481054821254 1.30016158026844 -2.32976085385006 1.91383088361937 -4.5203847650246 0.523857772555094
2.37435374369822 4.30973822226521 2.55574163717983 -0.246219281703059 3.87214137060022 -0.75776792648565 -2.19329285057786 -2.18351942605971 -1.76981123868727 -0.0378022863798735
0.24881482263103 2.22211694905819 -1.25348131902428 -0.479252839139137 0.081294589837203 -2.80722108338885 1.83356152868896 0.273774627770277 -3.29170030816666 -0.525084263347244
1.66296241293874 0.89358570963252 -0.683114907341706 0.781573467068613 -0.679296347251168 -1.17549644423208 -0.542267606015581 2.65211730894052 0.510806618927412 -0.772887377508025
1.16763184806734 2.39370020101386 4.65317626024723 2.0105195823304 -2.12568928245059 -2.20482950664175 -0.902606913469343 -3.12695491688417 0.304597484886097 -1.04491097336961
-0.157161323177007 3.14361790234759 -2.85262860351087 2.73392235729383 -0.0622174846039552 -1.77446554811261 1.25012718583895 0.789845842397491 -0.738943831467613 -3.00917411369815
-0.921548066027031 -2.15102093371632 0.562644546570834 -0.813206823837984 -3.18585312132585 -0.315761082704063 3.34948109507923 -0.69889954195556 0.804013093830414 0.253414737920334
1.06378361551251 3.38006180072173 2.396845685427 0.681987369086157 -1.20553965931477 -1.3561346594255 -0.759390529698174 0.377347796229297 -1.42587953712673 -1.31784786544924
0.0273464671660324 -1.31342119071304 -1.09395423185491 -0.766333106622109 -1.44943715504777 -2.82792570578725 -2.63861288230661 1.34895104070418 -4.14491835657507 -0.590309045522916
2.70053379638226 0.110355970669124 -3.52999933981722 -2.52328643108613 2.11753316531683 1.89650875237574 1.04117060347081 0.13178606534537 -1.60496806595829 -0.641114242901719
-2.09485607887447 -0.872019210938301 0.0201400064059164 1.10883295835245 -2.18128088535817 0.313171138677642 0.214511610610233 -0.604706574989005 -0.16096593135931 0.971326268126943
-1.08716728788781 -1.77497495058715 -2.87734956152542 1.38619301893262 2.54045218671921 -1.54331904665425 1.03673323188381 0.384129747173273 1.28988982296185 1.33624256916851
-0.385567891483929 1.2366338369169 -1.32085336876387 2.54107401637859 -0.0632243086785483 -1.43399943682588 1.36384963643592 0.324953532042186 4.25668096991912 0.837364606670066
-1.10616451973805 1.38318592789165 -0.7152821263457 2.09771820470144 -1.87341222063841 4.6141789592825 -1.76254205306958 0.564611781887506 -0.720990288897084 -2.46297658363791
0.580892689281636 3.52622381629194 -2.75590029379297 1.42177986918723 1.00093119513521 -3.31427270704759 -0.799238788991086 -4.17684628401819 0.197174606273882 -0.490019092748116
-0.397615705655127 3.52025994348054 -2.84825744622892 0.493057535288218 -2.31064011454019 -0.638578534624689 -1.46556625083228 -0.176943652007834 -1.78626627902664 -1.66599759197142
-3.94853179713091 3.62137279853557 0.660336061413984 -0.531657025747404 2.54807581890321 -0.435815307678104 0.0686866834602573 -0.87390280967258 2.79585898155809 0.708405679049601
0.837631712435212 2.13314373402347 -0.299217671314307 1.60686598233852 0.127695406423064 0.376119061016534 2.28208441064239 -1.4033378013098 -4.02583865818778 2.63580377271629
3.95117166808692 1.45459025873196 -0.0439916488263888 -1.92677350855765 2.11092732770032 -0.0395948008543963 -1.48820418216655 0.634767878653069 -0.416345676148145 -0.824649909988315
-1.53466743948425 -0.266507408558434 2.07026345306221 -0.658052039413974 -0.675619836740154 -0.52339741892997 1.25516888896378 -1.62206940563391 0.668739371306952 2.25032228712117
-3.44609187990086 -3.19230472362905 -0.872106639084177 -1.32899934865883 0.565245560130734 2.31743568954752 -1.47938275414269 2.1050207930248 0.918021793281077 -1.1106228630406
-1.80250163453624 1.76659944248632 -0.717693168779187 -1.54711304172304 1.72453221894639 4.56164549944644 1.7583535392616 0.958156588972184 0.981970680154558 -2.8154682587994
3.80461196980287 -1.14360194451351 -0.279149800276358 6.36409793489954 -3.65464534122202 0.418613448046771 3.26469668445524 -4.44028214210468 -0.254788483501393 0.108642245303188
-1.48727354438663 0.446577827034405 3.78960642092623 -1.47065563404679 -2.09005166429428 1.81132811016809 0.394761198803697 0.212263506412404 2.310639650085 -2.10767369848673
-0.976196863902655 0.16350080400172 -1.00772599155848 0.339425586337996 -0.881074169455659 -1.52963271257138 1.50273161713461 -3.16435069580587 0.847961667260839 3.34615990309869
1.14707878469198 1.46524526252282 -1.12590107858011 1.14284957865184 2.98272852081551 -1.00185473298646 -3.53318334624709 0.592132126146679 -1.41598110822872 3.1389540112996
0.816643945244786 0.614054841630872 -0.243111734133956 1.22039016788816 0.98106620918161 -1.35134207267338 -2.42316068675924 -1.99536635542771 2.54878129406696 -1.53475823182108
0.711907501750425 0.802422718748954 1.65853954895956 -4.21745200014469 -3.09288007436346 -1.55223482037092 1.17129389087252 -1.06176434156391 1.5505891016536 0.422078376127036
-0.79008516476131 2.50511106290785 -1.79319058189466 -1.19076861109594 1.67662511058122 4.27644028445446 -1.2205278829851 1.21927117283128 -0.767561520837211 -3.39692702811522
0.961974609088563 0.518225965095084 2.06570279631596 2.45800050878277 -0.871116775760916 0.346845261630389 -1.81489137874686 1.3249621011357 -1.7866595078021 -1.51016559869472
1.81610485034322 1.3494485466008 -0.00830978506434673 -0.354517852571969 1.49863698638215 -0.361508755362964 4.17251263772484 0.402737636792417 3.61816793047232 1.1373921011626
-3.00038068634663 -0.245447626601611 -3.32017100491864 4.72950839650849 -1.76099689622014 1.41297562247145 1.60680479417525 2.41722999451888 0.217840392566183 -2.68371741430403
-0.134696888169767 2.04577556032293 0.104630441542065 1.59797096313476 -2.08565345541738 1.05670820765537 -1.6740693460479 -2.17418979421853 -2.01199649819247 1.75071381288261
0.854139529399072 -1.55286494800826 0.569742133481394 -2.08320371684831 0.952244667034604 2.46052897673969 -1.88043479696895 -1.95304496376313 -2.25184917209875 -5.14942292605982
1.9333537804722 0.783408443990645 2.11329730203859 -1.65372903875213 -1.74705843317666 -2.06851093522527 2.3619543592173 -1.31397914271869 3.42366257782902 -2.66961617087338
-0.670095947984796 -0.410176727662579 0.537294424239249 -0.159809776691166 -1.84322431223789 -5.83073658876207 4.22457754458078 -2.53050842034193 -1.22022309972069 -2.21941077571549
-1.96757208490264 1.47154949744875 1.93792415186083 2.24581534657488 -1.59443490393592 1.60983965792039 -1.13227807887755 2.25563045871457 3.46246435092159 1.4266425057979
