7.30613950508782 4.22601270062158 8.00727383585282 3.91154256698274 10.7566098493875 -0.522079783832069 -1.46568218167265 1.43299649558844 -0.495276837735201 -2.01562648959126
0.591658631081697 1.03420968940365 1.25837953640518 3.71655611231079 10.7843470931078 -0.214939719476799 -0.982527711514982 0.755689006893146 1.68667679368725 -1.22354960506329
-1.11508033770638 6.98234746075769 3.18682283634856 1.72568358187274 1.74443462957994 1.24551089431718 0.360008107817753 -0.410263272940501 -0.795945804228646 -1.48436896794679
10.5063067380019 1.72895835156117 2.73738250654421 -2.62148440200239 7.04656563065117 -0.571440419319861 0.217119108139095 3.46378356780402 -2.81463746228308 -1.45819218785112
-1.70635042328196 0.9610734495994 2.10762923692082 2.47281142103027 -0.493482587140681 -0.6069039761774 1.40624012267584 -1.29179494922478 8.35003785710484 -2.41040638567506
4.89995484859834 0.769438747633554 18.4962930846091 0.327078984669325 0.81273641205567 -1.45900823755349 -1.10700355717709 -1.94595451926757 0.916704215149441 0.331319257534672
4.0357445333045 -2.58925650639794 0.249131372324683 1.81714045239845 0.5418004906418 -2.79533159793616 0.0665387963566073 -2.95451384805807 4.07417572008644 2.83682126628655
0.538258825513293 2.30437512937285 7.50198498094391 0.637998475876939 1.9780751213707 -1.45351460117358 2.53406918542753 4.44494011327567 0.0653762018427961 1.81942573474744
10.7413485274946 -3.67222502258337 6.41958494136319 0.824582214587872 -1.82212672836265 -1.78532504299253 1.198047678265 1.00474695563735 0.372684963699725 -0.02357251823366
9.32502598728752 -2.77417754293484 -2.3325379747115 2.06843306934384 4.92133495951149 -1.71306368037124 -2.91729505058742 -3.81444873589468 0.829982779718562 2.32443794037428
8.38651789346515 -0.128437063557537 -5.61578088209751 2.14435296592052 -1.46887648244161 -4.94131211076252 -3.61294579034312 1.07103730885575 -0.356481997738106 2.94005098549684
2.89087498301811 -0.482543776107287 3.4300404750771 -0.30659449638996 -1.61473571493432 -1.2252135900179 -3.51964609431878 -0.58305861040171 10.5171936321146 -2.38733680631228
10.431905848344 0.186949817860191 4.41037464010944 0.23974302671755 -0.952616354146529 0.726750082966314 -2.36403493757936 0.112758811649711 1.8131410771726 -2.27915679496605
3.63666548756414 -2.33924926670772 11.439653372639 0.526224134611855 -1.47518588997837 -1.98984561635825 3.05633937703222 -0.276618979652954 0.638558911320934 0.854310600858077
8.67134776529932 -1.70789019416691 6.07923284872927 0.859613132841369 -1.21023507637461 -3.42941425548736 -3.50845505982792 0.354493569982149 1.54527296651548 -3.29104718938272
2.19614964903797 0.833753161652469 6.72129417933548 -0.341920982602785 -0.774592330042111 -0.863798699250839 1.60493828079792 -4.61450508913975 1.13223109844937 -0.603450777315791
3.97348243777092 -1.16830388668633 7.06078293986016 4.87406481401585 -0.642216515085525 0.62284267199794 1.64377118753464 -3.53524894604063 -0.673954024250354 0.529798856933865
6.93494786299815 2.32741680469252 10.5394630300538 3.30770750402769 -1.15054054901631 5.47246281483121 0.355414189061775 0.31099767511733 -2.63473042269934 0.468314937689566
9.02611348480911 7.04156931605722 3.14644251350192 -0.259204915690616 8.64469206644202 2.55944789229101 -0.131788538560753 2.65562552945466 0.558592688473936 -2.75269335011824
11.3035065418667 -0.509267479482277 5.33375060858954 1.11180116157156 1.3229415834614 0.577749321589589 2.76924405654866 -0.769740560703219 4.4755990036969 3.43114377017926
4.14096761740885 -1.3543383386468 9.64460686324553 -3.53917362541819 0.28905459103519 0.0469942503102834 -2.34285225210918 1.81914981831792 0.966701957087447 2.67656145957049
2.00896230711423 1.4169014769787 6.7790625199588 -1.53336160120049 2.21755933217062 0.699514777930174 0.396235846121398 6.29414440530282 1.0248366909678 -2.65036206338686
6.497906631745 2.96402936813701 5.49465031574085 0.467030293067701 10.9287645626486 -0.00191191990620896 -0.0478963480041915 1.02097142195815 1.4740210652715 -2.56006517635322
3.68538947140204 5.85619614374894 3.73784531776442 -2.44631309186686 5.79875872610975 0.163902592316362 5.39952436834397 -1.34592360393461 -0.994551104754963 -0.0970852973275722
-2.00398362578217 -1.65541269387911 -0.302687408721649 -4.36014428563718 0.244638788837458 1.7779880625342 -1.28282851074224 -2.2992568468334 -1.48555692132102 -0.711564105906455
0.410482258945659 -2.18166622668448 8.51392388543545 1.24274307864308 0.51765990958715 1.82725025059573 1.07340149759028 -2.80611398411781 0.677093297920332 0.734786126644296
8.11710281028823 -0.00815631268221183 8.33365280519616 -1.00335826626483 -4.8374369317211 0.764180067355245 -0.190012794485762 -0.792542383463718 4.61589094263666 1.59558826333022
13.5238915508812 -0.511592374462977 11.8210897300368 -2.6234125324385 -1.5668331156263 -2.28565872503418 0.211357517088046 0.107649129342163 -0.395657788199319 3.20221886134451
8.64062038704113 4.03932773610662 5.19117006422224 -1.11995302016741 4.29708266610983 -3.23368989661664 2.35027999952964 -0.165728317423494 0.236670778336813 4.95205798342346
5.68859026105657 4.8344864172126 6.44762910276139 2.74920159186915 7.65223816878003 -0.296456818008965 -1.38315558706885 -0.0589109394842983 1.86950865831203 1.79092096403929
0.814944212533226 2.36870812736851 6.75813527160934 -0.799241145342245 3.90238126538891 1.55928068175202 -4.43478137427027 2.60695444205151 4.5202632049164 -1.0331885619775
12.8530209690787 -0.0874626161809098 3.56666294497069 -0.665734384363445 6.17268883758525 -1.9264605492237 -0.200171313174791 3.15882860542494 -0.302037009946564 2.53513431551718
10.1683250777988 1.60569493235174 3.8554372267737 1.91838518965408 5.70956530561081 0.459765049584969 -1.40030115068909 1.89200693928173 1.80493486923609 0.719075220425776
2.34432817100422 0.997448532278005 1.32069919964775 -1.38830954177807 11.3917909963902 -1.85934792911613 3.76424810159244 1.03121788415327 -2.62985011031413 0.216843488214994
2.71258223528978 -3.8614673764352 -2.61899609522996 1.14575671057847 -2.77995444164155 -0.000434527242468051 0.470383793310031 -1.39245959167654 2.56916044895537 2.57428227822586
6.25917205913924 -0.727863948580161 -3.0402390820597 1.76296431023741 -0.0317469155303351 0.740535656519409 -0.201320859387452 -0.841242281047617 10.036031214425 1.68110005658003
9.81396625181418 1.81484488611373 9.44318342066417 -5.95259600610394 3.03303828644208 2.84530907987708 1.02209473352225 -0.813999940308725 -3.6971729690719 1.34828856289957
9.89595219572616 -1.96905855904386 1.68053899171162 -3.27616507267227 9.21424116801433 -0.520935001455218 -0.592971665215944 0.0843155010239029 -2.932065338714 0.737544515360106
14.0958785739839 0.0558906378568059 -2.46697257665826 -0.328642119255462 15.6962955169829 1.84034460095094 -1.21520358534818 1.67994842945425 1.87429312764826 -2.42537290687731
12.1167260365968 1.809857900492 8.70758792247601 2.66863121992474 1.54673537430401 0.293720746625813 3.37582819640609 0.348895258908815 -1.65063998642138 -1.68620799174773
8.03371431108585 -0.675300559334249 5.21434109972694 -2.49850747582787 -0.440235638543575 0.888583507121816 -1.00851145493436 -0.612857493083342 0.0644512395283471 -1.09867476879231
7.26668028655931 10.0702741250594 5.85640458558518 -0.571670278151741 9.22889812582059 0.254657405169338 2.00221027522489 -0.547385262482941 -5.09784968700244 -1.40433065308966
5.69691813874063 4.36555201703904 4.50046464101209 0.0363523587036403 9.09606903855965 1.39065781361103 -1.10951531913429 2.62158984552343 -1.11291922847741 -1.46619295090793
2.99020208110033 -0.862449533919558 5.57945966490718 1.3497216185259 6.04536500764543 -2.14049420961358 0.15553418284584 1.82303067268889 -0.461928086522017 2.03145065750868
7.46648333215422 1.24422321765698 1.5834750328444 1.68759943407762 -0.818041676306063 -0.362628792838653 0.239665563824088 -1.59450777582587 8.00442881033019 1.65409310582848
6.44688799853426 -2.86458573155663 15.6271241892541 -0.793420525522633 -1.53080052609267 1.65103580470809 -0.94031892224685 1.84288915128542 4.41260401894259 1.16918985645516
3.53299527792546 2.81720769215623 2.22089094835656 0.970127091525871 0.00640862155817865 -0.616511469522423 0.766696506553572 1.337637977739 7.61466816594158 1.22766108259229
4.22285716164664 5.26830388851165 6.92547688795091 -2.34471981303206 1.61148420763357 -1.68774231486081 1.71555945944919 2.7268477296002 -1.71462226917776 1.29496483596448
5.89708863849007 2.44617952092589 8.31536804331897 6.00328529648664 5.15772527353585 -3.25070756086845 1.19068358427815 2.5664916310735 -1.94841592570278 0.767664806833305
2.06959529953266 2.25515338600909 1.72975014361116 3.67994785827786 -0.452913404142684 -2.45738864789942 2.58167010675552 -5.68089698750242 -1.54131764171483 -2.49685207260837
12.9703185343485 0.810870285496321 -0.014565323323902 0.847760984432698 -1.46880885062062 -2.95565746472102 3.29729036046265 -3.64365813005978 11.2356598410558 0.762323906583102
9.91072902971378 -0.665682414127458 3.14006220655365 1.45989154970652 0.735537785620958 -1.2646775130837 -0.475811656955083 0.418599130032766 9.9122624645906 0.0896776618985266
6.89251454072025 2.8751386327524 2.84843031675307 0.984219936186075 0.817789416919382 -0.0305791636664984 -1.93168963294989 1.39924451128262 -1.02200871631311 1.29853551328713
2.49863476883229 1.74575523908316 8.89402318808931 -3.48823204956527 -1.42492272488156 0.578207446652731 -0.362644459832461 0.755518524486259 4.35832011482023 -0.532515890155055
9.07568412069932 -4.05383633611651 3.69539196474741 0.743008176966628 -2.31825845481645 -2.21353988430211 0.0144570706556368 -0.977128717453339 -0.846192195094607 -2.53969184673408
3.14732561918645 -0.735639046556253 -1.36120003151733 0.513483219396682 7.20059262948731 -0.212825704157879 -1.26941676150761 3.35337195778151 0.718138737181387 -0.983379459452193
6.72371514878924 -0.766789538487774 0.882241757901166 -1.37725197015818 7.75649658600263 -1.86977039422039 0.672313925395049 2.1106701710336 2.11327260679183 -0.544516111686362
6.72734447409527 1.73844367795336 4.67186281581208 -0.264258992078265 11.9252146260909 0.459076144125699 -0.659054341349637 -0.356068209774918 0.935588576645867 -2.74834569678799
1.1932276122233 6.25770763404837 4.19710230831672 1.50692945310567 2.70117993319037 -1.56621396423322 0.233938687381967 0.536619025727575 -0.179636866388295 -1.69785002597178
3.55276077648346 0.877144483504916 1.87962514438132 -2.90998549235063 6.90820179060433 -0.323386683933531 0.112258277593935 2.95841316386165 1.65513604860783 1.93451050520903
3.81845397680733 -0.940552149115459 4.35722981988258 3.90111971927577 -3.46931869848238 3.70786863164848 1.83037287813704 -3.8847608675074 -6.40149992489029 5.05686867476088
4.40856310425202 -0.202030597448199 15.9105414607966 0.325209655072777 0.627884831609687 -0.335532817624502 2.13471528185082 1.50475634429976 9.71922603365774 0.0156197705915311
0.96912574767993 -0.911032593375196 8.29316260467109 2.56269052572291 -1.26944960286386 4.25882351607804 0.47731708563395 0.809475104746129 12.998802203523 2.11010136095755
1.4489841574096 4.48475147162474 8.44328133138212 -0.715039600551023 -0.12156822395514 -0.936180836940465 -3.67563181841127 1.24946801582618 -1.65567265831852 -2.71091085625359
1.14161165638458 -0.199254991362648 5.24689764140336 1.995946582215 1.00914636243356 -1.69115507105329 -1.42995611788932 -3.68713744374162 -1.61128856907466 -3.24506815950574
11.0510708263293 6.26384731725315 6.15938835261038 0.15277133113081 5.35778273363197 2.07933823528631 1.44583252973314 -0.956427524451919 -1.6627935624797 0.93443153120839
-0.344360747150642 0.353719823228492 5.47516703913717 2.71463429083549 -2.90876942303486 -1.42199520231483 0.0848939853519956 -0.742178935766893 12.4001449786334 -0.971337119807935
3.80937500299726 0.071093168160187 9.83605214929271 -3.14073974241384 -0.32159247883648 2.35604165997709 2.60750664707422 -0.289376866471702 5.38776080431134 1.15561118223083
0.158495542011909 0.841872534185137 8.46767075860074 2.15756265942978 -0.435718532607781 2.21042907763568 -1.55753908941568 -0.878847920883443 -1.26583092403809 -0.788484134096908
1.48978004744065 7.88620432519069 6.23147903303414 -3.13194341095683 2.77173535540308 0.519606688871622 -0.0134890427544067 -3.0543386583405 0.28959886884821 2.2133771223725
2.35437468506075 7.83798322451263 10.2067292276943 -1.63880420039503 3.68284441746429 1.53436418093445 -2.3603613007586 3.00495596753695 1.85546061882362 -1.41615024710295
8.0669698253715 0.46237861355188 5.86926550708994 1.84910290345274 3.58118477137152 -1.56979534844794 -2.14480622004905 -1.14751981369194 5.76715471547846 0.0140952050736237
6.33086661791003 -4.03097772038673 6.97177750792363 -2.10560983715469 0.653085129986753 -0.0646653026165356 -0.491095936265384 2.18938359563716 -1.75770033286612 0.533614595288202
-2.56736791930248 -2.2633098056901 3.13915141754362 1.38296351165241 8.08911694339921 0.145186441416539 1.60516089786921 0.0772742058462644 1.4924862234459 0.600756189595128
3.53390769340088 0.593237855602612 6.44159668197839 -0.705447227184388 2.81600865564864 0.454876794769382 0.25591961869819 -0.200265859403809 -0.860828215708889 0.733240497368074
7.01872049029623 -2.06330915817262 6.14474263973095 1.5277954810076 1.8618801495809 -2.95185167541192 4.4463089472097 4.27075325364824 5.34177284303062 -0.981931954980836
2.51122641006871 -1.46121972706605 11.9030454835773 -0.267999084869777 5.8621807256995 1.22292034102853 1.95239891505551 1.16238748073259 -0.970806191115548 -1.04056307723113
-1.37946395573617 0.125158559484673 2.60546837620162 -1.23226809676856 -0.133258981780446 4.59330364622313 0.997693439528819 0.354915262978743 1.53275223954737 -0.287595842934214
7.00006741175608 10.2996177608516 0.745606142418675 0.691710063644852 8.28501960812416 0.568315175914959 0.0042180754122866 2.86603130313172 4.62715211189171 0.0200248607625793
5.47519720046776 -3.19055235881935 4.49382219753752 -4.13136575708198 -2.88322396140842 2.65334553964878 1.60676672536133 -2.72025125517743 0.665569725305099 -3.27488074215826
4.41700225813367 -0.321032114430875 2.86298742821989 -0.476862187119046 4.36246559787476 1.97593083566826 -0.320714412679633 -1.04426941080938 7.19907435741336 0.0721547629513601
-0.79174053998681 1.75952978119603 2.78321258845884 -3.3251815488529 1.83711568686636 -0.90650889617305 2.25554706111558 -2.15367971607513 -0.746902064581365 -1.30761511125315
-2.77413686035758 -4.21639308175358 2.79240985617041 -0.95778046030989 2.57076623814529 -0.388530689475772 -0.616463243884664 -1.59349695567615 -0.149249766873074 -1.70324796884811
8.8262532227142 5.09318226009315 5.43901415613412 2.72953709183901 10.9191979698305 1.81358604041265 2.32068799834165 -1.70443452265976 -0.670455193465387 -1.05942756781158
7.64974400513452 0.184642552765867 0.42166298852666 1.66772212799174 8.26565001571634 -1.23828094353 -0.356045628173419 0.666077504335378 -1.8261013419545 3.08771874710118
8.73318420582429 -2.83585457253759 5.80085362832553 -0.913797000207002 -1.75590740106304 0.681233833108025 -1.16945641377601 -3.66973221651109 1.22973385706877 -2.70521372626313
3.56178672638373 -2.8277063359847 6.72653583989892 -1.22824721720498 16.7848572101621 -0.564728669086302 0.497528870334312 1.16414635681747 1.97315498474279 0.765458702082926
6.14297218519077 2.06314888333396 1.53091805367249 1.61088955686019 3.39919902021558 4.7863036464669 -1.29421040215966 1.12966436220285 -2.92811687953504 0.253522782881678
7.33721768092831 -0.858698309433964 4.95540730394829 -3.28714396055041 -7.27071906823648 -0.437590132195156 -2.27323180781036 1.16970815800101 -2.9475400711095 -0.803301606370816
-1.72513101482539 -0.623391746426289 4.63384596888255 -0.988909003952521 5.53815611096392 -0.380543610394124 -1.74186437661965 -2.08045436384321 9.80355045006944 2.68262139339305
13.0888107040351 -0.971393071339305 -7.04124712915987 3.90155022421877 3.57641015703601 0.327530098025492 1.49634206531003 -0.709853438115358 1.15240817310179 0.154512698070422
1.68265290262284 -1.91041788222388 8.61829573564444 -1.83065847729149 3.87590117576436 1.93066197031371 0.133922586151649 -3.98510410792193 2.11313126132164 1.69842512511468
-1.0720057533827 10.01495114756 2.6336692327786 -2.48085252803625 4.67066323729465 0.00969524385176781 -1.73193083758848 0.280862831614867 -4.58153497754304 1.77396784127638
5.97142660847316 -1.84073584933564 7.99331081432288 1.747855274455 2.59617193495858 3.46566781039012 1.51787710482438 2.853957281382 9.91776590762304 0.806725225631049
1.75811081883434 1.90082760790873 2.00174158239635 1.22932589256355 -1.11162208785391 0.548144339447702 3.23070884961501 1.9133230327463 0.727354156555863 2.2165619096729
2.64664893001749 -1.91245217026237 1.39232806198337 3.12810932260361 1.53510005840842 -3.66783017362515 3.06468980350129 -0.350288977429487 6.81814016685812 1.08831786321282
8.55650662669378 -2.11576818076413 1.18969358603574 2.67725414253976 7.97314648681493 1.23547741036122 -1.94124537905462 2.31661368427222 -2.27569968498239 -1.74713944884659
2.46442576277231 6.21350769221873 10.361883446281 -0.9814719564185 1.28352035157867 -0.579586062862839 -0.383402802277073 0.133897765149039 1.41151013777007 -1.73539125836955
3.28705180746573 -2.23626742715639 5.46044521329993 1.86127627131303 1.43977201061411 0.700434368957834 -1.64000351509117 -0.826236987809789 8.94651299769222 0.0118259085306644
6.31124781818569 7.51982851029891 10.3575198187645 1.47917964070524 6.64287168697545 0.174000983449107 -0.784149163642816 2.18842636936224 1.46769411177924 -5.28191516623378
6.38543349736761 1.02747844894624 -2.09132537572628 1.96974789339656 0.550551602461652 6.35030195731317 0.413440863526695 2.19975402578097 8.26805943620031 0.631082715827319
-0.317322566692248 2.07601747662132 8.56317309139577 -3.59006707601086 1.55599463085144 -0.636363484658173 1.27744056698209 -1.48259055068356 9.56544681483988 3.34689906658974
-0.279765753061161 -0.971860106480129 8.89760899686877 -0.00918924438049594 0.270260768529541 1.19239910587968 -3.65843993058205 1.1517242628834 6.59364216774587 -1.00015594478159
7.666498494265 4.73326432153165 10.8358173067477 1.83990885742945 2.61994929134111 0.513878147903564 -2.25047601042143 -0.197010773009615 1.0076596526459 0.475892187121969
5.13817489056585 -3.38083525818883 10.5713907872025 -1.06777740254785 3.99772367488312 -0.890919496842767 -0.21297565311116 0.140502462972131 10.9378799174233 1.50970373261419
6.40588632236198 0.0726896044138838 6.24425765911935 0.784947761555156 4.57545741853561 0.399974230721798 -2.8775482463142 2.66930571252398 2.08265012877723 -1.1010216438835
-0.415409547029974 0.489822683635628 1.19707017123779 -1.99436296778596 -1.47080475844354 -2.9739153148748 1.67184229237962 0.207426531838402 3.87070917662765 2.96095882189756
12.8700027654678 -1.62098400746028 5.8504857604106 -0.106287530796793 -0.207971960832567 -0.0267741138433027 -0.658886948728463 -0.0689944746197098 6.42137338673453 2.41088128946086
3.14730015791154 3.31566310247687 4.39758508155369 -0.846942942834579 0.596033911568856 -0.052064594497391 -1.8817612597615 3.24610251941253 0.619205454799467 -3.1390186054789
-4.86311844302106 1.96188200304161 2.20174864263982 -1.6704398828433 0.812326628812662 -1.63879444803879 2.78056819394868 4.7491242933317 -2.90963814792762 2.5911868499285
7.44126112402982 7.86697472589055 -3.22888810189198 1.6601673545585 2.26984192045801 -3.34493659507159 -4.51785476236639 1.9170040919006 1.74572504759875 3.25439898155923
5.09661239320937 10.9366906424332 0.595957669759188 -0.139784237776223 5.25214123707676 -0.410840104134239 4.99471208615904 2.26248038757305 0.801126747604325 -1.47404785092056
1.92071226427515 -2.14884872884912 8.3284604100094 0.379028985984719 1.07452753694699 5.25438718013021 -1.43339337908849 -0.517356326786424 5.5608768133968 0.388212862764598
1.88468739291566 -2.77091565917955 3.39554348678197 -0.229495275936085 -0.897244421925268 0.620816378743337 -0.941210485984728 2.37899126423039 0.480303901209984 -2.23904913951568
5.92592512922354 1.40322169487129 -0.56434557140159 -5.77244359903594 5.63685130511206 -0.371292223678015 -1.44346111703693 -3.1782035699012 -3.6787517337698 -0.896837017961357
10.9163078020529 13.0270793719376 2.9749478237352 -1.24134454926596 11.9463360857479 0.957877452250894 0.537641404181855 3.99128930934696 -2.23808146914013 -0.902237443920509
0.485545310062141 -1.67018511310312 0.521413566077793 2.41750800852086 3.15336336443715 -0.141098103769794 0.10985994085394 0.594756092556069 0.0595920347804689 2.24242728053053
-0.587633821149246 -1.44643199088094 3.44771415852145 -0.765911626427617 1.59846066265929 -0.482025907440695 -0.664456941954756 -4.56483605257537 4.44036824742743 0.489401514214286
2.72449079979386 2.08573224889734 1.01347399779269 1.16767546259117 -1.26236464985062 -3.59683460132142 2.40006558680535 0.745389810521416 1.1542618067865 0.650142046827376
12.4615350861229 -1.96664713295086 7.19758358575447 2.68672764218417 -1.20491457741187 1.90886442945583 2.20286096340848 -1.67137982133591 7.15962400668022 0.826545859202524
10.5862984474116 3.15633186423314 7.73613987458213 -0.070832586785441 0.888523069740923 4.47055541205693 -1.55867324951173 -3.71239416520017 -5.72502841690665 2.45355110930314
2.93327347901753 8.2004385289677 5.46058659198924 -2.81045356191069 7.22153630616874 -1.1964940434561 -2.16918358503677 -1.93403286087663 -0.354429493653274 -1.26522337386762
1.87317554098252 1.48304622267793 1.70974672746188 -1.15429675256296 -1.36921317510614 3.16747254609177 2.31994765501998 2.67531263200576 -3.36894865194308 -2.16088536918806
10.3398684339025 8.76277957692145 3.19264367162155 -2.54460857951931 4.84079025307359 -1.80482007068688 2.67358608603846 1.29882304700979 0.0443932897443649 0.613522985717373
8.89526337214314 2.65428101871535 8.09677849005173 1.3730860237498 2.09726379121094 1.60608070742065 1.75519238123531 1.62288854859554 2.55912253759977 -0.212727603189327
3.51532904949556 -1.34317640097843 5.04066663919263 1.80689143557987 -0.224374099775431 1.29469370467325 -1.38476131738513 0.79730412502261 -1.79151982294684 0.908926487041077
4.80547193138003 0.536906918459469 9.77328575849365 0.699554397265491 0.772265808206478 -3.10583434209222 0.377777800761604 -0.0516667073830965 7.4442925428171 -0.895277080341962
8.58661931882227 -0.603778181610965 4.31666430434114 1.507636338911 -1.18258203993684 0.469966902080935 -1.16460947417426 2.16355320388454 -6.97579069043633 -0.0922226705148015
2.61854448328654 -2.29764560502872 11.060414850575 0.973506535711508 3.69635731015104 -2.55451629900501 2.5698361509449 1.25465816158373 0.155053672053438 -2.45048412088374
8.91201144995494 1.41474867440583 2.46844145360258 0.819199647823833 -1.58512573503577 -0.943682188513461 -3.61878108951121 0.644347065248553 -0.647959716614469 1.18781794810584
3.72848359194706 3.58737862659532 9.22499388485216 1.09109059008218 -2.62754158002343 0.856477064804544 -0.964979059028189 -0.885432444861425 4.77251553611799 -2.09199410542692
9.04753300983193 -0.632585974269892 5.99183828698063 -1.31801069610168 3.58001813126106 -3.14349052768995 2.21710004899953 -0.646245829572511 1.89369176896285 -1.86945432642981
6.93166957933188 0.733759804815865 2.32307259623507 -0.544203660725271 1.47761576346571 -0.493132991376622 2.94696824457648 -1.22223605790008 11.6437152222308 3.67892624070959
7.23623366513401 -1.39299039128519 12.8393254582369 -2.65961576629172 1.35337410098373 2.37595726062845 4.61052215842523 -2.44008039965028 9.59611221884972 -4.90357847340788
7.64879892090215 0.398298493502492 4.22573280505298 -1.24001185961708 6.16454148858168 0.374642008870757 -0.59249659265488 2.46181830923467 -0.51915592058019 -0.00733148651567182
2.15178687809667 -1.63270460874565 8.59957061153636 -0.240785669359918 4.54114372908707 -1.05881252679774 -0.192107255622145 1.91456786512849 -0.277917641022746 -1.55784452257404
14.7871588919681 -0.675713623870242 3.19327930558203 1.1586088155162 -4.64612434531419 -1.34893087982443 -3.4867502584867 1.65549557055218 6.69898222253686 -2.59109559360632
18.5337867273498 6.16235657377171 -0.779314853420036 3.06668852230458 3.79639039206696 0.384915418692965 1.7967748455379 -0.385335129470126 2.00716985578905 -0.31363720040953
4.96788233241384 6.59590426730955 -0.218675771611194 -2.67258581099291 -1.04602465918975 -0.742972331713635 0.659019026405609 2.67416679247487 -3.13050118976529 4.13311048060353
4.24174522078623 2.5236766150103 7.20447578961022 -1.80898224285025 0.660375382925417 -1.20317680726081 1.58380298711001 2.20241960062486 9.1798568937261 0.612881274026541
-3.82211125776252 -1.76454164059451 3.1831886528825 2.00164297528438 -1.45625045923136 0.794139405539838 -1.44378784528186 1.63659657964792 13.2849087757493 -1.41400336674473
6.02004419837014 1.52461314296333 2.98146419838199 -0.552543921181012 3.40944522883693 -2.01770475899 -2.2503889184805 -2.00299353631125 -2.5021911782214 -0.408464099381611
-0.813664929919389 1.28115830552444 0.0847913179436706 -0.781313187098467 4.04814362484758 -1.2854479339589 -1.42425911159109 0.457114157241805 6.56783316327632 -0.196355449096364
9.76182220677425 2.36292642569662 5.61555942126632 2.10431251481183 3.72479400411477 -0.973930442433747 0.502134532116376 2.07558712702867 1.2458027745504 -0.483740728291399
4.03589634346947 -1.6560993316021 11.060612652668 -1.16069889597145 2.59333445877011 2.85527530986185 1.70440745628993 0.346147382082081 6.89012144305761 0.283193718604608
15.3497782367104 0.909392169324668 6.99827133046718 0.811417616007696 3.01053047048478 1.34958139409635 -1.94648543922871 -3.56671224602344 -1.8072871639044 -1.17363472090803
-0.552660533143165 0.0707745269500416 -0.922411800223374 0.342000265150261 0.156494485718591 -2.98271433838911 0.411892747270003 2.43235745934357 15.4815813529734 2.48736861327312
3.95347500890764 1.03528160095572 -1.90746572195302 1.34642989398299 3.54041997371887 0.471330901762519 0.0532227955925573 -0.674602144470238 -3.07989664903505 1.10550375758474
0.692967026127364 -0.651684320459202 -0.718541595428366 -1.01971648787508 0.219879481057116 0.109869812253094 1.45318476270132 -1.77440248896731 6.60959223589049 3.06739688278925
-0.670333108044137 3.36853667002509 5.4354406698271 0.561488193383359 -2.16404890109692 -3.02560630944825 -1.39783644183792 1.32656516235854 7.43364915862253 0.323908413836412
9.71237283251669 0.0194082688240675 8.2150557120471 0.179594264102665 4.61881263793299 -0.309644796273264 3.69542173131121 -1.2248729959791 0.714447828213287 1.50050089159902
3.71996267935753 0.693136775706195 -2.71914887059667 -1.53105656810294 1.976952719248 -0.864550842451593 -1.34106237403681 -1.29958429901635 8.97867827096495 -0.477571173160281
11.7293457325528 1.07231053202352 6.60100593581932 -0.4513666108674 4.59378601146199 -3.24254793183837 1.42726815415638 2.42996377443941 0.547628156986737 -0.107405232803228
8.84074645745362 0.963229478916306 6.67674678702754 0.913286591494702 -1.50264300967183 -0.449680045222071 -0.914047402248933 -0.464667827435807 2.73720128752557 -0.429665458984569
1.12972696578255 4.28280560415631 5.97721637926939 -0.594898785967931 -0.855718186584948 -0.478998948639527 1.92574278561754 -0.837915036127957 -1.50527407034687 -0.870853665820533
9.71687001722349 -2.69604997565221 7.62677868673864 0.790226720167835 1.06673927144382 -2.04978306760867 3.70046202335819 -0.793833151784141 -4.08017980308851 3.23550158558553
2.0135077508408 -1.42474078664324 4.8954558264112 -1.55008632394976 -0.347689292938153 -0.607995308614977 -0.296701763812347 -2.65305641078458 8.62234696487997 -3.71245552624467
12.2135762662703 -3.4116682352164 7.31186704287041 0.524362768021956 -3.29450099537511 -1.64469055799427 -2.03315608740138 -1.22147545682673 1.07457206284996 3.08070577322847
6.39826073911389 -1.18502196204423 7.85685524699336 1.77242668638668 -0.649594280088597 -0.356949183381315 1.96441527219018 -1.25263850959794 1.77274073761808 2.39223587888959
2.29462352145634 -2.24689786891049 5.35511175302328 -0.447065240998987 3.44408633823562 -0.411190428102291 0.484411030157212 2.19257241049836 -4.5908320831571 1.21235996162826
5.52487504603763 -1.82878256092291 7.29963401898523 0.337124626384419 7.82579719370577 -0.667542227761787 0.255159728944536 -1.8959485500127 0.916790712899376 -2.08953673972458
1.35322600983812 -2.61050246203983 9.68130734512409 -0.528846596681006 6.8487615116735 3.10858446392178 -0.318008442502393 -6.22332170677391 1.73503553532953 1.87153435409489
6.90030011082939 -2.31214561393923 2.76586271948458 -2.49852725022665 1.8271209713824 1.01421736021419 -1.10179809649849 1.93971069528897 2.13863815836394 0.482825613294542
-1.66420788264987 0.474119150502365 -4.63160122880742 1.43217399888557 7.00537389190601 4.20941265780553 0.65696392333603 0.228096137088809 -0.862720195058466 1.03008426835581
12.9604214402651 4.82491692570047 -1.04014462290357 1.9187167140131 8.00368149034298 1.88627299705366 -1.13571531283878 1.8804659801916 0.0509541599355281 0.112355503541536
8.54433946398951 0.305950847005016 5.28116656868512 0.712861713694353 0.855023667634726 1.28615578132373 -1.18785932629255 -2.1997477134066 6.86140073950793 -1.62122762027602
5.35458963753487 1.17797604798794 6.71423989625809 -1.01606782540681 -0.187380364288432 1.16732927686644 -2.2134198303943 0.685947574725088 4.87392388796478 0.839837618464584
13.52095895491 0.0270674201586311 6.92559452561555 3.5694715206443 0.988575803587671 0.18566524428091 3.15267019672422 -0.227977544323972 5.23054532766023 -0.7455603122519
0.65784581959853 6.43290716612533 8.02841026984121 0.405848456296339 3.8878588773233 -0.801450173697261 -2.308331777342 1.0710030822883 3.64852684221893 3.20264101731859
6.49060781241154 -5.07299803365527 0.203078534389124 -0.711874715582731 3.96953704217378 -0.819725015789177 -0.272432823554808 0.329278016235334 2.19356731739184 -0.154070737457437
4.7096866652651 2.79399489581965 4.63856118377592 -0.831087119582221 2.07347486670857 1.19091961874253 -0.109156325572495 -0.279003371886936 -0.373687151579785 -2.03184553912521
10.6735057495708 3.86270347049615 8.44412230045297 -3.39290902501154 11.6658746103801 1.366707282248 1.384636689881 0.116512894580142 -0.199711765536496 4.57183048919357
11.2260170564441 1.30689148239852 6.92155383268607 -2.59414923428752 1.89495123918752 -2.8032467180613 0.986536567864411 0.295296102668269 -0.805705457632169 1.08142283674616
5.3291411333084 3.75669161583834 3.87548716609659 3.02255075932786 1.17269113201261 1.82953683797243 4.89727129433176 0.449847849910193 -2.14537958310555 1.13365328571168
5.95604875482083 -1.10444971989767 0.51389742523107 -0.976437666002703 3.16525365787637 -2.85761564182546 1.64917320575929 -0.468398215278126 -4.19304818949823 3.57904031459931
7.13236386830813 1.82363345123777 0.974355384890302 6.28274432581587 0.127178177756738 -0.90609984723764 1.11531750931881 1.32109856957579 0.53912108781032 0.49315457660429
0.804472807250129 1.98444744236251 1.59157088245338 0.521399230409324 -3.74142881191465 1.40127238368649 -2.08793298407328 2.76346097454192 4.75829635377666 -0.325255365343814
10.2786158812506 -0.431551427243219 5.44435822315357 2.07848062996822 -1.33143953923363 -1.12274407081104 -0.444963099001781 -1.67850078772242 11.8178271482636 -1.86822892101528
0.280152141737982 -0.831703973869935 8.87657570113857 0.608085782714283 0.506074728368227 1.21410984825893 3.95644831764634 1.38740862402425 -1.60632627964328 0.739960072589207
4.61955996160949 0.20561946492677 10.0599411536653 3.51203301503232 4.99307605390856 2.03580019212865 -0.662223587275777 0.299175560780047 1.3153930790561 2.09088190306121
0.277902103834684 2.45459502456053 6.39675307155164 -1.62379770360174 1.53027462664589 -1.18986517833042 3.39343090880303 -0.174428860536596 -1.58825061181883 0.113282929994019
7.22174687668515 0.796799941331781 3.47470036669128 0.949263233217373 5.65206684756483 0.154087598586559 -0.381736557520649 -1.69412954053825 -1.45568493001166 -2.30544957853412
1.02618782103784 2.007575721424 2.86260070303584 -0.166391425144649 -6.23897312093297 2.60166959453457 0.137299626735759 2.59844175708267 6.76461325412933 1.53582044240252
7.65226327244759 0.178694793700629 7.64063347363618 0.753428396800413 -0.895951450205552 0.0966757751955236 1.74383822131462 -4.88198696320454 7.52410402573743 0.56127933587499
7.60258202832812 3.76818409106546 7.16576669647141 0.236749771071314 6.97872995279299 0.494189710296962 -0.795460432216028 5.25281294413161 -1.18901799254676 -1.9339754683493
1.32278679208043 2.65213746596816 -3.11173009146673 4.16849155934347 8.45527966423112 0.0343304969849797 -1.31291918338008 4.7825669849279 0.228280152626275 2.03898260125059
2.54966502894983 3.39795782840885 5.97909001779997 -2.69355919647313 5.56801104511577 1.21425848006105 3.67571680753526 -0.0913927905820886 -0.294847851651744 -0.524650235055183
5.45406274383319 3.24893302249537 2.68916675617176 0.727675246453986 -0.253828230276537 2.158726605282 -0.562346749625558 -4.3105535297648 -3.68186468557264 0.864419903443114
1.5763609971229 -0.682914364861315 3.58247983473766 -0.182279338187975 1.57189988158283 -2.15563254709127 -1.27447388596818 2.72465379193504 1.2207075548052 1.39182355934166
4.15216559921997 4.54314946626118 1.82707123737209 0.00728412958542352 6.37609708760674 -0.28334041968271 1.17136671556664 2.98620166545361 2.13988287980927 -3.33286140686885
7.79228527465175 0.527024222365469 4.66546251197006 0.146274624673458 -3.3231779543289 -0.533195972525391 -0.230053278576794 -0.0851926252674383 8.89000380994541 -1.22634986194787
5.82905463099331 1.93886350212593 0.529027065992428 -2.34633100761531 2.60187336234797 1.37897214760981 -0.852335474723607 1.87935987174744 1.45555175651284 -0.222680233934195
10.1361175344092 2.88354179627433 1.5346919895665 -1.70529515544867 1.35421746831066 2.26881578162686 4.3851105019465 -1.31630758144563 3.14222754013351 1.72752663504385
3.34605831003209 0.328194903665981 9.77954422259556 2.44308148355574 -3.10262637672657 -0.0636951914460249 2.69965197994744 -1.68186008010282 3.83606643944724 1.00117220251176
2.58145705752467 -1.41276255304228 -1.23022480763159 -1.31612629675706 1.881949262957 0.121892089520556 2.45685590958568 0.18564713566624 2.51992027774041 -0.0836125395444374
14.7319744992754 -0.304271518977608 6.49451310361104 -0.653836158456878 -0.957062290981971 -1.25909617826477 1.02383134505289 -0.0516583265277451 -0.59082999939405 -0.250648797350177
1.07537862378538 -0.161237027357927 3.58385013514747 -2.38300412400817 8.98214215517631 3.6530253538872 -2.22408940043875 -1.71849862791661 0.750466391075192 -1.80637399354414
-1.72828212535184 -0.826191837263046 1.96172589637775 -0.697091841334094 -3.21065189186398 1.22846917466348 0.713191537315554 0.0867328629368762 9.36247369465522 0.102322228091068
-0.115220930341048 0.302780541472018 8.72727169491622 2.35625575055996 -0.514912477652819 0.225448539079143 -2.0978902952458 -0.239908980893893 7.32095586615178 -0.651530968905857
3.24764673757776 -2.68254100972064 0.0303699281420107 1.95783325811256 3.93210351542964 -1.31227163104758 1.0099299555392 -1.50567619203213 2.78099398847983 -0.0281236499807608
-1.38865571073078 1.97788183641339 7.84787460400872 0.13726843799296 0.449276572237913 0.559943734733842 -1.61455547519905 4.22675658668405 12.119006708606 0.501767533843922
3.90695454729625 -0.217341539246415 12.7968800993372 -0.282514510564822 0.787637068428718 -0.813787670296457 0.064352748250317 -1.24787881249912 6.17131327167098 -4.39639021121526
-0.812852627283692 2.41385732197342 5.48772040886081 -2.4433809151119 -2.67279908117084 -2.7709350116964 -3.96273525875095 1.18990952549767 0.606072440523144 -2.54092311994616
1.37604259144875 -0.889115328150674 9.85554154924435 1.09480451586775 6.36145990592734 -1.5705705038832 1.70018210683945 -1.18727429903432 -0.587076967937587 0.195018173165804
4.39119532021875 2.33328755895006 7.08558359247971 1.71568154050879 1.26436167302248 -1.05316410151808 -2.87636818168747 3.02543449554887 -6.49175749322258 2.10974557632333
12.2349802308781 -2.49334976092505 5.5911111461772 1.05204163708542 13.9395515415548 2.51523854106608 -1.17221257501823 0.804427479704134 -2.46733645419266 1.74934797481277
5.87231561550191 -0.327567182671518 10.2114056571434 -1.03509726088877 1.95110839796409 -2.25078559322246 -0.239940215406114 -2.79424263374908 7.9900971964648 -0.140314168646915
9.138938408175 -1.04261357994393 1.67580907935285 0.453974670492145 2.32039048403942 -2.27053516307591 -3.8963439024904 1.00758052831155 9.64698640827594 0.104578256429904
3.40311034805231 -0.914200886305218 5.20668441226908 -3.99418077217659 7.08853425052255 0.802813490708208 -1.36840340667819 -6.14216016122554 2.6704580969011 0.517771421474598
7.69357236486153 -0.834521381701946 4.11186209945 -1.4452883661539 3.06466687696189 2.70466234591838 0.217807219549206 1.17653131120787 1.01605529351552 -2.68934884136074
6.73945357167422 5.56645743946042 6.46699250899761 2.94073068026509 5.56628273595119 2.08920987484372 1.24347125627944 0.264756859999989 1.28899762482623 -3.14145295221033
6.58387191245281 -0.0625029678776723 9.91171265406015 3.31928303501577 -2.40292969581165 -1.89347931536296 -2.33789658417502 0.950184166163978 6.82880968130169 -5.37629511870222
5.02311305666927 -3.79131850839871 4.68626616449188 -0.190551999425424 -1.05776817916245 -0.989281903948383 0.849489224441852 2.62719060787065 7.89508551879333 1.02989304525728
1.500347010148 0.545148343967602 6.3874854040376 -0.0163440510607508 10.5918069040206 1.0704468726401 -2.03886936102663 -0.280661995435101 -1.60296783604538 0.603973606032816
-0.93696570793592 4.12676652285656 6.13667677343581 -0.548045148624768 3.3907614438443 -0.814949858766952 0.513681306777178 0.473044192706021 0.390121870551838 -1.54500190538369
3.45865836664323 -1.49391152822237 0.355236385796529 2.8931238794049 -0.232414648527533 3.56885206168395 -0.696970428732936 1.57526309097568 7.65971465163151 0.0281797723269326
