1.08110673712696 4.08892365049774 -1.36115529884052 2.79378057813681 1.67148744816718 1.65006562740484 -0.72721958197525 -0.444878442943539 -2.14200021649525 -0.761068575053957
1.06354270819902 -1.00118752857299 0.813134865017806 1.17058139096151 0.69258265961225 -2.55904254234546 -2.70447061305199 1.26273511276372 -2.39434536883092 -3.30148746267611
1.69579253048629 -1.37203484483068 -3.08190748320873 1.20857632399579 3.13301840309135 1.01809047012041 1.60271083738005 -2.40331095795146 -1.1309117805857 -0.182440178517246
2.04011241188973 2.0800031903281 1.98765377291468 1.24424387527075 -3.22202422631529 -0.952365136170366 -0.509274608359149 -3.48699047944117 5.50404492339271 -3.87357353822788
2.64304968822365 -2.67832041829143 4.07001492901477 -0.893840180971197 -0.202926226109947 1.15834847354932 -1.19118096659089 0.110965810179506 0.0347445887169731 0.560689439488091
0.436823767993156 -1.11597853291479 -1.92427473317025 0.536092065165542 1.4344144113194 1.08070477286489 -1.01943737501226 0.925002177443258 0.317650552636236 1.75879445796266
-6.50691804319044 0.63759850098065 -0.027323434770677 2.32464629209146 -0.261088666974644 2.73718396796824 2.92235724220822 -1.69575511923196 3.17488955178973 1.28478988766995
-1.12577122787103 4.80630853180817 -2.42847506129409 0.758790004253674 0.855963381170348 2.03602403136787 -1.12255297175078 -1.48741979064889 -2.6232919276779 -0.815389615363131
-2.07835338788687 1.83177762419238 3.08908480603454 0.666981706143329 0.340211059088057 -2.56730223535845 2.78551107762066 -1.5781204125965 -4.91696918464733 2.47501169070531
0.836938167233834 0.772103303435276 0.602224002584227 -2.55863672552556 2.08992074022 1.46004539281028 0.688956115444389 -1.9028899527802 -0.492495574067636 -1.24989848006513
1.63192275514229 -0.9068410416142 1.47078597016791 1.65084377951499 -0.620682851958366 -3.21883822993912 2.22677888318382 0.732925172057391 0.685444926610418 1.91845580312182
1.34058503880416 -0.0910704483276684 -1.0612628519625 -1.25492113539708 -2.31742597836862 0.570852016574122 -0.140145821805463 1.83165949021015 -0.560073875750275 -0.142552572631554
-2.93187230823531 3.1013373780585 -1.40934671038995 -0.0389100996187848 -3.83619655438101 -1.32440616841048 -0.0689067770507094 0.415542742099316 2.25210741479636 1.94297731144509
0.261872829368365 -4.31761825611104 0.728469294080789 -2.68360245197014 -1.89390245331997 -0.459921612708219 -1.75450886549048 0.873705155232761 1.2868375346332 2.93344471327595
1.1976982835762 -1.46506396751338 0.625144690220213 0.945327789589763 -0.611964183639362 -2.76793712485415 0.0344318907224226 3.28149052196938 0.0469724748380374 -0.202007405877532
5.08359269511115 2.52577046101813 3.25727388364759 3.57417435958873 -2.22807455273321 3.90236428647997 1.97139617793915 -3.23748585772623 0.00948966134696217 -1.25467775642681
3.73577758357447 -0.461670176394041 -1.54414407066792 -0.208590302291399 -1.04320505717947 -3.06137838189499 1.15401457863831 -3.93106544991342 -2.90242221913297 -0.897777706376057
-0.479794852085783 -1.80581173024982 -0.744850692518525 -4.62037411969013 -0.175026727596594 -0.400025586092269 -1.68836034397504 2.45291557715662 -0.257784363280093 -2.19263337562502
-0.888277193709814 1.33529752420703 -0.0728130548963011 -2.44458760793322 -2.10775127532855 0.909506928862657 0.364899204034437 -2.05560391287075 -0.354800110942107 -0.977099294972781
4.22070966743019 -0.818604077121307 -0.874745411137121 -1.35903356615076 0.0783012397504319 -0.909488808856015 0.877222240845832 -1.92865991037709 0.563413018914324 0.741047239110403
0.770021081762472 -0.370011359341173 -1.47443582363946 -2.23380661069245 -4.69944123544946 3.63110239871961 -1.90299345166145 1.81493706599669 -4.43083252341039 2.79829503251856
-0.870355864525834 -0.855866543494001 2.1402327023538 -0.999535199241092 0.67179512965659 2.57134779988156 1.16920027417131 -3.88594265280103 3.37471346031683 -0.0667787309846021
1.74827500904932 0.0323802516863236 -3.09589511174755 0.296880261721674 2.57255241729239 -2.49560183373414 2.10900679757749 -1.42998748146053 0.584075594060443 0.144793157515088
-1.78312382683273 0.725813427637334 0.259795560063308 -1.82908876600013 0.230949849195897 -2.62306224686975 1.28256089674504 1.90025981722858 -0.544825829431419 -1.0043285079473
-2.30205671272013 -1.93297461819537 -2.99852747670956 -2.57372487349759 2.20965428844186 -3.16139263202651 -1.71657305805628 2.79506048710688 -2.80488373368444 1.04627291735091
1.23496300842808 -2.03219540533817 -0.370875823350124 1.56654519581347 0.311267069419991 2.40359343036033 2.18373575331957 -0.833661396402952 0.026319370469573 3.16669322388777
-1.36925809075541 -0.778822626946353 0.246821842949779 2.93256300673534 0.207144794947139 -2.0865369122121 -1.2417137729388 0.723706715268156 1.02119914351057 -4.33557419980852
-2.34234528468536 0.510801080284672 -1.64668653878532 0.658377553129761 -2.66237577876436 -2.03466316999494 -0.272067404676501 -2.35977786043993 -3.14089516979442 -1.37550748242638
-1.30756376350386 1.43631991545995 2.17009117849109 3.65023431586779 -1.15790804279267 0.751135311131797 6.32850817958975 -3.09172963641695 2.4617089016375 0.551591147300919
2.46722045389666 0.0443133740738894 -0.814734345043989 -1.0211450714885 1.00541603038227 0.387789647586207 -0.776607187674323 -0.339380000069878 0.345811765596977 -2.706004266471
-3.59654888760222 -0.884461608588053 1.15721489817918 1.01010953716441 0.565310918669046 -2.30372718159232 1.15858304560651 -3.37183141252065 -0.743410382099349 0.0623229915380711
-0.456273056992822 0.185220312003965 1.41679960520756 -0.219145161450246 0.473526068340143 -1.99248113318045 -1.05367790494133 -0.185248766509221 1.90467647421236 1.65297475509002
3.00849763048873 -3.00715877062786 -2.06142522904497 2.2693635514386 -1.6712882458358 -1.30585958714037 -0.786817435455837 -1.14778876230404 -1.46905026086917 -0.827662732784708
-1.85776991037355 1.3991413463204 -0.568345643353366 -0.628621242778893 0.106460673983155 1.72834037179165 -4.71023210885783 2.48560725038835 -1.9007100743435 -1.21841380348406
0.0736238359562539 0.91675747064164 0.201305531784439 -0.277564334992825 3.55130894119605 4.77885724152755 -3.30930791747099 1.2064532811029 -0.456573374252591 1.53699829580312
-2.80402374101118 -1.43582147486337 -0.0290732329930275 0.34322620901624 3.00914441879232 1.46809118931552 3.12778393457686 -3.322581557548 4.1384564639189 2.39558193343918
-1.25089575816652 -0.939575746323626 -2.64548229483752 0.211595211052208 -4.02683330254871 -0.49458004927415 1.26703585166147 0.692368994058592 -3.74137115533394 0.773514534846021
-0.565985631459886 -0.678229043296366 -0.104519877119637 -2.51787293452868 -1.37375422670078 -3.11939211528562 -1.74531630307791 -0.0643877789195536 -0.846644743421483 -2.53918050085866
8.53532964827393 2.60731788608108 1.44765179549945 1.96652861264888 -0.534777512575162 -0.420757835257481 -0.596103990585 2.99309146886375 0.714918091007117 0.500434817727609
-2.15557369212836 2.69065105327956 -0.502570010557849 3.87022477110252 0.6263189583775 0.423054612059629 0.606651155139541 1.70764224932554 -3.51773951407109 1.56142681147259
2.03058118675183 2.30245751468536 -0.555304783061336 -0.229924221887092 -1.30888755319829 -0.160243171885825 -0.370462807828793 -3.30504182433459 0.318751010127962 -2.41840543075685
1.06064876375723 1.13700268545795 1.71560612480044 -1.14000475668463 -0.958785027168861 0.908381305727041 -2.93472678927423 -0.332980445795813 -3.63425674273397 2.04727737290828
3.44272665253234 -0.787486805951355 -1.64201738553316 -0.108819637982931 1.33743163113122 2.20630217375966 -0.783549877485915 -1.06168892009722 -4.05371411087283 -1.64351017958115
-5.77043388671323 3.61562884269015 -1.89972987910005 -0.695346242558865 -0.189223318842031 3.33267462823137 -2.13234550249078 -1.03489626780804 -1.93974610862588 2.06177117774416
-0.175048466270404 0.708556914928142 -1.95317404087665 -1.91922585056802 0.265296074553499 -1.83424981106777 -0.347453595464099 9.10613489605031 -0.165900164936582 1.48172788670204
-3.13133130917048 -1.68105377072484 -1.55771974196406 1.15657301962328 -3.9498280003708 -0.73061108471941 2.95753111266654 2.31241021312432 -1.64957903558738 -1.99230066895917
2.06053452148014 4.02119984233626 0.981009616842888 0.868571757995198 1.57594549122694 -1.3849593691695 0.953465327061739 1.5725066292197 -1.02976648627083 2.7209526667239
-3.36383610709129 3.32588589208095 0.348413477061174 -1.58010857610101 0.394294415662055 0.328630122554534 -3.30887854612042 10.6818280643099 -0.921301660751634 -3.06829927763503
3.44263299086156 0.14998406114556 -2.53624026417287 0.016528778980509 1.98106404961147 -3.44694925006593 -2.97222299386059 -0.427814285160155 -3.13743041181932 -0.455803228056033
2.31994521836532 -2.37048488163127 -1.10904128587155 2.1730856084385 1.2113160557682 -0.431175303743922 -0.166646164412911 1.05495444852828 0.106763444576943 -2.56192503879063
1.2676634900181 -1.69257514783869 0.757016295771624 -0.740634840993493 -0.31571051228458 4.140901644244 2.31525626920106 0.324075721494671 -0.718558799642816 -0.693781722211504
-0.551402015570858 -1.7893427476016 0.50159418819762 -0.671322859524781 -0.0389427106340682 -0.842052911776422 -0.17820558318821 -0.253784899101279 -2.63965144598155 -0.106252865042837
0.609795722463113 -1.77138457654324 -2.42847550653329 0.503026657772249 -0.891916543471506 -0.176591494532906 2.14748234334082 1.80626992146934 -4.82350613774005 -0.551747550206097
1.17596829360591 -1.03073657821196 3.17809957549608 0.644797118842862 -3.8828029008752 -1.10864870055263 1.16330289163436 -0.222078905314017 1.64119644799472 2.25787284341627
0.0964757789734592 3.77106579985305 -1.99191177762178 -0.425084833814566 -0.495206858940523 -0.697646462342345 -0.2579543939055 -0.117237964500246 -3.58867998886945 6.61337995455149
-1.31114665690675 -1.31908017218468 0.680958848609876 4.52141375492616 1.92643904822953 -1.59095985181596 -1.73523268151885 2.31788896995798 -1.97513088075098 -1.07212826456719
3.18893244541348 -5.27706234136701 -1.31446317991986 0.285166731166018 -2.12999002020641 -1.69498098907395 -0.953704589674822 -1.20177889676255 -2.70284764156518 0.105080086743794
-1.31596595846514 -0.508182798168113 0.693763244453078 3.87760058593535 2.40852099817787 3.17631093495192 1.01998253482391 -3.49310436261612 2.46856423139676 0.279589129152528
-1.27122467608146 0.784465340843239 -2.52372028118188 0.643417370981238 0.252878942115717 -0.890731665625253 -1.19124755626415 -5.01601697990183 -1.153921716659 1.30922265231732
-3.07824389352505 1.86597745984533 0.754495402980605 1.26178850880023 -0.869207835463431 0.484115880905967 -1.41846178052664 1.00449917987857 -3.03829974193748 -4.03151607322981
-2.98227191187242 -0.471913087278905 0.817704044667665 0.545812052402223 0.295543685521249 -1.34585241627179 0.773990490719723 0.765566900319184 0.165206766667554 -2.13386653143338
3.15785024424985 -0.590371280805925 1.34369383099163 -1.97469232325206 -0.224613250599705 2.67320012947205 0.626755916669619 0.823297854965167 4.86401934573659 11.9344281711363
-1.08697700955888 -1.17920489323879 -1.44652785332568 -2.39451385024299 -0.228620866153347 -0.866576297810225 -1.13002446671056 -2.14929869523547 1.4802204355811 1.03026792065232
-3.89821921798906 0.185548786841275 1.91290481691742 -4.82035545014485 4.17659363432448 2.52493957873819 1.33463819164289 1.96786913399219 -3.02189962571997 0.580625228127741
5.19086334473026 -1.86936235345508 -0.707154580532328 2.84806975167183 0.903069229242262 1.9693217971157 -0.428799127630698 2.82462724951758 0.714100433827367 2.99923720748645
3.48859796354177 1.13251289568086 -4.43544596323711 -2.37594320644066 -0.756913938434053 3.1756814514934 0.748016858901575 0.457425204240054 -0.243151426003013 4.6363251794901
-1.85645237121394 0.699435628571073 -0.591304302602399 2.63432979214734 1.83769314858346 0.467956175528266 0.923758375936954 -0.969637370199694 0.53359408765011 -1.23285442293944
2.41254078500998 0.977173505824493 -1.21235503524475 -0.197048801621524 -2.35978152607783 1.43149968970508 -0.885741053984597 -1.98009699544584 -0.221278144559043 0.347492175680862
-1.68296998354724 2.59160762117044 0.0749140958318368 -2.62258588602152 1.85977757712591 0.852414589996702 -2.61736825205792 -1.05479899553923 -2.65784384516171 -0.284072664808859
0.373897022807217 -0.0175811466333803 3.31557053030473 0.0422943376183095 -2.61966870331318 -0.922682884062546 1.01810823077519 -1.64320794452756 2.42483757172047 5.0239262278385
1.10235350036977 0.177030854710486 -2.75201408960528 0.221950866001486 1.40974322601264 -0.884141815577085 -4.07007284328227 1.98036384764184 0.321284581300671 0.757494887760112
1.55111493586261 0.355554065472759 -1.18482884906507 0.6487949027925 -3.08317135652951 0.394246987167724 -3.20071136037376 1.46806233804539 1.09181474735951 -0.943321518454448
-0.170391425545426 -1.89422292195837 0.667713120938352 5.43778840908279 1.72651858452333 1.91175957336894 1.23868078137925 4.8702886909455 -1.29215100241927 2.22234942758532
2.13614984727151 0.206323667869898 0.805846206885189 -1.10030166572335 1.13964905013837 -1.88658028115265 3.75362505495802 -1.73121027579736 -1.13222895909149 1.04381836012481
-1.56095465884945 1.00139781356866 0.465618034509315 -4.74432292586145 0.626493816232702 0.311392682198459 -0.590042760193526 -2.78662620731751 -1.45869442497536 -1.40479755697316
4.80947386673692 1.98394770916386 1.08263621141345 -3.8318383821881 -1.9943638063582 -2.28323514490625 1.47446211522238 -1.25737863482102 2.65487870117701 0.0691427318945769
1.63575423467118 -0.941375970524929 10.7128470441655 3.38508879639307 3.36502703346649 1.48746760082071 -0.203753866818189 2.38489719590264 -0.938637135554168 -2.92021655487295
0.00597312387789738 3.13248963181786 0.383424090184108 1.52970030351993 0.326181252995374 2.85165832691332 -6.31709841751935 -0.331536308336203 1.52125347774623 -0.812719045981835
-2.45419890641966 0.237713173291179 12.6096319397883 -1.26028709946384 -1.88565422561296 2.65744663403426 -2.09803518223435 2.64293468421312 -1.05360473076562 -0.875147168290593
0.0636334194981477 -1.5370145604595 6.58477967648485 -1.17226693954266 1.03849804892666 -1.0086006026788 0.445236777356361 -0.646671191134138 -1.12695626528405 0.379507710288038
1.69659247352202 -0.354092847190064 -0.474582970622835 -1.75777340006424 1.96277491837968 -0.194680103042662 0.0131245981188366 -2.2797591226337 -1.65409836070278 -0.157749310016117
-1.33657026958311 0.0955771786346623 1.90578579397301 -0.200094698564461 -4.88903917975574 -1.08090547440598 -1.67622973399043 2.84400392271688 -0.13887054540419 -0.55779406233517
1.39158256923419 -2.07504295358871 -2.75043959201633 -3.16479208028457 1.30828411052683 -3.4129594835991 1.42213958960005 1.85219700689625 -2.38459760281325 0.463692034604192
1.11330255904981 1.14095787960523 2.2059195619494 -2.30451194512557 0.372011794995047 4.74507699741072 1.10678194801777 1.34328924518725 -0.0349235585630529 0.209905104825407
0.888248849705778 2.04415630631567 -1.63163151730447 0.883578375316444 -2.47919009000418 -4.25391624073365 -1.35775561444811 -1.41393762070314 -2.99636574446161 0.0920154533405414
0.0495742221085775 -0.548043577685942 -1.57697073175083 -1.10060719572634 3.11158287463082 0.561524728492194 0.0861935454503023 2.30549228137519 0.799755429822667 -0.0475626331562591
1.34548186323727 3.91292866561916 -1.60382674889871 -0.342975794755871 -3.45654281148532 2.16827923459507 -1.9384065600684 1.87704359974301 0.508864137547441 -1.66873529117591
0.259829672959783 -0.833750556411769 1.88684045416896 -1.94834016444097 -0.378044927988371 2.43392770503025 -2.54295124768052 3.46762807047372 -2.13224943098293 -0.972807496603875
-2.09318778903773 -0.822814135330435 1.09368697892701 2.70585242468364 1.1847906793115 1.13215631769359 1.35974768194079 -0.551176945821602 -1.70616098726686 -0.308400520423414
1.321438002044 -1.49560335172117 -1.53194923373584 -0.0761139253075982 -0.0191510043164361 -0.343472488563902 -1.47648157521212 1.67191804199025 2.40782901362508 2.91306845842681
0.108013346181756 -1.31574236850986 1.63933357281629 2.845228883604 -0.311681796780838 5.16668449176393 -1.98754489428552 -7.36449294265095 0.705054348700666 2.83285044821779
-0.996592305743559 -0.650283676154181 -0.904932485647903 -2.63992552293678 0.96277351624481 -1.46752642244329 -4.32205789698418 0.389318339295314 -0.500490141244911 -3.0651018800558
-2.05742521578655 0.759037724394497 -2.1709864083217 -0.21860862689314 -0.353947461190766 7.16044188269115 0.832586274850748 -0.208903435341585 -0.483940019182658 -1.20712471181475
-0.233209766212958 -1.66370515753429 -1.08525095318268 2.5475766796027 -1.74843035887687 0.483728604978399 1.50349184645492 1.20873094472086 -2.69237295284846 -2.28954010181382
0.716839284286451 1.18900480594565 1.02744607693897 0.557929472278941 1.98387010316966 0.389441012857999 -0.807037469907488 0.0527234306057109 2.57230095629458 3.99811122586825
2.65159245599763 -0.546042579253531 2.63949552734288 -0.176447211656203 -2.25450774537292 1.26869691446824 0.221469323741145 5.46707850763457 -1.3529118911872 -1.01025380075536
-1.41609924353455 -0.582596908517263 0.818075616658545 -0.0864642326625983 2.53965711604355 -2.73444690465504 2.10161455812692 1.24165690415947 0.0618245161474907 -2.15071665296823
2.03197365045113 -2.30211977708817 2.13398983894389 2.42917758002848 -0.795705205041464 1.57702254713878 -0.044567983339979 3.65406367148388 -2.63788668767488 0.181728378871175
0.909244883323092 -0.444407757285333 0.713078919653471 -1.15595054796167 -0.115432841072101 0.204708636560865 -1.26276566786759 -3.84331815140034 1.60832817880386 0.280617428723165
-0.00137156525189526 -0.294864560635057 1.94683746783841 -1.97460085978442 -2.19477259699077 0.332030935120973 -1.24095800942492 3.28880083867469 3.29381880216329 0.817084498415681
-2.51905286586759 0.305317402716411 1.27149834061587 -1.49301797497453 1.99747269679308 -2.48113802190154 -1.43962579871184 1.23058135908264 0.883926985609059 -1.32443326385849
-1.99184923166548 -0.209725482157471 3.83632774441383 2.29392293177446 2.08931374061419 -1.74017803937527 0.627413967429412 -1.9296931187312 1.98517430896358 -4.21577503789682
2.05995076112236 -3.0153184532345 -1.2720258246064 0.186651836073873 4.3900646591207 1.96293773418181 -4.09840231164454 3.46150963947466 0.977306322739524 1.06763005521681
0.961141910266494 0.248497564428775 -1.13067308820334 -2.78551815345818 -2.75700169780459 1.20107376499279 0.0854078677522323 -0.0772187103732966 0.0836589299493334 -0.855623222396483
1.61952960778962 3.75960857966325 -1.38204675498217 -2.35409543230685 2.09011930427549 0.689393640362142 1.73965558338657 -2.91206216027353 2.43704994435988 1.2330842230289
0.689363055572305 -0.965097571790483 -1.19663195776064 -1.35014914636802 2.69418773285324 -0.637972121275066 1.57950753898944 4.90149737400968 0.977501100190738 -3.75317577040616
-0.929124951885394 -0.761754174239054 -2.29596670638461 2.52472844695173 -2.36802178742595 -2.1732388737959 0.172275529437429 0.515705934863166 -0.0879842884186071 -3.8192881720168
2.15381063558085 -3.16778862170684 -3.02320585190462 2.08628789217841 -0.985113291637301 -1.34233334398281 -0.508872353173218 -0.0761217784134375 2.39585334325447 0.49763514527052
1.66185423994002 -0.557798435248199 3.74672360188904 -2.46798034719267 -0.682930859173809 -1.12127296982644 -1.67850686029074 -2.20274121801988 -0.841252864952955 -3.98259898321961
0.688468130796643 -0.976430437353282 -1.16965539150384 -1.80592061819424 2.26621392613526 -1.28820285994587 -1.16773028648298 1.71184601328471 -0.781437963820587 -1.39050778488563
0.411837083972837 0.75714833940211 1.86549804316013 0.210513862509132 1.1273024589885 -0.224435651369591 -1.64636096934914 1.59838028832333 0.137045889430113 -1.45817662122835
2.62182834977917 1.66010841550162 2.61841963197894 -1.25882558519583 -0.517343638978198 -0.032067223912052 3.24015186094497 0.508559758217004 1.17375456169688 -1.30982626410621
1.62370859974527 6.02130417630797 -5.27147524609249 -1.43577764854411 -0.615829067774713 -0.374906039690254 -2.00413836043544 0.144734537874762 -0.228634855145027 4.20067605825233
1.25671604263406 0.426662535878025 -0.521600595059638 -0.797889010798841 1.50866370501079 -3.61229297499228 -2.10159349718175 2.35447750544782 -0.948126766730813 -2.4021801852624
-2.84493449654948 1.12977490533477 -2.48575984871944 0.360684502501272 1.00598210680269 -0.948782263475604 0.600363546530093 1.87548227777216 -2.06786683873971 -0.50003154248026
-1.17712493582703 -0.267130441288359 -0.826728649184882 0.851692623549428 -1.18889043680415 2.91271213667223 -0.609862820660936 1.90269968601935 1.31644042514981 2.22239108352651
2.4143208256008 0.0336391169427132 1.86258439512563 -1.94140794788847 -1.21726473827872 0.931754497372791 2.11796699383382 -3.03712872019176 0.52505418416897 1.31934713867732
-1.48082297927703 -0.666258383356429 -0.363899840584989 -3.14087406374979 3.37676724492149 0.948962251910267 -3.13417257007548 0.571200962557226 2.81627708805184 -0.566850150809689
0.628628200290875 3.39266376118902 -1.61929526483838 -1.64667245565367 0.88419626768411 -2.7310649747524 -1.51049229901134 0.0752446694329797 0.174356673566 0.344792669679074
3.78557714947175 2.63585633225125 0.539211313887716 -0.0771700610586152 4.77604297588037 -1.01600744759651 2.27098406305152 -2.43729734894222 -1.64761335131317 -1.01257127589798
1.98467025236816 -2.00258576060942 2.25848446967023 0.408825709697251 -0.209352973660457 1.87795093534016 0.566598526149982 2.41541687837384 0.294849721985007 0.914693974197831
1.80304310924463 1.00933799527714 -3.52945972749287 -2.10089454180704 4.40231277956747 -0.734842466559455 0.562381093536086 3.50111306741943 -1.63612891261856 0.70490264450489
0.228117699055774 -0.326000381957198 -1.44738297900135 0.946826796637286 -0.141676847755487 -2.29629082655391 0.336049573071884 -0.64928437870405 -0.248281076659242 -2.59232636348888
1.41825089035005 1.06015382180722 4.50053931751755 -3.7438598812502 -1.30135891770166 -2.47522898445014 -0.577645278188924 0.578241195768872 -0.109086240961557 0.276392389000234
-0.509903256684903 2.51806507362021 0.838725955746232 -1.0023744501978 2.18823778194747 0.596415122938519 -1.63241998174073 -0.23084783544338 -0.853722665064639 -1.60612447485706
0.00834968074303722 -3.56515815504808 -0.69229582988018 0.454937814682923 3.52289862678716 0.657820064569529 2.86644824864207 -2.69595078369557 0.192248913051758 -2.25852212307953
-0.708780192944694 2.23732958851807 11.6752643224971 0.754930061371394 -0.903199683088126 0.247943061002241 4.3374595713455 0.601833848979239 -2.1405115601114 3.55036915758439
0.754564462675663 -0.49292079492432 1.17937503280008 -0.619966587327778 -0.602922140096305 -0.478605108561858 -2.49827426984995 -2.73145234338385 4.11861358171844 -3.94375261511701
-3.17309175142711 -1.36140191832263 -0.722759609316337 1.68445182467402 3.68717315764187 1.16736417307887 -0.0527467614337073 -1.8620690292758 2.94030385603246 0.421577360549624
2.53478063744422 -1.80386342033553 4.00623579351037 -1.18422768659194 5.57822991120283 0.486184445801471 2.40803116198736 1.45800141350855 -0.490408309894946 1.16706615310907
-1.87444478012482 -2.9917180632632 13.2440794088904 -1.87910136106682 1.06490721543043 -0.634654859149787 2.23426353502009 -2.60376747228863 0.0659224310565541 -2.53049921539117
1.42522873451348 -2.06068785333439 8.6479293195082 0.968749575909008 3.52656904120924 -2.84886139353345 3.25469047301573 -2.97387784915132 2.74018021131959 -1.21546403496749
-0.979320174983556 1.84369116816506 -1.4807143152976 2.66728726162111 0.00153586315673781 0.967124638060589 4.09108639724277 1.65773164881008 -2.21743910199924 -0.0524725612705372
0.626659802344853 0.96778575223052 7.87035064329183 1.88659759569321 0.606912380014188 0.772835285284361 -0.813456497840081 2.07546550401515 -0.119709542371026 -0.374006648667901
1.37579628516137 -0.618396751667362 2.97593200024846 1.36386999249683 -4.36647323746416 -0.481685976595534 2.05216513397973 2.60541667842213 -0.276043531401252 1.80924526408674
-1.33970875159347 0.620779563162098 -0.503301733240736 0.113476239069954 1.10312860176741 -2.40941823172119 -0.0772758455644987 0.855336009412847 -0.127361508691375 -0.535960125983414
0.145528114644197 3.59465289606978 1.44055613695263 -3.84130040055519 -4.4540228902357 -1.05231663897969 0.625276736218322 2.2530267697686 0.900592252059508 -0.375340701796035
-1.42425418151245 -3.12340731104428 8.33691107109765 -0.0764038680807988 -2.62715851894462 1.53230533296594 -0.855425317269514 -3.97410391150139 1.73882585218317 1.91442661820497
4.68610784771527 -5.79515404675004 -0.0179266383956331 0.605609232993085 -1.00477978810964 -1.66890337343182 1.11617324957862 -3.74033038757167 1.84042679987641 6.45024274652403
-4.12386659701322 -0.318224357406866 -0.504928053557478 2.9334756978911 0.314391143331855 -1.85751501038185 -0.687414081036298 3.77985190101202 2.14905384611367 1.55562274569102
-1.10197674538252 -0.446541649810985 0.844458419048768 0.00336571439731009 1.57467853419047 0.0603734467879184 2.34476088450642 -0.214294901748396 1.7641111558551 -1.59685166669226
-0.296338869617763 1.07692674676285 1.26521908306914 1.10864510334687 -2.58765513956205 -3.25171255114013 1.11380093665535 -3.06431482949556 0.827680072187408 0.468740371185797
2.96738538961812 0.110274762677985 0.514188937924507 -0.800382428587668 -1.31565589376602 2.30285690896139 2.43221556323559 1.71855820774955 -2.16939125872824 0.126818330565594
0.183216369462313 -1.84793629776267 5.4857074135791 1.54394354490677 1.53341844561794 2.66611077724205 -4.54272821478837 -4.97676881352434 -4.65882120831186 -0.408525982238714
-3.93449467346848 2.76217973311881 -1.98018052097837 -0.917764439632864 -0.852754006076084 1.47961678535138 2.38955549868671 1.26468313252879 -4.18330168611002 -2.44545279944119
-0.0180476239025039 3.79228331778087 1.23066524785528 3.24555886506433 -0.431031948120831 0.337122991640837 -3.52794721105839 -0.881430819448257 0.237348073178829 -1.46334597865253
-0.821993216809456 -0.798310350350159 1.37559660196587 0.408227948057837 1.29025843132605 2.34797593489699 -1.10434776425713 0.324535538370763 -1.80349261083126 -0.451322146507248
0.144908909660046 -4.48948809678937 0.202727692883939 -0.573003553724023 -1.11119011912541 -0.467641610152035 2.34749484116421 -0.743089314649238 0.118172803074233 0.0162635811398818
2.9282194016751 1.39060780071353 -2.40821112593101 -2.4039976763757 -0.160052868159245 0.549855523682465 0.127548901567605 -0.64506295488761 -0.653123223967613 3.34803368976689
0.866849387661369 1.43870758108029 -1.59633182824286 -0.993014838798683 1.76669653609642 -1.17601590490582 -1.3451720998914 -2.49426325885786 -0.567569868687167 3.4072301518321
0.945934565366991 -0.610189018503652 -2.90423525336506 -0.402498851684078 3.09765479964365 -1.17446376652937 -1.7730422061706 2.03075406998023 2.74357528594856 0.837257247936499
-2.28883437754312 2.60165120164457 -0.181857478926011 -3.87974222641413 6.27301886319481 -2.17334423004598 1.50328678341219 -0.93728665920519 0.576371613888794 0.934831759051937
3.86987360163388 0.622529334770412 -0.781259555725464 2.70703910085476 -1.16941430190247 0.0959966217695482 2.09244811970354 1.5608009536796 -4.13057320059332 2.93244547638198
-0.0322147096820475 -2.35369893276389 3.53680690680723 1.47490482270097 0.457313364563555 -1.07728505805259 0.349254734618277 0.869341283035331 3.82547810304484 -2.65348636235134
-2.1830780681528 1.65142192050355 -0.49215202967492 -0.112385324693179 -3.75421291681544 0.598197089033016 1.95302954493088 -1.75307359766288 1.21115740692251 0.334579101126869
1.57196699548923 1.0006636284116 2.89091711535655 3.4664134176399 0.108452301006591 0.426584659376226 0.578922447604857 -3.5485339378818 3.06238067814023 -2.37343022741995
-1.84047777567853 3.01038301954636 -0.306515919524651 -1.1408591564083 -2.01219637453254 2.56337493936071 -1.46254664127289 -3.18783085185624 0.0633356022077426 -0.453580774535848
0.650190219996295 -1.25918039118416 0.560535021939169 1.55945747704548 -1.50362608412117 1.50622954027943 7.5605778886957 0.272124945514675 2.98048872333325 -0.362021572020325
-3.74141047796928 1.62393469189706 -0.999569655057012 0.333689621415357 0.260820603162676 -1.11850195150061 -3.14962614937727 1.41030184862316 -0.884565154643543 3.91545376574668
0.561799844925139 -0.400893252577966 -3.08193873542955 -3.76524300110036 -0.877781762281024 -3.06495114025885 -0.335289809069526 -2.14221490696772 0.867844101531352 -2.13164461490925
-2.14880162857685 -1.36583619200031 -2.03084502292684 3.03643371054786 5.8308594631606 2.7665562203708 0.550139102909679 0.41989680215546 -0.0249368126712663 3.39559377835701
-1.41860940133685 0.80111181781675 3.30449636730311 0.181363870947184 -1.87904617765663 -1.80836629820295 1.54165970245129 6.213065590411 0.344447236549597 2.91011605563167
-3.27174252799685 0.847783411602588 -0.296528425803333 3.95741252167177 -0.697709554206943 -0.602841137405823 -0.673310316952089 0.861847521968056 2.13797206507639 1.0836482083532
1.55462747627018 0.737160019358184 1.80371061807063 -1.53566257951156 0.118321978753944 1.38683066993322 -4.52570346425735 1.21124686484942 -0.709670738971874 -0.18034322588415
-3.60417413747207 -0.375646723571941 0.563150761830565 4.85118237609024 -4.78417189168852 1.26919001977678 1.86258100277699 3.79893966839093 0.218071645620953 0.189267100653488
0.677909183199937 -2.62256092772002 -1.61262536771953 -0.636990172280673 -1.56439670300888 0.75673801892597 -2.10563678322245 -0.340532587861619 -2.89140115125046 1.58403423677221
1.36046330960536 -2.10666207638142 3.23703110281848 2.05621554874269 2.31993457208971 3.6862855378445 -0.694662298701747 -0.126464890818894 -1.88402562864649 2.37350631347049
1.96163216236402 3.88739279719811 -0.834548700421615 -0.385594655428535 -2.23782639278009 1.18049835552775 -1.0468529530645 1.07307670532411 0.166727059352148 -0.908829179137996
-0.41963185494729 2.56093622206592 1.95695804937165 -0.367336240567607 0.906017287713667 0.252146140487938 -2.93905164089633 1.00514140460023 1.73991412715867 0.0719378490518909
2.58476195684967 1.19755332116405 -0.689555280372003 -0.4720601850588 0.36232226594775 -1.19003266177278 2.60008489161967 0.69905646540001 -1.29951255186719 -2.2788790451905
-1.47923732878147 -1.00178030841561 -0.37860455994816 -3.03548692217009 -0.877197730754541 -0.967056713374771 1.03806014236983 3.0890141911321 0.702403319361864 -2.1522840495605
0.826583371937717 -2.80342697158863 -0.392025113706745 1.57918250201165 1.5076053311748 -2.86457557324667 1.58238771297707 -2.6203469922076 -1.64943193130699 -0.37376230430839
-0.982260495418336 -0.326860366101256 1.20469550502718 2.23569946469231 -3.30064139104604 -2.30307559490137 1.39669974150178 -3.48506873956956 1.18716052905531 -2.38460047087019
1.96019551346339 1.9909529951007 3.1863802914644 0.286082943063713 0.412171384480878 1.82074821459516 -4.45865066127543 -3.28465632923235 0.971959983536857 -0.107759067098439
3.87261562432205 -1.34009595024626 1.55665694519571 0.835634279656121 -0.700874959907977 3.53174987414564 1.44807354935322 1.45728930754668 0.0371294878865461 1.73550346255215
0.809819111782399 2.87356954989933 -1.58511654787257 0.126866392477866 0.675779695576747 0.420234437013499 -0.644475273958084 6.21615370359194 0.760607147326072 0.53716358435322
0.198206492256038 -1.46109989260438 0.0858286535519346 3.11477534798086 -2.21191012149953 2.77073065834846 0.762903201459951 2.65713285930994 -0.467092068112587 3.15709483337001
-0.548624095949051 -3.69001222646157 -0.0839455039103219 -0.646532322761124 3.54833164986756 -0.194933585287474 -3.12452285971185 2.14399814378538 -2.62436604593628 -0.239012704330139
-3.0596106195877 2.46752607030585 0.770331415484076 -0.453824436304093 2.88463495544291 2.90116563164962 -1.15061226690742 2.47980207247669 3.55407234511209 3.82976091993753
0.810995422973755 -2.48010291643585 1.95411977679052 -3.92049004106298 1.6949141130345 0.978331788925072 -1.86910669527403 3.93155289988663 -1.17806967533453 2.48279594380013
-1.77698974362861 0.205621899711773 -0.801873073994634 -1.86118937648703 -0.734931210913646 0.482443674399593 1.40004812693978 -0.851034052410002 2.87620720494452 2.58969250593377
-2.25576141438611 2.90481922767579 -3.29040181912681 -1.90430969079175 -1.51615512119349 2.18582895995903 1.66739403674989 -1.458329685993 -1.81697289961403 0.245064506156932
2.94645758562265 -1.25805817032098 -1.80189689729797 -0.0350196537617803 1.65096542257924 -0.427131597772889 -0.60702161943377 2.24658024176214 3.11556747119645 -1.41546337947009
-1.77117502871428 -0.121910593443968 0.167394524063238 -0.238978959909316 0.447818796926494 -0.894285295242198 2.72777728528068 7.79152290751702 1.04737290770182 -0.307188278142447
-3.52304101819562 4.23588850181275 -0.033834128154104 -1.41402770563406 2.92816340669612 4.46847090736386 -1.55716662707102 1.32711245743778 2.03744241580029 3.99170320551174
1.10695479288167 -4.31420290681812 -0.233765413477247 -2.65859634349637 -0.525361732255275 0.254207060657094 -2.25109535726143 -1.63486201811496 -0.891033042979888 -1.11268412017804
-0.713916233821765 0.469618409897713 2.41201350201482 -1.88208904239197 2.4311861342178 1.10223778140062 -1.21309148660136 -0.098120421229653 1.37643629311423 -0.793055024188622
0.0575841581680083 -1.13916454739739 1.76971171607232 3.35893829581749 4.60093891944625 -2.3221961275979 -2.12887899557513 -1.80497472844942 -1.15273755407441 -2.60290924641789
1.26278069855217 0.76215745386481 -1.7194204974264 1.74984337039348 -0.684570585082357 -1.80690917374446 -1.90262790817504 -0.869821755446945 -0.599720221229462 0.262521745339515
3.46902147809568 -2.13554103876152 -2.37415841129513 -0.395406119759337 -2.60679746497969 0.893115876379224 -0.8961822681926 1.18156252391722 1.61718903477807 -0.015428556171714
0.785034472344558 -0.787900806555882 2.15540066073688 -1.69357346298207 2.48948302617119 2.52987826657919 0.081319267979724 -1.98112142611636 -0.150267618756576 -1.78774290929934
0.461051998960268 -2.60551442413248 -0.662918778359005 -1.22370780864721 0.852971714930124 -0.969647351765714 -0.771357294249313 -0.0271061847000117 -1.14102792182054 -4.37834859711029
-6.24799566900419 0.896084855807798 -1.66832852094747 0.530536221869057 -0.425627815070983 -4.09557036294336 -1.46572145009162 0.771374482263893 -3.37574676272422 -1.92440384053278
-2.72423040514681 0.814414117078965 1.98205771653416 -1.43620398462401 -0.691602499269443 -1.79479438723226 0.90633800401732 1.29216284401682 4.53086577813036 -2.08531745725608
-0.387887210627904 -0.0258747331351167 -3.50765940167862 0.112520530511665 -2.33044053083003 1.50883673388756 0.510103072587923 2.00824365806707 0.675820895998602 1.16241762911835
-3.45105467015169 3.77319406547224 0.70272706339775 -3.27888819135805 3.79827777216854 0.183095343493939 -0.758083113932829 -1.02459036378094 1.04307408983891 -4.38815782602544
-2.59346565769249 -0.725031328225903 0.243719910230793 -1.27564537996166 -3.65552688464136 -1.76380205962674 -0.67131557940105 -1.88806151681032 -0.916497522055238 -4.68023008675911
0.194887291523936 -4.72986865216751 -1.05889580097742 -2.14709928047923 -0.692483042617755 -0.161417021058683 0.15052704092886 0.525069378928414 0.0387153013286028 1.77501058283471
5.18644057328876 -2.16182484760051 1.42599063845828 0.598281003066889 -0.15441017628965 3.87571073132129 -0.769197510139245 -1.3806792203298 0.0745919236296207 1.23520424401961
1.6231044651179 -2.99500949963518 -3.17530063474713 0.341760702706296 1.82457857573553 -0.855433026262868 2.92513500883193 1.58555466143604 1.2237718023889 3.59991104186342
-0.281852845502939 0.311346373688935 1.91936624261234 1.54148445723516 -3.34949865318082 0.587287960104619 -0.188421433752303 1.22255750319661 3.93744050784875 -1.67230782625214
-0.373964428275192 4.13176576023478 1.50711114193238 -1.88820472565791 2.92219021055666 -3.39562189413976 -1.66418543449312 -4.86331528137883 -0.363386514348848 0.495756606916085
1.63548648236548 -2.42154423771895 1.21954694238492 2.17168292094999 -2.88652852318914 -0.14403652042718 -0.604843117160954 -2.66103640114965 1.10516920820622 0.574601875769447
-0.698217027919237 3.68899123291375 0.894790894564564 0.0882576543638491 0.547780279930054 -0.0757898952330199 1.16436555612644 2.65348001078216 -3.0066480287839 0.770188483943101
-2.33524371197598 3.33079133870525 1.95353140743412 -2.11972664527084 3.09822564264579 1.7603142849586 -0.624559444531925 3.15406134391173 0.838064141715542 2.81084643127728
0.670021827295987 0.853027353340926 -3.58630450128426 -0.216654815389897 -3.20554139059258 2.54612189823148 -1.62169377361703 -0.192393835501101 4.54188395288484 0.749268633461984
1.21305795778133 -1.61576719027115 -1.94245292855415 -1.71419981667399 -0.259291412006604 1.19402042543164 -0.791209145142887 -0.247133735224103 -1.09736602967268 0.114755522892149
2.8119591742496 1.18204966494137 3.72379377794956 0.00918344570620946 3.29095462663047 -1.16356658994064 1.09071135392489 0.166083297295373 0.505743576830264 1.04132543195283
-0.131865761392468 -2.34380860461991 2.28451627069089 -3.87499807306467 -0.779084718759856 -0.128185345486683 -1.83722614276524 -1.46608988968122 0.997121012663612 2.58254533265137
-0.113928804891591 -1.82798970013748 -0.193277948017184 -2.73991462103432 1.43337724515397 0.827278378774065 0.0818235216536312 0.632187612506625 -0.800148089410571 0.669547841702205
-1.34850018233677 -1.15136413732911 -0.94474701801803 1.70089397364781 -0.387613433578194 -1.6521952421575 -1.33633996201485 1.17280746657351 0.884190305590204 -0.729670245130204
-0.633664599738012 1.00294390683283 4.58679086450836 0.875183570618162 -1.74247873088519 -1.38574592014356 -0.102096256790553 0.843020972931268 -0.535306244263715 -1.56367354591203
1.42821238481374 -3.75419006549266 -0.0161728556197095 -2.47151787468917 2.54973120592816 2.68917597254357 0.512433681116141 0.45998573004365 -0.46323760090703 -0.00703253480418548
-2.29941932806303 -1.68255514009743 1.66882606129804 4.11795385144497 0.0550172579798847 2.30476077669576 1.74438373072026 -2.64406387588239 -0.698986224417148 -1.09827775045569
-5.81552581944382 -1.25531246447927 -1.89499672454918 -0.665555772223767 2.36406483452266 2.10525827551657 0.0885993584789249 -2.87955790672053 -2.63810032831814 -0.564758935157211
-2.51794772438098 2.42412254403481 1.40216859352094 -1.21681562988508 1.05123392759188 -0.32090697515625 1.2384866781363 2.36301344902037 -1.43856665501178 1.63651279663655
