-1.28628926410015 2.27321354183083 -1.08615184126169 0.873183010692405 3.20134367729619 0.17502879278034 -0.65426472521774 -1.19944457816753 0.00936068027932278 4.35219010172842
-1.41478559550489 1.56975229958607 1.12847517395917 1.34247799561143 -1.01506029006472 -4.78515884621677 0.465777886653826 3.08331230025147 0.589409862778824 1.88894575135397
1.88989266078392 3.92652404834155 0.892044258619087 2.34704486815401 0.134151678207482 3.38045120367838 -4.7459080818406 3.47868334526212 2.53980334817683 -3.57736028401741
0.728429305676595 1.75005525423141 -0.668018576142674 -0.360355254554581 -0.385389016532006 -2.88973760710789 1.47402781708212 -3.28641800259359 0.236755758049427 5.12970864530134
-1.36500845402996 8.41701561060756 -0.910295379727731 -0.737388139346624 0.161641990574293 6.25682149764207 0.0412130584704784 -0.757239313534297 1.96266092330079 0.467278635505635
-0.705924967408045 1.36788504734755 -0.5304642829556 0.761223812351809 -1.38226454718583 1.59406156230917 -4.02070734890701 1.38989844387417 0.487310898433208 4.71527612376135
-0.628224552997154 2.58235086757406 -3.98936404871988 -0.248718085013966 2.0023570890534 -1.67423259203797 1.25315328172922 -1.22296826425953 2.46581317103728 -0.368431145871853
0.121302647411556 2.11088343946471 2.66730693845191 1.29649903748155 -1.07158864685582 0.521845805028394 -1.72462431882714 0.594647409129439 -0.288974117654709 -4.03505627765438
-1.89327768646291 0.778757773646066 1.63020049567758 -3.43295384994247 -0.869228063046744 3.29643653396626 -0.953863015459626 5.51495425866103 -1.32852341296221 0.466860345610437
-2.21065457769996 -0.00280090037207755 -3.02810330354578 -0.563850217223702 2.45489369840851 -2.52015597184148 0.674904700860404 0.18654247503971 -1.35552906357243 3.03801766802182
-3.74055255814759 -0.614240375224241 1.5062513055016 0.688584150330855 1.88886533338268 0.404619487329052 -2.59802923101937 1.79025019872358 1.41001861811762 3.43564616421121
0.952219719417799 -2.90274340117707 2.03784927614805 1.1928440607847 1.43850516007875 -1.22101329481747 -2.16665300449799 0.98034895188182 -0.0825281448628124 1.44336707324065
-2.24077106568792 0.644700279284332 2.51440701834563 0.702842466592823 -0.150005926372882 -0.247005702742757 -1.37680843386089 -0.311707789763635 2.98597181039537 1.46376268259016
2.34014820724599 1.04463802478358 -0.0863761224276426 0.786299376817055 1.56329775675624 4.89097312385752 -0.809464221632411 6.30501548849658 -0.369206350817624 0.296761602475538
-1.63317697291086 -1.3697376183258 -3.19768602494927 1.98784381962864 1.39013200749008 0.710389135927236 1.90816467768918 2.54612620215301 -0.84970239503546 -1.23925926528857
-1.28090625904407 -1.9119694472104 1.16577051211253 5.31800276686413 -0.404950453810215 -2.43987247497866 -2.50505218580371 2.8649079880934 -0.0542336982161818 2.92407519163857
1.45743078788985 6.47138674723078 -1.68932539218839 -2.11939449796699 -0.678591562825008 -2.05882921491321 -0.854810542906362 11.126839857799 2.80836836072658 -1.45424605359689
0.283730815905105 3.26091957994559 0.275343260630961 -1.89901101911295 3.76781491568819 3.20075419770355 -0.937238863961012 -1.37940854774144 0.0133091465288911 1.21853989812416
-2.19894641671224 -2.53707378966214 0.62947182597201 -1.09813272876875 0.481868935813622 -2.75581401652682 0.0335643058990141 -3.1592206458366 0.967821494694397 -1.98568565550004
-2.31091031487255 -1.45023882808363 1.51589256071876 0.472590908858706 -2.8512546892104 -3.36388954743372 -0.699223825001136 7.18409594334497 -1.34419652403882 1.28451375372834
-3.51728264628702 -1.24600090727472 0.54157004113692 -1.20738527226353 0.651216381981701 -1.27166565449587 2.14640471473113 -1.19723992223585 -3.584605417129 -0.395453398813396
-0.211002514807702 3.42860103941696 0.501671062126991 0.79757694397678 -6.4069300309994 -1.54656243069535 -1.832347854675 -2.12298281027739 1.87606663562365 1.43248570794787
-1.03138505300908 0.193080290392716 0.75057654692739 2.2178547999772 2.51406213733386 8.90174168405691 -2.73455120775299 9.89057817897583 -2.3259152280047 -0.966092129535048
-2.77969127682465 0.013214811100584 2.01226043016117 0.162326544852069 -0.0780124351140496 1.50196501136502 -0.0320740203892539 -1.24922198772855 4.11616950412094 -1.53956396952933
4.28856155831757 -0.402885267884771 -2.54796310391641 0.30730872007403 -1.33072647455997 10.0665884121324 0.093861205767469 1.04057411881675 -1.39629499460336 -1.60086306592019
-0.49702896011163 0.812694353097785 -0.926786671749997 0.990283415615984 0.692710853153404 0.254700452857752 -0.965246405516168 2.74684917790559 -0.746237929112194 -2.25619579596644
-0.379717184855344 0.376898184467314 0.0691112885762589 2.34578597783595 -0.963696134109427 -1.86879848798545 -1.57826828286701 5.59634666588546 3.16011787509783 -0.33196329768556
-1.72419828154183 8.85264286114943 0.396134199665807 -1.84265637111978 0.274318509322043 3.16846736924195 -1.6259384541751 -0.06636687646576 -0.343023299399858 2.85050872789958
1.24927621384971 -0.85942445024608 -0.2314912993487 -0.423808217164636 2.24514615101356 0.328622248977941 2.42337411169482 14.4893466452103 2.37790300919447 1.79549151114482
-1.73600869945359 -1.514732144895 -2.82701359522131 -1.38801447771867 2.4898264011171 -4.20898094250431 0.975893365331363 -1.24167513574764 3.6285434665184 -3.06143186468164
1.04399052328716 0.451711262286824 -2.00766557175133 0.669608763329707 -0.239078716680151 0.570476177125988 -3.27848229480407 -1.48171039819654 -0.75513017757277 -2.01343905994152
10.0626985475304 -1.62127951784793 -2.63000409229467 1.10644800945089 1.65607414410816 2.4518013020904 -2.02751020793176 0.695557530593728 1.98241610044145 0.142062148280322
3.41578434401828 1.73607068278114 -2.27500738134562 -2.23715420943445 1.8790707299397 -1.22587144345698 1.39831782727007 2.54264963318031 0.185717840726981 -1.3713680274399
1.35721794161874 1.77179369727387 1.62230664335152 -1.02339822984984 -0.0110954121002123 1.59263066585938 2.53963755824784 6.09726249207407 -1.30862633402681 -3.14701218927005
0.406213048558087 -2.25772212113917 1.69615738239778 -1.38214319820354 -0.309888442440979 0.127970577101526 -2.08998348151164 -1.98760921364907 1.18753152938867 -0.373125808508396
-2.5448271852218 3.21901572071949 -0.0569046035826425 0.522108006175389 -1.74183307858509 8.46061954750153 1.33084660977687 4.55679729940529 2.53207338431318 1.55131504147447
3.26104472288645 0.907821685586183 2.20169071101466 0.179916522128107 0.666026667639479 5.59668898147755 2.67361137074555 -2.41248762459086 -0.501899185884764 -0.012188751367305
-1.31129371497189 0.40761509360146 -0.840680932322406 2.84937095317974 2.61403493303778 16.7068997017536 -2.08919397867746 1.72808456882585 1.56712635847884 0.988996426234172
1.03988850726886 0.117784705388333 -1.13819449967543 0.172642031857482 -0.858653864450093 0.609093173322989 -1.36432076222544 -0.0428982219383303 1.90010892953612 1.19588801721454
2.04100542819166 0.908167628517068 3.12574548041648 -1.40142840927014 0.926372227067437 -0.740820858488901 -0.176165879235656 -0.34132533490189 -2.85792659852043 1.8259672992829
-0.356860690367656 1.16188371261855 -1.06241740767795 1.4596993801801 4.2006497714833 -1.65450141669629 -1.4807569317547 2.853095405003 -1.5744192489005 1.12941927501738
1.64028912325996 3.15004069981235 2.41198482772801 -1.85564557677971 -5.65568635694553 1.7467786160659 0.421713233380763 2.10938490101538 1.62052094459952 -0.814305387982512
0.135825258715349 -1.93300384036499 -0.31014228063852 1.02993009742938 0.138370630270516 -1.9133039510557 2.47677969658778 -1.13982357293123 -2.0830064450241 1.23668286215781
-1.5500155544629 -1.35702753748511 1.59698355316021 -3.24315981195959 -0.884285176722842 -3.92834255525096 -1.66398287247109 2.56026822130069 1.22082281902452 -1.13487604566434
-0.125099618754573 -0.831123804530562 0.0421380254637228 1.40726745180157 1.66888750330068 2.80089080751889 2.94277794586264 0.100224769191694 -0.732717899878624 0.667782946556492
3.03971919641541 1.73780598767603 0.0157740497532843 -0.685851718011107 1.89961848018288 0.133068221631441 3.63288601850433 -6.983509569494 -1.2296227436975 3.49733547220903
-1.8602863296037 -4.21593975224335 0.0278968698393291 -4.60173199829505 -1.47315207549104 -1.35177039385564 3.1012822358985 0.463605603154597 -1.35492099391322 -1.79844586531502
0.77341139800795 5.37018016395524 -1.75957491140354 0.870783684768202 -0.548840344127767 -0.576666120478468 -5.21466879148441 -1.651235088495 -1.81886662755486 -1.14116276796676
-0.379089197953123 1.92702737868291 -0.469949411229422 0.836936006797579 2.55193790365296 0.976654389722084 3.479146553096 -1.57259105704361 -1.59626837030287 -1.01596669381216
1.13026944119953 -1.09360930235878 -1.78951051731848 -0.99148863296726 -2.24862097648297 0.104913384842721 -0.25337885792012 -0.662228122174496 -0.177324941784446 -0.43703676681667
1.49402778968397 -0.114873964927099 -0.101356202396946 0.503415950428828 0.29752253960946 1.95184608551166 -1.69076571644463 3.1793017377604 0.745913163585198 -3.8028987430927
-0.771518460693132 -1.0455024096287 2.25671914158846 -2.06148503294126 1.86864446596731 1.34686014088405 0.774830604999241 2.42746074764426 2.54849392100723 0.554599137698633
-0.261678507078414 1.68682508460977 1.76995379244353 2.66462408989929 -2.11994572333373 1.91394861026495 -2.7023295181133 -1.65691924849059 2.27844094932861 -0.00965560691296736
0.88389288684417 0.0450767865681443 -0.390769210889729 1.842561099315 -1.85792633413142 5.37337187279674 2.02805432096959 6.57137068281558 -3.84473887595152 0.842197932808683
-0.744090624703834 2.72040514136875 3.51427657203435 2.17709773621112 -0.0725986798644642 1.72332752575351 0.0270928021716985 1.14476986363754 -1.53051157560365 0.882373566132682
2.94452047183259 3.9137575677117 0.00876208387692491 -1.24879408713642 -0.306166013912474 1.70227993122231 -0.296508069145076 -1.32209087863824 0.526685618212988 1.51980889171194
-0.729699821447291 0.600150911419604 0.78971080969527 2.36168863399619 1.20232578935699 0.749729406070441 -0.277064162165136 2.9419790133936 -0.866844347647713 -2.24404395145457
-0.249474888774984 0.624384643824164 -2.33683538234819 -2.25012921829265 3.10859167634517 1.73110294574937 -3.10775703566116 -0.938646544133156 -0.295467526564034 0.122894291497131
0.706808207790778 0.403400477339377 1.33145791489061 1.2897157767695 1.27098022855694 3.94386266527669 -1.15315769408046 2.47601575764591 -0.52373232942397 1.01940737434914
-5.50218796667961 1.29954558084338 0.0682781158511592 0.326266439843866 2.07867326056154 3.06527100046136 1.66308613537423 1.44564755849633 1.43292390173996 -0.248674714826437
2.47463106926648 1.83754272188959 0.879829269024656 3.87257807196821 1.61083039984056 -0.328748383956396 0.671570560610448 -1.71509636424198 1.9554984044991 2.64550628719784
-1.76351203893983 4.69013767970673 -0.73338368340017 2.16142423045879 0.712151614971654 0.0159258165270969 -1.14083259130496 -1.99472900315935 -0.0377109396938076 -4.07838781807057
-2.80893189618508 -2.71178147803169 -1.74792442311127 -1.05513788570845 -0.284936198409383 0.361535686426149 0.255436261892059 -4.11861576877527 -1.62644783517824 -0.536913153199007
1.14933112829774 -1.82109368124842 0.0519997334427851 2.86445964135273 0.667796949290053 1.19346994650738 1.14039011493485 -6.54329010452702 2.04343229003769 -0.742497371453854
0.242307761744065 4.91689524361357 -3.10366947072921 -1.00478551275439 -2.24765066849098 2.73071311249579 0.512541060860302 0.540470692977252 0.991993753395417 2.55945253687146
3.51650456947197 6.6156573031686 2.16887567114094 0.453807191304017 -0.253718737061302 -1.61259550699525 -1.19924592041735 -0.287239840897624 -1.77782517160274 3.08049644504285
2.00188233171632 -2.04232758467571 -1.25205289898862 1.60336464642133 0.612843635638914 1.47937333105195 -0.666883022467515 -4.83373882059104 0.792995993246876 -3.9445439403989
0.383373235637907 -0.0922382118975524 -0.128638088020064 0.56672554893911 3.06857453999045 1.5497804467921 -1.20566418542369 0.130319604402419 0.920233117930075 -2.01946063778027
1.79811633810472 4.8350901486886 0.117006415380795 1.51457555411943 -1.6442160304547 3.65588011110938 1.44255131784621 -0.238159105517489 -1.59305399886151 -2.975838113537
3.83911835593147 0.0310931469181233 3.74404595433444 0.983548061290049 -4.21469157073065 2.8222741925314 -2.17985767339212 0.516667982019277 -1.57321152256454 -0.8685145674396
-1.80570696631734 -1.78992215423096 -0.814073264981167 1.50031161050889 0.520875409112409 -1.34396151841782 -0.899855129688505 10.4430477633693 -2.28807328769534 -4.41776888117519
0.425557978977573 -1.07480690261274 0.795070162892854 2.60884460198417 0.758353671332766 1.37948132004816 1.01118595003397 1.64092905790627 -0.52854822826596 -0.508199968232687
0.831965391682078 0.372658912475587 -1.79496131215265 -1.1024547699599 -1.2528200785764 4.10235272766424 -1.34383013438574 4.40512344128551 0.175842550980866 0.82561864894113
1.0389052508937 -1.74439431177977 -1.69078946590032 -0.925728595179256 -2.18512277591797 1.03246843200215 0.235767582527773 3.83818457425554 2.82800912034175 -1.56580292831611
0.712997013917596 -2.02498022332221 -1.22542830122432 4.68899466926206 -2.38731430441486 15.3681325814443 1.56545012387975 1.38367035558953 -0.438271147810641 1.18365797362534
-0.46805136367316 0.499611854853338 -0.799697537803711 -0.0952453828166528 -3.59223320850237 3.46351075931025 -0.926125997755391 9.74653923104283 -1.77717857043292 0.364695934900718
2.58176430050536 1.99548606300918 3.48329365769349 -2.52836851545803 -3.34441613222858 -0.0121993169382278 -0.417005702232128 1.47286781195555 0.766109055303911 -2.51864150321242
-0.841915797815639 -0.25747808229815 -1.02145129347051 -4.70120554318137 -0.545973247482723 -4.30415173995305 -0.352003550219773 -2.67629185803995 -0.00415334132010996 -0.816716881323177
1.50067378239881 -0.974505489130257 2.9442624898158 -1.70489795765025 -0.761576790660505 -1.33742147108801 1.99983766987693 -2.19248953254947 -2.72974993348899 0.943208967820287
-0.182261819556341 -1.13469116258816 1.27993134777891 0.861749274819469 -2.47183443665085 2.01409020001209 -3.13305422765028 9.91386175628245 -0.985549311441136 -0.0187264885392396
-5.19929439661423 -4.5277318190873 1.76768666937128 2.7861855164839 -2.81175569721336 -1.31796103893252 2.22447942543179 6.14141412080438 1.28833043620698 2.3200156598813
0.289294008939848 1.00883871050056 -1.03387402757405 -1.15827664812887 -0.838968215127932 -1.3587738639518 -1.38820955563629 3.35097785206177 1.14789221015703 0.0897197364504396
-1.31321377142213 5.42418730757767 -0.117899804071425 -1.06108378464308 0.695706901357811 -0.0173706651896482 -0.963025112182017 3.53122851184552 -0.381574774389942 1.19355809738858
2.50426664680658 -2.6227657619845 -2.38472889328836 -0.295995912286905 -2.79839885455294 -0.86912300551157 4.23390525951067 -1.92227992935256 -0.426925832866622 -0.295017139539081
0.758238356989001 0.4223607755204 -0.782366862060469 2.74280756214344 0.782038919995133 2.00976723547276 -1.15012475991621 -3.90428433486176 -0.950334448626896 -0.708760036746215
-1.30570032915671 0.989226404334822 0.643960640208944 -3.30752822961215 4.7890391221627 1.11731933553449 0.703987138799344 -1.13259436140635 1.58631656277379 -1.31010003735908
2.2225056213619 2.63741686748604 2.2473251944003 2.42766919730053 1.51270210769781 -0.841136105431227 -1.4864760514386 1.4739152407521 1.49852457497919 1.73291834655589
-3.00006542628002 -0.411005999545343 -2.35031959316259 2.24479405060465 -1.47555239857158 2.44333393872025 -2.71175219404596 -0.791241169862797 -1.80455412878995 -0.806488416171157
1.1666582365656 2.50087469821208 -4.33669182910256 -3.29905573879922 0.30510386067913 -2.91154238734183 0.0896697347620087 -3.22452768854357 0.832206149356972 -0.911759082858539
-3.03362639643316 -2.43113264959141 -1.52359431994447 1.35453675779642 -2.12563858740626 -1.05848628237323 -1.91982288060577 -0.89730982127805 -1.18212143430726 0.693425337838711
1.66560382121362 1.80470156381943 -0.429534044769638 2.17922801672038 1.65305228393449 -2.45308077526057 0.125956925108658 -1.342118585569 0.743924844556388 -0.145850324077788
-4.00953914946249 -0.459246147428143 1.61026655228399 0.550549924215811 0.351035880920779 1.37254846668083 2.03382517107501 -1.09459293760712 -4.82475091865105 -0.420184515802821
-2.77070939811486 2.09077799630134 -0.611101640025387 0.364731831366817 0.458578281767982 -0.358454929339381 0.404328753610646 1.76052083428318 -0.63067186694 2.13885123914685
-1.26112263525745 1.86760346771538 4.40339543100243 -2.44278163075103 1.8475961657727 0.387204991992718 1.9188155516035 -0.563300986724458 -4.49030379526342 -0.925694772997041
0.314125436870183 1.50554712006546 0.937379974864519 2.42826838055544 -3.36824700265039 1.92334595384404 -1.43715114590778 -2.44923695326244 -0.0552402112671718 -0.0447336757204976
3.93346619754862 2.16077610195385 0.707456979997676 -0.881867961062106 -0.992412779111919 -0.194726135087132 4.03916865118041 -2.39875474127986 1.57648670076892 -2.40858087891502
2.68521624246028 4.01260237071604 -0.42655176034249 -1.35274319526643 5.47054085840764 2.61338771681036 -2.08114313183781 1.45961291416975 -1.5450983076375 -0.328054620366026
-1.14234780246039 -0.763773073611732 -2.17423756925886 -1.94166940338932 -3.10534798831555 0.267423926275743 0.385349833602074 -1.55157370715377 3.36195612252778 2.66554632240998
5.50707391457314 0.531451639046691 3.73286676503488 0.413994679044185 -1.02926377421884 -0.643407427345896 1.41615551102813 -1.51949220701876 0.42293263838305 2.84763535467768
-1.07900485005117 -1.69221465894613 3.20838381988107 -2.09511432020745 -0.726844073244095 1.70521978477695 2.11476117502228 1.94544376556604 2.74394492241095 -2.47503888579376
-0.0195252528383547 -0.0407091745788831 -3.63137308046611 -1.08879955036566 -1.2149934350275 2.74060037021145 -1.83477483252773 -3.83477380685789 -1.15186336707108 0.278701130322989
0.143180994333646 -0.414569537010827 3.77761649335706 -0.449779684544561 -1.45513489374184 1.69598634440927 1.74873305595077 -1.26595801145374 1.01674373133655 0.804919085445499
0.383215903279621 2.15381114367789 1.16119331505653 -1.54596772154456 0.35603211439816 -0.525513316204764 -0.00722235036410321 4.04850049859795 -1.53932589641831 -1.90676351651142
1.24286919024636 2.86094439175595 0.507361019782258 0.861847041623014 -1.28807030656656 0.905431965178926 1.02985035084503 -2.00218385241713 -1.27996365013366 1.69356631622321
-0.992720336157163 -1.63340918712508 2.42315877368316 -0.285550034331323 -0.877093891258096 0.0527848278250187 5.1980443804847 1.59421682517167 0.575969217392216 0.69601655833882
-0.974381427355018 -0.31246700799358 -0.783237415079862 3.41795086131725 -1.23224305178718 -1.64423251957108 -0.469067682794236 0.7256481086935 1.70413483631192 1.86953519572243
1.88283389083207 -0.719249273437661 -1.31110131632894 -1.25100539027967 -0.58733604133514 5.73697531066397 0.653438628683722 -1.63271808402114 1.64757233285801 0.371775324619955
-2.1622765780823 -1.45604059174683 -0.601205235628709 1.09730129393562 1.76017903979233 1.70211033781597 -3.49936233492452 -0.673579804303209 -2.91319548868675 -2.56128528439549
-3.18271079466884 2.43916691903256 -1.07784401781389 2.88957122475131 0.347061894974955 1.60406806660929 -3.15658400752107 0.518528602209044 -2.15212877543301 0.0361397719852079
0.825978431803023 -0.452824574820114 -2.2876014035724 2.81709321111249 -0.101130110515873 -1.68967567477009 -0.524942048224548 -3.95597542559308 0.10115588531944 1.66987260870459
-0.77515852287392 -0.490943530191123 1.11701183086407 -0.782832307681542 -1.5149052893508 2.38049672867004 1.92620842373139 2.25427464168876 0.411292398317297 1.42404537402483
-2.07059614604927 -0.641072132486721 -2.47447379995481 -0.878061690401935 -1.04017341337682 1.80707848481345 0.488366507885485 -1.01881115579249 -0.926784128537516 2.75031289545613
2.46465003836143 -3.30683271799612 1.47258255038375 -0.0706246655482022 -2.81804223516058 -2.60243523916908 0.6821628375327 -0.829573698524234 0.684895425100753 -0.593151640387067
-0.496845634826466 2.851011009838 0.392578401385241 -1.77448167568192 0.865753903451378 -1.18226729472032 -3.48943356780755 1.70119892381366 1.74439780256659 -1.93735148303866
-1.33998674392728 1.52230607380382 -0.694786369418072 -0.149524000840287 -0.0970484501279121 1.79304393190989 -0.498571005644638 -2.20202160936023 -1.09051876983472 1.1422834961639
1.43821107309317 -3.14332203692378 0.48774057297325 1.20353145962045 2.72807181406761 0.246933024992923 -1.70225799304222 3.00540950981519 -1.20688336568265 -0.0817362162504582
-2.10230574131645 1.7550825827093 -3.22325678434398 -0.0738939557462031 1.17797833280909 0.287570331205818 1.80009243520576 0.764857579578718 0.434271126391086 0.975233813869285
0.553969895075753 0.652697847357737 1.3414515625571 -0.026962347441509 1.64868264553937 2.29540562938712 0.323181938542857 -1.25493492515517 -0.467993798252187 2.42862608828251
-0.421317672039019 1.56102904567475 -0.443665855807711 -1.00075410837502 -1.49948647369521 -1.45213221041165 2.62164854052532 -3.35247018222571 0.591682589690088 1.0940438020164
-1.49803035504251 4.42269767707178 2.48286486427892 1.22428540474781 0.609876430654811 3.1152099831906 -1.65957326470575 -1.07797154899392 -0.526656479848222 0.604794493556293
-0.142836294138947 1.13023102072366 -1.68751508034768 1.30710761330396 -0.0212630163729191 -0.557320595016489 -3.44352361740106 -0.302530394608535 1.2018832240938 2.15005977507515
0.0943552302575548 0.894964539300524 -0.122621321984206 -1.32417340234294 -4.35718184564244 -3.54006146499848 1.51222307844949 -1.46143821814562 -1.9071493552334 -3.39488545204447
-0.0446606151356754 5.23389463345826 -1.97083736342341 1.02563864552321 0.102008880557635 -2.35569286112418 -3.29458900770832 -1.13594124866913 -3.95135749504511 1.50306876339675
0.184809833292238 0.570429922869783 1.96125953739548 -1.2189426552984 2.65529844719765 -0.475028786771696 2.5012353153966 -0.536059074367795 -1.21909078090427 -1.23578716867119
-0.812619073228975 0.963568366053955 -2.99473947473251 -1.44055948642467 0.294607569004732 2.93248867792548 2.0282606308547 10.5697083954528 -1.32634593417545 2.21664961880223
1.75564882544955 -0.452738674762053 1.618084572825 -1.25176158219327 -1.468407640965 -6.24886577759605 -1.0817090795656 3.14661904064555 1.16763020883281 1.52309914323603
-0.418988947816096 0.724187893420584 2.59415937042515 -3.13189437240824 0.84470962925696 1.46275074290525 1.14854166334156 -4.78380215675832 0.0675158505455126 -0.322433180540232
0.0533209611611982 0.0368195365824997 1.32501197847152 1.62663700405698 -2.99400893898177 0.922310074740998 -3.227735349771 -2.0197863059439 -0.305762994780217 5.5353948373937
0.101934860246256 -1.4535958557464 1.83476522349102 -0.330086561361589 3.05388518390666 5.37724468499122 1.36612346152095 10.7660263145514 2.79369283710743 -3.154833317176
-0.699080643182539 0.88303308903205 -0.560833243107295 -0.500953096912293 -0.837556963143111 -2.01965774864818 2.20228831002608 9.96378249575342 -2.51195224289951 0.269561956493109
0.362899720148885 -2.23511584136687 1.93922058735254 -1.97892802844138 0.116325670462147 2.19521199116456 -4.6269618114563 0.957725698980796 2.69349758419557 0.462324448628098
1.14349885157379 1.60743994855213 2.73874543394663 0.871652263384886 -0.315669598932276 -4.24439324183211 -0.852086782429404 -0.0512302579162973 1.6096248758259 -3.34236415640483
4.33239427658677 -1.11654053532245 -1.06882126973793 0.28509789227183 -1.18238169441 0.0216160857184061 -1.88619504480531 1.36458994895725 0.648224417464624 -0.299234601782008
-0.990330126374684 1.40418647424003 1.22237773466663 0.0179545961222493 -2.25859035633712 4.51917617428384 0.521085118993191 11.3347341627703 -2.15007617332869 -3.08224479629851
-0.0926264981868641 -0.695687685333978 -0.829157645994769 -0.108418587845573 -4.00758964187033 -1.73149865493905 -4.65719338620337 1.26738448019901 1.64173623331322 -0.91434677390468
-0.330376740369124 -2.612357749516 -2.89255635058991 -1.57871740037826 2.897564704983 4.13036290459424 -0.953819116933697 -2.96746951329141 1.40734520386443 0.659805549530015
1.40866961434424 -0.26843228456441 -0.867757124569684 2.94170552138801 2.40655024080822 2.80879591702502 -0.388251370146012 8.50317377740789 0.987195320578438 -2.00262067343627
0.989854110550635 -0.0446991119642278 -4.35728912791947 0.358177750443406 1.08673880355618 -0.660783850454307 3.66896219324065 0.562734110120725 -1.34259750597097 -0.560993285163305
2.8718301830737 -0.830263374286074 -1.79869147766662 2.12234256927595 -0.0766533859792009 -3.4322357089486 -1.18275767922722 -0.637342707620479 -1.59893883302762 -0.878606986290149
-0.348452340263009 0.996656956610891 2.12160088516265 -0.857077471701294 -0.982039738467794 -4.72807942610656 -0.0887413245444055 -0.281068127014259 1.14810103964898 2.12391312764784
2.17730760438146 3.81621749054687 5.64079422163143 0.451386372581607 -1.48732512174775 0.924271828645273 -1.26622628993426 7.40471608329369 -0.404392103953019 3.35409187842688
0.384416902265539 4.7292991296423 1.68034668864325 -1.18896298965437 2.46712178198476 -0.927413290722146 0.690472677569338 11.5567020004535 -2.27887495014019 2.84023987478834
-4.2299967334676 2.38839167410588 3.95476670308976 1.54946435201777 1.94397494571231 0.213370375717288 1.60842111452791 0.396480061153218 -0.272646930496511 -5.05165204731437
0.21700803881646 -1.11348570744708 0.0542486293625711 1.58881690786043 -1.99186866450766 -2.10186338760692 2.62032866066586 3.65773888937022 -2.72537193159828 -3.94014218217942
-2.14255568185909 -0.815819359828123 -1.17096631917482 2.53113973434585 0.642824226723618 0.153405796834656 0.612411666813225 5.81834687429877 -2.2874111854855 -0.694766286773126
1.3514537556082 -3.22930652976 -2.26108857875577 1.75118288998768 3.92847597724022 1.59736553493738 0.469633067450789 -0.867395690973193 0.721282202728097 -1.18460764083487
3.29610894938807 -0.41756542237154 4.54685381890911 -0.0947915522554618 -1.11318783746974 3.94582192935906 1.99601718308207 8.8255316624307 0.400178403628685 -1.28029846461481
0.562026120862245 4.48289023662282 -4.63533249193905 -2.37393524487335 -2.65175631340914 6.39667323316056 0.6790162785371 6.56836665738862 3.09448270443783 -1.47651539256445
-1.60822917382572 0.73224722320109 -2.23446055994552 0.283446096674856 1.95612380087892 1.1185481061003 -3.10497386141494 3.14029394495702 1.07853159412544 1.87678666487868
1.10933527183213 1.03225756613041 -0.383722598075412 2.51462957830495 3.36139579330071 -0.120373869344477 -0.0471892644819358 -0.141448341512549 -2.01443391530882 1.45271416215628
0.663204363048206 -0.28668322569745 0.914610964916708 3.79631572322551 1.24669780310261 -0.828859966573972 -0.718886250703211 8.98852444773457 -3.69636795033047 -1.03464416218648
1.02306795909299 0.392957662113071 0.028446658286517 -0.548982263144509 0.338531655783963 5.35071013934076 0.256798029118995 -0.982357742475256 4.17721193563882 0.725724780032144
-0.184848248461513 -3.69400385383576 4.18875531019353 0.643063677040463 1.99231995678044 2.76437355219714 -1.32323090757333 -0.593328718272436 0.27098807433903 -1.58532747620236
1.98459151863695 -0.453466478925092 -1.62129310243707 -4.674814675312 0.198189085367805 1.54586784235084 2.18057357320592 0.401891167786922 -1.69951670771277 -1.14392486535248
-2.39771632700217 3.75086024670668 1.38589720528676 -3.01996415664767 2.02785389114617 0.992472529525311 1.3757608407639 0.126520882089173 -1.23011741862647 -2.07684282155026
-0.714624738276734 0.789335713961102 -1.33435040133228 1.23105419799617 2.05778810979714 -0.829292094371694 0.316805901694221 -3.35145382933077 0.958700878803984 1.97150675179655
3.01415133054408 -1.16205731449956 -1.24389768090835 3.24464006644724 -0.502934050479652 0.681192359014614 -0.21920652465657 -2.06363712626028 -1.59197053438413 -1.47976837279948
2.43709854558264 -0.11653494312376 -1.1485434689957 1.45106307109203 0.147434905037319 2.17396980198029 3.40674679458912 1.10215141902062 2.99906610789102 -3.7101786632941
-0.166319981734271 -2.07658607555899 -1.32161453598998 -5.27903580997599 1.27945291974799 0.203816063125949 1.07560341864758 -3.08452057926249 -0.645672222311717 -0.936703694998747
-3.61063981354875 -1.30691619817793 0.14147380474508 1.60279229831909 4.30296078748738 3.02809474501195 0.908627576494142 -2.39697760456984 2.03539287224073 -1.6866614140563
2.74821888778504 -2.02028227456544 1.78163342896176 2.24146415367125 0.184190753741346 -1.56323486860912 -1.19020910188321 3.66364684787313 1.44150274219541 1.91390265003428
0.452200455618172 -1.02932608143518 0.534349931383139 -1.39130154446495 -2.88067450754736 -2.06034430340856 0.41261446951535 -0.642520006377162 -1.85351831672411 -0.693525486048477
1.39118198820438 0.830215708761952 -0.0527559022608271 0.121370501247186 -1.14026571571964 10.0852040181763 -1.2765920496306 -0.286696839564834 0.276948259460065 0.146658068052337
-3.54965887435251 -1.82144445482279 -4.83145073525136 -3.06001277686881 -2.25901373919079 0.23148422931715 0.0364246418640012 -0.168075743194883 0.568838462895137 1.83960556149578
-1.72140389731932 0.397418634222172 0.227993598368375 2.92501944972411 1.81178838595486 2.50665741238214 -0.0357620716269896 2.01592288846208 -1.6637408824361 0.568315502411644
-1.52686814168428 1.72745567574035 4.30594103488918 1.27786252415138 6.83270239447219 -5.36401138079563 -1.02633418416039 0.20585475442713 1.35365529616825 0.924920889769865
2.10479934061531 -0.926338973412587 1.27408849727282 0.528604213664956 -3.0256007656158 0.654791797504271 3.49700507391398 2.38962432781384 -2.95726855920109 -2.02548790106982
0.106764191838843 4.5814526168393 1.91970588547244 -1.21640913842277 -3.59407929475096 -2.16085246313526 2.84668548241509 1.09672446700389 2.88649208287709 -0.232657446737006
-1.17598795302113 -0.721411689400155 3.84960383539536 -4.22850438038269 -0.914982226493603 1.53779812328529 3.08051214807411 -4.19451628647971 3.01258866692611 0.270870000676689
0.946033975388166 1.37369271330296 0.184402139419176 -0.929914350229737 -1.59020174265724 -0.0406098706845302 -2.75435135115888 0.210348377323486 -2.05179958431343 3.56203058294543
1.69904743551777 -0.545150690282702 -0.689312818503898 1.98824195454861 0.815361113255855 0.0163101690842053 0.426139534798758 3.63667317864393 -2.14496801134841 -1.29794914322283
-0.606780916080355 1.6328520565823 0.519718611438248 0.696827212519971 0.590513246049122 0.756464101503143 1.79226205665478 -1.04080578334481 2.00965791520692 -0.799896625791388
0.746467008772523 0.99764371173749 1.16915950547068 0.623820404783703 1.3741238543987 1.28648274066314 -3.64631825194722 0.390692599068788 0.27671994604467 -1.42241745409922
-1.19461264729967 0.0547075604564402 0.377636527868954 0.669065281264623 2.62137883004837 7.04429120916205 -3.90599578538189 0.436182835242932 -2.96626055673028 0.272434801603158
-0.203130502393806 -2.11365892852158 1.45926894865706 2.80947593021595 -2.5893770730725 0.850196765281059 -0.574495019677492 -3.40085820754752 1.55890690675456 0.702593985321039
2.57655822842151 -2.58390385800834 -0.212826297073423 1.23199247090528 0.853841115976254 -0.573896431907596 -0.913922361087258 0.205066051597085 3.07188660558622 1.89070484945292
-1.02854868563155 0.836066863446412 -0.771648978960492 1.06583671390508 -2.67657095332618 0.289930840328978 2.4647946998513 -0.48503864997728 -0.240882309231172 -1.95234631268808
-0.041133317825261 0.0621666925591494 0.272431755166337 3.10219957129811 -1.67391401557499 0.747700881718124 -5.35933626667226 1.07977379950333 3.45859181912893 -0.522655619038076
2.81428433719765 0.139730118508355 -1.17162058798997 3.2137553985362 -4.88283467314808 0.506138613290313 0.813060576400006 -1.42893541478045 -4.31389778967977 0.963449428793826
-0.826404417101912 -2.60146441496641 3.80299843009608 1.00898208688796 -1.64020440481337 2.34876412019472 -2.81307976080353 1.32809108848282 -1.64175124168241 2.77245441459917
-1.79088095703271 1.19160090421126 -0.68722685766106 1.0391895453839 2.16389725207691 -6.33675270390319 -0.909569825235779 -2.27647484602005 -1.38619637375676 1.14631330891052
-0.0275059148652279 -2.38291396618239 0.484304007647119 1.1971085490745 3.04460549689729 1.99533008170239 1.44267985197799 0.0692371639218679 3.87770117587285 -4.20771622099721
0.67651051636226 -0.602752471781966 1.09033986828432 0.448058743499492 -0.769866828949074 -0.304220453983625 -4.47452486556926 -0.663041774306438 -1.81067928978019 -1.06937910116028
2.38258235693993 -2.04236604775253 -1.07922738443269 0.190446503674595 1.17819659627471 0.93796432899357 -1.17634520276043 -2.0580549703324 -1.44090183991975 -0.319565713599279
0.696330268796207 1.89044064761652 1.00889769241686 -0.192097394153848 -1.34162115047998 -1.2606001077876 1.03010038248442 -1.38513082231205 -0.0840996277076477 0.795711213345858
-2.95811748460713 -2.86159562540533 0.329076981992569 -2.85534850266874 0.110226251910233 14.7483914018699 0.0218893513616192 -0.284529733900523 -0.389438000537725 1.30040433765541
-2.03495940094911 -0.764949760616769 0.166322907244139 0.0136058090820338 1.20025469822465 -0.368229881554557 0.323516192886813 0.563395849506264 -0.100867491732832 -0.399915102969051
2.45847990857624 -1.52368920755242 1.10503363729012 -2.29779394010842 -1.52772762654446 -1.41269862308053 0.609206558450671 3.62819601308378 0.231498750241762 0.858481921675721
-4.65887203187498 1.0331790259645 -0.0144778752961899 0.684363289261442 1.21687868031172 -0.0512071791233746 -2.25712821734094 11.7654800833428 1.08962293336283 0.977389611384551
-1.66285458109453 7.12133925613962 0.761838509064836 2.77013413870546 0.374040810932749 -1.06219594854522 -1.80619881146742 -0.22776636412951 16.2611849407383 -0.888630664971659
2.09952246039479 1.41911902561317 1.29867205762055 0.288524734861594 -1.44082848258691 0.0226717971554341 -1.22829127569981 1.73470750045368 -0.403803374153424 -3.06643592225958
1.43941731103537 1.3541470719618 2.84780750807853 -1.86069968030681 -2.90645365026371 1.57466425856702 1.81377202453089 -2.63500539329003 -3.46899294547166 -1.22831513048104
-2.89795837771765 1.58040009217355 1.91888784318082 -0.828423840378745 3.37042658427226 -2.01329592163568 -0.779318798106846 7.17532494517776 -1.59178259908695 1.04195833729568
-3.65169245117705 2.34031713469247 1.34199719335744 -0.969201840785241 -1.05264034538629 -3.89047745381443 -4.0670816711551 -1.87109341527252 -0.557891524374481 3.90520578250256
0.4214868826996 7.96314068619543 0.677221947631561 2.89980999243533 -3.24666220103589 2.92080284339339 1.17918118221264 1.706036504193 -1.07588175116287 -2.2731375912174
-1.69905972675825 1.37215123852445 -2.64870495973087 0.179640645041466 1.55622048512061 4.69257611728095 -0.899873263468051 1.40084532645834 1.21857245321477 -1.06972528314701
3.18780473918437 -1.2121491463782 -1.06989130601202 -0.0310147219365144 -1.66280949553388 8.92444930527082 1.64741637915123 11.3195889894675 -0.368516889811607 2.06909198189925
0.833884299817684 -1.08747734820442 0.136883675609656 0.554916765285019 0.454764495872066 0.619936389992097 1.14547468873375 2.30351527563731 1.09349448306563 -0.700563567734685
-0.56769278468426 -1.78334684797847 -0.0120512719155589 0.11566459620771 -1.54980284838749 -2.37890920735745 2.34795741173128 -2.59433419635198 -0.214980466904284 0.131332070683717
-4.58041531618421 -0.535323198423019 1.20384621613242 -0.738425781082204 -0.63257263283094 -0.834762077625441 -0.250538038774881 1.52359956615327 1.85497564941125 0.450077707180255
1.62501539210544 -0.32190038791613 2.33052657880113 -1.99946474670565 -0.211762279217129 -1.09359749896604 -2.55021109533975 8.0100402175028 3.96382975909087 0.608143417954543
2.48712490126019 6.22881708760362 -1.05765896751269 0.469162549471374 1.73048928215395 0.0255895343426402 0.473896672015258 1.90058566975142 -0.130469625630855 -5.29499660449112
-1.61496635206489 3.28972101144581 -0.703954751233035 2.11901494035103 -3.51908532498551 -1.94737702322286 1.14037258228197 -1.51863671838109 1.85264634456319 2.1287629990002
-2.21898593038764 -0.776804078821707 2.68814958002976 0.597760232895045 5.07221448634394 1.15763093149288 0.967696778747868 12.2720228362873 -2.65534352354309 4.69877025716859
2.7013944066026 1.65005850800985 -1.03815319923871 2.0413889399121 1.21559713865597 5.37544743878586 -1.04692805650937 10.1538023235148 2.37306967912697 -0.273184239140367
4.89611432245755 2.00657636273419 3.41078103207048 0.559383454484309 2.02820652115686 -1.17148327184069 -1.9300719340468 0.0469551500021698 2.20790351849619 1.73817631129699
3.32588892355112 1.90287749710581 -1.73994453351062 1.63825814032362 -0.765293536360167 -1.89194425955686 1.52083228861643 -4.24028921599034 3.17806790563157 0.924463994077627
-4.55902848231236 -0.819187629470014 -0.749836394347697 -1.5322396277652 -2.62070716373133 1.80140354813288 -0.253318878778 5.83935805110734 -1.57180482071614 -1.04644293961471
-2.03704261296075 -0.105105490738413 0.0766364709407178 1.32059704791107 -0.215009441728763 -2.50398939574215 5.08881541652282 0.119746799876351 3.10928626813684 1.06800828775918
-0.674542417932295 -0.213702371015919 -1.92146871073109 1.67643764335555 5.89683804181106 -0.978058025935408 0.300270178567485 -1.60485188167379 1.70424001241037 0.60636335649158
-3.42793591702251 1.0774191818586 4.75552074979311 2.17582972665457 -0.171612450338528 4.58259770155195 0.36407483557342 0.0641472801410613 2.06937711543547 -0.107063717098108
2.30976044532532 -2.03604890655225 -1.4337914103312 2.19788429952729 -2.24641108398433 3.18741221112346 -2.74715121094275 -1.20843662869618 1.26081033740831 -1.00285697021398
-1.07472320772805 -2.14964169155855 -1.07715873203214 1.83690200001566 -0.792571189625499 -0.0628201542612604 -0.272479829794848 -2.36223959041864 0.765070019547687 0.679567519597999
2.27800328448732 -3.45907322330162 -0.987002114100227 -0.529080836095282 -2.02970645407592 -2.33621111533902 2.39249164774784 -0.276597855688606 0.285598037307952 0.134343240201162
1.21093322958117 -1.14889503255634 -1.11966912896112 2.49805035249489 0.399802630166954 1.01090945029972 -4.61655918171973 0.412163951674656 1.63758957226103 1.97037505232342
3.12725871103757 1.79815573399116 -1.84966576951861 0.590725922980045 0.254917233137853 -3.60972363631402 -1.61761128718311 0.10293047515823 0.198037976822674 2.24360862775
