0.690534374383044 1.42760615881864 -0.216819936425949 1.82792599846014 -1.05907599308986 -1.16641547443374 -1.68479352348196 0.81077258854342 -1.57808822290319 -2.01709384646106
3.16754745811581 -2.59616635823031 2.0306902205045 -0.610450872698369 -3.4133004377352 1.12692226232383 1.95347572304287 -0.558189123349893 0.79293915408422 -0.00285682842783597
1.15060076332483 -3.32080649540444 2.17751758263963 -0.842821198610447 0.291486721793688 -4.96781071207928 0.471766000677231 0.19928561733734 -1.3011380617715 2.02705790480761
2.70771870179229 -0.547327400206523 2.93482528755588 1.42510568797018 -0.570286407862594 4.09032475589103 0.963481426007594 1.97144640829814 0.522803998092312 -1.19999200346583
-0.158595945533415 0.535452566785484 -1.15798746562535 -0.54149314710595 1.45495473648529 -1.50601543163249 -0.46526892380309 1.48380904469573 -1.92496301048469 3.40351032680917
-1.27068986524038 -3.87282366814632 -0.291385069932056 2.37382519085692 -3.80453848178896 -1.9179817255484 -0.103794020307761 -0.214803731578082 -2.61072612165212 1.97000522785243
1.88112902266402 0.982182184231229 -0.926329840040575 -1.60675878516245 1.50156774699698 -3.48142555112529 2.66423879287421 1.2464987874059 -4.60937172584554 0.945553096132166
5.39601958819131 -1.0774970415577 -0.19911945203394 -0.0212721449807894 -0.783107923198067 1.2633264832705 -1.61141385474666 -0.140741034606853 -1.46390755443273 -1.67688781839084
-1.75798155137993 0.713826685510494 1.73922741136865 -1.41830144634442 -0.807563167765037 -0.165755214039523 0.562520918072456 0.243968761164499 -1.25404178161247 0.376596293465196
0.557614844168784 -1.92020492552125 -1.33260324533241 -0.514525754632413 2.22335727257439 1.03960085442607 1.20167223936935 -0.344821630157892 1.78691765257596 1.9361682939418
1.53572734461086 -0.151372720578211 -3.5922931647156 -0.710108302705604 2.06590707719743 2.41976053570419 1.78420935153494 2.10439797219541 0.415562668393894 0.472919301304929
-0.029122832198274 0.261033505347394 -0.787585690921767 3.98100707028859 -1.35349345317121 1.27696067119612 0.213459783506752 1.19488549740726 1.41391621554097 0.219944421910933
1.81833633694217 0.794180520770553 1.13000783731477 2.55990432938097 0.577370571696984 -0.959573558658285 -1.66255256138987 1.16484573270868 -6.01889748699316 1.96021769384334
-0.705988696335419 -0.867571427185381 0.114585377322633 -0.705061037766611 -3.86389131533225 4.73197324223521 -1.4797361302137 -3.7742654710072 3.45976511168621 0.583620594364314
-1.2439280408373 -0.934090056661954 -0.468291242419644 2.03423733150562 -2.72571303458045 1.04987035678439 -1.19083904496182 2.94401185651137 1.84415174826099 -0.854678476210477
-0.554694023306413 1.88301112791001 1.34882915012108 -1.11169432251593 1.72996312701355 1.08112724672955 -2.43735838554197 -2.28945991712395 -0.971965686897609 -2.4615731269085
1.72690963664648 -0.64338170659361 4.54857035243707 0.994904901564329 1.3493373605054 -4.81408299900891 -0.0959305476285942 -0.660569647290565 -1.18025114218707 0.0144151753483456
-0.0344678541911215 -1.35806266942936 -1.02990711067028 -0.0193781747141933 -1.74611608753313 5.62460328762076 2.71708733821054 -2.29096631441406 -1.25877411048052 -1.20259940363631
-0.0690759438221576 1.59970776986226 -3.28251717070199 -1.72899645316422 -0.475973437997734 -1.08344862663501 -0.39464658882728 1.00113814570024 -2.05494937201617 2.13643473523659
-0.677383515009749 1.55758944675656 -0.842291572004317 -2.35125927609791 0.107605902978926 0.47450809416497 2.3610330729999 1.02080591983137 0.73492808792253 1.04774985802093
1.25128258721155 -1.24969845233733 -0.420224968853085 2.9335544182792 -1.71567348585339 1.53481051115015 0.421899343754853 -1.49938008540781 2.50313423329577 3.66753436291567
-0.522263679646024 -1.05800887335796 0.223139660688273 -1.17581804231623 -1.05557946054542 4.12511224881678 1.78143033766691 0.107681133729829 -4.62995105231047 -0.598928575771816
0.347172824240802 1.38624249506889 2.04100385843157 4.81516162618641 0.649449943147792 1.5441508587598 4.61993737104186 0.388362092576343 -1.06154593539546 -0.814415765727228
1.88202263972971 2.05433411259271 -2.37402304475021 1.83486486234316 2.36625573893523 2.1613703659863 2.11298478517816 -1.55867766134796 2.73869758108613 -1.03782979291585
-3.19613529262406 2.0552535312173 -0.263443400164672 -1.13346722799834 -0.842454712970865 1.05130901290722 1.17645220724258 -2.66569414194423 -0.432329493595042 -1.3868180242392
-2.11648283217655 3.50430456762735 1.10835924263778 -0.0451370937024175 0.674347158492743 4.12113504942081 3.5684953082951 -3.45212133383084 2.73303685165898 -0.333053742910426
-0.433701209236514 -0.669224965052801 0.784625345046777 -2.94945371889539 -0.285266208477319 0.948054612282603 -2.47804728612935 6.15726698055904 -0.526002689188329 1.78261661850933
-0.0503231111901793 -2.42607743294212 0.38732732678712 -1.25281191372141 -0.543467156097365 0.0963941101540338 -1.76084652301169 4.91053659630393 0.537592531185237 -0.317203654272677
3.92184777967421 -0.955477941826412 0.976495050356013 -0.39870834438244 -0.392530944753044 -0.884165193670855 3.06612729831978 3.23172122363883 2.54619347463734 0.0466218491746669
-1.19868158466933 -1.42332648135105 0.776426796030683 0.587032023726613 -2.06662155481163 -2.05473606924749 0.38645720375281 -0.99926345502006 -1.40298178917719 0.663364107700661
2.45778156112034 -2.40062159860572 -2.96774418800676 -2.28412951134992 -0.282135490242571 0.703733728038337 0.503207927301444 -2.84654830856518 -3.02313642507649 -2.22731476921943
2.93594613423607 0.517075051409797 -0.00133635699764836 -3.24883105525074 -0.558097225039525 1.74186843159018 -0.0532802480159292 1.58560152253164 -2.12419815483077 -0.184908340211689
3.24671927956775 -0.587018229658211 1.34423337994811 3.45855706680422 2.50175891580064 0.985789115132606 1.14972100950527 1.40081559684823 1.67325918585727 -0.609838848980058
0.0532607718311748 -1.83544679957825 0.136228663654912 -0.214745658335455 -2.83911982401925 -3.4520425908866 -0.189973265540022 1.61281458401046 0.852156060141557 0.741373304316069
0.328475948233605 -2.20377797983113 -4.64264669313913 -0.481488306442777 1.6425452224833 -0.190039091349882 -1.6916161177984 0.582690827518033 0.389893199718677 1.93980437320755
0.508937740710023 0.390029269516888 0.980076524189288 -0.644156586975981 -0.0837831698532176 0.316587928289044 2.76257960711626 -0.124998645139661 -2.25271724047978 1.28923843410937
2.68331132473726 2.86551959571689 -2.31271259544289 1.35870974532495 0.513940850954408 1.16461786305869 0.810274553439557 -2.07050004248983 -0.961368980955045 -0.0381520635969666
-1.110135709246 4.16010669103104 -0.969276681692955 0.867601951610401 -1.44584168134789 -0.0683046926992448 0.713893874131248 1.90501631662525 2.11873784410319 0.983642273085982
-3.51152598503444 -2.94643923708545 -2.18208361295544 0.0734057442468682 -0.342164916356135 2.44879442043338 -2.4357711309562 0.677477024927369 3.88048016143929 1.43374023223748
0.779314589156177 -0.775099386972565 2.40611199175044 2.86514997195337 1.08954732255645 -2.38302500182077 -0.419126710479037 -0.144648652312735 -2.95629910464632 -2.55431703121411
2.93774571136887 2.09698224593672 2.28569285891649 2.53052826241736 2.70704075764811 1.15866815626571 -1.85524208899573 2.22814652758265 -0.126502356283659 1.05390622778286
1.1813487778007 2.399611693479 -2.75847179707113 -1.48326496399809 0.217033910165829 -0.075974176576141 3.24117901043283 2.25287930934926 -2.28351977640354 1.808081016933
2.52276367784288 -0.506478940023446 2.06982394619144 1.19761389134644 -1.1996597476548 2.762153477199 3.01735291631242 -5.75053502940336 0.506709866914604 -0.348033885457879
0.0288137134078839 -0.0521777766620763 -0.0954660671076582 2.01404459685353 2.23828979423973 0.578607834521164 -2.10555531216071 2.39041016256812 2.51431809033086 -1.53591976897316
1.11076343196985 -1.04819209243024 1.63805993946266 -0.40658499476525 1.29562318795873 1.06596448445855 0.202020119367096 -1.69742196193594 2.00558060648825 2.83196995735954
0.333570131771084 -2.86200150635258 -0.510270813877354 -0.412276681380115 0.16963201703944 -3.55287380114312 0.330642826432172 -0.875725161107456 -3.95070641035994 0.255939574212848
-0.0223147866225156 -0.20052967551261 -2.79059458455317 0.0250653656042654 0.699527265061024 -0.376697061282383 4.2663603699406 1.31631552826694 -3.7967988540121 -1.53504110878228
-1.80833059572669 -5.65344355757696 -0.193078470757346 2.56963663242985 0.346042158770173 -1.03858647624992 1.50909491424107 -0.885741151649584 -3.28711118128279 -2.09398078354376
4.21494766708 -0.0843755785387908 -0.866429538326208 1.2027720064211 3.42472949427939 1.51781940330119 -1.59642993690675 -2.63748760567363 -0.873361770959114 0.878780292290153
1.12924321714867 1.49582917471783 0.618323263763748 1.14356440869305 2.90278348767696 0.0120972387900233 -0.388492049816003 1.22039206255167 -0.64299900990882 0.727412756546071
-2.38745381747806 3.98101257883502 -2.99282250125463 1.66443399385434 1.35476242214521 -2.63498234229975 0.671559595912876 1.12623970857496 -1.20717118211204 -1.06340148458955
-0.8451102195017 3.09868200480172 -0.449848938973315 -0.0296368561372846 -1.13398982981541 -1.49758776615743 -0.944489718692129 1.21397108329926 -2.02560400833879 2.0539866556717
0.355612232960374 -0.735270880075469 -0.933829503636193 -0.52660881580394 2.0682505236162 -4.15152933711207 -0.422712456064798 -1.92982538894465 5.66550716643606 -0.781501061871608
0.853333032051269 0.13434578962912 -3.84265994237449 -1.60401301431706 3.46340923688705 0.166343836654 -5.39213301304608 3.7289197920458 2.94142808389848 1.3842235845405
-0.32656721806002 -1.93617697931903 1.22335791379777 -2.36428567913943 -0.123026832416879 -2.7803608707175 0.239581628149994 3.49066647542454 1.47063852107331 1.69877103499454
-0.363353812146989 0.98245771543182 -2.2872581520593 -2.80203497269857 -1.28414558239421 1.03435171668501 -0.900933017624779 2.6015302844725 1.92687382951053 -3.17961451342838
-0.272443272820174 -0.730972757016657 1.37647603048231 -2.05109805542511 0.519316807790218 -2.00841294385706 2.85760615437025 1.32021235808868 -2.91110240289915 2.73562170027553
0.462590129098574 0.555157274745517 -0.788852123935546 0.904913045334904 -0.735468718389826 1.51923167080018 -1.60878088360757 -3.41641724365557 -0.545925584941194 -1.65080134655873
0.908231496382014 -2.9144272092546 -1.96742442742579 -1.3421356342034 1.96308142881478 3.07189265307751 0.475258920113406 0.013658310707737 0.826058317261661 -2.56071236484734
0.174723511841642 -0.188498214912874 1.80139641104701 -2.24881159973182 -2.16734159051706 -2.41487594009749 2.98002038149374 0.4973795502572 -0.3938923488635 0.931368191076059
3.39650507219834 1.15717586306589 -1.22122754166256 2.02272957050329 -0.732439781812712 0.832590706609518 3.63839032974014 0.689886772677403 3.84389129662074 3.31253368400862
0.0935657458083602 -1.67578220072726 1.28888336386209 0.981296958378324 1.63611922315596 -1.77077235688972 -1.12223768722372 0.47047815952254 -2.91441445823332 -1.53494390914814
4.57661876286413 -1.98661043324668 -0.658093764981481 -2.36327053921498 -0.70890734434269 -2.95651316003691 -0.0712133302503096 -2.5635778255859 -1.28571556574688 -2.68459186636946
2.14237536998224 0.1239954624085 -1.05917714982151 -2.00758402075837 -3.31893921740956 0.49460246502831 2.13596851113472 -2.40637342602944 1.53232618381645 -0.542902075997847
-0.528456785143663 0.342026349581356 -3.96059008058109 -0.919702152145036 2.64263948495809 4.75032060220275 3.72872681216851 1.11848440486625 3.14005622798509 -2.47436138294437
0.956328103163042 0.515325641212849 0.0200542304092803 -3.12981484924373 -2.69297897153499 2.98540569738106 1.18742882711123 2.15508590679511 0.274417383648586 1.15905099901004
0.65908136721062 -0.215782634647288 2.03397438153688 3.61898571814468 1.1250414972049 -5.89867222526965 0.555614614390823 1.39434922240386 -4.52210247908107 -5.30475458813685
-1.74138716742949 -3.71414730082057 1.70624638794839 -0.470316187989525 -2.15417224806893 1.00760677966301 -4.59641104125914 1.86852908656346 -1.62336826067542 -0.408614918666786
-1.72625456332549 1.52855918054725 -1.58878976474024 2.45298584961373 -4.37978767639782 0.698980375701792 -1.40215816084232 -0.524300412786974 1.5194709702517 -0.707008389478667
0.76489564018222 -2.40886788180472 -0.192945480430157 0.360073285473171 -0.443831608318241 2.056578213247 1.18713714691005 2.42338790109489 -0.11763006570573 -1.25816873566597
0.512831337840097 0.152240043739916 -2.41151728508527 1.10668297481054 -2.58708498415228 -0.630789759118766 2.29101262328241 -2.21016523718742 -1.68225099881669 2.25835772170761
0.596174074693523 -2.72034274771989 -1.03472547601607 2.25358304596247 -0.748013989712708 -3.52629641123223 0.43169044263307 1.48065323458534 1.34172959310925 -1.15331659067901
-1.14272472365873 0.341998735401762 1.50782337033479 -0.431085707867076 0.813102797440623 0.277262493375409 1.00974670138331 -2.95274631966316 -0.969621685984816 -1.07354516665506
-0.99219702739527 -1.52010782789989 -0.151043881328393 -2.38482165791531 0.99540665448945 -0.380104878145164 0.909042709582534 0.0166745120989654 0.845507986169558 1.03681699906358
-3.83529825369351 -2.32280522248577 -1.37515408018769 -0.436798177122046 -0.407060647513612 -2.15419934729805 0.707760173694359 -1.78327162299611 -0.437860086912242 -0.505411922127096
0.831419178021637 0.257131123473033 -1.28157186606904 -0.222116330652672 2.7564688049793 -0.91130927341792 -2.10840780177882 -1.36862584726706 0.987788036445071 -2.31542628364703
-3.36557136485225 3.43324299984673 0.125008670847212 4.96239106408348 -0.236670221170178 0.433667398593802 -0.246650487461596 1.69015122435199 -3.23155466785632 0.393752178556308
0.0334114770854093 -0.41768858468282 -1.00863465824406 -2.40093980257873 1.55982506607852 -0.489146993842461 -3.44679252274887 -1.50673195391919 -3.0276512381149 -3.21861929708783
2.83423646341299 -3.65635422345036 0.291475101504185 -0.354975705155202 -0.598461894316627 -1.1024262754921 -0.151018121289505 -2.49996905043289 -2.04827678044728 0.0866447003748031
1.64443918879345 -3.28040545058033 4.49248155456616 4.21946335540064 -0.489125900762344 -0.488490905442935 -2.04231372590759 2.91555240947819 -3.82407872109786 -0.560779719929464
0.45064575102417 0.555047625077898 -0.8421219907988 2.67067782890309 -2.22435446330363 -2.12243172932282 1.11905438120188 -2.13559120865855 1.17624511388193 -0.320845771869426
1.11517478167621 0.143141344546481 -2.70017337786321 -4.58586941458151 -1.18031431714474 1.84413569742245 -4.67632860358709 -0.923890897986351 -4.35850558940889 0.753477234083386
2.63728297573516 -0.109179268222313 -2.63811190096673 1.05968022458786 2.41132542771674 -1.89600720759658 -0.180667865927753 -0.989682073699896 -3.21662163918696 -2.6580406686304
2.15633076510322 4.7211434543909 0.0640985870531393 0.538911151122596 -1.96493842767675 0.139673128876769 0.840321638546623 -0.341414463749308 -1.2028006363866 2.28952260452158
1.01370621154775 -0.491812454575549 -1.46293235361175 -1.73014086537319 1.19359718157779 -1.88295119185941 1.76038499463758 0.667370922173354 3.87203905867767 -1.21681715908253
0.654025976470619 2.49344272915471 -0.548414193335411 -1.96331979147177 -0.751434076458412 3.37098351866734 -1.88079075977809 -2.80743946946576 -2.77595235226464 -0.700994936075384
-0.89348220754441 0.583212079646432 -1.32797951938288 0.450104155478932 -2.82530428860438 -0.911249458445595 -1.94435780537498 -1.90474669481019 -2.57389785860211 -0.690556361139788
-3.02946001449832 0.357548413120564 -0.136082328815568 -0.652532144545055 1.63327340638162 -1.50746371122029 0.370956611093505 0.396018444065024 -0.566630396707735 -0.731521133042024
1.54824187077181 0.907596865981579 3.75141006882263 2.35498783968716 -0.0564589073858564 1.92236723288285 -2.23522126276518 0.255655058514852 0.149321257437573 -3.87130715061138
-0.0627164778697727 0.341123874804039 3.54490769524634 2.34243250640748 -2.44822949338793 2.48917826559598 0.809335218588829 1.80145013624371 -1.69484389193047 -1.32575281197559
0.668029129969181 0.899067806244944 0.744471935269383 0.139608692467859 0.0357025231296981 -1.11927822525818 -1.15798381882545 -2.25799393108177 -0.338177568241299 1.80789541166695
-0.0904377398110705 3.5488874336565 0.976788234637222 2.7397317079722 3.55974768044692 1.10696432675853 -1.3311978219118 2.05962559117878 1.20069799696172 -0.33031179606877
1.35631490974558 -0.391966491978655 1.4000877828641 -0.47424193836322 0.0201147272476924 3.83945565499308 -2.23282644011568 -2.6291161770974 -0.367812675395586 -1.17734442767447
-0.642071940042115 -1.21799513349975 -2.79235774902895 0.563336568502512 3.901732999929 2.2294436561771 0.253156054829078 0.278452483227244 3.19237663354609 -4.02495389204748
2.60595319174946 -2.46176275419828 -2.57471221485901 -2.06001329866383 -3.48243098405634 5.45725469031911 -0.818933837973698 -3.00197857467733 -1.99512888009053 -0.333108772890425
1.60951135570666 1.17132873118854 -0.0488710528707175 1.18365859750675 1.93744083679406 -1.23706952980936 0.0768715461678713 0.388784873959966 2.19936799074155 2.31888413765163
2.12304600637035 2.24110090070202 -1.32529912801185 0.171732235627725 -2.45337129360252 -1.17651458535943 -3.35036251513794 0.37138033886239 -1.30374012898226 3.90818206916215
0.960053832291094 -2.1818571074739 -1.23102433909381 -0.946320813805092 0.901501106734401 -2.92634390534951 -2.80880124571466 2.08025870797938 -0.391294209023129 0.0489457062841813
0.742303986093531 0.237327883687646 -1.67715364156315 0.0216991077844339 1.02264923354982 -0.351460432196574 -2.40678683650371 -1.24566264916885 0.375461897433896 -6.78259306847065
-1.48204600997478 2.61283578483538 2.57030075118374 -0.428412366848932 -0.969306142777288 -0.834922454697842 1.05367710396019 -4.67735177531445 -3.21789802752692 1.20784071179201
-0.0828675163530331 -1.10274264782273 -1.61848720511082 -1.42950363923808 -3.40393382447491 -2.0536169386957 2.1287437951667 -1.57350386563831 3.61813978175628 -2.03453699354544
0.0951916098370714 -0.754305011489665 0.370456362058303 2.50393480670124 0.762290425213307 0.32903408864875 -0.108684277464198 1.32687644377159 0.780858228553097 -0.924688716884182
-1.06735326787388 0.227350556444256 2.15485165071474 2.10962427171559 0.114362060725479 1.06939390782825 0.00572289304091948 -0.315045804495234 -0.344475674050931 0.612666153182111
0.203841998037844 -1.81753567382042 0.733292799811241 -0.750437336388571 -3.19740267733385 4.51752256274929 5.04673771230981 0.72655785316609 1.6963776033464 -1.93402222979999
-1.6637909333623 0.429317510791798 -1.07639908198483 0.575299152507421 -0.007081555176279 -1.47584457338498 -0.341556665434711 3.42633244175503 -2.11215117746369 -1.67812970281104
-1.93479774301028 -3.36083479335576 0.671110780997728 -2.61423919788888 1.39676651685897 -2.16485479945925 -0.254855646687634 0.770588596841654 0.668823690856364 0.345273484817012
2.72937196799434 -2.77709268069013 -0.643349074618106 -0.420351595181304 1.31688692162956 -2.5403468566535 -0.337652637010671 2.18076567906312 -2.29774749020538 0.535698059344251
1.67594069661041 0.662556710734 1.97964755075441 0.701471450440979 1.24482435680226 2.02690782087232 1.35660745558724 -2.9281360180694 -3.64419051811888 -0.578888609717677
3.21992162822301 -1.2333484909285 0.988453304115783 0.568473288841705 -0.743018054996004 -0.0626342676586643 2.17127612836604 -3.13899585152094 1.66547851165742 3.3596511997817
-1.81405915222741 -0.18485826985742 0.630219602873108 -3.83359501007501 -1.44099972543829 -1.39977526325299 -4.49779628557922 -0.910507230451415 -1.62660647854761 -1.18697538713203
0.675928034750674 0.845986314047969 2.46458140032322 1.13906757912036 2.09765751512906 1.72055119836607 -2.23460723434516 -3.71745371853176 -0.90673255698451 -2.32465422883931
0.143699431181938 0.181421364731323 0.233435797393987 0.449373193039042 -0.202864753858317 0.129338113065959 2.90661741981974 4.36074748044705 1.05424319375829 -0.443771336999893
-1.62004335808486 -1.53167599367005 0.314401058230661 0.503644429763612 -1.81342135921473 -1.8809499074625 -1.44441716981403 -3.52989078686887 1.03192596129825 0.72596426476734
1.70704642761896 0.794259799308388 1.74209939462561 2.16000318472792 -1.34579562764287 -1.7244947906402 0.365387018667977 1.08480510218612 -2.43670362937671 0.586688885208825
1.59356771596171 -3.32023906489635 -2.82043444969342 -1.97514219713713 -0.523491227581629 1.90097137985812 0.866858246305786 -1.80145247323171 -1.43207614776287 -0.126008516072184
-0.593028594008869 3.22126838045411 0.452856955928197 0.122670324424117 2.38221103400225 2.42916667714354 -0.355563032259597 -0.44491330296562 0.631052393698237 4.16245991576569
-3.29999383262046 0.621184216582461 -1.21723443564364 -0.143224095095202 0.95948810525757 -0.967109844995243 -1.18907662410486 0.429813993191382 0.878530986866075 3.69477080259216
-0.748953229309484 1.1001327933047 3.74754461606545 1.47037289735143 -1.42465022312012 4.72730086071164 -1.07279183066451 0.405017966371442 1.31967008165855 -2.71655972499143
1.10791689761348 0.869113893880631 2.50570568586649 -0.485046374289779 1.79955065301564 -1.85956588196444 0.560406318871414 -1.19485316506538 1.10288530458988 -2.14368951152779
4.04311456139857 -0.401275475204372 -0.599582110437594 4.03011163791635 -1.33775715488055 0.502795112247307 0.0705853503932849 -2.03140912074546 -1.16500094737245 0.562516187067829
-1.16191691736942 -0.712326120212691 0.471912781283252 -2.03562345794936 -2.21539349907717 1.10332435663793 -1.07466341996052 -1.66229276437205 0.119842909233374 -1.55392134179693
3.36743372417618 -3.01028480687277 0.623499434884657 -0.231482379888629 -1.98063975493213 0.519980047062079 2.98866928814918 0.551706829932306 -1.49408900851349 -0.473583626126196
0.368166469001232 -0.697952947593061 2.63039606195333 0.99340861868559 -2.91241554750948 -1.33375319816884 1.66273564738117 -0.120550971355604 -0.436395767486061 0.571247451823135
0.577915502309949 0.22677862655668 -0.866329676170724 2.07549395099198 1.59098500986175 -0.0740765719703743 -0.0793997682943487 -3.0511710455382 -0.738598852498209 1.81218265111235
-1.32742641732986 0.980303457879672 1.40646181483349 0.706746668885496 0.196450614610392 -2.27719883676277 -1.54638974515444 1.85465500991215 -0.725208542371362 -2.62495823318607
-2.39096575964811 -1.21264687280476 -1.67107279163642 0.0808628804081977 3.67575453298494 3.38385829109312 1.63190920716378 2.79200943744161 0.385803045324512 0.836820492366457
-1.69713112266356 -0.352267464104565 0.0295810117594019 0.570902034743483 0.0584500702201066 2.09773286828642 0.465584475219727 -3.08035734339437 -1.90833716048547 3.36694835121382
2.26972813126647 -1.2075202105678 -0.422645221070112 0.499046114982076 -4.21473747638242 1.35167104174424 0.323527747410854 2.16218915814676 -0.422918670387596 1.47132743605076
3.18950906477263 0.534247599528984 -0.516449072245186 1.22317801244594 -0.416106129689768 3.43960127706026 -1.72967814643088 -3.74513171371853 -0.630488631355252 -1.17383998172336
3.4624671183314 -0.929101216798882 1.07037040483229 -2.66700174028706 1.7758409629943 0.215860621813416 -3.23558960895544 1.83162132827838 2.78886336934908 0.218390700522278
1.50823746495351 1.7052974265849 0.237681343841444 -0.719126235487941 -1.76565345640034 4.07657070474614 -0.822656693952254 -0.483969180178995 -0.799486047488364 0.69416292301459
0.323327222804023 0.807938550254013 -3.15403369613231 3.89290350223419 -1.35025839440082 4.55164529293591 -2.38471273690327 2.69556418333192 4.53438452921586 -1.9461317560859
-0.345033376614643 3.48449482330975 1.73102178651246 -0.788960374044075 0.25002614493555 1.68880558836641 -1.31341389844191 -2.04977905212466 0.49002697654195 1.12048111027777
0.621018295425052 0.240040441657281 0.0976859755763413 -0.387619786031998 0.32470617409954 -2.39677363518745 -2.93253333863874 -2.51709130653272 2.96062247019124 -1.00567256609078
2.16037396012361 -2.92815374288352 0.40396844244649 2.75471522654142 2.37957035658221 1.77320782588063 1.55343828372894 -1.56346498115603 0.24119005239985 1.71576200430504
0.878602024532592 0.506901810743478 -2.80035442539781 3.26852103367585 -0.659615925369242 -0.617964125577614 -0.972796809314536 -0.830890353447092 4.89322268758665 -1.29314881953142
-0.0953971606437479 2.46619401816414 -0.943352153540232 1.71276937282173 0.773199574546326 0.255643910150137 -0.899273248247011 -1.46281623341786 2.13402788232573 4.38911704219456
0.625391466181521 2.95897287967267 -3.22435619026627 0.930471622859819 1.74710214696813 2.54259023742157 -1.56774941048658 -0.0236771336018774 -0.961257938299102 -2.28951829282271
0.542668281834251 -4.82384675976738 -0.461723957515944 0.603026829554133 -2.19322642400705 4.33409835885363 0.477984826863949 -1.50039016662658 -2.84658925469369 -0.718264891404668
2.95622500486557 -2.51009292378858 -0.702280789434766 0.053916235575251 -0.92045559951951 4.56729634016189 3.79788908761297 1.69886750216965 0.263716111192093 -0.798794877653724
-2.59827240507347 2.74826890207314 -1.14057037790145 -0.123155206335738 2.15621474619445 -2.72971056776858 2.72489103554974 -1.63609220330523 0.739357762379731 1.46435855269372
0.31037778360602 -1.45302177032384 -0.760572646380077 -2.99535590384789 1.62720603588067 0.149297423436327 2.97110576186668 2.91613058036578 -2.19777249076656 0.136070033991253
-0.089068546493556 0.50105811845303 0.271876828804458 -2.22658038551572 -4.9082062019371 0.681238830723895 -1.96485257010058 -2.01473499140988 -3.33635272202839 -1.2467537967336
-2.08733264517602 -1.89593263748303 -3.5013947743598 -1.94071040364796 -1.89218954079 -0.758596546780045 4.21055050093775 -1.82765617507164 -3.02673605713272 1.2345776798229
-0.286016497071158 -0.354041711571285 -1.30153511558898 -0.879253087929035 -1.09508228633971 0.560496291005142 3.43661476427694 0.360093703236138 2.78188192725605 2.6018974084462
0.391051778666191 3.58523625781581 2.74559414535734 1.30944922530724 -0.108149745294249 -0.629388124760881 -1.33243964517732 1.79781296554043 1.20718256535973 -1.90725112647477
2.93076713508879 1.36577999794375 1.22656082208652 0.272422192684669 1.54253587406532 -0.768443648350171 2.27715954664022 0.580777969537947 2.44252446348456 0.967886071619929
1.36874978330667 -0.0888112648872424 -0.266577472480728 -0.925040989189256 -3.19705565683853 -1.85834589277594 -2.94795377693933 -3.42128116543693 0.565938938742132 -1.0681095058459
-0.550678819468278 -0.85534987079235 1.40149499692532 2.96767728722959 0.994505159719724 -2.02388851861632 -1.14434303606807 1.5817047028011 2.37709784300822 -1.95875999335043
-3.26695069974757 -1.94521415104096 -0.813071702318693 1.8612453678073 3.2915701720734 0.200681130266006 -4.42637882045434 -2.93813527535009 -1.12367059413388 -0.831911806605809
-0.963324130994623 -3.13404292082165 2.85512199749782 -1.73322476919337 2.80630770031268 -0.931489123551509 0.644204795959927 0.747556849029369 0.556005360284796 2.26371872412126
4.44682371270508 0.900461349655165 -2.50919774642267 -1.37555158423207 1.07512522476309 0.872694420426011 -0.550264372666229 -0.156888047601212 -0.190103209045929 -1.13460714947688
1.32240798651627 2.32595793314514 1.20833958513311 0.545709830320021 -1.54367496399458 -2.7780699173927 0.345398654435923 3.84844049087233 -1.63461559218431 -3.46591279707649
-0.232337047368258 -1.65235473051981 -0.456092580803156 -1.224433296474 -2.14451073063662 2.17635050714572 -0.428209285882164 -0.593906209808019 1.56053698084058 0.605345342526473
2.81217549925389 -1.71430310404018 -4.06574811608005 0.32257320659912 -1.23853897111288 -3.1785460696117 -4.97737743817697 3.47515453874725 -0.0322274724224617 3.41416585500248
-1.7430861661744 -1.41445442627803 1.51402601449826 3.86622696348223 -1.61491291942452 -0.89042687675114 -2.63997276070703 0.161148598812302 -0.00191536172447346 0.0585249786206213
-1.85175530432778 0.741242312647202 -2.50205042200831 1.84440497467385 -2.56545033991562 3.12681076668487 1.24652798718563 2.87207957712942 1.91225461415736 0.625687274375696
-0.283493285669882 -0.170990624298702 1.6737271614334 -4.06231273320102 -0.985649083652385 1.66645763613892 1.26169304545188 -1.25995712100286 0.280518625508995 -0.784667338851632
0.471253688216346 0.737956046265554 -1.43340355864408 -1.65451833930102 0.99897800995424 0.33654192969977 -1.10191218090288 0.619628916809715 0.709685492212005 -3.43918859456129
2.39852550274154 1.04628892354614 2.09298635602031 8.75551475187443 -2.59074911083912 -0.917418307274203 3.42490910868173 -0.103949400995972 0.331810233480527 -1.98347385884543
1.40057035629653 -4.67826831160959 -2.13785808707237 -1.2764287077205 -1.70256102619754 0.362406586188885 0.910537246132618 -3.38303899649085 -1.0297221549 0.624852553700584
-2.54116139144057 -0.299842974701601 -0.938052102547831 -0.465414563546878 -1.46597203414998 1.55606043130327 0.351288537790354 -0.361436897260486 0.0910115549697338 0.395820993151822
3.26719858366342 -0.0761196668571039 1.11028482168434 1.63178322693767 -0.551192714174644 1.7496474842557 2.15583752970257 -1.69958892993096 0.0551460299564386 2.7377907640384
-0.19827741225563 0.563815754574873 -3.35586093891403 1.78371852873111 2.83487710535092 1.5836708764984 2.50118685027081 1.65358043542862 1.00688296201299 -2.80985319977725
3.6714038841257 1.66110822214183 -2.10227038646069 1.35437201048965 3.84846392274661 1.56837313849045 -0.401009268701027 1.96099382215325 -1.85665934762909 3.41324518212252
2.40479160699519 -0.142335623870873 1.04001476091101 -1.24364942293381 -0.829751956675243 0.842872207668748 0.781039405336255 -0.228265813480727 -1.34385828487103 0.47829012667913
2.59448389604684 -0.63278483600827 -1.60823906043779 -2.16664708881115 -0.298115672118578 0.92846021459085 1.33603075824095 0.683646645087074 2.54731773763651 -1.01010930884364
0.784553179905961 1.93341974224753 1.30066086446708 -0.95699724995842 2.19155982719375 -1.16946383088185 2.11908271346519 -3.4835694817078 -1.7864108101561 1.51354144523641
-0.293564712444863 10.8098972752755 -0.688069988151932 -1.29019406802913 5.75058399624579 0.715499109874133 0.882186569125595 -0.764010248666183 1.98049396647928 0.770307315586003
2.03930320432686 -1.010111651541 2.24891540504263 -1.43165062519438 2.19841107593028 3.12443155806224 0.220103510253202 0.0268670657008918 0.800479567211913 -0.835211245054867
1.28249810314323 -0.735226912557001 0.898331025696604 -2.59854405877502 -0.57433144161935 -0.512665907461003 0.183372674184738 2.42765582456212 1.27231636502235 -1.26357875522233
3.1398517094676 -0.455001862533914 1.3825400957465 -1.0280769463295 -1.16437928216457 -1.80583789406673 2.48715558552299 2.66299160784074 1.76607049847647 0.711886566194096
-4.89847719472354 0.185931534211322 -4.06687307447528 1.05042975451747 -0.440849820976056 3.03117146757785 0.617552581079531 1.08739241062584 -3.46533412861584 -2.22395695214371
-1.2231584320831 0.636249593612066 0.890376664419102 1.77927985032607 1.07147956568534 -0.15694860105637 -1.28307515314331 -1.32043811615016 0.667222839104397 -0.619165915810057
1.67107999725497 -3.49130269990795 -0.0917759972838956 1.20769875972822 -1.40938815925032 -0.27328909854696 -1.56197484438374 -0.454380845481133 2.63402644599968 -2.6808434494798
-1.08360278861279 -0.601574968777878 0.108960979374883 1.42315958157512 -0.73832588089264 1.87079473273861 -0.102765172275224 -0.540321027354849 -2.56350513613865 -3.019423465273
2.21411665298085 -3.03637920806601 -0.0458505162694729 3.45381541377253 2.81354225698326 -0.358064572578953 -0.735866705084685 -0.312681414623461 -4.49126986821273 1.89839159360239
0.767307333001494 -0.837757999925337 1.39049341066617 2.01684189836261 -0.474718660657578 1.39826009205449 2.91702683768344 0.520087509083507 -1.64440725082047 -1.94583221461777
-1.83634442589045 2.02657146647082 -1.99663911170003 -1.24679722501836 -0.296986112269145 1.37310841701843 -1.13617760873034 0.517351429985817 -0.701105002579927 -2.56712447928691
0.447756948422179 5.2863566054129 -0.176647669889516 -0.833342095320348 -2.9466623360015 -5.27159384069991 0.990139440270352 -1.80467133638087 1.57345216126387 2.12675338600175
4.11053228436265 -0.208708929998355 -2.03207171007971 0.409838122709357 -4.31487104776983 -2.17211984734956 2.75697511177628 1.76913865778707 -0.675395124221523 -1.56624527330327
1.69064097098604 -0.945134161848611 3.47022369229253 2.84930980062392 -0.122399279767349 -4.39383741508703 1.15501194368143 -3.02004377447724 -1.87772501428131 -2.66675363897551
2.86591197246894 1.13571521554233 0.604386262693353 -0.572755800261116 1.17162447461433 -2.08244593710001 4.29339248435165 -0.825638699402313 -0.169643246745819 -2.59402337502974
2.72400376250392 -1.4201181307299 0.189651365260506 -2.81896272329222 -1.0939109475465 0.628461049257525 4.01331365814645 -1.65102535028596 -2.89324471248987 -1.2038422843376
-2.22324059398545 1.75174085555336 1.67190044702454 3.80136606512065 -1.39962531928993 -2.80551680564666 -3.49873093030289 -2.10772604005154 -0.12921422062837 -0.899580808277875
0.470703838247094 1.0574653505596 1.2406070260319 -0.608540108782198 -0.155521547938379 -4.69913240402497 3.22235534193391 1.08927654351073 -0.335466200706622 1.33688379545363
-1.03950490336076 1.93994906482199 -0.168605173822586 2.95673428651438 -0.35965319182055 2.40109477050203 -1.70198678963292 -0.466082200330214 -4.02620486737777 -0.207489914283196
-0.627667720263475 -0.482126457818232 1.1415066064636 2.69120792983406 0.268145739975706 -1.49263581497429 -0.786370555087623 1.04594887530038 2.44219961134908 0.502582275424393
-0.411117676498983 -0.77114327501336 4.49975325815521 0.51592684989768 -0.192464313652777 0.939810240613582 2.48155606355737 -1.97086066881374 1.80649137040004 1.53062234898506
-2.18081186449129 -1.13656337513676 -4.5354277149644 0.59119849389616 1.36147735097769 -1.14470279631669 -1.98766598822655 -0.75881282581152 1.60323561822467 -3.12159715361249
1.52601823394357 1.62815295235704 1.77019097452933 0.0340508109709999 0.825552875389677 2.4667520794648 0.597758019799492 -0.0785199508887032 0.253550355955492 0.173728259105806
1.45540997635827 1.64647488302449 2.71148558861686 1.14799598780265 3.06361616616889 -3.30874428754636 -0.518165713381031 -3.87762029664308 -4.05905332530587 -0.139082612474597
1.20432552099364 3.59876043763978 -0.0737383229284914 -0.982345574459841 -0.886442996136726 2.10563249639021 -3.60469390256482 0.226320011234466 0.803544132975903 0.20567987693082
1.53510626976053 0.459075237715166 3.54845244911804 1.10490114808572 0.505439458320502 -0.90945880399019 0.163758420191669 -0.135705801017399 0.0727758582598385 -5.61448940204941
-0.665394460324034 2.42263824277266 -1.21206278976404 -2.11232338557087 3.46044748540906 0.110576895915288 0.04207285245845 -1.85133152266761 4.74775840373525 -1.28356621032624
0.161192603442995 -2.42346770484927 -4.0650845348735 -1.89020366051857 -0.129720719074753 -0.0851716050408551 -1.97837331898189 1.14510467498058 -1.64410057228198 -1.88964075699738
-0.235719424264907 -0.807651029284964 2.05800613627426 -1.27986952804531 0.100755988927272 4.18687334069328 -3.81311731057121 0.720169438862554 -2.81670298778798 -2.0017330159426
0.261465255990257 2.98782960745083 2.26864888802 0.251646124609301 2.39227489412656 1.70012334309007 -1.35633393534808 -2.5578527443708 4.56082841278404 -0.237223180029474
1.87873841205369 -1.47141218584524 1.70469307179025 -1.1334055306745 0.94151707360448 1.05626679491402 -1.73652302070609 -1.91252977576916 0.207843796625073 -0.71391347269809
-1.36936757270671 -6.26374380654895 -1.42025370995744 0.804740739550451 0.284669208317595 -1.25105392900404 0.596423511806116 -0.692301565711434 1.62569194389117 -1.84135862551193
-1.21210553170359 1.60388731270118 0.577715703917004 0.708520913623635 -0.128134506672747 0.873420590004207 2.22092839991544 7.04317145847617 0.0916308014513143 1.80738497530848
1.33420121314008 -1.06570609648887 -0.32775791264269 -0.267428962306297 0.910124310820148 -2.44186794593082 2.26162777869268 2.12041501537884 -0.626253951877834 -3.15673329669144
2.88828371329404 2.43278253066773 -1.1170479307876 1.05033972146032 -0.531865647977535 0.332512966428863 0.613740682190937 1.13786988237608 -1.82221994560112 -0.168220071978332
-1.36869223428462 -2.16067303547064 -0.479654867257734 -1.79053851712839 -2.77192963216757 -2.60139937623868 3.92369222418965 3.07245225569237 -1.93775754027561 1.88272555800026
-1.20985576416855 0.833342743689497 1.98280906690518 2.5803854118323 -0.434608028221084 -0.595518599758118 0.121610020016815 -2.5649808738977 -1.82510869945175 0.72045631794748
-0.854519431566291 1.21784048113156 1.35654819642291 -1.51332756484699 -1.26235764139165 1.31785351146456 -2.00037428857203 -0.177912851150432 -1.70498667789445 -3.74551182291618
-1.66001681638997 0.2172674089401 -1.65363228856795 0.0407030639260789 -0.87997014803478 -1.98851157874077 -2.86341425909344 -0.151455687076785 -5.05576903932025 1.85322671247385
2.13087854788139 0.146852010074071 1.0017319396589 1.85208021393087 2.07929185178123 0.618304335926824 3.64065748720699 -1.42426649451776 0.050341861609972 -2.44887660545832
2.2303344915674 -3.13538452014371 1.90422396519247 0.227689055461965 -0.973051098031192 -1.19125197957348 -3.07121249496317 0.733844564626397 -1.77989620122773 -1.22846288212433
3.70041612196804 -0.0445600311906169 -2.96712715041011 -1.27745693005281 -0.717291853498121 1.51853321417978 1.8654034044569 2.97162580036844 0.0598256590799829 1.05820263142091
0.754459692404214 -1.49662699604517 -0.486935828121715 -0.626990751909559 1.68911254105976 1.83780256335489 -0.995701543302312 0.507998350003711 -0.603185243685426 -4.74931369548043
1.58984704937423 -1.26976192184944 -0.0881243205438047 -0.584354510788023 2.16112613476679 -0.285603529534331 0.907385495924181 1.12019308062363 -0.626292490253381 -0.807992595649922
-0.361407849128308 1.64659052448797 3.46428401525584 1.03747752413043 1.95768620402684 -2.03669165550124 -1.90624288376722 1.16885985605797 -3.20673527614034 0.211635828079269
1.40847965508007 1.34601162997786 0.413172477260288 -1.47280636353532 1.14935222174957 0.703252409747071 0.795076421126813 -2.4993998860668 0.333057742880703 0.252208361469111
-0.161623062518613 -0.101686155071874 1.26107784889962 -0.212967794725565 -2.19935699788691 1.84622554830179 0.729573984092324 0.14494488172489 0.280331770829534 -5.3447973806928
0.341709669842215 2.03621278848955 -0.0616629714373686 -1.90685937826004 3.57275948150047 0.320822051615616 -2.84696680223826 1.14797439162738 -0.428466778151231 1.10414507802676
