-3.86245001994956 -1.43590222930617 -1.92374706808229 -3.17516370936884 0.678619364129088 1.739893178252 -2.39964580115206 -0.304074628358753 -1.21800782662027 9.41613118406231
-1.03823251804826 2.55519502648894 -0.466717720006649 -1.92388905590279 -1.56353200237878 -3.31343447582689 1.20618695798971 3.78849933565487 -1.43974748574926 3.44582907583832
-4.23860562796051 -0.195482953069863 2.05359634995727 2.78966994873857 0.956794135587054 13.144173116019 -2.79687239130532 -2.26091389420543 0.0662543640566495 2.66177577437974
-2.0893865447333 1.93432810179045 -1.50089386178774 3.12613433306732 2.13185347714773 3.63934356639897 -0.275150630314246 -2.7584202800233 3.4878774628576 -0.327857788807181
-0.713323097632398 2.13763841362258 -2.37373737454331 1.10920532638471 0.952787914256232 11.7636649791183 -4.87209550322524 -0.150931958057268 0.880397625422723 1.33315967200803
0.536695658707985 1.34711951458259 -2.12949995878454 -1.59311031042258 0.235167459627571 9.17905619541975 1.64306353124042 0.846636606452653 -1.73810468359153 -0.754220402367933
0.800118562811248 1.58263067901098 -0.507011348573904 -0.337321136061578 1.65917097326999 8.11634587141308 -0.954747104272648 -2.90509465216823 2.88317321079973 0.380450919548792
2.50458509058925 0.161929779153603 2.20830372009566 -0.629946218375262 -0.383076488009171 4.26811380209584 2.69104180083302 -2.18978314419477 2.50933125874173 0.782131425650564
1.77979335390294 0.0703975837170704 -1.44230296595479 2.12172909976212 -0.504690428012081 -0.263510308517742 0.800987738157389 -2.57160153543851 1.67687349864598 -0.798269517432203
0.363144057864403 -0.210980768561035 -2.7821254186004 -1.03861926728206 -0.891496151660972 5.57596984449129 1.8134924428737 -3.79752115259969 -0.225816441408646 1.55241038353501
-0.0451335834940853 0.0251537718146213 -0.871404575697668 -0.79710200716728 -1.6506364006714 0.0403562997175997 0.857283724462082 1.7622284250041 2.23649517822027 -2.09504258813584
2.96289557648691 -4.10019612237489 0.417040374524913 2.49479526069776 -2.44283511711225 5.60153352378062 1.17140918323407 0.680616895238398 -2.28682969053644 0.0698407194481163
-0.22241505302856 -0.531017198826345 3.22240837862362 2.66264149488655 -4.49066845565767 9.83323076281824 1.34531122100939 0.725548309746512 1.27231036464417 -0.371743847355949
-1.17679286270538 2.14036906125121 -0.152242020153918 5.00396835928937 -2.34548717956392 0.341600002871587 0.249133546349104 -0.695751720360366 -0.518278794024729 1.14796802968874
-0.795849332284373 1.17779876702178 -0.638952513168837 1.43747767436238 -0.588883800347322 7.26206360535308 1.00053196020345 3.05619934432133 -2.03192877163301 -3.44205539095756
-1.91444318524769 -0.744700472442388 -4.40283379592901 0.0720523542620999 -1.06246174290656 3.75502584413918 4.36744215512732 -0.0208071273630321 -0.908483043684103 -2.66759491592032
-1.15202558297172 4.38044328406013 -1.17825582486082 -1.56331935927898 3.21490385146017 8.21723418152773 -1.83298045689046 1.79359361621048 2.96376244072442 0.775201552320567
1.01937124865477 4.33811979545193 1.14722859251962 -1.15402952053951 -1.52525677430792 5.82113000959977 1.03093079338725 2.5961468751393 1.05909088791576 -2.03987323682015
-1.72464400722684 5.14559145739798 0.971883902329114 0.0511379777823072 0.788417727328485 5.45825307190571 -0.720301008897067 0.24355778811934 -2.5030542131052 0.0323516819898194
6.04454224072155 -1.13210632350213 0.963963776410877 3.21908450499412 1.35635600297897 -4.31167508726363 1.35019945239636 0.487781634748022 0.704937007974982 3.57210603548187
0.487571468435322 -0.665422551944231 4.17457514433572 -3.86632591541026 0.950676083603346 2.83871088692055 0.20227609131241 -0.722685503626366 -2.95734574978403 -0.335111917933225
0.396639002486549 3.74148158887692 -0.626041547036735 -0.894226986397914 3.65513552337384 3.47560081895794 -1.35741131931522 0.795584278009515 -1.57504105709526 -1.75645809770365
-1.93151455950043 1.52865244191892 3.60937850784682 -0.370816418130485 0.199250658517164 4.38428251767706 1.99604967225372 -3.34127098898472 4.1751471921417 -1.63442824507509
-0.231880627849547 0.913653153981182 -0.521970703433185 0.77001846707224 -1.89018722239887 11.4895537811587 0.615887594350309 -0.877446792010733 0.86900592975565 -0.372908574963467
6.81115531698659 3.04677357125525 2.96758211635428 -0.868956055850815 2.40983703731134 3.94593655111646 -3.31116436723799 -1.96723790476679 -0.583225583880353 3.61719838803582
-1.08789737333141 1.76091988393374 -2.10494253171824 1.95488774513836 -2.55425341394916 2.83087000998234 1.55557519014714 0.520860330588936 0.785509315873214 -0.551507977453935
-0.425296024132148 -3.28993575809572 1.8344499862742 -0.134866313143526 -2.43863733137872 1.90648825932008 0.460460527533967 -1.05601499060179 -0.629232577587319 1.62968876828359
2.84551771088543 -4.39627778535302 -2.09225262429684 -3.40978056634203 -0.217151976091247 -1.81418809947772 -0.563977314325486 0.839737381850303 2.8352332015406 3.61578778452916
-2.07364354619 -2.42988640608553 0.894148232408187 0.159217407161549 -0.284034595819999 2.16950435692644 -0.0148272919964763 0.542631016076976 3.71059023534167 -1.04744129488929
0.514667666909201 -0.824666973717724 0.137801379831576 0.951451125638458 0.950070572145816 1.22639670857797 -0.135403968093691 2.06443593780849 -1.67998213788097 0.469386626949147
-0.587583482552303 -2.34087016743615 -1.24116932675839 -0.334328544352926 -2.91050042099247 7.07765284884645 -0.115291211862873 2.1883424942926 -0.933753855365793 -0.541237356338965
-0.0244229483401027 0.56275786512504 2.75731423757756 -2.46045984812487 -2.35363610926612 1.77538834961862 1.66607717860111 -0.123116163907876 0.680704683624705 8.40497025972573
-2.42585718348266 -1.06014836920993 5.09258881404015 1.87618311373248 0.0887172028643712 6.37811695344505 0.948891362139234 1.11820599717824 -1.37567746047605 2.18953956411151
0.973244629291604 -0.584108235228527 0.472521462577381 -0.418669818852992 -2.4979637602946 0.395207556540061 1.33431746896631 0.928635139799617 -0.64417252184951 0.254235120197067
1.47408569434636 1.60804603755656 -1.62153139272758 -1.99491723993782 -2.17155679215945 10.569613990357 2.91125949433839 0.463996854101188 -1.09254275137903 1.55326877651431
-3.10914837625841 1.05731431225043 -2.23507218514933 -0.63725112849679 2.49705298330707 1.19634384817003 -1.86129631502174 -2.06964321391671 0.136388778529379 -0.694224869087792
1.14918760071771 1.28490065954063 -1.26438344349755 3.6448628416523 0.0851882094848769 6.93192952007299 1.06838394643688 -1.50356738208611 0.250922366773582 0.777299756862608
0.747276595088654 -1.67616234747194 2.0196820932732 1.70167924060069 3.18759191764805 3.01193210056664 -1.33444993634364 -0.897468976130544 0.288334474072485 3.40033683589786
-1.11323025551195 1.16148866181177 0.741284271613883 -1.42072627133218 0.993803839401456 0.0636022140463809 -2.52848338489939 -0.345255952801902 -0.880058777697963 -3.28585151384167
1.45222598541763 4.91627105333779 -2.71289982171717 -2.55689758028589 -1.02484140254216 5.72489667355424 5.37930685534338 0.84216533070105 1.84664458458467 -1.34838987974104
0.847626766017902 0.676688328320777 0.715442099358563 4.1065404367059 0.281541378888555 7.41622023881775 0.92508528081615 -1.47285795670591 -1.95036427059381 1.15408590013982
-3.59172461448236 0.367476899248829 2.09473660638474 -0.476468711985955 1.55878610795459 8.56053059430155 0.426472576594029 3.2316853799432 -1.257073778082 -0.0162012446121533
-1.89302236406721 -0.190986402595722 -3.30884252018633 -2.75651420300341 -0.561154300472495 4.85765510049451 0.426973500848759 -0.890477183142667 -1.27629714297543 1.1730021637493
0.189015537602208 -5.91076274946856 2.68056123657553 -0.0288851062367091 -1.50228392101356 0.08852008596191 -2.67248144955049 -2.49514301297375 4.86095482143899 2.62200107726169
5.19677068286895 3.13269594655084 -1.10871666062275 -0.360234081646065 2.69068619275278 3.05150291081671 1.99808181220387 -0.293580448856641 -5.43733355676951 3.19476857472247
-2.69743740751451 5.73756913574678 -0.204706742185232 -0.869399638781599 -4.88319268942454 0.0659420297068785 -0.0947721042882111 0.501013500773988 -2.77564707580224 2.33046080464606
0.574038319726959 0.636680779898989 -2.17357066246 3.9922402654735 0.357013779096695 7.26716847498141 -0.663602615629505 -0.554351976826306 2.73573678231473 -3.38142447800412
-0.747826945629956 4.7091167597184 0.909757558642618 -2.45583184262308 -2.03597336389344 -0.523233222540908 -2.55031019000977 0.115476195429495 0.646226410243743 -0.0933936061055734
1.5599397975054 -2.2378420881743 2.16230842415586 0.549165391767494 -2.55696411981843 -1.97057396393297 0.359172652174152 0.526364679569462 0.198504803635859 -0.0661404952895797
-2.01885981348883 5.38936662627746 0.550721286228721 1.40157461639458 1.39911267964823 0.548374209922912 3.36172448809475 0.573661664951707 3.38173737981608 1.41316736910403
1.41659457168512 1.74412410881555 -0.424145735117422 -0.864921307398578 0.899003444505723 0.900187657162453 0.582258482146304 1.15126240011019 4.67795934425582 11.6543179356255
-0.868133124607996 1.00528392607888 0.812703773551727 -1.49411850697458 1.02364605691247 1.00017212507531 2.40800292722653 0.638512396043217 0.570588558274702 -1.21805050886309
0.812435390327143 -1.63852484663193 1.34943044984355 3.61295455677033 1.20341119528929 2.02510735995234 1.9555886224654 1.44294061223643 -0.634976982729422 0.127294754252939
3.73258931328322 -2.55857446758197 1.39673594433979 1.6270459270742 -3.09524651313551 11.0247083458355 1.32862643153918 -1.4915360971226 0.786917827172766 -4.90333425896098
-3.8671371258238 0.481707856518938 -2.39481932063954 -0.0305140203444612 -0.649875786416448 11.48120770549 1.87592476212125 -0.463110948741259 -1.14157934317197 -0.374850593299443
-0.199881054298159 4.08733722495449 -4.05514414688167 -3.05395886307294 1.22265329203947 4.65419176005404 -1.38526321001688 -1.61255073364395 -3.33133586592015 -1.50240111124226
3.55412749018305 0.651950501741308 1.43562362554699 -3.00370629162649 -1.03801581088815 0.765365555728367 -0.99646911609165 0.805730710646285 1.29665932159148 2.80225202173992
8.32112002348445 1.38791627567004 2.43153821281065 -0.928303242819832 2.95158908830692 2.84469550387168 -3.13931250672168 0.810347304847451 2.67951380849283 -2.34478898093907
0.14279064676694 -1.84015357969921 -0.209857539081009 2.52841679267821 -0.380373967025614 1.42355225688796 1.65714558524843 0.0700231472448361 -0.0483981427079205 0.423984154578139
3.01967965818113 0.684655668423498 2.41640833731816 -3.43203181763595 -0.745362485969911 7.20461515837227 -0.130100381944321 0.927967901313153 2.52944344813435 -0.547899233985173
-0.526161624762084 0.907280322887843 -0.953094477181985 3.85593935555625 0.863077750665217 4.0037311768542 -0.954941031585637 -1.73014455991403 1.32122338201912 3.31895858517143
-1.59378377740754 -1.87592478550642 1.45271905666851 1.61932227059065 0.255525786513163 -2.00241658621236 1.01177940044201 0.788826066277225 1.80998348058918 -0.0649092514648276
0.327278290347046 2.16168606486242 0.934115283381851 3.90827122797787 3.08042246445273 5.18098069794363 -3.37837196368891 -1.0115265426789 -0.835570367523119 -3.74330196755872
0.118213946096539 0.518174208270562 0.061739010143187 1.46850984278213 -0.288026266230587 2.75911580223009 1.44517924407829 -2.19496932712486 2.35998674505224 -0.296902876464866
1.23555269882772 -1.00876476395066 0.0509325958432111 -2.97868247505907 -1.66783351736829 -3.42719620074612 1.93854137237026 1.8503477602433 -5.18583309176606 -2.83839366362102
1.1565381432726 -1.01733766911917 2.1818317277871 3.76704964224597 1.03941164692159 1.12574908195044 0.312183212324499 0.970445873044759 1.34768980998143 5.90297710795158
-2.59851047733043 -0.112684228686028 2.07998096708509 -1.94260929645755 -1.51572777064947 8.10250315835184 -0.181610507127668 4.15314818034771 0.063278536068623 -1.07430482326235
-0.479308125718524 -1.60823837897933 -0.817118415029454 -4.23116925814279 0.990898925873422 -1.59630441786215 3.70868468102688 0.507884329370938 0.694684796111424 0.694085565186636
-2.32395161701269 -0.0911615044965448 2.78805200634991 3.11280962236514 3.12751495511528 9.45889102720052 1.09482433822949 -3.90495079209504 -1.78634399529116 0.805669983760291
2.51814047696379 1.45757159333597 -2.32674345816844 5.06192228472435 0.100011914078289 0.372608944907108 1.61251664568694 1.87936032068616 -0.714608229241196 -1.39751522334663
1.25096197267786 1.85101895701455 2.58090247361807 0.735207391678956 2.310546625847 10.5111726449646 -2.700504139247 2.2432694613289 -0.356968193961978 3.61069269736635
0.249147965861219 0.381630050619124 -0.214514221649554 0.122132277926476 1.37736515719419 -1.92218199711836 0.949593045846953 -0.022555847453643 -1.45910815478942 1.00574595548339
1.92704324388077 0.203152598299122 -1.126782389342 -2.40872457585824 -0.679179981809869 1.22614985861498 -2.51651393600683 -2.72273716912951 -2.00104646777589 2.49833435622959
2.09146402673753 -3.85508973714084 2.20358591279793 -0.158663249760444 0.415846213307649 -1.97301476843705 0.0255280227091067 -2.20470466101703 2.81768630029939 -1.2038911256017
-2.02282982836437 0.594617059963823 1.01720253287038 -0.430842320856767 0.883394936648335 10.5742423159511 0.297137973099658 1.77364363342428 1.87386828896786 -3.47050560639699
3.07549846558342 3.26328534365424 -0.874368957150142 1.05072185487773 1.89169858345622 5.24580129198468 0.78463063159331 -0.51705349753831 0.266341535492546 -1.34405467608897
9.80902988686005 0.107581186143672 0.430441229455078 -2.33676679376416 -0.662149224123644 0.509621678529934 -0.974050555739718 -1.25460209185676 -0.652516418113314 -0.546450742240061
-1.26617048292775 -1.21421972565072 -1.10188065147303 2.94313834570606 -1.27868549539701 0.0959013144884915 -0.265941780859173 10.3107028375748 1.30460123056094 0.468334335524397
-0.519944489067073 3.50085220413455 -1.13580879424965 5.35890336988222 3.44333080770701 7.22602164278646 -1.56221030848808 3.70182922391628 2.91522965265623 -2.19099283013502
-1.40259516818358 -1.52862630733876 2.54781927480811 2.67945023379972 3.55452047716511 6.98419699342556 -0.477410244576537 -3.33570407538535 1.16097132642161 -1.50976352270506
0.295117841301351 1.32055721335144 0.328203710945755 2.23015930849256 3.81820903576079 2.53511269310616 2.48385026716446 -0.361664272681383 0.0649226730856165 1.50703216721869
10.0978276043123 -1.17128221316697 -0.848826764614183 1.22915879738876 1.4542643682118 -1.67876792413648 2.58903770858716 0.596899338085059 -1.00798474616815 -2.42581334299635
1.73658731671397 2.32485926704027 -3.72123859160941 -1.00446126729948 0.222494121211434 5.54981900714621 3.10452360922703 1.84619621104361 -0.53174404322884 2.03639421642056
-2.19179387585689 -0.361764730780557 0.8188293400335 -0.242549334824452 0.983246983732076 0.255709520101446 0.839535267705208 0.719454244846024 -2.22978267032854 -0.919648964770758
-0.560473247513623 0.911227927001328 -0.531338994037978 1.56076277533212 -2.16072626834489 7.23924609184973 -2.11018076933392 1.56012145950227 2.31081324720202 -0.66292806357164
-2.53763367489563 3.11758817409862 -1.00174378339917 -1.04178447720436 1.5023008101162 11.2866650366804 0.478667996175389 -1.23938811317491 -3.17233159204026 -3.00197072154892
2.51656503499978 2.27290864867572 1.06810930120274 -3.47099723974763 0.687429926571539 -0.784037943280765 -1.88619328872884 5.29976654348769 -2.47554047047971 10.6244545430535
11.1132563559344 2.82218929355478 3.34440752335519 -0.829900893954056 -1.7855878897746 0.0466785223054245 -1.90031342134213 0.41973811153775 -0.000158318708150021 -3.63299693825057
1.68654068750434 0.431360338653929 -1.24831111976586 -2.89748949509164 -1.92675667788411 1.59133153225544 -0.968663828778344 0.241566738039604 0.152836544461014 0.803694925751618
2.0829049325149 -0.995854270718765 -4.10285947876552 -0.244223208505931 -0.33801460087151 13.6211231718637 1.61643852852988 3.26464135297336 1.7491902101802 -1.10849286488355
-0.0839452424044336 3.98180679396647 -0.522970850335204 0.62297450477519 0.964874857544863 7.92003924533809 0.306951610822753 -0.216783932225052 1.37519196326724 -1.43263964696073
-1.50430434753348 0.835416965262166 -1.30756444193375 0.218006121345862 1.83045517002736 5.12673879935533 -1.63979991119925 -2.05343565593148 -1.24577865907369 -2.65194544139921
14.4065747618013 0.733311225911276 -0.309254471911364 -0.562424544924921 -3.14856225578852 -5.0286792994287 -3.57194666844323 -1.26853948196009 1.85751991947369 0.163419162126459
-2.82366225284252 -2.55404227670369 -0.172595596760686 -1.86253440426 -2.05089352982866 -4.74336922683992 -0.393070156965706 -0.600543338447881 -3.86187383716683 0.460615069869415
0.943228795367343 -1.33555692851981 0.899219692609288 1.81148475755831 -1.61465773147357 9.26569194814034 -3.87349482153999 -0.690870485400761 2.12956290981614 -1.2318385580935
-0.0412713791897174 -0.464312385366813 -1.79700469146159 1.51216523735062 0.899682026649139 10.120752078104 1.04206764212053 1.5221042640038 1.90708648355566 -1.21206602080499
-0.270869976377166 -2.59475402375603 1.70160281452053 -1.94638060621057 1.61752042691692 -2.49229662468547 -1.35629805357715 2.26109889307619 3.75330081296055 3.48135733481826
0.829373262822141 0.403056560032777 0.152120284876058 1.57557487931342 -3.28122615571324 -0.516614229684491 -2.94031714897975 -1.12874587431894 2.75836104121806 1.67466206198943
1.32862688014825 -1.39295276747118 1.42393017982645 -0.876753884983607 1.2557565806146 2.31072421044513 4.06363785206646 -0.640700899832028 -3.41153120668533 2.85707246624172
-1.08688009646809 0.75738253388089 -1.83481425008385 3.23506144399667 -0.60390475427775 3.50905087123206 -0.495282487299788 3.63480730216509 -2.03488274562668 -2.04755087642396
0.599617514239637 4.04765717839529 -2.5278143397877 -0.819265775858289 1.04225981360678 2.25815754332957 -0.287824678294767 2.39391179134449 -1.56629690488965 -2.60244176168081
2.54177314265301 0.207627023648832 -0.908035388610902 -4.25182028298954 0.538236683546138 0.209141184013018 -0.320300724497463 1.09337526198005 0.913927449017296 0.62078145131028
-0.872338019109304 3.21937240697794 -0.640624488923707 1.8762953510043 0.234639157798961 9.84667357505906 2.02961865309419 0.152964361461411 1.59744084783276 -3.48085501908939
1.17894616781037 -1.19401393703825 0.798332622812453 0.095408728089015 2.75229665438177 2.76563776253698 0.25681046964061 -0.425649896589257 -1.46309329276449 1.9210844929717
0.225915294945591 -1.96703553168679 -0.999569275109011 1.6233712371533 -0.971234311026516 8.34221994419619 0.923770638135836 0.183528611563615 -0.463100672954342 -1.48704866740565
-0.392895148745271 1.30358524442997 -0.643935616937145 -2.0534229449369 0.135279503077973 -0.860334175933437 -0.645537999172035 -1.45910634104575 -2.0972061011091 4.07677342891877
-3.35943305038293 0.398779061802895 -0.261340755842957 2.16971096621562 1.63166524072336 2.57307931812908 0.187853489667831 1.89285788500652 1.80158542205711 -1.20761029544957
0.819133152995481 -3.75758537144411 -2.98863316770405 -1.1609548792027 -4.07713382932571 3.40871115198105 -2.27823082440321 -1.36539689717446 -0.551526803774279 -2.61376881404503
-3.91404743411098 -0.803114893157743 0.876260343379548 -0.442194548910347 1.22152873823264 -3.27282108875003 -2.41289415798451 1.07761989162916 3.33025482067469 2.94841578879235
-4.21836474261271 -0.655350857433162 -0.435153827788991 -2.02955532611895 -1.21178773792252 0.395498440357232 -1.43637519018336 -0.684942076682439 2.13301704474494 3.84224083040336
-3.29455741229082 -0.887869153905284 -1.51358754453441 0.910107206137299 1.60414706117958 4.38517246691464 3.98304041268704 -1.52207088503152 0.816943533520204 -1.74304329795938
0.356113675423222 -0.36719661157533 -1.04870052513583 -2.29043096239327 1.25365108432884 2.93174745700568 0.831696519590026 0.361368007279579 -1.20327634342155 -0.0928102329141238
-2.88618117269482 0.641662886920291 1.94638311658384 2.64318651230305 -0.587506830273715 -0.669978991540638 -3.3630940454231 -1.18611628784498 2.22009456490762 -3.86941186422864
1.98761670373651 -2.07490427854048 3.08138812531505 3.55900122080689 1.45188104543406 2.75804008610419 3.64691205206849 -0.702657290694732 2.21408559280476 -1.64064750973227
1.68377659741889 -2.52409501432522 1.25946663745963 0.887554094294717 -1.70329776334555 1.45235436641799 -1.79032550407377 -2.03407675750267 -0.864827480723309 12.1046173793844
-0.383425014341196 1.12221886620823 0.294594878320853 0.731267236233378 -1.64014611095806 0.261896922095098 -2.43619469568108 1.13199621412894 0.260116005046383 11.9928643162693
-0.0476533109293954 -0.119355322671065 3.19017634853058 -2.57617887104411 -0.581766896224386 0.629417761528902 1.08836514808843 1.64917484505866 2.17820202016718 3.08930204849686
1.92362157818766 -0.527729679986262 0.18371483082624 -1.869335590095 -1.00293130960576 0.790598539093425 -2.5013987864494 -1.16989421215299 2.51099231550535 1.29415881853287
-3.50488401077499 2.01581275876181 -1.02946128964868 -1.65884908337324 -2.60342829859916 6.567618403608 0.355292515663603 0.127037002164239 -3.041801987596 -0.325139511820218
-0.20008120517356 -2.16573465591634 1.57796515684759 0.599247469374113 0.953822574911657 -1.60405627072217 -0.945140770981622 -0.608652713132306 -1.94040120826324 -0.979579610181112
-1.56617602474177 -0.166307858782366 -2.16634883129964 -1.34469376404403 -0.792075554950249 5.27753791805946 2.44502695424293 3.30410643252554 -1.08465339051164 -0.37062509775002
-0.456852808206078 -3.44532362670322 0.513836394555469 2.36334835972799 1.26588886496563 5.03647808142724 -2.65116384552161 3.47757505223687 0.209460152092388 -3.53226300129736
-3.10233672701616 0.174056331398274 0.197530353122198 1.70637081851287 -0.111273610891837 10.2376930222384 0.310040259994986 -3.42528967814444 -0.0295712546115437 0.0462542762424957
0.149442576219213 2.40206809330474 1.5245142528161 1.99665263537766 -1.45114435359295 -0.516612693951553 1.01755817919908 1.37952170334328 -2.37360127302929 0.593611651848211
-0.85321077618791 -0.488878737328317 -0.995583935720561 -3.12346763491168 1.79497043751381 -0.662579781012104 -3.57951572939996 -0.484698767049484 1.11412336254693 0.795540541147866
-0.158244429335598 1.58932946047605 0.917280820330743 -0.938048299002871 1.50942389197559 3.53571236006169 -2.62295545343045 1.55612064393389 -0.162331322628008 1.11100730638957
-0.758636785927198 1.25748835141092 0.920251912679213 -2.12306839618567 -0.0978423638129843 -1.14590220448014 -2.32466634170962 2.05563530466783 -0.293492139264427 -3.86497276645458
2.63187106952805 -1.95807537453373 0.576646956955248 -0.403454326092986 -0.0639151444525175 -1.04230916825115 -1.23376483482723 -0.88915800069614 -1.64993493720587 0.524293767308733
1.23692110810008 1.2340110185042 -0.270879455370703 4.07730276552735 -0.542039640690654 1.60206020151689 -2.70990921066042 2.52167429522004 1.64661797707911 -0.0393697260153007
-0.845463225938341 -2.44938019775128 1.89927752545076 1.99162982949786 1.66742588451098 1.61039250455144 3.13297475687008 1.24606118865547 -0.779191788286826 6.03909174334852
-3.40705798452281 -0.458940311552294 -1.613257276134 -2.77003936900682 0.0104197500062119 0.638656805835659 -0.43062740602941 -2.54909050113543 -0.973257492759502 -0.246155167031414
-1.75199976526408 0.135954779578824 1.59824240211515 2.98840556616971 1.92679547573051 10.5457962306299 -1.0740430932559 -2.07449196710415 0.677858506677154 0.488198470152057
-0.788242465470913 0.438511018240087 1.0572972230234 -0.640383566666601 0.871690367747785 1.93791885661484 -2.42549661588507 2.69216815306061 0.64691819236188 -2.10843144838489
-1.25471797934662 0.814708839012046 0.54765846776535 2.86093450013694 2.29096759142711 0.95353387799208 -0.462233876453463 0.229573131078132 2.16615650375584 -1.16055387815558
-0.344580144215011 -2.36674332498647 -0.413841807963189 -0.198957668695283 0.765986472615056 -1.8247422432335 -1.30642085861183 2.66191261309494 2.1234671371467 -2.64930351357833
-1.87310163263867 5.03758380407185 0.0321235032354741 -0.363302436343916 -2.02806348582345 1.77702765106308 -0.701860790412961 2.41598598831939 -4.54092237377662 1.80438808272575
-0.477377617317926 -0.246322134922112 -1.56642868949214 -0.0369980149172688 1.64828132017656 -0.791951292022153 -1.68458308755217 2.60271062205128 -0.292183442258194 4.54198962362539
0.146717707474367 -0.137056480333046 -0.0184119161763556 -4.77069055607173 -3.15486835532447 -0.635294991280108 -2.25901543604039 -0.464382314504168 0.896426949675431 2.55560048907647
-1.714877895354 -1.83550107840782 0.971803928916738 -1.15020234242751 -2.40968323759377 -0.573169659997325 0.965808113989922 0.583463629089947 0.654284042231987 -0.0877137607453033
-1.8868390732227 -1.41602548937822 -3.13191539143799 2.90006055069015 0.669595694996249 0.711899579935998 0.443342280276915 -0.809909475713255 -2.60694530889182 -1.35149616124638
0.860652627350971 0.976393068040379 0.0362897216211551 -0.459093763183527 -1.43423964113454 0.442023096209538 -2.86576702192548 0.889476228689184 0.499154642238833 -3.28402291417672
0.195582570966279 0.426823925936092 -1.41831073342258 -0.125210238068892 -0.299744249642697 5.63671140344093 -3.30475732813446 -1.61740768749443 2.6399760799057 2.88091739293519
3.41518804482853 2.45808790640125 -1.21011909822966 -1.85290868196099 -0.476999518999987 1.35276587511658 1.8514288999633 0.740401504303448 5.06767673830688 -2.20091109409314
-2.9597317477352 2.9875139479558 1.59843096594632 0.921414953627269 0.308777354069239 -0.161449047776056 -2.49437670627664 -1.38949824186465 3.46533134765195 -1.4584626342756
2.61811550237535 -3.11444873674325 0.452686846565934 0.363416295407822 0.176475538634712 2.61505084644258 0.503252331277525 -0.616789854078614 -0.283561563487303 3.42220504616099
3.76107899731191 -3.65883109014746 -6.31602541399615 -5.24344560227816 -1.57325185673896 3.73901688855357 2.19509349888672 2.41918216891225 -1.69525370593785 -0.145911369012342
3.58394112300798 1.12124693925348 3.7323099784467 2.72164541032888 2.94850863774615 4.77986375690468 -1.5747849542176 1.44081478797862 0.577427896059759 -4.54366979050888
0.725571665595538 -1.20640059248813 -0.615240357467004 1.36297163861477 1.31032576471437 6.91310903787644 -0.21523767293934 1.3718509984826 0.97089981948838 1.92693665953918
0.98539642343173 -2.47801996709181 -0.0674602954888405 0.704648254431368 0.50742086316327 4.21702314540905 -2.04149990967103 2.26205744638778 1.20789613289148 1.14696440813012
1.46690004980784 0.00986025510341249 -1.23630830016714 -0.63469196078878 0.0387047715188357 2.00660401586275 -0.301318468004585 -0.442217786071188 1.70573399829021 9.28751591029894
0.528328045459459 -1.8424049298174 -2.73656533038929 -0.761655299802651 -1.38408724148331 -1.50629864271625 2.14133785586106 0.36931627267948 1.3693289096883 -1.61983277291733
-2.20153753788676 1.31921445389522 -0.741442287047629 -1.11272429772908 -1.00932309968917 9.05330098027281 -0.150062599286276 -3.42679311960396 0.317189718761476 -4.30620643293741
13.4951207106329 1.48633732026029 -1.11487207802904 -3.0635152781254 -0.549021721526591 -1.38476577407969 1.40724382316536 1.00625024348091 2.6267262840602 1.26350775025872
2.43173463037793 -0.285036032856152 0.78740057259212 0.984543406426295 1.68775196429161 -0.576491113462226 2.7984621132568 2.5422931702604 1.90540254840475 -0.316947268890543
-3.15205009200059 3.38681715934087 -1.30905722656945 0.360517808205127 -1.45685144091092 7.93674363816016 -1.46614441082372 0.0680192344273935 0.430299832591449 0.425048822618227
2.87175718148317 -1.1922400772498 -1.24388890064144 -3.40604947551495 1.34534222597354 7.6794979466685 -0.235580017182583 2.70623627783732 2.11315204525981 -1.76257782463975
-0.261720382560405 -2.3997591831628 -0.163186417576894 0.274399903280043 0.625824967791347 -1.4474422806131 -1.23780473362789 3.20115340268726 -4.47352561298233 -0.374308282207559
-0.988361128910182 -1.11462927166574 -1.40760650678752 1.09279151133908 -1.14578621616789 -2.55042868795215 3.14632289040829 2.0537422953703 0.625009806942195 0.925836253653628
-2.17045324449832 1.60850511515051 -0.540562104933815 -0.825278088056713 1.4397066521025 1.129191000973 -0.0147270353090834 -1.30558382723621 -0.0613691007790789 -1.29698210651701
1.25997335621244 0.827141663087301 -0.472646123289634 0.547684572713425 -1.31326828746022 4.20947806425959 -2.78048596248951 3.73569623801477 -0.0896223915409464 -1.5558375175269
-1.49738354390097 -0.308535636444783 -0.536045385366458 0.383996888342909 -0.0750833654841461 2.95371635187452 0.102369442136701 0.902405150061235 -1.77550992986672 -1.60835888516798
4.44914369700012 0.706652561924094 -1.88623151099334 0.693391376448879 -0.507772647351335 -0.672387738555818 0.597589837607583 -1.64181933294665 -0.315649466147833 2.3554611591268
4.43948042119032 -0.198462438688406 1.62596737970755 -1.67261230813442 1.44914753541411 -2.18943732558783 0.1890233460854 -0.252420668956886 0.378340833533668 -0.508148086601066
3.46456765809703 -0.185983998049947 0.551005632068008 0.671071284667286 0.433715348610327 -1.60337139220674 -3.25169328386258 1.22488267591907 2.42308675160137 0.153838207269147
0.481727062682401 1.85762667130245 -0.0770054056036726 0.445438816490523 -0.0977223855587217 3.02371445152863 -2.57643003720877 -0.925339901124813 2.64597663468719 -5.98754971412869
0.569903595817585 -1.77943305856203 3.69199300817842 -1.75399288283068 -1.6823263827215 -2.33263544919086 -3.65077556445189 0.731806562425382 1.90254165295505 -0.227122279213101
0.165312970635155 -3.0096204154378 0.70023102526356 2.78901569231743 1.7448738306746 8.93684345092795 -3.4436810056219 -2.0854432390428 -3.92299276318945 2.14580323688368
-3.94125364134787 -0.67486861205976 2.61604504325821 -0.564837693508491 -0.952337067786686 1.54317130462319 0.666451588086153 -0.282492829756879 -1.81215325238422 0.911670609587405
-1.2537838902451 1.2825820605589 2.71249651836 0.834289051880867 0.628878850124035 -1.91986314791494 1.17258294464962 0.0132849604973789 -1.17831858783859 -1.1373614163183
-0.131508197552382 1.83518111749934 0.161596965800383 -2.26346022540955 0.971344771544663 9.78508960900031 1.30213598917453 0.740266550034332 -1.32295912449897 1.44168069647811
-0.968003645766678 -2.23953313304912 0.851637532764088 -0.400039751085855 2.80825771903882 16.1500241158031 3.52323574899717 -1.03539135939526 -0.340774403416201 -0.950410408473181
-1.60265608264245 -3.61639940615542 -0.0585122035835671 3.10720212344357 -0.977801160130939 14.1189864360288 2.23361912042373 -2.89619352685009 1.67643689837744 -0.68842665745032
8.20513260105232 -2.42000325095236 1.89589586921449 -0.0141018431326576 0.882718649072671 0.917465273012668 0.769364600591202 4.31239807984474 2.08589545956103 2.12136276319657
1.13327610039854 0.749791439304466 1.85746718053473 -3.16948624104855 2.59011138729413 3.08065763574995 0.48192506398134 2.08690315300874 -2.35381750872367 1.98127779308738
-0.962460813980858 2.30259973753122 2.65974269036257 -1.29295749927752 -0.00773637831334211 0.190140633206082 -2.16303680184899 1.71147642591831 3.68591834794256 1.66035883122976
2.42382963060415 2.58207481245201 4.6513040463079 -0.695885459748992 -0.982524357112051 4.73538482097444 -1.02752539024852 2.24499770240443 2.36228810358973 -1.63111697236922
-1.26561354669626 2.22441377728222 3.45595651238426 0.873150003660629 0.288556494310028 6.79689912176248 0.491087316426493 -6.07911026716911 -0.231570216303448 -1.12857914601147
0.476993195431301 1.62038391989927 -2.32323004179073 0.132347756194186 2.15538428200641 7.12271658768974 3.22892867524536 2.82766920501477 1.46962062605609 0.944210841384732
-0.908852628271711 -0.177941046262209 1.97117422315794 0.759214403878228 3.44644042659856 0.882117011507286 1.99357958371558 2.14878282024626 2.98700373069469 0.170414544155397
-0.745351948681596 -0.757310454841763 -0.0821550738710689 -0.316918671527951 0.304113368782569 0.25163984713443 0.144573308886789 -2.24181794783877 0.980072852233657 8.06991169356124
9.16661952220957 -0.311629563139248 2.15155648497458 4.04178152353481 3.05343766901298 -0.0503882810709841 -0.146922350683853 -0.0261462687191294 0.608676361131774 1.69361688522671
-3.06415930298666 0.895101599784898 -0.600647272169063 2.2585619956423 0.0706715149996288 13.6454014425124 -1.14152708954465 2.28498481134233 -2.47006887726732 -4.51733057183484
-1.76538234247515 0.307037822578624 -1.31245653835829 -1.8868263042503 0.436368428027646 -0.106136168334743 -1.34905677633004 -1.0474804469112 -0.0393040116495744 -3.16601872269465
-0.656638056307965 -2.09702182410915 0.822801894417243 -2.39963418888575 -2.67395913486186 -2.649433059211 3.02887820971513 0.406159911468413 4.11446126175395 9.65068978617689
8.58866349225546 -0.421581342981543 -4.4362880542042 0.52668735375818 0.689842341259923 0.80587317656935 1.04979651176089 -0.302105888963488 -1.78898053023253 -1.54759740245286
-0.226364568111903 1.92650295383715 -1.21486403058393 -3.12205570695283 2.37282509670132 0.211030522979409 0.490622532603409 -3.53279223101142 -0.00731738079359088 2.97198955382072
-0.302670750935554 -0.207896128977573 -3.8047461015465 -1.37767099430123 0.425096338330274 1.66908312486441 1.46372216989375 -3.08794160280792 -0.171071634708968 -0.64775471310585
-5.4719735313978 -0.0727131663490219 3.89492474568184 -0.638282404948954 1.04241227800745 3.09791306718554 -1.68788014803865 -2.74158758138506 -0.408796558619911 -2.81695222358076
5.41108133405807 -2.64168438996543 3.19412574414195 -2.39626156250884 0.885633953211419 -0.806646049392658 -3.79478251082914 -2.27739478583549 -2.5466235173947 -3.09513127071128
-1.09762243833338 -0.710031913562384 -0.116929319667716 0.700353800680685 2.33342878871079 7.25131033851631 1.29915751441007 0.28289016884599 1.33605395091169 2.44628310924626
-2.59187331391232 1.63535249014502 -3.66916431839469 1.47044155237814 0.330503072301159 0.986261556564054 2.23420018767164 -2.82945799366977 2.07293378761507 12.8586537332091
1.1324301910536 -0.379556905564462 0.551028551206386 -4.74717927250856 -4.63858222805691 0.0243015561621974 3.29227568296396 1.82856093279037 2.12923832721859 3.27345920602687
-0.894638346162092 1.94548103439275 2.62452462268408 1.70682546607851 -1.02198165494068 2.69520812445615 2.02611116378958 1.6199126200238 1.01564864930426 3.75836498642791
4.27910795603573 -0.474643876881824 2.56924016120945 -2.31728797632318 -0.64909077138091 -1.13278578935066 0.438114826880591 -2.32190121325812 0.599330656897037 -1.21891613840207
0.203751734327239 3.05853920847083 0.0101415949505145 -1.37749415409618 1.66858246114897 2.25073418786209 -5.75068414447047 1.57447997811698 1.59013176169875 2.6689119033157
1.97528082607833 2.64764798945424 -1.92672156105473 -0.708171600412512 -3.51920889375177 1.71972472398294 4.36784295061148 0.116629977672789 -0.963325036497115 7.86531009574053
0.0521016562609943 0.265577944595518 -4.20914016745294 2.22313410564828 -2.34050762293474 8.87666143768085 -1.4591298283082 6.59677307845747 -1.47389038072918 2.92038095582627
3.35154732866709 3.65070751387239 -0.763308631414785 0.267029255933657 -3.65644142101731 7.86365303387383 0.130760407735809 0.585421404120151 0.454909852218203 0.791718141993198
0.82783678638457 -0.12863345269909 1.72003452159385 -0.122623492175387 -1.20979507516708 0.130188652510464 0.525842507587664 2.54006421852782 0.638340248477757 -1.51055668391777
0.474070753333386 1.41320340526324 -0.206576506543908 -0.609278692081322 -3.23364925411909 7.86733479214656 -0.0620904937517629 -2.07391402039465 -0.623780575349612 3.17333191148718
-1.33624987265925 2.07111440559532 0.845330183932106 0.0488404412623491 0.317625098553536 5.6117354771595 -0.609141964026853 -1.798496634593 -1.61053162370699 -3.36053863910019
2.11496161159107 3.36155509964895 1.69817352968358 -2.30120915281721 -1.21786186197744 7.51691401622484 -0.00751671473713198 0.419130873701313 1.83890236341242 0.012777924792146
-2.23530132072361 0.0829632998129402 0.617143729548121 0.599494734832631 1.57606582667323 3.12416244905862 -4.13783434409429 -0.0168642485074019 -0.0464324502418018 -2.69935381631592
0.853164731781664 2.50502043174322 -0.403571804337029 0.408805651103395 -3.28863595834898 11.761420082998 -2.34527492576311 -1.16504165034019 5.67632036702799 -0.416055051490656
0.911566888856092 -0.284839025359892 1.14745643666511 -0.487222458769651 3.20220539862283 -0.704412022054574 0.875463322525081 0.617214079950012 0.0824226940692579 7.52962391463111
1.92022354998274 3.13439769139189 0.656745500808766 1.0615942799607 -0.215322719919463 0.452731671454264 3.25191385677348 -1.90102055158829 1.84870861248952 -2.4659175252638
2.05355750520071 -2.38904490715741 -2.83469023150276 -2.21320624912875 -2.363302739607 7.83847093225495 -0.632637141593066 -2.98386475086547 -0.681090106575286 -1.14276535164991
0.595034661905616 -0.390203795409879 2.43310627071273 -0.46110049292466 -3.17493141487154 -4.89376634567278 -0.724454921730473 1.39100791577523 1.01943250145356 -1.92047745583246
1.58021655768692 4.47385169673035 1.02569918068857 -0.325363530189894 -3.63910495244059 1.06295846945806 -0.164996478079133 -2.22927306257619 -0.0184936365714989 3.66757424208947
0.332353617521204 -0.751372470015198 -1.63528867711375 -0.521614356257385 0.822573867761573 -3.46689230694285 -0.569056992125938 2.28166205262384 -2.39574996269289 1.85126322246211
0.344882854369426 -0.451920876939367 -0.971130882433339 -2.59661491833072 -0.464964504474647 12.6515605661594 -1.77173979954221 0.623557640143873 1.46361394100317 3.38328078979154
-0.662577137641652 2.54425857505188 2.66990497501057 0.830134280796533 -1.35824096997581 11.2341149889193 2.69318696077655 0.222141822219569 2.96143452251673 -2.82338828256497
-0.988421094201046 5.24692215143675 -1.81302004461054 -0.48414313385283 -0.594892049483187 6.1182110749245 0.585023330683602 0.921573582806208 0.276974709741046 -2.04529571551623
-0.211255635307623 -1.56687923556162 0.37372109865378 3.39037512633815 -1.65385764009841 11.4986194640405 -1.72186110628189 -0.587569732122195 1.74697131334869 0.159796220314927
-1.87428876447063 -1.38420843312738 3.23435962388081 0.973878001015727 -2.25791771314088 4.00864641597527 -2.49764664133935 1.79587228362784 -3.46590344907263 3.46598815131876
-1.39763780088669 0.854482991961726 -1.226975201276 0.341672655761935 0.396094305852534 7.21291993085099 -1.8974464217191 -1.10479970337195 0.83492143030348 -1.73239597562219
