-1.33493136932546 0.870734155245703 1.1907849630057 -3.38620941333317 4.72005147534803 -0.652930973213889 -0.0581844605771874 0.976962577972854 0.249085248090682 0.510131312607167
1.09570076453849 1.95454455266226 4.04794714379992 4.79905252775659 8.41112041784077 -0.410466944516341 4.24911959562549 -1.84155919328602 -0.986191439321549 -0.832156687934184
-4.92471630823176 2.6633782077338 0.97517627732339 0.160499193352644 4.21058893174307 3.35668695250103 10.0033369413027 -0.943649733116849 3.60074405909012 -2.77560049434348
-2.43584504324745 0.0146250966390877 -2.60351053559828 2.88889241395722 9.42413395744708 1.66877885821253 8.82178167182551 2.02075717225927 0.603616248202041 0.934440006237681
-1.243148813093 0.728532909707855 1.31642197044221 2.23998132365716 5.6673456433082 1.50438931733161 0.868220886868898 -2.99316255890305 5.36796488716118 1.46912684770526
2.10424897522971 2.21114325133166 -1.2100969438596 3.01463264521622 5.0784229760899 2.00128124369835 3.80220465766786 -2.01236284158877 -2.52037828870663 -1.32035250400196
4.40203197865355 -0.601771723181572 -1.07011425716072 8.10654286673966 2.56498678143148 -1.15158666497371 -0.69741657869954 2.36766457427485 -2.36708498710261 1.17103650500362
-1.03591727406934 -0.988818955023886 -0.248642586669138 9.41641951175919 8.9468835944889 -0.436277184840395 0.313818914267723 -1.31399138568752 0.831338965338723 1.22005053029422
0.161034817658597 -2.90007503836822 2.8660625689736 5.78502720154236 2.80629271777345 -0.395315847933693 2.19683741786691 -0.224065138952675 2.55713969781466 -0.615712273894043
-1.99514574232448 -2.40918826800622 3.01382352793312 9.93835497586849 -1.72327839032722 -1.1363095096922 5.42973581346917 -0.647314556383868 -2.10092166656894 1.31792126925083
-0.278480762003428 -0.954532102994427 -1.86585220201898 -0.392314377480136 1.30961453190662 -0.2114106869183 2.31315022855422 -0.679430435023984 -2.12696447494071 -0.509546581498873
5.28448706441803 -0.461860658959045 -0.66926770488961 2.60731665404512 3.84916637330012 -1.32348557208683 -0.437816244727975 2.51767702773749 -3.65553943974482 0.187105429510131
-1.26157588221596 -1.71076363494918 0.447183293640573 -0.142655615567738 1.64859619226434 2.96724525310895 2.25014467691675 1.22544457367505 -1.39552693816495 -2.15885707945441
2.2861556707113 -1.83967610953666 -0.739393150411192 1.40031612522385 3.04516591381271 0.152389401904838 7.74688796243487 1.96117313309874 -3.280944479278 0.232363382989994
-0.581362889122522 -0.952455159672134 1.67692131060922 -0.0691298928255399 2.92667494359374 2.91807912223211 6.83131862513756 1.20628507371052 0.756018108732869 -0.551237797975662
-2.39247566952626 0.332756301033236 -3.12563134589693 -2.65570260026998 1.62039530729729 -1.80856464113026 9.11821067841705 -1.31408008650667 -1.4227784495258 0.180249400924557
0.214281563097022 0.629801538167827 -1.54393514490912 1.53691530708113 0.495693085766539 2.43470766058088 2.07125722911094 -0.583362656150602 0.0519328443361517 -0.0767321752637507
1.02911414727053 -1.43247789612627 -4.28005695671379 -1.3869305365822 11.9706740712237 -0.815942574608735 4.84149367015987 0.643634332213375 0.963065885192353 -0.607699270470383
-0.562071048479759 1.56835542188226 0.40046040191174 8.06724624053827 8.76722720130244 -3.67021226293632 -2.10089149503397 -0.792564889411097 0.391184825289837 -0.472246534826229
-2.02072799501856 4.84765036143684 -1.84287130577731 1.81964368566198 10.3033061511353 -0.981412805608782 -0.53963865820618 0.627451132461816 -0.973153194313472 4.07651220028838
-0.903231841441895 -1.1152963115589 -1.20590565823431 1.534965947401 5.03948245691318 0.533472557092559 6.62049242649875 1.76951678722945 -0.421890018093106 0.800091691637548
3.09139861892362 0.412790461769191 0.590784881318141 1.6219944721307 4.80367658648565 -3.44564490438495 2.0718841048172 1.58450905894073 -1.38668883782737 -1.12164952798394
-2.30986546432754 -2.19846464124288 1.69279747321395 -1.83753231989016 9.30918742309283 5.2056343074573 -0.565080204406607 -1.53259404376149 -4.19568273918343 7.08238617321592
-0.833000742197179 0.0113919469196835 -0.597986808163993 2.10353253381615 1.49466086664108 3.45955463905049 11.2321299367744 1.59799682711211 -3.64880812282012 -0.175670494573334
3.22002618703482 1.12465593490776 -1.04965274008751 9.43692972846296 10.3327793993863 2.17686006748349 -0.413586803382232 -2.08064214895343 -0.733370022327372 1.42728786790351
2.69652951558924 -1.18550650122881 2.60941787537361 1.48975575995025 6.98795190866374 0.805687658092787 0.607005760409004 0.52139892198199 0.238213809563285 1.36447897574506
1.16270182679167 5.02522280842217 0.997511157345427 -2.28809020994358 0.310128420647917 -2.77272884400902 -1.63905330261529 -1.47348560271429 0.286344330108137 0.936601415305489
0.317086537311656 1.51123820328717 1.01003649510702 1.26360628568422 -1.59269928719719 1.14562110621496 5.64671018793345 -4.77211043335261 1.91389403575326 -2.77017770899115
-0.518041054350896 0.550041680485855 1.71264181254021 0.219097420445806 5.37258208970981 0.441001722452147 2.75582850406507 2.98717968014266 2.68127469888229 2.48496594032765
2.61116235989447 3.56125351159793 2.74433870381385 0.268137707039313 12.699741890165 0.183712956054493 0.926502528057798 0.510052971494069 -1.26225241494315 -1.06301657475652
-2.055008874527 1.58050034284931 -0.00429754139717811 3.49396218402345 8.06436860638519 -1.27293790776489 -0.0438589804780309 -0.849469183261108 -1.46644677724342 -0.829851657275054
2.17743455544802 0.869949821839307 -0.365195796851055 -0.287863694177068 5.77909136186488 -0.014462547305928 9.86538372894423 -1.89119477442569 -5.30426841460284 -0.577780245938713
0.848977124580263 -2.4106331670415 2.63247651727342 4.19613253242412 5.92548201006989 -0.179092692625666 0.236424177766604 -3.70256878524442 1.1309266319375 -1.42819363266859
2.29105075796265 0.695836405668931 -0.891881696965529 -0.949487233258052 3.58769459117247 -0.735684754272154 -0.430127973624075 2.38180152365993 2.00041370302043 -0.197978605855844
0.832335537661381 3.33182515865385 2.37033151420613 1.81994074902007 9.38108237284328 -0.950511389602019 -3.87232073649932 -0.287763705705554 0.257213495987899 0.706736961181775
-0.561375034178844 0.573829835249937 2.77097634270368 -0.838449410752237 10.8415353871174 0.0848123971127094 -2.49675321922061 -0.736145717923362 -0.77590293885099 2.31701293342167
2.52874313258172 -0.156282152652586 5.31320821286889 -0.751787334471303 1.35822849963974 0.784653163977256 -0.057109370321297 -0.201038791335551 -2.61239746815597 0.458177177777803
0.127575392403801 1.2814205537383 3.23380480161169 2.21296840997832 -0.192072628273069 -3.35063347993324 8.39370320097623 -0.534099042108417 0.801556632967907 0.24854692425523
1.82912989297782 -2.01506327110909 -0.191638356700323 4.89208047880248 5.88465182143716 -0.606956868323872 2.65193396267099 -4.08955917585345 -5.05500851393119 -0.106701086601196
0.169402761466642 -1.9535985736558 -3.63855103371044 1.48383323053695 10.7495431221716 -0.27998989324663 2.27251738133363 -3.12020995131686 1.62434429270477 -1.36440689684488
-1.30239488478778 4.78314076676261 -1.1865414132649 1.18253710852489 -4.0340626738451 0.98734863687249 1.72722955427813 -0.0943629621296052 -0.0218254339561505 -0.241069990729903
-0.351665030606527 0.595398209610386 -1.59189274492321 2.84674108811099 3.60056953867018 1.31722312124489 4.51968353789575 -0.456554991194083 2.30546878412963 2.50353435778123
-3.72868639199652 -0.0660594195223415 -0.214540604797739 2.521252170119 -0.322287681091096 0.520453905879524 5.8287262738933 3.46107395553864 0.751736002221761 1.27531080667294
5.57784448181751 -0.42373187322763 4.54437518395893 4.18958826548594 7.47235692957504 1.51982855541597 -0.570955683571858 0.127036564513562 0.708210625001067 0.23237041713045
0.245374631392847 0.806687065023171 0.540596638545927 9.40052124621069 10.19285765893 0.493268699333409 1.35856168699132 0.176952332236466 2.78680594803492 -0.508389614342133
3.36209873573576 -3.25848288498079 0.0078517619479319 1.97162142925348 12.0484632440399 4.94807012973149 -3.73847011988513 -0.442291459069406 7.96430445268718 -2.26865580664449
-1.70441267478082 1.10872381540772 -1.84939640457733 4.36615272881154 4.23614589796893 -0.2213251438012 -0.0699675328448359 2.82791659781069 1.77468391206553 -0.0562991333640487
0.549606799477357 1.52769430181669 -1.11137251945359 0.329321216302796 0.137924524274012 -2.08151078752683 8.93749252947671 -1.21123496988932 -0.355395985538606 0.932777055215546
-2.31954971812266 -0.197147650393343 1.94891314652177 3.19433840666195 5.5807679362153 1.32891612950664 0.669261832576305 0.277045315509078 1.03077582668959 0.0777016177258738
1.23069673854662 1.77304190339487 0.073838104506075 0.0392921706181516 5.02912191381409 0.119040442058934 11.9427281713236 -0.87444490623078 -1.16464982089724 -1.90562333817489
-2.19383389766718 1.18302101199475 0.412202998456324 4.41073599680443 -1.03617034269778 -1.13121851640407 -4.30624149730468 2.60215701942131 -0.0871148721755844 1.96023330873336
2.21695889487417 -3.14323204996962 0.791297088703903 -2.17240288421248 6.23236089206191 4.3036832097456 3.94827977013781 -0.0805860333776807 -0.146635346198756 -1.31641129823232
-0.380940416632209 2.04595398722531 8.25858713041354 0.138731159079126 8.45111774924015 -1.58810799054185 -2.99795796894749 -0.592801641363181 0.22652713450061 1.93950622043997
1.88882784210726 -0.990165738606367 0.77798731437987 3.98976287406559 5.22164696622336 -3.35059631729997 0.659527634522113 -2.87966677382604 -0.991705930464465 -1.81479982547661
-0.182195183929126 -1.01846856311534 -1.29189353523587 3.22894063382002 -6.92399163613326 -2.12888572045321 2.11678949218425 1.70111386185054 -1.49275112235132 0.122197415227529
0.64471026077575 1.60898395579885 6.78768539212273 -1.95268397214951 7.50380171511469 0.0457859126583052 2.64742811620306 -1.76128134877611 -1.97672173215671 1.46326936731646
0.122284774465851 -0.488491924442507 1.49366669997088 1.77964565155226 3.74026611016576 0.235206409644867 7.66260579461815 -0.641004526297218 3.99273836221412 -0.935421324441144
0.51565332255339 1.69001426251578 -0.842042168943473 4.69196486549562 9.04086558875084 -0.0925453143290234 -0.207745311169835 2.65075266278812 4.79815443765585 1.63325337874603
2.09410948660998 -3.93943838414429 0.0485654349143383 0.0517962069932188 -1.29020438335355 -1.32471481598276 -0.137240266222087 -1.01013045061522 -0.129572445873749 1.55017449362887
-3.34862580959958 0.900540168504163 0.0110690512861667 7.13158204254604 5.98159544257172 2.44898584921654 0.192952542494406 -0.92411634871453 -1.89302335570663 -2.47076973519282
3.57898127174383 0.253565380561116 0.189743368198334 -2.37470507307996 8.28531092043925 -1.88990818853868 0.954303972692061 0.682770636527933 -1.20580112422832 0.600534532021241
1.77344173927083 0.0756030731007379 -4.6191021493342 1.94253654053044 8.87466267639633 1.56705176273481 4.14639072517711 0.411037994664162 0.783301425979121 0.509320275972968
0.0939056043300392 -1.6986615445891 0.371411506191032 0.545839946734948 6.82003762202561 -2.21477438622006 2.5762602063372 1.62508866479084 2.47307250290742 1.10387319956098
3.42921844563288 -0.523578307326771 1.00703878368826 -0.972122756283011 2.90596569449029 3.70138255459201 9.78734555243515 -2.46493317926782 0.74477236023146 2.07076434543187
-3.9422238199619 -1.16093392512731 0.586746908511715 8.52198550305931 7.36254584467303 0.725527166726497 1.26041459905718 0.468339078368291 -4.13819389664295 -1.62280325729956
1.63273954550406 -0.0852314180622209 1.57310248749254 1.70924852492934 8.76694383660265 0.509591075916741 -2.8334666233307 1.43016321473411 2.72810598846292 -2.60954286403275
2.92120918968368 -1.29533411477465 -1.94975622557469 3.93558819658189 8.26489266610601 1.09071344690196 3.50749632779957 -3.06897286091903 1.23743664874116 2.100692658531
-0.965678369386569 -1.2812485176034 -1.54036357256407 9.60469859261753 6.30993523519611 -2.69906968551732 2.13441009887992 1.30209890104288 4.70443875215793 -2.045614181299
-0.554852556967462 -3.10899583035667 0.124321302708349 0.94408123286243 12.3782927557387 2.30734289139623 -0.375457174847355 0.921389882594925 2.29473625472721 3.62984216837489
1.75464717174553 0.539434322160121 -0.370297126972921 0.118545053532221 2.871360638166 0.0763210049468967 -0.0810831564124603 -2.32570322569436 -2.59634195046069 2.60217593261827
1.5979240682044 -4.35253255930295 1.06855202984386 -0.998819433804526 4.92131758777645 0.490915004899763 7.73236529870567 0.772047470014643 -1.25567026644969 0.163962473788364
0.128516144278865 0.376555106082721 5.10026093571462 -1.87221728011107 2.54996789824529 -0.0240265830840134 1.43743703328722 -2.32059947589667 -1.69767639561925 1.01081326481561
7.48866902310615 0.179326199774687 0.739166539311707 -3.3391905687149 3.10595956191792 3.03131650728584 1.09570055818912 0.821832240473858 -0.285354304952077 -3.72754983873427
-1.54505403648764 -2.06973283875599 1.16311552410848 3.57930117740908 12.7128340930217 -1.46443376420226 -3.31521668543252 1.08504460819464 4.68550814057885 2.62951063918741
0.557503155635062 1.01692535764309 2.86884093906742 -2.96243037191922 -7.14576920412394 -0.629450883997322 4.95903008391272 -4.48526110877675 0.839890301030716 3.66877022747062
2.24906415927022 4.6433497027972 0.0203139253480019 -2.36174674817381 4.18716159955241 -0.838342927518489 13.5025127807834 -3.80785125290555 0.425980192164633 -4.28627633402925
-2.67585174643669 -0.466007000207056 5.56350976008553 1.50163422148734 4.35352518715603 -0.633412736026149 -1.28239258799347 2.15684132879571 1.38890996507196 1.04898453438497
1.21854273230627 0.541850200484863 2.36970237483241 2.09905264577495 -0.895959533244548 -2.83586685691935 5.67795445932442 4.39807454225032 -0.393313906220913 -4.50430272320699
-0.411928628529518 1.48248102458261 -1.34542173833706 4.95930154387188 -5.93737026949211 0.379691883761428 2.1379489886056 -1.66588598515513 -1.44368543002234 0.601936128345119
2.14970052548056 -1.60578039371907 -1.31885709757145 8.70365917114072 10.2472024909415 -2.2189111114537 0.774305762316412 5.31964952502486 -2.4143987457147 1.82566141620444
0.76890607922114 0.540257224300649 -0.597844826723146 -3.97937439953668 0.097365340337606 1.84148750232102 10.5584582401398 1.48283088590025 1.79596053141976 -2.62574230131615
-0.179348702602686 -1.41506279312566 1.20367466313229 -1.70507767353549 4.60550901725903 1.27665236894815 5.72606099478526 3.42641397236967 4.4517284436999 2.42201663531169
0.234961960564383 -1.53445940404735 -1.72424363142173 0.290091874580134 1.84561166250117 -4.05783372567327 5.69427407956532 0.0790017055400623 0.368728747056438 1.14994209210179
-2.72235487151264 0.0990964278546623 2.72548987459776 -2.63983435405354 4.42996336103903 -5.23668383592421 3.54232366558764 -1.95239059216738 -2.34932729121251 -1.36879708972347
-1.74301808907638 3.32079940614835 1.71416551549819 6.04694472736556 1.10473382028421 5.09758704743057 -0.183601265423223 2.33426570917283 4.05040900500063 -2.72592640043069
0.399682126377207 -0.225408367542497 -0.65731788715911 -4.25696151195198 0.180302040008416 -3.67150740008202 2.43330960399577 1.46162740470433 3.48711710440162 0.560979383155719
-2.43680763346222 -2.13756247196621 -0.755959715009253 0.543889265193045 3.20287387279793 1.24471457080459 13.8813194875352 0.614947208805317 -2.73411375229874 -1.79576557308151
1.0060474288154 -0.0298042165507968 -2.74364640455772 -1.09548778790407 6.08542697943473 -1.37762677145676 6.68424211179575 0.628034408091479 0.456418389297489 2.2503520116766
0.424854010278878 -2.03722211027205 -1.82004874848579 -1.6861513074818 18.0920849288552 -1.32143741927385 -1.52055546112867 3.7734610460187 -7.57257134073016 0.97990513110726
-0.673960499159008 -2.11831055407459 2.22098488681371 -0.0975869953923369 1.23408542839197 0.646303417045788 11.4767367270728 -2.71582511738788 1.74631530684844 2.07736021653127
2.63283046174665 -1.92583345048682 -1.96023608922405 -2.04386578464109 4.54814365212882 0.655143584764279 5.12008011654849 1.71326863419519 -0.393228396981091 -0.973623888382206
0.676690374613591 -1.97856433346428 0.791652618367351 1.22493263397407 0.94309081320489 -2.20387132438875 15.809534693125 -2.37400408437811 -2.78674391303246 0.559239797453368
1.31470375597218 -0.168797829675016 2.78064789846946 -1.59062921600205 2.34343535765612 1.84098635096047 -2.46311831509111 1.59606237859368 -1.06080477815788 1.63131412311205
0.998817671825803 0.394192337076289 3.1557740930128 2.94118021954693 4.2817410168601 -0.839144296633108 0.695055905527274 -1.55927105012651 2.70798399024368 -3.11392459723516
0.768676703472639 0.641865343585644 2.38071891962485 -0.144237188731877 8.35679675255453 -5.24723184309919 -1.9073954743961 0.464007532348031 -1.88090006190034 -0.941986736229846
-1.00496975093027 -0.374085355100705 -0.923408552844418 -0.309865215179152 1.03473384771193 -0.0311832149352219 2.72740780041993 3.11098792444044 -1.03470071852208 0.817470398103532
-1.3272953919612 -0.951141078958761 3.21310116485537 -3.78045087199181 6.66308786359023 -2.75907267481028 2.41466148486143 -2.0682877527296 -4.58558039857556 -1.35519472848756
1.42007807787583 -0.564650833827912 1.10618456028006 5.47883989370003 4.8899372392033 -1.40525170861739 -2.13026069299191 0.538007394296919 1.91893165990156 2.10976028076342
-4.73026039801338 0.538456442043818 2.15097993129452 2.89491209813698 2.36841033849882 0.561356366172554 7.09409422733819 4.0223705339602 1.22028452733179 -1.76747004579599
-2.4626127765851 2.15075848567455 -1.55820908417779 7.49963966606372 4.79446457932484 0.461966571985526 0.782885143602774 0.845502621707465 1.88485543562278 1.02093312531872
2.54876522965375 2.8436868236415 -3.56828494935917 1.74031706132259 9.62573042749393 3.43899184973263 3.41769043116401 1.41524426269107 -1.38224249621049 -0.270425931586765
-2.11808923974458 1.35747943894724 -1.90736746407269 9.64802439461609 5.57587608459466 -2.3128622420093 3.4032301755119 -4.96643009894487 -3.05246116237251 0.489139251290056
3.7756602069387 -0.922802662657739 -0.0375056572957073 -0.311705256417605 6.35742593523291 2.12365385381561 3.99013030546433 1.91676965996596 -1.46493840185627 1.05432636072387
-1.8382526609923 2.03164151234773 -0.838639635773849 -0.274247036669925 8.24016971123693 -2.84599461543901 10.8276100833895 -2.4062647211421 -1.74136285857433 1.03796100465256
1.33830780122829 1.04896401472858 -0.868341118691201 9.0424677717302 7.10437850484487 -5.48441625882496 0.535778162518139 1.79327443740135 10.5507427186436 2.95266487767185
0.487739708776357 0.730961510770651 5.81560702873313 -2.15623934699083 2.98925445935111 -0.43413687688353 3.27139323805596 2.87141059537452 2.47738257858124 -0.213747671739294
-1.21261186144883 3.29945365409598 -1.3745879028092 5.09608430134833 5.29155414556108 0.865781182351645 1.63908415951041 -7.88846966743343 1.18723223128639 -2.74887142469874
3.32722628589747 -1.68325422065786 0.290809471274148 9.34475828874835 10.2408012472859 -3.92867776964764 -1.45178357411951 1.42542556956081 -1.86009879608653 0.302403852274936
0.523205530088895 4.9329866335939 1.06279344097906 -0.058365192210143 7.004411243046 -2.02277706417398 0.489614677672082 1.94576570637928 -1.10441933279575 0.763398711161714
-0.0658404040747491 2.89958045179412 -1.64463427855429 -1.56229278920661 8.14777306611724 -1.05873908936975 4.04024116422933 2.64680402973257 0.545782227812139 3.64237169922297
-1.0537277630298 3.58052960068305 2.39405884408535 4.2825230228826 11.7283447551586 -0.832893493610663 1.56211064675533 0.522310465422979 4.30701079884527 -1.78254173938672
0.421620128007044 2.80583262208662 -1.8692021120909 0.00893717803873836 6.53775052416493 -1.90660567847688 5.22200990082827 -2.05933116240941 4.86945083726102 2.13289885956582
-0.479403582234177 -1.60865484748704 -2.0333911993925 13.6429633015054 5.84728046980315 -3.03333515550383 -1.26759960188026 4.79012253738086 7.16850664586123 1.89969777480064
0.162943286541855 -0.670586728756888 1.14428337688772 7.15309324861039 8.16523956328012 6.22645849038872 -0.956534449504891 0.932351743264457 3.93549531894142 1.5785038627158
-0.51833423830811 -0.0640046763199067 -2.49299734788355 -2.97093209445108 0.410883693073504 1.39053832245743 1.68265121897939 2.74948818288702 3.68743993236421 2.66783767681724
0.333255878865654 1.5998434040174 -0.337309405873532 7.27204460768519 -0.703559422088277 1.07438739993057 -0.90161833319664 2.20326288555263 2.63743440202484 -1.01249046563758
0.600042539667705 -0.648610811714191 3.649771793494 -2.65623001581014 1.70446197762152 -2.51869437509209 0.443917666226377 2.64474919851936 0.0977334004597598 1.21250798650232
-0.349755449974616 -2.69526224495878 -1.72837815575625 1.34369926974752 -2.5349193268153 0.949319159954513 10.415621329097 0.6607554913158 -0.26493690877962 -1.55732012871268
2.315184867201 0.666653324261989 -0.77783731110092 8.53664828963452 8.98270929943229 0.681066865782685 2.8052922237421 -1.01370193276091 -0.768998555879827 1.29688571848942
-0.732793614341075 -2.56983220113677 -1.42395423409034 2.77556667405752 6.02732097849335 2.27740145178361 3.56336860431094 -0.256594338051316 3.49125118694156 -0.218009536732218
-0.0736590654273601 -1.36532396365934 -3.49180861191187 -0.553501024993129 4.32519775676021 0.899044453397 -4.5820692631852 0.0705119948496337 -1.01470436767295 0.849212070579731
0.718903160663854 1.86106164265156 4.7989898543019 1.01837084185392 9.14577682908398 1.06146925632266 -1.37973268840664 -4.30883453218828 -0.324095418921459 -0.726522254613203
-0.369660035029577 1.91735906180389 0.548536763286115 -0.0208096859519227 0.360749533322982 -1.67328695668669 -1.08487071426584 1.87939307781941 2.55776360048338 3.27289756380474
2.44300693257017 -1.66437290309308 1.36021748155771 3.22709868854147 2.81736494484204 -0.416369569076559 0.918211563007933 -1.35860772203658 3.38023596482021 0.968096593262825
2.13939772304436 -0.156510084149031 0.692772065648953 -4.60074193336262 -8.75437850508933 -3.23776450253811 -2.79636029447566 -0.419694418699751 -0.949539054590088 -1.56167829661662
2.2162495879116 -2.59888650071857 6.23810956626706 1.46270425319919 10.3564674080882 1.77113017270134 7.70455132233697 -2.11561269695966 4.43467131652945 1.87839523426389
-1.23220656975019 -1.31232148481372 0.146499310932694 1.96413155410169 1.95796901451181 1.14029699687718 2.71062560722109 1.36242280021655 0.0769077598972004 -1.78096408355523
-0.396330403195686 2.05764681648722 0.95326869350519 11.0995881642778 -3.85066733194911 1.24382422509224 -1.76219744109324 -2.10239393212572 1.83645898139753 1.19602154795605
-2.53829473327571 1.47626262610892 -2.4275878697138 5.21959389858121 6.44053926815077 -2.70681280122265 -0.890744701312641 0.35759670725949 -1.17733392902214 -0.538613322248179
0.321999694200205 1.39499804924809 -1.67263809582757 3.11563574980282 4.69341061516509 3.81666359813873 -3.3468890524006 0.840659575615183 -0.173640192904075 -0.571692389642835
-0.436700429608382 2.56486943194411 3.55488504794186 -1.6102291945952 4.96448504597806 0.994564892202019 4.55383356339489 0.594544368352933 -0.195208085916717 -1.32431322609127
0.52950008475109 -0.834879988030811 3.22299402148666 -0.898408047148925 2.69234322928423 -0.570307095524658 -1.74104490254532 0.348220669885338 -0.16174097544762 2.47986629850279
1.64785450219977 -0.571374886387213 -3.65432172450712 0.149527851242592 5.32857291737062 -1.76574507103763 -0.393128208235651 -1.88495981520131 0.472571663542207 1.01493652572308
1.41263749291063 -0.915533007339721 3.09565878163583 -3.48514363094862 -0.676112982866755 -0.218053145340621 6.19834994013288 1.67360359546058 -0.10503408450295 -1.12450163564262
0.560262445439471 2.4689502489363 2.14905368607343 -0.453139225124431 9.21902921430021 0.585173675000334 -1.09757188450354 -2.29206215962789 -3.87644037127692 -0.435293449111548
-2.2677077309802 0.0126108232411364 3.18289437245488 6.28728214787817 3.60695690396163 5.50196493832771 -0.557454552316798 -2.05339816409418 -0.203115875823616 0.00172521658920544
-2.06088839955643 1.50335417822233 -0.807827142077583 2.89059995138596 7.46728550851627 3.57266629939273 -1.09996938435655 -2.52257936706435 -2.31375660103582 -1.96261781651997
-5.43857548930443 -0.217201559762206 8.6069938272731 -2.41373303702064 2.27180821136812 -0.373310934198489 -2.2768144995588 -2.9586044321574 -2.61503893799919 -0.706479747588506
-4.04789812600548 -1.94354800013289 1.81219178351597 0.834975284767827 4.18607864681861 -3.80514655593449 -2.78620001924061 1.00848532328311 2.21681643317923 2.08384909891875
-1.16582442146789 2.1592079694581 -1.89794113653562 2.72003300579066 6.71234336546408 0.518692825162345 0.243879985381188 2.06502239203829 1.04442103701517 -0.624779328561963
-0.115952859688349 -0.620069067607237 -0.630247940329789 4.85656609404507 9.51189848618626 3.08129481516084 1.0363109536824 4.20388121385805 -1.5150983779423 -2.24956408298032
1.68087547412532 3.23665704753721 1.17870292634642 0.688590089569626 9.71184688416186 3.33806898080593 5.62510139080774 -3.64587269783132 -1.81566473180085 -0.602601934611064
-0.507203958660086 0.935096164548941 -0.338188806379522 5.8005822889234 2.49066858153045 0.0118858798308202 -1.43361037772556 2.49415983909709 -0.0961396192504765 -0.231208539672523
2.09624789083842 -4.41076136385147 -1.91465082368569 8.11705329330519 8.3725891243665 2.92886819286811 3.47544746205283 3.133702325436 -3.92452233793064 1.63557268852782
-1.04104536637999 -0.023889501845942 0.727458888996958 0.833688159353595 8.17614365280762 -0.920876790090589 9.16355226603918 0.478870222647863 -0.195719110367688 0.233628015531694
-2.28213665239227 0.314041339872875 -1.2406444936809 0.811265345777096 3.74716755636388 -0.897146983743212 2.18021171736512 -0.970553371218244 -4.11910679488052 -1.00133565803979
0.571436808226575 -1.93911081519983 -0.272443924029551 5.60163225109274 4.43802976930092 -0.814689842326277 1.98726623369496 -1.46047999374948 0.33866434290444 -2.4184685235002
0.76871940210054 -0.686189855955768 -6.25388699550934 6.61160705851571 6.42434773079242 1.53536591189011 -2.02155161566162 -0.393447157640012 1.37790464227352 -0.554223174518999
0.639209676598054 -2.28671897558841 -0.282918013210725 7.88008940705797 7.96434805796557 2.14733737715388 1.33656733303938 1.46237177371152 -0.0743597430543435 0.635237671834582
-0.812086942219672 2.37022060725703 -0.674648027962254 3.94630889990467 2.5232310810219 -4.76280174292696 4.68467923319012 2.15083407388768 -0.257698451232377 0.895729819917143
-0.249626679438065 -1.70996973877539 5.00368590033201 -0.217365763187598 4.71312803428254 -1.34257858550084 -0.246381527191881 0.377306713223886 -1.0585588098512 -1.93318316484374
1.21101707189098 1.54806055732607 -0.814157748180528 6.42718915230578 8.95181575781348 -0.78998860656146 3.00691087965046 4.58402440066836 1.51705769539632 0.00580564278197794
0.137903970717704 -1.0847072502822 -0.222847010681618 3.69712767330494 -3.03322926324251 0.773812865424242 -0.831254140140861 -1.73912803755005 -0.192200025326776 0.389314543695723
-0.342662206960259 2.37546184651993 3.75029372626639 -2.11383213592228 4.57574610709406 -1.20655318120301 0.75445443232363 2.92371610431017 0.31629973727279 3.59737515718989
1.01811059046637 4.40654691818484 -0.224065375432515 -1.2315863073727 1.28386766955123 -0.430022155612174 2.25657513358135 0.0624559676276636 -0.333955681661228 -1.89858705888248
-0.0527491832268351 2.23167277328676 2.16836573132014 -2.72719056508224 9.69480349761127 -2.419675441614 7.49957261517308 1.03269117288607 -2.43435110712263 -0.0323271506638625
1.00504382654638 -1.80460846146285 -1.29927528844724 11.2017258939763 5.05425369427652 0.271664241943898 -1.16647806060986 0.0629729652557469 -0.149967354281921 -0.608919848907059
-2.50608452451845 -1.49129458071833 -2.64471139953955 3.43335774950069 12.9932918646929 0.83561181352775 0.600154693399691 0.210554873430829 -1.72688243061253 2.55549016517688
-0.135806373986555 -0.0188435403631059 -2.64552579830137 5.76227020401246 4.23401434696771 1.91020672721214 5.09553619547743 -2.47181996898107 0.480174244724963 2.72311602893456
-1.16457747360265 1.48302860386342 -1.13034744595229 0.989157048470509 5.46638619608231 2.31105934603669 6.40299224984806 -1.43943660165038 -1.3900466528178 -0.754989728000479
-0.547292090089281 0.233684018259986 -0.467261721625676 11.924282539172 -0.397766985438039 1.35574183065201 -1.67203041397803 3.27103022062062 -1.36162496038781 -4.41134493831059
1.33134712110031 -0.912420527483982 1.51716164032968 -0.810499952037965 5.07649085124294 -0.95057662080395 0.903948155999894 -1.76635445819502 1.13028262449555 2.09508316868267
-0.203724891329957 2.430561047818 2.23388871912848 -3.81196773855046 3.54372202688706 1.0860942354154 3.62514630933673 2.29082086244641 -0.143686586951566 0.676004697306293
-0.792473798604888 -1.6376559399121 0.677810413528476 3.7387377732632 1.79220719479516 0.497697971397781 -3.63448012355032 2.16355798667633 0.426954707891274 1.2007443435273
-0.421471861419231 1.01590487099198 -0.756827925434275 5.99571113648435 10.3508983695521 0.671069314721683 3.40664060198032 0.924579965390446 -1.47729814869814 -0.584660130668755
2.19953145694365 1.23830465829528 1.01615523213635 7.81920977177531 3.6603642701379 -3.13455796506601 -3.94741636785814 -0.463342687447682 0.921714924042711 0.82254680306645
2.34946824918176 1.05850826822396 -3.01317002685457 5.85349156807853 3.48948649597285 -0.531936695787772 0.277701585322888 1.0077992865373 -2.21232030304286 0.313251120412273
4.64534779717831 0.412815838179578 3.46908769050005 -1.52579665524374 6.60731251468002 -0.790633818746151 1.84784678577373 0.330823541164321 0.887283996726222 2.08746084718159
3.19704194428667 -2.17404942076514 0.108526204702705 -0.214262623145558 6.46405338756747 -2.31150110800129 -3.61981119663399 -0.357673073209566 -0.407330136280922 3.2396793384428
-2.92346733398944 -0.253690978948827 1.86935738287648 1.11573861924786 5.41549605115123 -0.80745493245397 5.89817401541171 3.17883790340336 -1.38826661544316 3.51854699717754
-1.00141943382765 0.661819938055882 2.60942189245796 9.08814777565235 1.53663949192511 -2.31072908164881 3.29694431362952 -0.86595724624836 -2.7699452777423 -0.337382829607413
0.129857348417161 5.92568800159333 -1.49778145713895 0.557500247984921 11.923926066863 2.32763010526822 2.44844276026851 -1.67027487468184 -0.306533220742979 -0.0157070531956421
-0.401795505438508 -0.100086403253734 -1.01194717557983 2.03110685252495 0.36435041233645 0.717053528553159 3.79762027805028 -1.21091976455643 1.98821622757054 1.44591865726895
0.432970958765047 -1.72395443220873 0.199054514413921 -2.32250798382937 2.26190801480348 4.17647464285633 1.84951063537762 -2.14217803479673 -3.63479150021685 -0.881273804745089
0.163011567231994 2.22073081102609 -0.738742887992598 11.3122372883157 5.37854742812526 -3.00170423579058 -1.84766697662033 -0.114695980255002 -0.647849556763153 -1.92902857419431
7.34480321748666 -3.22669392358258 -0.600951932652764 4.09801578779825 3.41061248012165 -0.221486087090317 1.87211986368775 2.6229867975395 2.09854096829031 0.229158675783137
0.0367053443356522 -2.11258419723229 -0.241414525540802 6.55258112704599 10.7478077583515 1.05045258486623 1.34421183247655 1.89920693572384 -1.99434110976867 0.256220660717764
0.447590693490834 1.44500872716612 3.59867152474564 9.14127519702655 6.38430979470255 -0.809601366827959 0.0596941888528513 1.22612263103141 5.20505821526604 0.0180412839581169
-1.28678778835767 2.22578940618428 2.58664239832072 0.668539788387109 0.544156182931889 1.32360432380785 0.491935283515602 3.48946568920532 -0.662338899741107 -1.19664487729831
-1.82125393451999 -2.84733071261472 -2.73256808392962 9.81478887003152 7.05523347960593 -1.66496517592453 -3.87975484341985 1.62495855422842 1.62246438074547 -0.160628979600935
1.66346677980409 -0.0483138656864136 4.75978191562813 -0.601671720852104 -0.477826026418041 0.406712255258504 12.4228995642693 -3.25176742727507 0.871489963678557 -0.873022917824038
-0.347523237091381 -0.375536847077791 -1.00856618200139 17.3034959880226 8.29889144068716 2.0709819359089 2.22456463890036 -1.44926377309933 0.375176900403986 0.206885685427322
1.09150745365509 -2.42267400605943 -0.655158272128785 5.03419552708161 10.5207412290658 -7.22839275504721 2.282151898065 3.85102579682928 -2.11299747181769 1.41867680713038
-0.472006197529356 -1.05414876106946 1.07420758150477 0.316545444400395 4.60548199391691 0.0776780666649565 0.133937352402321 0.147722033211675 2.81855676629286 1.89769442229883
2.04123186658588 1.55399012711905 -0.605322248610228 0.0720797824140771 5.03492143080011 0.0719608880953773 0.17215718277907 -0.675538625865956 -0.607785103178332 -2.12023738314826
0.003031890442486 0.156715044158058 9.27794636030817 0.413012058113285 3.66479241011845 -0.0299671826576856 0.944842181949722 2.14671335400499 -0.910464999256563 0.453610431103277
0.458838342310852 -0.848895331588439 -3.97258726172134 0.589165841869328 -0.51228743149353 -1.17196803659314 -2.05610761454553 0.962413986634478 -2.8222291629254 0.210103581225094
-1.54161323684162 -2.55060177077507 -0.139399263948458 2.13876449701604 1.71097117040914 -0.835716586807951 12.7259694679869 -4.15202768706581 0.425945702080615 -0.414692260502073
0.825866572744254 3.1578273735158 1.08366245441688 -1.89031227890288 2.88636964748033 -1.23171922673102 -2.62224463575017 0.54307745908245 -1.35210747113442 -2.02988225819049
0.667681117825593 0.263645895610129 -0.356620788445982 -4.05397369894817 3.04975849588254 -1.72067163996441 6.39493109093448 -0.588319668646847 -2.25618753703046 -1.64158292692248
-0.80668368046006 -1.10360559298487 5.50889785891338 0.93290029043784 2.13708425828053 -0.668690922395794 9.87919496726548 -1.93926458251434 -0.936477763275139 1.18945584608198
1.98549838799812 2.65065686714609 -2.13336012230373 5.57252249923759 -1.84136909503951 -0.43528449873256 0.419873579507129 0.740813252342065 -0.803486757444122 -0.620717831616328
1.61443403293315 -0.219450676840981 -1.7185979302587 1.27794071138725 5.26120404118177 -2.36573522543826 2.08446543835296 -0.681799757615822 1.04300171871072 0.747555704692702
2.03777783193181 2.93393838745476 -0.296073548557919 3.13425717077987 -1.23373061669235 -0.661687719234334 2.83279543051849 1.38015735825892 1.42367023495566 0.311548565898211
-0.471619643539956 -1.68019363682448 1.33635060428854 11.5721503081721 3.12263065038817 0.542888282611318 -1.08407553963912 1.67269621388044 1.79721088067608 0.874650794658632
-2.49663703211087 2.34631418622655 0.500744512539163 0.702059741294656 7.48167477743995 -1.44048525247089 2.60821506871579 -0.805837328870981 3.33733475432947 -2.22683101505857
1.07593595947644 2.00924542809081 -1.99065272243059 4.66338845072474 5.53331541191715 1.50469623128449 -4.07661072641619 -3.30121594268406 2.0866470587745 -2.21311042912199
-2.30867621221368 -1.80336284279051 -0.035027488123392 1.45388677536257 6.04372630970952 -1.87634037646301 2.69899185746097 0.881895175831424 -0.945695922232015 -1.43180089425982
1.06217400065396 1.37279788782182 -2.34517331752489 0.798246563295664 4.06951793883178 0.700103960361045 2.48647422933049 -2.84913638314807 -1.79742098183415 -1.55387838243083
1.81770375181572 -0.415640232024153 14.50148377596 -1.92893540771048 7.75982391798676 2.92420689516859 -0.2777810581739 -1.43017606498287 0.960297671975865 0.857957247143313
0.557628581780272 0.260507107249728 0.560866616020183 5.01140365564907 7.85343672141294 -1.53912548242209 2.05620343116345 -0.757574842294033 -0.302496611887277 2.83292456164682
5.51653950951775 0.444252604814507 -1.96542787851175 1.10156735772689 2.42988193581297 -0.553570782276226 9.30720389921532 -2.16770331341922 -0.94448253698014 2.31030129624878
2.93338580689466 1.16112250652774 1.07923134482013 3.94404602624405 3.49927501731087 -0.739098165921009 -1.13618180943466 0.605135750373314 -1.84765254724019 -5.53309123677759
-1.71320216818358 0.93152770828111 -1.48149683720786 10.921149902757 2.41191705872556 2.00871883605042 -0.779368552966519 2.31001451274742 0.821874835665643 -0.225727628507446
3.213303316116 -0.477400672116781 -1.96461941364981 1.28134156096919 7.42192065945189 -3.88390011631001 -1.14489847548642 2.37251785073841 -0.745157428094453 4.29888837276946
-0.0291737546022942 -0.432923800406321 0.0255864691149929 5.02729769735316 -2.49719724611348 2.88668425373809 2.27169587444882 0.884360098636292 8.83871552538657 0.902510885649997
1.39634135820037 0.43787978880223 2.94038787913556 6.43507944843924 5.41365515924713 0.210648359283139 -1.01780570883144 -1.1745967500742 3.57456442539952 -0.506443479428149
1.11572989575348 0.737712391721412 -0.553212845384433 -0.826310489293701 5.49596098505985 -2.54768818170746 0.791912857571129 -2.76999602002994 0.0355413274014634 6.47562072947705
2.02844745386558 0.488648406316376 0.686185310435799 -3.78663322010646 8.90676584132471 -3.56252268743488 -2.43818174412341 2.01847420593208 -0.614447876536305 0.890167333534811
-1.80711532026767 4.79911029489493 1.99127397985402 6.50487837540362 7.54521468021435 1.67938669770683 1.66437790389874 2.16866872582357 0.219219566295986 3.36612738266235
-0.734648503569222 -1.48892586531937 -1.42595758009421 0.901665032149724 5.41273231262846 -1.801165679289 3.73529979007149 1.71450853708857 0.671904563102926 0.207707718268413
0.805453977240232 3.12372907423784 -0.149727220358147 -2.61525011089645 3.59831704568615 2.50492591976282 1.90367502927844 3.70721594655864 0.306001130380105 -2.03876830999099
2.61611488558477 1.73694929582739 -1.95892601862201 7.79147438563416 0.455104358693793 -0.365108210150044 2.45494311931219 -1.13493004322252 0.0932923379341433 -1.38400588508441
1.94564609288828 3.92348514483282 -0.921818448571706 0.112795096361333 6.44947539106793 -0.256027714330918 3.56112020235432 2.35931749010116 4.78384470818298 1.23987567862036
-0.569593055247668 3.8904852782006 0.771029697546308 2.21727740421357 11.1488048352902 -3.49081413126234 -1.21199020238746 -1.01660132586223 4.95328339415961 -2.16435290935369
3.16266357477188 0.998470051286477 -3.8957381970764 8.60122898480176 0.339468405351041 -0.588963600176531 0.748745459690598 -1.37044257488938 -1.51293441965778 -0.351253862056096
