3.06839227466837 -1.28548274014346 -0.694967954741187 9.48681124344075 -2.12639600535181 1.88640957527767 -0.46462288837349 -2.34616138516986 0.788385804496622 -0.0852424358512934
-3.35606190036363 0.451977065093929 1.34553536178263 -1.67804155564198 2.64389272700702 -2.3116408656205 0.24875286670667 1.5194392546317 1.87678636973075 1.75788714684305
3.89911811091001 -2.0295762588729 3.06959686482017 0.118746414660135 0.196682266075186 -2.73129622241365 -2.58044170332544 1.01712195340641 1.42945126410981 -0.0627720653851447
4.19543340998859 0.458612159887141 -1.15806215618405 10.0482261631119 -0.968909353230239 1.32089677323503 -0.756732202919598 0.963328265135181 -3.41307527136032 -0.129219396986691
-0.286528321416076 1.01926353359097 2.04849914585518 -1.86918516536532 -0.88573351436249 -1.6312876175019 -1.91996868221494 1.80420005700806 0.459016283062299 0.150898832145313
-0.979568713115284 0.637110818626717 -2.47851891603716 1.48475357175419 2.99361250786614 1.27293507854935 -2.6297994607341 -0.302117244560792 2.21878180233675 -3.1902000884518
-0.691780232010074 -0.351742500926307 3.34945587767128 0.429721841399932 0.584574228616678 0.340213377176385 1.04553346114122 -1.49902336088887 -0.0267196031911642 -2.48835294572485
-2.39633721593583 -0.312850192132701 3.7582037638722 7.96055922945022 -0.22743764037896 -2.23823997407545 0.864609227943608 -0.836513002816589 -0.940769229129834 4.04521660672355
2.88270697120681 1.54342756746893 -3.88465151592817 12.477686591512 -0.460662422652923 0.441119138372953 0.875145812120258 -1.58713896128432 -2.86938671648776 -4.29176037837703
2.16644455719447 0.73172525853771 -3.1642859245494 0.810951048601621 3.3005014600872 0.498799862191798 -2.26143341170521 -0.167091971682675 2.42525587446769 -7.42722223485626
-0.435314949748912 0.660037919295651 4.48953812943807 0.181393028655013 1.78141455551593 -0.0805922392111516 -0.190276576755432 0.0261141770573593 3.69574533486723 2.41917778839031
0.676081475130902 -1.843835581543 -0.0643753900298186 -4.17889015276732 0.46736931998481 -2.19971843481427 -0.906054706934325 3.61024641807713 -2.10113490118838 -0.562777126514786
-0.243376266075343 -4.34950975029352 0.742265936802017 -0.788604944819095 0.201403340439763 -1.34786823312956 -0.100791190634295 -2.66406483513677 2.00145797307106 0.461580923325348
1.54956006865694 -2.8766248944245 -0.337231108204669 1.0592616208178 -0.48363524957958 -0.653428029267722 -0.220047525616725 -0.378594664361954 2.37952492579656 -1.83894924577892
-2.9603784892917 0.370641387055866 -3.2867611436114 -2.67485920911833 4.82180550841627 1.41530708913653 0.786765714801025 -2.71959268811756 1.79980318413405 1.50396803436822
5.36962894474506 0.114577340139223 0.556829525488548 0.878437794581123 1.35871148588307 3.39016007960734 -0.0188396630455273 0.209834290667484 -0.575749041658911 -2.9531367875235
0.968927954800898 -1.6866951318828 0.0619119953709251 -0.435224903588045 -4.74239576706994 -1.87725190440686 1.3048006424301 -2.0627787811093 2.79258490015201 3.15207140944347
1.58411595788361 0.551220411563667 1.03405162307081 1.94186002090185 2.285536492433 -4.45930355735868 -2.00423053299309 -3.31558164544023 1.21290774423394 3.93421522250969
1.39890666122026 -0.157895050980701 0.515473450732269 -2.37943741776992 -1.1050586858375 -0.934358063072471 1.95790990778981 5.2210008200461 -2.85656799485987 0.941881041698417
-2.78946139890782 -0.874526856203033 3.12993588774681 0.0981842235499642 -4.6457034251043 2.24137732021007 -1.91848584418835 2.2344092876604 0.160451501582333 2.17751522642916
1.18556699592048 -2.91095643763763 -4.47572546918176 -1.85881860188367 -3.14517874137256 0.774983315389697 0.272664058815949 0.68942543962035 0.111915245983225 1.84567212878199
-2.62212445595503 0.458451244029486 -0.633049772627007 2.49548067730084 0.653325879211644 -0.417842485432893 2.97645367641163 3.73358595017087 2.18416902322221 -0.770876281360656
3.57987832637952 -2.03067194890272 -2.16769663131402 1.47813678161708 -0.840712193982018 -2.66247163915305 -1.77403591436004 1.26661723464907 0.823312819346576 2.51814091622564
0.729554087348409 0.103024233704557 -1.74633258439785 -1.59588606219233 -4.17574141431781 2.97454465831563 -3.41921321809826 -1.97691745925112 -1.00094741981796 -0.717691325502858
2.44042183328053 2.88695602322328 0.611944142512295 3.79530966754524 -3.76949474332787 0.403702915551428 -1.64845186485648 -0.108964491369622 1.26266471554916 -0.881004786544762
1.51981419483921 2.24734992739089 -1.16705577310006 8.4683151665089 1.09271497764265 -3.15537274365924 -1.3069828853061 -0.882128092256466 0.423767276467024 -5.09557798229716
-0.400326722124425 -1.37390233373718 0.731940633513268 -1.26547441093209 0.414027299723419 -2.49109171118775 0.545665012232888 0.246102867613351 5.07814301023861 -1.82435204904414
-1.16654256555022 0.492564574044004 -0.666190805343872 -0.374696469693413 1.19314016841265 -0.661409368532811 1.23511064372754 1.95622437921475 -2.84398186509284 -1.21334479519535
-3.33696137984242 -1.3902731790744 0.886650448703967 2.24201479649536 -0.688400440475078 3.03947066804319 -2.20702376051396 3.30557118617336 0.326777139169148 -1.12146696335692
-2.45044673400775 -1.62803645543953 -4.72708224631007 2.86820436743818 -1.80447621425184 7.62246725489908 2.15272926684483 3.56757639135302 3.10421964471101 0.146346271987432
2.00276012542411 1.48223891882045 -0.178321632560362 -1.28135711810435 -0.706251608984678 0.106081225033686 -1.37691344501568 -1.42902702568432 -4.52237072630488 1.00573791334772
0.132442253910401 -1.25362281563559 -4.04233143892549 -0.827905658093353 -1.58950992680415 1.2295455612246 -1.03157266978795 -1.33183758117382 -2.36806342489874 -3.00635274929594
0.724639882662218 -1.33059974117498 -0.273487297655833 1.74143653346992 2.72459201219481 -1.57266135463735 -3.70116680982491 -0.664256921616778 1.32072535532662 -2.6303411132139
2.95010140841528 2.51393417131196 1.83241667503819 7.55954457670654 0.702751996238789 -1.14054277369308 -0.589246010247463 1.15471281028674 2.84810481225028 2.1255616094697
1.74469980225713 3.89965762951335 0.0954518428846999 -1.19124907017498 -0.567920720046389 0.612305930543711 4.25627492867339 -0.76676817167991 -0.39225888203154 -1.37885662990899
-0.417727230745949 0.552775835163616 -2.33564548266179 0.0237083580613742 0.83928636045809 -1.44141044743154 -1.49202671607244 -1.81218151536889 -1.86853570155621 1.08616063917648
0.665299626247484 -0.3469590296586 1.4222744714954 2.38874771124016 0.344796810363807 3.17815307607626 2.45150739281234 2.95653322279941 3.91320620430261 1.53536767733768
5.65863502125411 0.346775065963793 -2.50570065926947 -3.42233730330652 3.74844388641623 2.90234539084912 -1.48967727971967 -4.38789485809437 1.6934348567652 -1.06008306058246
0.221296103868733 1.04894443772223 2.35495912643911 1.3774718673785 1.86339257580381 0.049566361351426 -1.67129376150991 1.4638454051448 10.2037837709206 0.0367866393533496
-3.45181264490205 -0.351219425795871 -1.85761500253015 -0.587545387647816 -0.686557841343409 2.11479449218714 1.35464367596342 0.363272686688677 -1.63811976984469 1.8940155630713
0.23752106798819 2.90266713741204 -0.298502444462218 1.42877855788215 3.43211655717924 2.49165482004604 0.806126827490778 0.268659910636418 -1.73283050505207 0.106096211282801
1.03593159067735 -0.199370860435776 3.17758375117711 2.19026054313343 -1.59481776095028 6.05566610598972 1.75848281414271 1.95687348953731 1.27358750362361 0.561005320882845
-1.11075199361425 -0.298562628530436 -0.554635087428164 8.12169724866911 2.03042552325815 2.83135249315158 -2.45957058652744 -1.40825492783497 -2.22878733432687 -0.0503503168427883
6.69519450541353 -1.3442737151564 -0.395112232179071 4.15429144941148 -1.53643430910095 0.240653650367068 -3.43120890454498 -0.575892713821975 -0.083462591434965 0.333183720472523
1.45215834757849 -2.91383536439825 3.09227553550047 0.52117524138012 0.236244003262575 0.746770676133535 -1.53263485276099 0.759890905567038 -1.28229204573113 -0.398146182035082
2.63719464146928 0.786409464892278 -1.37383954416771 2.01492340702086 -1.91308045330227 -0.636744582345579 -0.274702739236511 -5.75397369967701 1.10381460736136 0.0227642813382297
-1.08127164493874 0.321368869564449 2.28938169469795 7.18090181621212 2.75050432115913 1.81363360761883 0.794217804687022 1.54834083445238 0.321764585968851 3.98556539347815
-3.41106782807115 -0.732841348424548 0.413022030570307 0.43324260093357 2.08107424858189 -2.34705384780269 1.10808729566964 -3.86448924719617 -0.139768179158005 4.165380819113
1.60909448092433 0.300855299408225 0.873720937102065 0.581660566437439 -1.46259526396161 -0.924770586782787 2.96388277454041 -2.48705234756449 -1.16660318993208 0.220268922904239
0.254481832139499 -0.107177491619269 1.27583119957311 -0.725907250647961 1.82795920947673 1.43377604957227 1.9402381115886 2.31386118869307 -0.259921091381319 0.521109878637104
-2.00024780447369 1.17608208419936 -1.21683962105997 -1.82877572471937 -1.0930374006352 -1.66019422086298 -1.62678400291075 -1.07794243452502 -0.000274687608595798 0.983928141216293
-0.746029992370779 -0.112969010679732 -3.93328303081553 1.17490696000404 0.846421339236867 -1.57908833927328 -0.983739615084596 0.16581071174946 2.10782786647734 -0.670391413971094
4.34999667112153 -1.2631615761088 4.24309722618723 -1.29626899525349 -2.27069025697947 -1.45440186582208 -1.68749844856253 -0.285606390235768 -2.8516060055234 -0.768934372013288
-2.93388438553703 -0.803458747401682 1.84837329512853 0.625038843209122 -2.03618138201564 -0.0342766618340744 -1.61059400624196 -3.56940516390382 7.4514002643795 -3.26925267874957
-0.805363888530437 -1.91621006567609 0.498823518739132 0.534148492433766 2.80237366930182 -4.08394870913306 -1.66497031715072 -0.430704481369763 0.443280586207833 -1.15164584714477
-0.218292868740584 0.325238431421721 -0.696685243551657 -1.01457619226188 -1.20768182414813 -1.32881708870047 1.14624536164335 1.6553295623877 1.27453503278395 3.51386086056322
-0.743434265081875 -5.62958545070579 0.241600556463313 -2.12304138415044 -0.763433827818236 1.42752168433191 3.70213017166041 1.68691523410172 -1.7848301516521 -1.20688203264365
4.99941393353801 -1.77739871238503 -1.63873488478716 -0.413945832618226 -1.06294589740392 -2.05749757650163 0.44449721145271 0.164493304523845 1.13607475519914 -2.6348751894693
0.420446224595898 -0.250734736050432 -2.33030526990587 0.840323825275269 -1.09652914333291 -1.54384987594842 1.67150990831234 0.935066717378806 1.83490405945373 -3.51731786863833
1.37395810855742 1.75600851269852 1.45455370993382 10.4762898517118 0.419918594871915 -1.32626108613606 -2.58270778016652 0.0394301190487555 -3.9791999490796 1.64314667066675
1.51206221167876 -1.6265482394372 -0.0687355527058391 -1.70436847685889 -1.46027818307732 3.36335943716111 -2.54988330466442 1.31417560957153 0.332217916054974 0.953012857415847
0.498721874074964 0.630939369623184 0.726312356121772 -0.718060842229102 -1.40158244795253 -2.50882995153436 0.167789923831325 -1.40914801992577 2.10215083616972 -0.30789653527127
-2.49680297208693 0.311134358596938 1.90753312250133 -0.877984161256493 2.00167837955368 1.41119027596765 2.66676844962367 -0.28760139996407 -1.73495902941592 3.6174242746895
0.608170282981372 0.609867464164669 -1.03463131911953 1.52024868197073 1.33811734470787 -0.996819349971784 -0.632292291872434 0.145307125746222 -1.35251323663962 -0.747745083508499
3.40546158426694 0.431112611069845 -0.862249093288859 -0.260546026952055 -0.401395844657902 0.144018642391924 -0.390108840026378 -0.913477561150033 1.95434333221034 0.617160227877849
-2.17580486742382 -0.523925548877459 -2.02895247634114 8.59069532359574 -0.538531194145866 1.37248210005229 -1.81009368960647 1.89597426477103 0.500700971326761 1.04520758419158
0.805903191555433 2.16061804029641 1.94101582113682 1.61885240234883 -1.66633114891634 -0.735783550466941 2.31771817842348 3.06664691368783 4.12118420556483 -0.555303822970735
1.04660488336624 -0.00565141008843282 1.33270240069598 2.34589112354467 -3.3193162193899 -1.34973925281772 -2.12949310232417 -2.49284952672074 -0.755308298094609 -4.69326609149781
-1.15830336520606 1.50580170599777 -2.0466382650135 9.31519660940847 1.63338354000111 2.96144651636323 1.89752779807214 -1.53972173746957 -0.175894605927946 -1.43110155152839
-0.609777053940575 -0.20459791336288 -1.16629499260325 2.41408930209253 -0.787185212161907 1.33004746869022 1.82413672170597 -1.77226917276869 1.89244069904872 -2.37743907564869
3.55209203994182 -1.99928543523132 1.6560815776623 0.189914311386125 -1.37098992464137 0.777081331764069 1.50418135523904 5.5391882517049 -3.31731313226333 -1.36313263598048
-1.44727989150877 -2.25953025395201 -2.23319011717654 -0.207294556582441 2.24200845101725 -0.271290424685736 -0.77802332691209 -0.852752679233776 1.09256472750088 1.42373299643395
0.953044113549969 -1.20672950584841 0.132656435103503 2.68690444361935 -0.469778726326834 -3.99228996641231 1.78925442947966 0.284049517076172 0.38984689719162 0.154660122937655
0.404767214250072 2.95720955876975 -1.43510393746795 1.04673400803585 -0.152193893660821 1.77530195467206 0.993404104612977 3.57505778379523 1.84803798876095 1.4652902054137
-0.442787597092268 2.16346514905583 3.26102655658107 0.361117945649403 -1.32383375268037 1.14405998448901 -2.10713283400611 -0.553369542089244 0.320092518798897 -3.25304576007594
-3.37894790600352 5.22796385377553 -1.8954111538688 3.11763719502632 -1.21369754100771 0.83409817915741 -1.79569983183151 -0.546729309955287 -0.343783081969998 0.886284642258787
4.50601263032611 0.323179486599043 -1.70437244703913 -1.75654544430753 -3.71267689743659 -0.450133270114333 2.13325783153775 -2.55571377061564 1.61678252251361 1.50626635996663
-0.129155250557609 -0.866068469531929 1.45393817412058 -2.67648504318245 -3.20426963230021 3.82080068332186 3.31517693853442 1.62896579622871 -1.11462028515651 -1.06995985842027
0.372697430699173 -2.13189343343726 -2.00581743998361 2.07680367842039 -1.18130100359472 -1.69774602043793 3.57325613440767 0.802886351345433 1.80774021492506 -0.81665426169676
-0.191873715496258 0.164182571929668 -2.51791836399119 4.20991528146048 0.866230280292868 0.636026246330754 0.747914540145491 0.435152475643044 0.535518853003937 -1.39992909393577
-2.97792800826337 -1.2114149184946 2.40312548805657 2.82800709140238 0.0877746563574837 0.766448974951696 5.62692812579611 -1.35432356284874 -0.166922106401499 -2.10521788384803
3.41396343956877 1.06710951158597 -0.524844443026488 0.883921297037895 -1.92691849329972 -3.10993036909832 -1.69858927007224 -0.947626900286145 -0.522357455184771 -1.24763770714563
3.63439649517153 3.06195625406686 -2.02437619623052 -4.85213372164935 0.0897728372874876 -1.80390864455133 -0.217749887497383 0.196232785821164 -0.397402361676616 4.81601505718269
2.52832885376304 2.14559030695618 -1.84577685936325 -3.08758170273968 -2.69725202361609 -1.05880493332268 0.74343281790354 0.902389790715511 1.39198259468144 -0.886960679509172
-0.963650674135377 0.611636867905469 -0.535578750195181 1.30055395853323 -3.27189541648467 -2.81622503376371 1.72922745962527 2.4869210419586 0.416653601339004 1.89849967976664
1.2363800873003 1.90274298673202 1.40217291659795 0.0933323939331063 -0.77052434218258 0.976028697514789 -1.99367123814337 -2.63906072591054 -1.3709682762443 -0.471466707306518
1.12116602600453 3.72338827881192 -1.84332991330387 0.26118658300526 0.593534764550604 1.93164518477171 -1.1030602275224 1.78848436680856 7.05008420737258 4.14514435425337
-0.553224180916028 -2.23243103218732 2.131473322479 2.30560485749898 0.557864442706073 -0.799619364991943 -2.40056377033231 0.413981595146819 -1.77500601845463 -1.54046590850984
-1.06919383396387 -1.89277292778541 0.752701494353884 -1.42398889649623 0.304246795320921 1.71983488400857 2.84152577788552 2.23720229900991 -1.74800372765851 1.5391706896944
-0.273526483399732 -2.11209139478007 1.57212475319307 2.49021138277918 3.74931553491463 -0.858920563749016 -0.973974636393004 -1.4841561133377 -1.49469131621637 -1.98795690839414
1.42598140393439 1.93672465153426 1.17486745701824 -0.817655223218451 -2.64836262179899 0.20181724690932 -1.9340456762681 1.32145064023509 0.954794296777763 -0.166351551333297
0.817523229844027 -0.611160502772102 1.81244967746228 0.955739350532817 -2.81163224126517 -0.107321525489724 3.21180006991119 -0.374525075700716 0.672804342472979 -0.468998430617802
-0.598683596166809 -3.65108834497897 0.136689047082066 -2.10565737652603 1.62946767641265 -0.61266454087871 -3.50333062746823 -1.10089428657911 0.307153957035024 2.63064136792838
-0.490719652762442 3.79035537927403 0.834571659680321 -3.47547277587585 0.621385496915934 1.73499635381194 -2.97983565412066 -0.0895168567505756 -0.53521828703107 0.966331209964501
-2.51328098442554 -1.10063080816632 -0.69756357129169 -2.55439357197219 -0.154854416427285 0.824905945333221 3.94559106953592 0.776697369568364 -0.465807462607235 1.99607339604366
1.29900502514977 1.36590975536923 -2.47227054618743 2.11866935486929 1.51518918249711 -2.07170955805439 -0.420974590901514 -1.31210141831809 0.719866060562372 3.0944313073008
-1.25285360215103 -2.32405621293932 -3.30640983082068 2.11787994595522 -2.43083865155863 -0.0172704056311951 -2.35898486266868 2.23325458566692 -0.105718431800644 -0.834330763799405
3.1899190651406 1.54329580891557 0.425539355008558 0.526202742647303 -4.38441931636445 -0.74033765416619 2.37283443450559 1.78657905985292 -3.34804175033453 3.39054501850212
-3.85474929764039 0.706313455365932 1.70929354567506 0.209019929650348 -0.896046341322005 2.53665592898929 -0.306543867757243 -1.03025831973443 -1.63318682909644 0.0337367510431202
0.28016189456214 -0.211620682597298 0.692339530363698 0.141742416381367 1.0246104287351 -0.411442864026103 -0.0994994043993399 -1.96266181567417 0.929474960479719 -1.2589938585575
2.32373230649767 1.29400100030831 0.727267698319302 2.45327030378252 2.27061540318646 -1.48663195441931 -0.7979016680083 0.186652894607608 -1.07539756572162 -2.53868901170183
-0.554483228434933 -0.65792888398585 2.12777300365468 -2.10129096693523 -2.26805178881147 2.39045150754592 -1.62343577601316 -2.5720633335827 -1.79223117150515 -2.25908653403522
1.31168652834646 3.49289507384943 0.862554271968579 1.67045640448794 0.807449001437768 0.700751810622965 -0.186951527187834 -2.9736940578125 2.38798786790592 1.40139764872817
0.672455095956708 1.17230706911816 1.16421221321773 0.945911485119117 -1.40267779219733 2.21716221504986 -1.05478563723883 -2.94821792273659 -0.4576388117546 0.511903096007315
-3.56332748550888 1.96152886561644 0.972394266929594 2.39440868605297 2.39213016715169 -2.44074672905108 2.27657484013853 -0.698360349332003 0.979080987067099 -0.313215980987281
-1.47303371663595 0.0040187411859845 -0.404328672512174 2.79463306476332 -0.0893357220374382 -0.934395614768619 -1.45189370286595 1.26732898154158 -2.63875752481356 -3.56065298517805
-3.8046725829727 -2.33386926169288 -2.66922007904079 0.577098452946927 3.31115220985924 3.09137530853852 -1.14489938479811 0.192686257108008 -0.570963997237032 1.50907011492708
-0.17847557718527 0.5435699611978 0.829213365545243 -1.76358344399078 1.041114775694 1.43230376508873 0.511110142924508 1.42116963448682 0.0532276729302732 2.68557799279662
0.84518034001648 0.883812894118458 0.547976847226939 0.876646603023795 -0.899260583150924 0.842502602394206 1.26473488853457 -1.30968994709851 1.50279952851989 -3.42496446840382
-0.662520442061259 1.20313675764814 -1.51287100455117 -5.07753583255502 0.485998652799966 -1.09061706238165 0.381321739013059 2.44565111857134 6.61502111172471 1.75805490988494
1.80129840702342 -4.38260689088626 0.195674148343218 0.551482274257301 0.35650736766522 0.925564676854776 0.662530747073704 0.482791914690956 1.28977520421021 -0.247462728638327
-3.13690078498439 -1.83036597959283 -0.510157811206835 1.70102623871917 0.919776571887752 -0.297316597781744 -0.449694568274378 -2.070590123577 -0.584062759147918 -4.08546396236243
1.2091243465474 1.48925462190966 1.23002968950858 1.09229761791894 0.819875527355487 3.39812063106552 -0.4696145858649 -0.328433626249891 1.08478273588951 0.355592513383184
2.68536948786448 4.72005146082263 0.711811378369598 0.625483345484621 -0.62633419015679 0.250756398046917 -0.505756930801938 -2.30212816149556 0.103094346835371 4.31059521622968
3.34666384012826 2.25231134618929 -1.15598787802924 -2.22535374630265 1.61017422535133 -0.165187663037307 0.306420928469535 -2.12404543127039 1.45341927785907 -4.85594105977709
-0.634267188622437 -3.1559815046764 -1.45457768873514 0.270704304430885 -0.794757437395532 -3.13619985758505 0.584613996107493 -2.36429712892644 1.12378934051535 -2.1881762161785
0.0277906132633356 2.87269091557667 -0.389892988562228 0.657293124696812 0.208965587490136 2.37834458291435 2.4486685148993 -2.43043129814109 2.83778947942455 2.36598167571622
2.39973641354264 -1.79390593620435 2.48439410739733 3.59606958457446 0.762601681996236 -0.927574560550078 0.410993476425374 0.894182722528736 2.61505256902493 -0.373981007404287
1.24947738855066 1.7402007414692 -0.285056646655894 -3.44004518531931 -0.962707200616476 -0.930289105523425 1.98767958508458 -4.86066111715647 5.6320750164335 -0.299036327090085
0.375399079907828 0.56254010970442 2.40932978596168 -4.04292485017644 -2.12829462290314 -0.272182061506971 2.62026552076345 -1.2401316137433 -0.815064883313614 0.081613372188951
1.14419882616653 -2.58347383867581 -3.34672629073904 -1.91854602486174 0.478128331166249 -0.980340916455727 1.0470977283506 2.20406721111927 -1.34218843139005 1.6019696134639
5.73819118237045 -2.04306829172384 0.0984672231595847 -1.0468939269743 1.45818753313681 -0.798278358695325 2.51189881883388 -1.27932867842946 -0.0523851526976399 -2.54678357644095
-2.7290705244287 -0.735399886343284 3.83144728332839 2.25586812423457 0.29660762107207 3.30654997563834 1.62444735026584 0.972539694047641 0.78228423859467 -1.87341189329048
0.664667666779652 0.380849263509298 0.94453748473183 -2.01976337341694 -0.716947356619652 2.86790410151423 -2.01716479352439 1.81081733066911 -0.293148590717241 -1.88910195382446
-0.302748892789906 -1.200106878669 -0.841434457508251 1.83955163444921 0.912601368700796 2.13283028252579 0.325072652178263 -0.203304666770557 2.32062356468342 0.00740746397350851
-3.13600632544554 -0.883409022797856 2.34631699961388 5.57646577654935 1.63290670679248 -2.50356150166621 1.82177653346739 2.05395220483254 0.341437573223701 0.54209856649454
-2.86747448964464 -0.56261890965118 0.733567215981413 3.01529789964296 -4.11047894605162 1.18619118532081 -0.0333957647941228 -2.89982265855618 2.91380045292278 -0.173126671313339
-0.783542796835014 0.339901947939743 1.29166920689369 -1.33458958115206 -1.64836669348749 -0.484255633205043 -1.76578821272418 0.00833254681041413 6.32997314850517 -0.65183443125717
1.99951293474881 -1.19208928879979 0.0245343535310011 -0.27408090763988 -2.43621480879948 -1.43819855920981 -1.21226063760382 -2.50190371200785 1.33266851271332 1.60363251066468
3.99213419559771 0.809110514844873 -2.84654861972411 -2.29210195866246 2.56667849227702 -4.14770110636098 0.958038519974453 0.417527738162303 3.06607904164936 0.189374469553417
-0.441250679615123 1.67194484895859 -1.07826836187373 -0.169884154484147 1.45022770001941 -1.3466464271461 0.385895307174808 -0.699108003718411 0.0548000773875336 -0.0333267912966916
2.7752575669732 -0.916181866084235 2.52622692375406 -1.54650865883289 -0.594739414997883 -2.36400376757859 4.29584861705198 -0.0190769367153004 -1.65598328281231 0.929710132662475
-0.339300405505006 1.35613773252116 -0.195718464913432 -0.176271731054849 2.28065157789649 -2.12206836878887 -0.812308108470201 -0.594459287578304 -0.289314226604094 2.00765289421699
-2.41851398858981 -1.31551208726083 -2.0989340483844 -2.40092447991113 -0.607731394067749 0.46968816664544 0.5594509229946 -1.09104913444862 1.55189641885788 2.80442921764254
1.92819844526809 -0.495075949640663 2.17563752006705 0.380181484693261 -0.50741531301894 -2.27025341549272 2.92413514841818 0.0633732338814859 4.78482347640135 0.732392319232317
-1.49086197589135 -3.8892074264756 -1.25364492640577 1.11672510276242 -1.17771520432746 -0.167572945006732 -1.79797027982722 -0.091072441681617 -0.412750907496601 0.935028732023364
-3.82262803188294 3.9926071051966 -1.09879873024456 1.24730776302694 3.02291716845001 3.26864735638432 0.151116486746187 1.2709341275591 0.0894474266665074 -2.46010131110818
2.27115870000387 -2.30273979466941 -1.88901351744261 -1.98022418940942 1.30962385847219 3.41868647566916 1.9886361740035 0.549604840514162 2.52195487124362 -1.83643261841554
-2.49255489126882 1.42816382837603 -2.61983801034314 2.25820910145888 0.282914848169542 0.103401978312987 0.682958251940531 -0.146166039360026 -3.33122317498393 -1.35420114576594
1.07341492216502 0.902710138690948 -1.98210492610527 -2.8478331697479 2.60754957129015 1.83387417398949 -0.932620641316185 -1.59328683013128 -1.95362138160366 -2.04189950178402
0.332062874877642 -4.2190639295837 1.00801069501262 -2.6717931336241 2.00870310987726 1.7099923010585 0.675081635543046 2.31946450111725 0.800984534261736 3.8579751981222
-4.33630291064897 -0.309024190011824 -0.608249895482098 -1.68265175562222 2.05298661435905 -0.944061211188686 -1.05361304002684 -1.20891634139565 -3.69229545232298 -3.52923427798029
-2.59175853787267 0.694454776672922 0.551275323898868 2.68638324106062 3.7308343636396 -0.459628149350326 1.50445063794814 3.13233374689878 0.144825406051653 -0.890714733771308
0.126447946006545 1.1264234555093 0.803466061583213 -0.568902322323347 -0.445896594396064 -4.1265439911259 -1.00816943708024 -1.75590631213828 0.993795144330032 -0.864564052892354
0.293187434032906 0.414937112781932 2.81821866405953 3.13279195483382 -3.95863949495534 1.41095726584589 2.82624753131073 2.21792580300991 0.428283340057413 -3.03954484207947
1.41796647963716 -1.28389250925835 2.69930422849214 6.10769239373395 -2.51939594646447 -0.581659525664243 0.974761400113219 -0.536266426679198 -0.264977422573988 1.21132568322328
-2.40738094085769 1.7684340910822 0.149393216382548 1.9836648104567 0.308732582949649 -0.309595027702834 -1.89557480187769 -0.689291148228162 -0.953047992204961 -2.01845540387133
2.72275739863244 0.0993565932852885 -2.40464002866238 -3.3573177369246 -0.7715971515109 -0.360155050718938 4.66666309899109 -1.88827104462397 0.607263028412404 -5.17385319085521
-3.03812701039239 -1.26323476743341 -1.89138956826788 -1.64614053588598 -0.251932515713486 1.5449694040797 0.715515029673197 0.802549368076419 -0.0610700012240479 3.6132944949988
0.835484875339341 0.661540474677244 -2.51293320351351 -0.403130936542839 0.46954835852032 -1.10254170621195 0.681542170439071 2.16103244625293 1.33524856168924 2.11745929176856
-0.730682026315967 -3.54352091830315 -0.754427717625461 1.32046126420029 1.50924547677387 -1.85317706134998 -1.52994657159168 0.0506405947835291 -0.479474350896526 1.27628428890108
0.802812007033336 -0.643157604510372 0.149032305932248 -4.10095103470599 -0.00854813295629552 0.995317205188554 -0.499316296018182 -1.12407705515749 1.83842920682491 0.348179783182802
-4.0694473983408 1.04837252350326 -0.379643682955863 -3.91606753654065 -0.362164807581439 2.60280762554714 -3.6489483937376 -0.819360537414964 -1.88047628789792 -2.50897013508879
-0.296539774407128 3.55656388843725 1.54026401979554 -0.696976301211481 -1.57426279637231 0.775796682842763 0.861501684283259 1.84142787357026 0.261431940993874 3.86976157215484
0.408261511925661 1.83386876859055 -2.04963827637974 2.76458900050014 1.49103698369669 1.0827129487692 -1.87780723041729 2.80884567883522 7.80500445211402 -0.921587671418504
-2.23497875362878 -0.822853535668791 1.13426141165837 -0.706094360593729 9.19279497232233 1.97523314922066 -2.34843659571821 1.80300066038968 0.827003709831248 -2.62736242921309
1.02896527883184 -0.303874267347552 0.943126290364325 -0.454811670533291 2.02047838040507 2.14493083149429 -0.450443576166265 1.18715076621481 -0.363099032658753 -0.11955995687711
1.47821663611247 -2.57345493442022 0.953633385206073 -1.6388202165339 -2.28305896674132 0.0337799519428423 -2.56431158500527 1.12279230945648 -0.520805502472212 -0.658856488907895
-0.813118888716213 0.578631606648891 -0.207647432527877 -0.104097238671793 0.0414866849117978 -0.0739228332486873 0.311729471677663 0.362189459272442 1.61355733109944 1.17190046175344
-0.933193273512015 -1.71084520790379 -0.646535135671304 -0.894185311891803 1.62551669735973 1.15089745886393 -2.55077414131379 1.70341451648309 -0.420677013033152 -3.45330391020701
0.156340006043507 1.80681280191671 -3.27296336226612 1.02250605634463 -2.29587063348094 -0.349924864572671 -0.444044981268216 1.88263835817784 -3.28452811974866 2.28106643087624
-1.43946149396164 0.0350802004403385 0.24461786125614 2.20433983384552 -1.09824748353876 -4.79059852685887 2.54128701565842 1.39305774809159 0.268546614903685 1.58996265882896
-1.55721704464609 1.37183629715298 0.733761466771222 1.84993083832418 0.412792616068743 -1.15455349873249 0.270856142574227 -1.77760859664132 -1.19285334021947 1.16643746565133
2.49093526097957 0.0511711848923074 2.33251232913278 3.25749538990755 -0.0217013319972585 1.6680512474055 1.60130235481621 1.33023846828554 0.246279447004381 -1.57086606894003
-1.74576533847154 1.42737603853971 -2.00885609676204 -0.220864679678979 0.178308041957103 -3.03795458567515 1.8626320150762 -0.529260200421015 -0.689384162604718 -0.74693645335253
0.799369658171654 0.575910223948349 -0.280745559123267 -0.101261003571223 -2.16947564192509 -1.05298671370142 1.5229502954311 -0.941957787156487 -0.54649388148495 -1.44331927575009
-1.54488581019234 0.664479993824768 -0.474289904870352 -0.689952412096786 0.588497034478032 -1.22825048311578 0.0942027553781733 1.24080928724902 8.16985473141079 1.45446650491732
0.580521136763244 -0.652223200693217 1.70451647236919 0.299402373435624 7.21324147475145 -3.98651984694602 -1.97824864770593 1.503398403276 0.645488778590768 -0.171233308543206
1.36673375124512 0.781128900445585 0.693693001470242 -1.91547190106367 3.70680793797519 1.57015365213931 -0.104023496643239 2.44186149196375 0.74736173038154 -0.937396315221118
-0.804891177133457 1.4370875867699 -2.9960145048076 0.337999429995432 0.0197511625231562 -1.14312409650559 0.350979108979293 3.83244375650046 -0.304600373342506 -0.316815882306774
-2.76511095252988 -1.39321763966784 -2.52320651167084 1.41684851908091 0.594367643450625 -2.79449595990801 -3.85574760107557 0.0427014014794394 -2.0592764644893 1.31184318334795
-3.44958881661546 1.35693285892865 1.25672940092697 0.572887498814905 -1.51906959837082 1.43545041287976 -0.47677506538503 1.39070045352269 -1.91892718973528 -1.49769058086163
-1.06989867083434 -0.725278567739764 0.21235719730989 -0.881592642681855 -2.05667366442516 -3.07370322657815 1.08862028356746 -1.86780225803304 2.0289787549507 -1.95958568743704
-3.35151583222431 -3.5356494796995 2.19408712172618 5.84303340929569 0.996844470643957 10.9801324179801 -0.0965386057235038 2.9882419109232 -3.87257980861407 1.07104331262192
0.160464214259993 0.527283794526837 -1.39247284084413 4.76709099978819 -5.69043160840076 -0.235495058013281 2.06310898944628 -2.99029105993075 0.544213760625829 1.13796398614158
-4.83718588946757 4.05183928148962 -0.702479155877476 -0.813365876398523 -0.175828717039864 -0.751358617377945 -0.295702599479613 1.41234123532449 4.1884686403205 1.25046317443198
-2.00388022419944 1.02943393206334 1.24055793078701 2.44917985323767 -0.535112824042382 -0.744832415302312 -0.0252748680909606 0.649305852989752 0.982745041174212 -1.76550457042168
1.61494201723079 -4.27820457574657 -1.15407175138903 0.259024607582518 1.38630111285703 -1.47784094630415 0.340903697525419 0.468619448125791 0.426635659379647 0.471607905160424
-3.60813492899429 1.30845650219115 0.529251122110327 -1.02925293560725 -2.36909383364028 2.71915086833591 -0.926903042437691 0.798007848016871 -0.501659857920141 1.15717466522881
2.43521034870548 0.0118294073853785 -0.712797176064655 2.63751102494311 -0.021135787799769 3.83050887773959 -1.9794395446776 -1.31297724571516 -0.72591669162959 -0.649624724406177
-1.2567298880105 -0.868396185798501 -0.790941705185984 0.772912860949949 1.96576029243083 -4.8931692041106 1.88785486369078 -1.41053195821849 -0.188442636460633 2.6778390939265
-3.5437474094262 1.45999848997842 1.60137622140654 -0.504010483436947 -0.0767745906353777 0.841478619654425 -1.39595424792612 -0.577691683855482 -1.92261764715093 -3.37289900617515
0.306857784398762 0.991048354273294 0.0812501847303021 -0.872849287126241 -1.76263494081103 2.00725842486689 -0.142230152399408 -0.886264321068282 6.31029035140379 -1.37623935265174
4.27406987100394 -0.515135783063191 1.03316335048897 2.00534324881766 -0.0647503094553086 -0.221950531452994 -1.72588389287989 0.832390028456354 0.924931952908181 -1.99271241479416
0.362088631936219 -3.72589361442369 0.91685707922323 1.98284914367245 4.17285298419749 0.921795067776591 -2.15975803623851 0.241732570922859 4.60974544478433 -1.00287615884473
-0.106519355932659 -2.33267588616745 -0.297007789807186 -0.682200116294284 0.398976143200078 -1.97946553182913 -0.269946446784632 -2.53999083179727 1.75995467045458 -0.616211609207484
-1.66320162704424 -0.929545412147356 2.52737967095129 -1.12485137864798 1.67924634897077 0.994903051456055 2.69029046715764 0.780285640347891 1.65566436463682 1.52377316435654
1.31713310462591 2.81717047854638 1.04158720550303 -0.369594373622982 2.94467558046982 1.2866894024924 -3.13064057748004 -0.130786843795891 0.985986383054242 2.49323581501076
-0.728715131886477 0.686320370385102 -0.449347267889852 -2.05560116362057 -1.89253998745344 0.299714987957682 0.338161723986153 -0.589222812531287 1.36533196546467 -2.31911964693225
-0.128810034158598 3.41944988893812 1.49892693906455 0.642740883440193 1.96166387638697 -0.471784948761935 0.69677969352729 3.0578499050709 0.842941655716309 -2.55406377566523
3.63516366427331 -0.567568459176476 -5.40255236251172 -1.20865362317917 -1.20564967957911 2.48358908918469 1.03879931545218 -2.54530136102215 -1.16916589034923 2.82556693781613
-5.57031694587719 1.21242926175157 0.237863019956307 2.08940295379899 1.21352385688566 -0.814523938237671 -1.80902282708617 -1.04522701964465 2.75339228619188 -2.44048267841607
-1.11385375155624 0.157829819269859 -0.126516038892796 1.1257107779901 2.78310168847291 -0.330053659765288 -1.72630079828533 -1.37981334787678 1.69735936632326 0.824769998092461
-2.36318760931677 3.2390492746909 0.596400963889616 -1.331473539042 -1.25448660809479 0.940963001631461 -3.41957741083688 -3.73917060399399 -3.18115674092091 -0.216012317305304
-2.67358838445014 -1.19208040650382 -0.186313112539359 -0.518046173395598 1.47307513025436 -1.21251413291465 0.520933679683633 2.50457453322203 1.62446436841865 1.95430027851759
-1.7242281372673 -1.14169506322593 -0.0859975050961141 1.63348384572203 1.35993344043373 2.40804779917883 -1.71443617865771 -0.470197516271483 2.98592210786142 -1.16856875327292
0.963565867789958 -0.894530197805401 0.596347936459483 -3.17850055959984 0.334254461849884 -0.73325610143084 -0.833303379384972 2.47233446711528 4.60802905001474 3.69583117317334
-1.86575809866169 -1.00695517940232 2.43795959260105 -2.58633387908123 -1.81746738807307 -0.197503649730928 2.3038950931802 -1.38489832569667 -1.19995171590059 0.265287962736613
-0.950081907764268 0.114040251984059 -2.14687137685409 1.11494788690439 -3.22565006964908 -0.569346905207122 1.69026210371593 0.896613492420764 2.37030921815236 -0.620961049820076
-0.256206247567111 0.105614644618863 0.850081605090154 -1.48524687662081 -0.352530809171945 0.934209297379789 -0.854206599719634 -3.33225507865127 1.8355022375484 -0.637536211443984
2.44308992781254 1.67271795662593 1.0875037592072 4.13662680573847 1.07619636797842 0.960553348604913 -1.17893720755658 2.25883497549668 9.59334038397878 -0.467104918517466
1.59434505763977 -0.285589897834358 1.80762461046796 0.453650330202849 2.38763835830108 -0.301121185849258 0.327694733273242 1.45003807170534 -3.2203254741385 -5.08232130944265
1.52898734907453 -3.88320093576788 -1.07822458715935 -2.91968841109599 -3.91527906903209 -1.08879353648473 3.88146960536894 -0.189767299578017 -0.0367542228554562 2.65505746518396
-0.174110835048585 2.62896508657205 -2.11734001928441 7.34877529543164 -0.0393908070738936 2.88338827427707 0.555295746558887 4.12108157799301 0.396968305090503 -1.06063577236312
-2.44863049478954 -1.57786358150586 0.593299576535232 0.518886053166661 0.0873238076400666 -1.32265406914784 1.76543992215756 0.914825194182073 1.60752271627178 2.45572718778396
1.78880833513138 3.48617351470301 -1.62618131731018 1.61479781459365 0.672104924552553 1.59956392340231 0.477024406063244 2.83779136142512 0.573635456127841 0.0732794537731476
-0.190439431297651 0.516460260745216 0.517444689057942 0.246493941113213 3.52385764488597 0.484339408499534 1.03588657055032 -3.01730564769317 -0.468894581955668 -0.361710252614
1.48403573754616 -1.76538254688534 -4.77511235182276 -1.77557929349316 -0.360246872104822 0.46691513681936 -0.332712114204719 2.53616280536714 2.14720006481194 -0.203922610669864
2.93776970000294 -3.2606782338028 2.03302953560495 -2.27682028461281 1.11238151866949 -2.69633479904484 -1.35701289150311 0.198510631446096 -0.0377233292775896 -0.747777935002159
-0.313501163588707 -0.958468803166811 0.4865144641147 1.18148246012746 -0.614952563285601 1.02112097408654 -0.932135146676655 -0.986103200385416 -1.14368594347773 -1.82031828024233
1.50853013163562 -1.09110498919924 1.9065864146882 3.8624402679143 -2.10728736174408 -2.40265168490468 2.31952202770889 -0.223551472045905 2.74482742451951 0.828953803027529
-2.16938775988064 3.02212014213162 -2.28102724647984 -2.46481118519685 0.139744320764001 -1.30158639428116 -1.2129738173229 0.951015628173531 0.519230172517111 1.49936240721609
-0.301230390514425 -0.162247475473524 1.61058111609653 0.496704067171442 4.25763244384883 3.60722947759009 -0.299028847142928 -1.77061995640451 0.756208160147755 -4.07227771380515
0.500582371759027 -3.82396462596835 2.93591694896918 0.647350997667786 0.567500605436161 -0.509590150095618 -0.478057632582324 -0.855559440485465 2.10121628703525 2.48181173406181
-3.41703720422515 1.48424964324823 -2.96176281081423 13.1203517419565 -2.22723308467381 1.48930652380818 -0.29006190479484 -2.228047377093 1.94554270465328 0.924221950416787
-0.526931324737146 -2.69054505370604 4.30588868019716 -1.87035231488133 -4.12989913093067 -2.20742734136471 0.96259334668467 -0.128802978082588 2.34867492767651 -0.510764975478635
