1.14780445882503 1.51165283756842 0.99203870603597 1.85192561376301 1.96937092526889 0.625202768365697 2.20644852453926 -3.14046430731868 3.72376310569654 -1.96498871519129
3.53593247113041 -0.738126512070603 2.65249362430527 -1.6106448990184 -3.04463769730502 -1.40357502427668 1.29811500430854 0.782351786184524 -6.1890534003292 -0.414916988128476
0.954156663971598 0.164587431554207 0.982259211422742 3.86632944892669 0.244228047368165 -0.101609021517889 -0.227532939695323 1.01707824342014 7.63422614038292 -2.94603077096279
2.63301545615981 0.736809584640593 -2.30436256224437 0.515931287893069 -1.56352426985837 2.28062369332077 -0.010362153992301 -3.96767585085465 0.455794849005637 -0.130261267998235
-1.8705969586144 2.24958490871887 0.328614437073554 -3.83404826306481 1.44930634946242 3.66168587653653 0.744424319025394 -1.21736996051376 1.6658170048803 1.40213897572727
3.13209615622605 1.51291646151421 1.56630697457092 2.82133954228664 -1.75712947885947 0.98068435207378 -0.729712703949308 -3.46564299820068 0.975617463816874 0.400502963659122
2.1803634036884 1.07630275439515 1.76638275164244 -1.52924302575352 3.70132652501391 -0.917560290897704 2.14159458566442 1.65838200306666 -3.05757836062262 -0.177202906396575
1.27784337970568 -1.44380333347898 2.40803263845049 -4.92968896925157 1.97864820805074 2.21729776056819 2.21489866577007 -2.73974616662991 2.70385451074916 0.724575637281156
1.15599264204352 0.337598623280697 1.78492234655336 2.9428881116522 -4.63469095254105 -3.99995357206829 1.59548462830778 -0.356043292868735 3.15106988541404 -3.91205605891912
0.552803223913392 1.67751576437098 -1.29104377056554 1.97305380788312 -1.73725216190943 -3.47079322819809 3.74027027432806 -2.0392616520472 5.37637474378623 1.13044859915784
-0.598346887831292 3.54491408218791 -0.272781532945218 -0.914464968490959 -0.99549886544327 8.0390886788455 4.72141049284366 3.67145992480028 0.773764408227826 -1.08131304778466
-0.701871163061138 -2.66692914486473 -0.890795923072953 -1.25662518952872 -0.286667100705732 0.989947663082029 -1.37522582362437 0.600139721214225 -3.54733165289238 2.05310275096483
-0.444255418220868 -3.86603209759225 0.427564140446881 0.990318421942113 -0.852269372525815 0.919765552071765 -1.5676000404392 0.520728375489376 -3.03694699295606 2.04400110860858
-0.560124078523717 2.39469407208757 -0.26469197810261 -0.830326664312099 -0.430279217830877 -0.0833973374836806 0.20470104722069 -1.71037784498713 11.2325604511017 2.29134206098227
-2.90326711206289 -1.56644547612989 -0.0815949198815772 -0.287928441670069 -0.162302656864134 4.39120564117105 -1.17588244161174 -0.172404350943874 7.05049056205241 2.26061729501397
-4.80073698392779 2.73558428433416 3.18656969940875 0.280380407766163 -3.22921970913464 -6.10663493817335 0.0577246070849014 1.61279332063135 -3.25595868881602 2.42171324709241
1.47730044434282 -0.784131816523377 6.01394003846542 -1.71306762917499 1.47447510470567 3.43131225168137 -2.95171266508603 3.07858788269607 0.990068199318504 0.767671929081208
0.808044876823526 -1.58598153354434 -0.151601959927908 -2.34327370704409 -1.50787073681302 1.05427379936349 -0.624302810573883 0.895902259232596 -2.37912751560636 -0.198145060613006
-2.92891257290169 -1.49488761475743 1.6746203064869 0.875965813770131 0.415865771780592 0.673663334173578 1.14905677352497 -0.649117639067903 -1.88662715414765 1.63767382444711
-2.83940661215468 -0.839655027140899 -1.92065833447822 -2.51457436035643 -2.62200406928655 -0.943600062572837 0.875350192130762 1.29668323318503 1.37186167289068 0.490675326103456
2.41741697918091 -2.78638840048458 1.655530001922 3.70070659546702 -3.41813073950699 1.50717203070951 3.54406043402631 -1.58541107907722 2.15977120076871 -0.857785773407636
-1.42058241677383 -0.54990931074971 -0.969368338500725 3.08945563357053 4.35190539774204 -1.92534847123131 -0.0372532823777948 -0.559319134695001 -0.0567325637457313 -0.43193744236715
0.717161630890198 -1.52819708218365 -1.9098918240571 1.32332137972055 -0.9588850619851 -0.666624580113817 -1.38126407866306 -0.862945076295083 6.43150149264374 1.51094267618769
-0.0699969474901325 3.23605886085146 -0.762662392214709 0.158269263914048 1.07849435487569 2.26541059258266 4.50469831009167 -0.666211235620079 6.59923251036659 -0.184454384669962
-0.441565083081188 2.43329792873941 -1.7022658455869 -1.36372603528085 2.24550757510388 11.0076979053035 0.985491989011143 2.63240113235683 -0.845603922965965 -2.02305787336376
-2.06494680655081 -0.121441884872182 0.472358702145433 -5.34665428278876 2.19330990054561 2.02332701669891 0.403478978920345 -0.462709059373749 4.4303495911798 3.36640826840295
0.600408937785919 -0.34433326145719 4.54561688226064 -1.07259218987295 0.0154002821587008 7.94949490816273 0.193404554256087 -0.57231450422961 0.584377130867132 1.21737346143585
0.402585566403912 2.71486000949524 0.0503285311636797 -0.530782881457647 -0.941524761480077 0.792425698110617 1.13446459875463 2.66114352710711 8.93389410371076 0.0205938277614135
1.18263085201285 -0.737481764467565 -1.13986610850726 -0.77354774168815 -4.70982873070029 5.47561318588165 -0.167903235105301 -1.98303352393425 1.42485185107027 1.7634959161611
1.68574340794605 -2.55266407550619 -0.709182695374647 -0.921242598483879 2.62727358500451 -1.20820223083419 -0.34870298950342 0.630646514941861 -4.45180753961716 0.458377908056831
1.34172969728458 0.981782925351863 -2.27495416870519 2.11691844193044 0.832212170316555 7.44528304021216 0.981359643609036 -0.379111925823591 2.12470046335189 1.46095553902389
-1.97903228946155 -1.21668265719318 7.0768706126374 -0.194253246196993 -2.71643122444116 -0.595131553052064 -3.00549383837018 4.64899365874416 -2.35978300581325 -0.0719969185511859
0.809536264224306 -0.662887867577429 -0.465050856322389 -2.51302318323187 0.565911601228258 -1.39720198836916 0.103400627028863 -0.594930759055925 1.30367048706565 2.38230686154184
2.50736643917638 -2.6643003487516 0.566295328999912 0.658325959278632 -3.53170446256928 0.648852513621049 1.64238718325411 2.18198347561146 1.82822472899846 2.80847698675805
-0.534851657787375 2.41372610489539 0.215821911117223 -5.23958643893762 -0.520744348694718 -2.59654438492886 4.07725725226785 -3.83104739095187 1.51935296326927 -2.23289682839597
3.88406816124795 0.207334530274595 -0.358551030033211 -0.439776429942276 0.335472600661315 0.0575322313572083 2.64258247909832 0.401541126725116 0.386354694491592 -2.24755315282395
-1.51363339952444 0.0963493905486415 3.81146113527821 -3.32906405031068 2.15945495630069 2.54371505804041 -0.0589905077942759 -1.44740800179256 2.6968061104117 2.5881808700299
-1.27263234774867 1.35800618743159 0.330414879948226 -1.21961268744199 -0.701508364285171 1.53800711221812 0.695364650085763 0.0928211865085306 -2.81005737191456 -2.98878917198328
0.814830679862588 2.36377310184031 0.601190779346532 -2.58102420338255 -2.18174140753403 -0.103423019718734 3.32495869941219 1.07426213757302 0.324906918733503 -0.268558471596978
-0.756542250298034 1.6481987617872 1.15006248929971 2.81069428141654 0.279342726415995 1.76307506766831 -2.45189327535599 -5.27713085921654 2.21324429784067 2.72805116697788
0.0247057593576389 -1.08211069649171 2.29832618608268 2.3536694247358 2.91415589758139 5.56745289962751 2.23028317446609 2.37998787704423 4.5438018293713 1.10924381591581
2.20897963161698 0.0771797056005553 -0.514341586957078 3.23553097142696 2.05428007105535 1.9140648132257 -2.1631087938572 1.43448765354386 4.28598947743211 -0.0932048324358875
-0.0141497270797406 2.90873500453182 1.62422382370598 0.680737461387667 2.08054228424455 0.57270652593124 -0.910935963911916 1.83341298469799 -1.7284646541989 -3.12503041007556
-2.6345468560383 -1.25279120820098 -1.33564786349627 1.91288321344746 0.842524513998129 2.56826644747421 0.522041305346985 -4.61547649929479 -0.130902712967303 2.07029869737852
2.45602051397347 2.96592010574782 6.29804638987631 1.29511823321811 1.29505992681533 1.28817776283257 0.604657362600191 -0.158653907920686 1.31675699608452 -1.96430434483002
-0.627445398834756 -4.26430461659992 1.20876109751545 -1.42992697079036 -2.64876345870432 -0.083510072111316 -0.250194425634372 2.27092041922341 1.93287177126325 -2.82738799399735
-5.55446184588988 -1.71086193511724 0.975391121030399 0.500646316981732 -3.94172671078392 -2.83482035552954 0.78811644436295 1.03946964536567 6.17798865837271 -0.409938409875252
1.86074512847264 13.0531525696171 2.08914554024265 -3.5072241085108 -0.635673753798988 0.492420041975463 0.258919200861386 0.556502843897649 1.46393640446779 -2.2607295387276
2.65470315282264 -2.35831798871703 1.6564759710027 -1.96210494761003 -2.06574878916139 2.43924516064164 0.0267240710360642 -3.22519369822157 -1.41128597149805 -0.812001638123661
-0.889938158429356 -1.15020059029872 1.34724443063962 -1.21482500944868 0.678438663006806 2.22041359917255 -2.09596617925995 -1.96829933427155 -1.5564036271539 0.231070711005493
0.55073573688169 0.194016898270433 0.0860869469343785 0.42594357631207 -3.06212715979166 3.77209542257476 1.70287314306017 -0.482285386382754 -1.13629077529742 -3.59952233087026
-0.525254863453958 0.658856986811721 -2.75447852516865 1.88625030372577 3.58102958370182 1.94293296763273 0.337588409994771 -0.741551354155435 1.10803259345508 0.358746965317953
2.11315094298177 2.73833831906961 0.0388774108128421 0.294640351091615 -1.89186876389438 -2.7529618793878 0.224716839508813 0.0940000917928303 1.74860629679189 -0.414784822962513
0.450379461256246 2.19465254190825 -2.72146260207214 0.914570837312002 0.77723514341441 -0.610727557750672 1.71989741281981 2.98142093018209 -2.18435203309414 -3.42751528738126
0.404554426229108 -0.143316673848025 -0.104052882665083 0.745073422570288 2.18124975975371 1.31819106176931 -3.71475793865116 0.555854094069785 2.99075089457321 0.347139229733702
-2.66522141197125 -3.8115350169987 -0.323127837006225 -0.877890481876411 -0.544352057673242 -1.16479117768976 -1.33599218738795 -2.24427570617158 8.58681317351313 -3.56893176972807
4.11547617820461 -0.966757860538512 -1.11929723835598 2.9706499071956 -2.62247797105967 4.28884381723479 -1.8060350093113 -1.84824780158356 1.86829343821368 2.31402206798446
-0.352435364964875 1.61073142401513 1.30989878635275 1.0192348093122 -3.80374234954904 -1.73182634842144 1.24718290097124 -0.827546972728915 2.79566297204184 0.437101255054824
2.83301178894824 0.796016231842118 -1.2600305442768 0.511963917686316 1.4799912463443 3.76024736992326 0.142950994444 -0.47499773936983 0.351066762874525 -1.37589053268644
0.0583264375780888 -0.803976047797045 4.52257253244892 1.38339052013709 -3.79334663769487 -1.84282208577435 1.63466273120324 -1.05086410789935 3.43753077397504 -2.15571731284083
0.7719989700922 2.97395760069429 2.17046596569396 -2.15606408965065 -2.92527991981066 8.13917101990949 0.291873141092363 0.57323740532319 -1.66175075323927 0.0598522259483846
-2.73155480525997 -1.99590027888115 -2.08470513817251 -3.14376808547093 1.88808977523669 -2.94156509498229 -1.17842180044279 -0.167360841213898 0.952944229992244 -0.041428126257018
-2.96549006018828 -1.36288015789845 1.00217722533303 -1.68459192222498 2.46411014032592 -0.000719146457170556 -0.870973399200217 -0.326551303591967 1.54987817085528 0.407498658295773
0.0599575123798815 3.06376401407108 1.60283564096918 0.768362728243308 -0.691477381302127 4.54044164646447 -1.05115343065748 -5.09880320570369 0.758320946005271 0.628955440546957
-2.88440956499145 1.28468919396774 -4.40339086265396 -0.962930995821113 -3.42417386449396 -0.892207856962487 1.12070011602612 -2.32599765808412 0.843166039513459 0.373194488707617
-1.93943792469424 2.16138888896942 1.9794947406706 -2.20642769778132 -3.35870984960775 1.93328993839221 -3.62312474110847 -2.03892133398073 0.509794118392403 -0.476692710525523
-0.156234876345639 1.36245147086572 -5.45180832622171 -1.72308088513492 0.705927010925967 -1.58085745731259 -3.73733088248409 -0.721840525423768 2.12061208682993 0.889800178740295
1.9026813758371 -0.958242630043623 0.206352265280135 0.429820654700179 1.70156734264005 3.44640946904313 -0.196669034625107 -5.25354339260029 3.85955409543282 -0.50828020393735
2.33167463583039 -0.397247640587033 2.44647689331018 2.90727141421696 -4.1081127955297 2.21776597353999 0.514615282039227 2.3723085698883 -1.47087549458709 -2.62302128018299
-3.0327303531741 2.27170024825619 1.07472006978484 3.87279104140244 0.330670534543123 0.212543634905182 2.52096645022139 -3.09619168296123 0.570687536505826 -0.469621576705903
-0.717025476213378 2.20015830539591 -0.329378069832344 0.678151268420717 0.694602588609098 7.30914029046196 0.33976592715448 0.0361574170954667 -1.1317744228178 0.811738697188521
-0.623519158896144 -1.62373733652851 3.69403557996013 -1.68615330806106 0.237224309480526 -0.409456601833683 0.158512355473679 -1.1101348468164 -0.556355315450226 -0.0433829930250056
1.09769043163458 -2.056772816561 -0.89305795751262 -1.37257868270396 0.413155715019757 -0.146361734260839 0.785440317581321 0.351287930114483 -1.47695908808627 0.719478256615347
1.33558322166701 3.85235667870175 0.511307636588693 -1.0011242040861 3.20422645000919 -0.861118444631951 2.91193519980419 3.00979487149349 -0.609297197773348 0.934637150333318
-0.35463479200303 1.8449314046336 1.66100461084602 1.28876647080264 0.904675681334425 1.54005412798236 1.87016851818741 -2.69320635403186 -0.627960331986205 -3.3482252410959
-1.07176418244329 -0.575901983767772 1.18952957278303 2.93066723056987 0.590102058904983 2.61239998688524 -0.693982000954541 4.17165962444919 -0.794594715254019 -2.40393384108211
-0.540509433004279 2.5050308844619 4.82744256651213 -0.233675704955561 -0.728669065948778 -2.35205718578358 -0.781204759989524 2.78760583611075 0.540591187836821 3.58058215383219
-1.96040026721047 0.0379188385033307 -1.04471822649748 0.925669407154981 -1.19752472433763 0.227311470816116 -3.72121731044671 0.810628154990168 -0.703350401870885 -0.635815549549592
1.3862781884949 2.68411023331586 -1.48556550021124 -1.08686957468011 1.10159457424166 -4.76647408209134 0.0623180461290876 0.836421573295611 2.83175823019883 0.451402277575493
-0.508167658195777 -2.05564098023909 2.40163036391376 1.26904829234685 -0.994977695793355 0.245284096659103 -3.31122957019573 -0.285016353284626 5.11739054850601 3.27732599024298
-1.40273752448319 0.0221490490341065 -1.80237886971958 -4.6144468494585 1.80960272021557 3.35527964838214 2.10921322282692 -2.03210140547622 1.21199407128139 -5.24618737211856
-1.16305825805127 2.09887951909808 -1.1701775518176 -1.53446535079459 3.86480419390345 -2.97506367518073 0.233950975314742 0.115015694686868 -4.11621244773663 -1.09638603825213
-3.2308615534847 2.34819841900495 -1.61213255834507 2.05537288477268 -1.4567957010336 0.152168326054624 -2.85593098873995 3.14933781056647 -2.46180712651066 -0.156478439400436
-0.115292767854383 1.22305946687715 1.54413212120002 -0.865733765784893 -0.574961324802943 3.74067816057461 0.508154843981531 -0.125246705262943 1.35176977741744 3.15369309372635
0.0577108253778242 -0.686129150431578 -1.33762325135444 -2.03794907109084 -1.08035080258054 1.37486894461476 1.45120036991496 -0.974696575821284 2.32323227415369 -1.34507343593596
1.4512968488561 3.27165282186534 0.701418143833712 2.73786975739187 0.821420856307426 2.95874420820458 1.3538290724983 -0.174782222904801 4.29245619227518 -2.19787341438435
0.162250841495665 -0.690381852000407 0.171625063556824 1.1076961082519 -5.50642162450673 3.12415340938158 1.80818624992283 -1.54356149129774 1.68057050659068 1.28341193335991
0.996127103796793 -1.68042196725892 -1.79886100952491 -0.582983346413463 -0.822564025309142 -0.285825614877494 0.275047969914592 -2.26104565623332 1.69538912690617 0.851802645004576
-1.21546620626217 -3.11049691209125 -0.603817143649263 0.884481091073797 -1.51117687245894 5.72894805134935 -0.42816218485582 -0.343276878874566 1.90273714503884 -0.509375445018735
0.132299471288781 2.29137071297845 -0.758450118533289 0.336681344380937 -1.41107587816906 10.3146443518661 -0.373486836011053 1.68437344110925 -1.18698759057354 2.60959715558399
2.69819032106695 -2.30348210976873 0.449449387549375 -2.81743570567115 0.418129129412253 -0.430289746701519 -1.57064919764928 -1.68111934011201 -0.345616592356189 -0.339868096078963
-0.645253271275651 -2.73016966031163 1.4717448940863 -3.02324981272704 -1.42708599472638 4.05002386847664 0.773004998767825 4.6285069246517 0.142007645654554 -0.987914330547269
1.00765889101916 1.17175135080918 8.77600935474939 -1.38497765786994 0.688954768954339 2.82384988147943 -1.82934582783685 -1.094650055564 -0.258659295790086 -1.34456308283135
1.37937344448699 1.26028192270611 0.767552376689447 -1.91898864188126 -3.78859208026551 0.571409641589895 -1.53019590006446 2.61248608123125 5.92161835873863 -2.69476506251014
-1.05917906899826 -0.849862315577636 1.08354870330093 -1.5211887604926 -2.64770408607214 -2.48075982967508 -1.82680155110309 1.70260247634534 -0.357917286243728 -2.64248281629828
-1.55266038119668 -1.51506446249606 -5.35097902716732 0.231932338819948 -1.23128931409423 2.04162403908382 4.26364485453732 1.03976023288518 -2.56317145798272 1.43107398068144
-1.13453016351337 0.676714704702565 -1.54423425460418 -1.96478893907638 0.805914696662021 0.420768807468348 0.288944160359599 -0.61242551325495 5.21303361289023 0.0348056279562224
0.461811369306363 -2.14161635644254 -0.36052435869822 2.47496320692865 -0.237460874231683 0.559275738895739 -1.89815901164637 -3.91696820210475 1.93479254179698 0.548167696989511
0.994327234209442 -1.17868249143745 -1.34478185752125 -1.14474211153265 -0.353545292180019 -1.36818044102536 3.05548422942184 3.24045293711156 -1.15791827370347 1.58515290505817
-1.63549859869839 -2.97606757746577 -0.0906986181042634 -4.40669275240914 0.793468923272783 7.57528615643088 -0.750212237181446 2.85844341832161 1.58533441795151 4.15779459507584
-0.770330964708832 -0.606708309453491 2.80490145182139 -2.25072401828777 0.646001401107748 0.408034403458509 -5.51952378883195 -0.00785775951071118 -2.48736376966871 0.211574572391966
1.3678151920551 0.891672772805466 0.209263474635738 -0.884392013613727 1.50949300684095 5.89464487666204 2.55447669442582 1.31959106730238 -2.55696124736746 2.82852040617661
1.6225996737111 0.396106564897273 1.36912422890172 0.306080242323098 -2.21844988719351 10.5905262129816 -0.980962842244101 -1.04282080570314 0.181729333308223 2.50241165601032
-1.26740386709299 1.19155676828922 2.36876938723869 1.77781424031996 0.566137625216332 2.06123886920832 1.17338671393101 -0.223151624179164 5.06253593400159 -1.55555746095804
1.93084252862305 1.10583343361488 -2.45679453959446 -0.797735738079505 2.37909308439288 5.83665756432217 -3.12688790823661 -3.98279940869939 2.55788230306844 -1.32658667953957
-2.49740106212109 1.2640948891385 2.48700056721268 -2.35583283259306 -0.989080851950646 1.26985540196204 1.42610399804601 -0.794272854820215 1.1800384616157 -0.843372548654632
0.351839007345882 -0.169682515628813 0.453523763697084 2.3874314719815 -2.56929460082547 1.3002737943126 -0.302690428952075 2.07207896736299 1.94014305126225 -2.6662490326445
-0.958541637338877 1.78436231465574 -1.45127614774178 -0.60708763243708 0.203138133836175 5.27390629051087 1.09186823363251 0.568128259708084 -3.14954113318197 -0.947825165985208
1.42366044629169 0.0489058901994952 -0.634288678641051 -1.14717733031586 -0.911369492193765 -0.708483933318821 2.37696498894944 0.830065349860289 -0.783424845052064 -4.42925206959589
-0.644870313221826 -0.971378706192653 2.65881633907055 -1.33233988106801 -1.24810985266975 2.35526633968654 0.576168172927916 -0.618083767076559 4.18130952068962 -0.635430207334994
-4.48779947477576 -1.03199334467671 -0.124063329527962 -0.861467450633011 0.5579390846858 -0.508373852884872 -5.04855260630528 -1.09750720656144 1.98225331054764 1.58326620842452
-0.96866195748944 -0.239538272385519 1.75346542071957 -0.753299444494209 -0.368948942931899 -0.481107816914813 0.441559123752473 -0.866717958086719 -3.88858017272914 0.22312887937114
1.29487943722053 0.716122272658771 -2.54067898784938 0.912248831360673 0.147281805789991 10.8752367942565 0.549453227358818 -0.293246340122465 -1.99305382524084 2.33199926892454
5.63481497813906 3.17589370099035 -2.81264449512729 1.2229549565576 -4.80637427362763 -0.650461127544111 -1.39992525755148 3.06107533164322 -0.887083019843388 -0.861970784036148
1.02993974107174 1.95711077051933 -3.06282694692 1.14299575939797 -1.04937445084911 2.12052177154074 1.51149864680197 -2.69599824308275 0.238088311550739 0.572637214235701
-2.81285224001501 -0.27258526910583 -2.24644842507783 0.392771639382179 -1.30847303459184 -2.64743906529972 2.83312929408824 -0.683060750259628 -1.78394850909136 5.66354337636972
-1.18493158053889 -2.7893736571348 -3.8862635106051 0.574064097109728 1.92923517864852 0.3476190229972 -1.63365334153908 -3.38608124710059 0.552750552586565 0.911471402882272
1.85749590750717 0.446363164240279 -0.51530421916843 -4.10136941169839 -0.988686248515066 1.51656910377976 1.29309503286187 -0.991724998720018 2.83382309567826 -2.70226445872374
0.619549014848 -1.38269601950807 2.68748865596145 0.265052651019491 0.151146337546375 3.74466581009343 1.11275640571102 0.558048324706218 4.71772120906209 0.894299477783429
0.61175916065581 1.47290004258739 0.532965803380293 3.5289342659185 1.2385737617325 -0.932338316011605 1.88005543274576 1.97834770426618 4.56062160836645 1.48316297189306
4.27633665232669 1.31344278122194 0.656657561603257 0.89881233901968 3.51753429494425 1.68337062528292 0.916429399667124 -3.31125596898243 -0.0706208379389946 2.41122487624502
-2.16067219374414 0.408913779006035 -0.191565839089375 -2.71619583938176 2.1920820045828 -1.72892438088387 2.26448503732842 -2.2451446169541 -2.67952054083712 -1.24570446575987
0.42042989768074 -0.9117023561152 -0.90125290815302 3.45008253516999 1.44487093773441 1.06742032046098 4.94331628656715 -2.15707069743309 0.0327980013576648 1.65459150178536
0.277889657376725 1.77879620431093 0.885057120567471 -0.267112693174847 -0.39799797088871 1.8415913773356 0.788759367371544 -0.960495925581193 13.7414540051689 -0.841839228454116
4.61585757620653 1.70859916113134 0.824389430763143 -1.25327306034596 1.71138617299215 -1.57038496002476 1.44819484085255 -3.02206435036437 5.30395182643512 -0.204737700490415
-1.63412767894336 -3.39553638849704 -1.25191385410056 -0.76076270914789 0.933922485019564 1.55101685857654 1.34063639718839 0.24896581934652 -0.867982570338196 1.34129856902795
-2.88861008617025 -2.94828667526445 1.47210398028999 -1.21224204576962 -0.06438648288168 -1.64650491949741 -2.63432902277604 -1.56054620760723 -2.51968160391108 -1.19380075182275
-0.479782510392962 -2.40481650152846 0.641706680350616 4.73740601154178 0.325749252915945 0.261467001229677 3.48392725718123 -0.0906715804128997 -0.578374577407584 -0.689360330376556
4.50374615769782 0.687488991761163 13.6227155278628 -0.493307690081884 2.38947508323861 -0.28608110234051 -0.239893234045066 -1.78306111409093 -0.813365616749872 -2.67544820398337
-1.01544839955938 1.65600871341241 6.62692260644209 -0.918814925101442 1.34491048131357 2.02268070251493 2.29213335924399 -0.644770829953197 1.3461356728952 1.45747616509387
1.28500209111879 -0.435872877727624 1.41304224813395 1.07586582654261 -0.213176313033935 0.341486679415605 0.59091249454598 0.0663203320399981 -3.53426874185228 -2.2814599841382
-3.32959782402431 0.231763143110911 0.0774925032682157 -0.737217459575198 -0.797408702927247 2.4582131747115 -5.44817193889574 -1.0554047319994 -0.70224752160958 -3.8190542425776
-1.8535239249414 1.31148560368906 -1.48001654868091 0.509786701133051 -0.317824470039313 -1.78612922455333 3.88790319185682 -1.07221903501945 2.58858677101707 -3.40325696562668
1.46516585110691 -0.80235298994863 -1.58443516984696 0.568522083330948 -0.833733618635815 -2.77013729480286 1.09323676969638 0.617241109903687 0.346476090660919 -0.618555343133975
-1.5047356952944 2.54891525124767 0.243746877158504 -1.20907274708145 2.6921077350641 2.4476607920325 1.72691953236452 -0.0961765918175509 -3.16038169843506 0.515653844923477
1.82534541681911 -1.30908510242328 1.03466846526831 0.580926816673585 3.14730493681855 1.16340287726778 -2.3582892325533 -0.079103294321429 0.00865345644560721 -0.688780766372474
1.40268011874588 -1.96716795440573 0.993099797890037 -3.60588264007216 2.73496320444311 0.655850010296443 0.900809289732418 -1.66770951420515 -0.751099047408136 0.737425384240898
4.21525370456423 0.102143491824526 -0.743512695129046 0.276624794508458 0.738733946551411 -0.0608065049659087 1.56344885097007 0.980734389476104 2.01066990213971 -0.480630090140147
-1.45848576143267 1.61935092505588 1.63697656160958 -5.9857702363457 1.12969815445659 -0.352721962492249 0.791540669421441 1.20739653544771 2.7168203151648 3.27965365754697
-0.398853757215781 1.16893328421102 1.54915370650058 -0.410935420047446 -0.154771502523256 1.23721485596433 0.867941728023026 -2.68121541922021 -0.871962855139271 0.590155739229073
0.831297057541775 -0.511873736273981 4.61971686682867 -0.546347189867168 3.92420634695202 -3.68379369681649 -2.12400390392473 1.57119218417867 -3.4930503963596 -0.919233903191402
-0.964272256962685 0.617065334735621 -0.910388323453837 0.275137544595447 0.883861524955075 5.9493997912841 5.82480753269195 1.19197069607888 -0.252319455674185 2.39976213753288
-2.86703526202833 0.749910491416507 -1.0433033709078 0.25076962491747 -0.296231123580512 -2.40695429695048 -0.539258286926444 0.141005934246661 -0.640137718835329 1.91285245437498
-0.770962724765642 -0.255081072664549 4.03062656828766 0.0377879150140026 1.63895978566598 0.206925494818767 0.999830768055829 -3.66339624060714 1.74648759925704 -1.94994317033263
2.02322037806218 -4.67804437214071 2.78505075509382 -1.54806675696804 -1.11447759119783 3.92843024216874 0.061519732281841 0.62150802476663 0.0848578158968368 0.734437218665951
-3.2372429652656 -1.58692302310269 1.35890807793447 -0.608943967035559 0.954510179547093 3.7025589159816 0.791360628808918 2.74609734878876 -3.52997463170326 -0.810156916431449
-5.03820392467205 2.48508236146028 -0.157443774048664 -0.563805048497129 0.227724912487239 11.0749355580906 0.898285862267294 1.00418850476063 0.737208466572704 -3.52833589011202
0.883918302595414 -1.4037999195448 1.86520553082453 -0.805064470706919 -1.94375536355883 2.50783900556912 2.52556229754261 0.455305713272582 0.789428345104066 -0.810399705066531
0.6001449732224 1.23991214352296 2.8451995336662 0.352493807553945 -1.65664688165583 1.74262540472322 -1.37412760009635 -2.81485100842097 0.675166009833197 -2.08406994190178
1.5309354114579 -1.88850075078856 0.0301392710441406 0.53943096607604 0.0427657895971837 1.94739659013536 3.13101304339392 -0.397813619164377 0.494277524965412 -4.6165975883553
1.28367494731918 -6.0673497262559 -2.03053739478339 -1.32086598981827 3.58333623509612 -1.12804312446823 -1.74483935439369 -0.252863116197757 0.186311976768878 -2.34167746967434
-4.42813452225097 -2.41365206680361 0.759436850505929 1.13062663356335 1.3535918583796 1.58014445864741 0.871352681533383 -0.339168309988177 -2.26402535006981 0.716826112401363
0.338515956420917 1.88209638020374 0.838019616365071 0.938912289003302 0.88721276918185 12.5066418510873 1.15113671239653 -0.826800695323233 0.780263316964232 1.88489543632944
-2.58108484749002 -0.940361038344782 2.55472438795398 -1.29289376834514 0.0386851975451751 1.19938578003846 -0.960862129284293 0.36055133782901 5.61946718879582 -1.03622598762389
0.618137664859136 -2.01479041771153 0.266508539924359 -3.30064665846647 -1.86923121999026 0.0446404314296483 -3.64807357147287 0.042503128061066 -0.0643246268387283 -1.9265577776243
-0.0250929161399084 1.8637456185176 0.588553205666948 1.97856288840398 0.349230231743339 2.70806325020267 -3.83275554645285 -4.09232632139317 1.55848125987353 3.8808520782087
1.20577228542864 3.28463628116856 3.24428561009724 -1.40082657833317 2.0018078988904 -0.814664041288333 -2.76921987380035 2.39465978874254 -2.42964070561724 -1.45976834719376
-2.47629828524026 -1.15593172383678 1.39252335576245 -0.625491207630107 1.09506610676153 0.709394558195849 -1.68561097209923 -1.37215061403574 2.52353719290765 -0.317421836394288
-1.01053313355544 -5.74711668365404 -0.648874429385878 -1.85654821413836 0.253024812718522 0.50704529360234 2.82479606804602 -1.61334151947798 0.311894364373423 1.750937900659
0.852357898148995 -1.84936101586925 0.990695488970301 -2.44957919504504 0.727822333738899 0.213411499665017 0.668439109830609 1.64526206163761 1.45085387052776 -2.52117453727851
-2.1962487036516 -1.94333202197049 2.44141100657933 2.82149574213696 -1.97764168587222 5.80256181695817 -0.219074783408817 1.35041498130782 -1.05983901450623 3.04290625460753
-0.450221496817267 -1.36769694557622 -0.506752915730638 -3.1128386334298 -1.40938371266092 0.546942537532127 0.895667036305434 -1.35508891490306 6.50713940547881 0.70120922985594
2.01624619458998 -0.818427835969934 2.74915583342324 0.0432266363508634 -0.0381172799498832 1.26903922853771 0.115473744776583 -4.0911435488313 -1.9986141942845 0.0979355919910737
1.04816991155183 0.433010190825345 -1.50326962229004 -2.09243350766324 1.43366095431731 0.10549862215 -3.31697636941782 0.262855728693675 -2.87422845638053 -1.63562890479129
-0.86780192338654 -1.30472347374578 0.0553071883916877 -0.678461908597708 -0.854173706995152 2.5119208478725 -4.18511310952202 0.227581792557808 -3.44331496092554 -1.70052736929179
1.8071581637421 1.96442439141149 -0.22999738709056 -1.04506778859456 1.78034673260845 9.55613143412308 -3.31222554379461 -1.81204610000861 -5.63326417460701 -0.12814288552118
2.77470396710784 -0.525225953766513 3.98415409738722 -1.06637596544968 0.160160872620071 -1.18900188031549 -1.08345747673568 -0.56900528231905 5.6212660502188 -3.02769995095303
1.10268184344242 4.46120453748046 -0.632900238172407 2.09898878560749 -0.822576117753734 14.4542409282289 0.492962039352324 2.25175359430552 1.77648145508042 -4.8410132778422
-1.47394531995238 -0.50661698722456 -1.29134494445097 -1.47965274193432 -1.94658704259592 -0.273932485985423 -1.6121309985647 -0.245278420245208 2.07719019700034 -1.68609548641927
0.0934525623329296 -1.42511588221606 -0.464171842783098 -2.45860914972668 -0.312510556677239 -3.29945371424434 3.42064343224041 -0.0624900517012556 -0.830148673363397 -0.983472054240857
-0.138404169034358 1.55182415933963 -1.27627543390089 -0.048197038739343 -0.298653913140428 9.22727370352543 -0.0645254470438359 2.47664342859103 -2.99233478870366 1.74482119843188
0.0208098089466732 2.52941930353552 -0.443066698597249 0.86876933679328 -1.5994499824615 -1.07443091335259 -2.80489585611007 0.606825663439927 1.38431754965852 -1.98934810313362
-0.0104693004762038 -0.364535320219078 1.82509154648532 -1.23605808945433 -1.533156349889 -1.49268831754807 -3.24969424700363 2.96384305652803 -4.40877082220435 -0.839104627535969
1.62363975028404 -2.80131173938998 -1.58773189914398 0.691254964987468 0.567943829285876 -8.15051234039368 -2.21714883164204 -2.56263637198278 0.820073130165289 0.760230608504179
1.23096579308422 -1.82471614437266 0.741824468354247 -1.76872311383194 0.304699604961149 -0.853478471381464 -3.1441257345211 1.4658357025176 7.73385975506541 2.0187590245516
1.674675118981 -1.87666441539437 0.934420726042836 4.45871534733882 -0.368909948116819 -0.598783862757437 2.56678361119445 0.339267169822093 1.85961234000479 0.0122126966704857
2.66784269581575 1.72014771817223 -1.45532726932241 0.847462398564588 1.5512651850835 8.8336269490988 -0.619817532959142 -1.03487709554145 -1.00464946330649 5.54335539802076
0.899609138143773 -1.31632256356155 -2.65862015134924 0.103638596152563 1.29136751992109 0.716592438220713 2.32300983085634 -1.48901427267208 -2.83778685654536 -2.33853385411261
-2.61773465126227 0.483204537771913 -1.13761389125208 -0.965747566296074 -0.788554906900956 1.32037413935366 -4.16836749058224 2.14449340905675 -0.308687424097623 -3.10868853816559
-2.1814112132266 -0.210149411911457 -1.04100393028237 0.779357364298811 0.912988013968521 -5.76249788839481 -2.87434508144218 -2.31444504516691 1.33261529396664 4.55182444139367
-0.541509466935688 2.09589772902506 -1.71829166727052 2.37702843049289 2.26261505156668 -0.605105410163676 -0.73133434904117 -1.73858668062089 -1.16167907808498 2.38369886264818
1.59923772119032 4.09315242267554 1.23820476012513 6.28415645089581 2.24954143540277 -1.99358345979502 -1.01438799477867 0.611987109016989 0.0419436149700394 -3.72887004318991
-0.413627115431206 1.98745470147503 -0.885054116436457 0.775872242143013 1.87802294109253 2.47179348476407 0.226698781995808 0.946320577583887 -1.00065916255791 -2.00682523623292
-0.358111755581415 3.16302372940344 -0.210131143213965 1.77958735583058 0.0814038211374246 8.43769903542546 0.413940678522266 0.699589480130771 -0.654979375816043 -2.09765403670486
-1.90369216044427 -2.57619794180182 -2.8871590212994 1.43593025960919 -1.4060421297049 -4.45021512511121 0.614638897368688 1.38799444991663 0.646375122325366 0.367789674573348
1.23498022460389 0.633733988260889 0.736288305212726 -0.912869564299473 1.25495000446288 -1.3323870171107 0.566555023469696 1.53366956920784 0.513258398803025 2.21685841465861
2.10733487871547 0.628368232097335 -0.748538381067656 -3.06137040505803 0.261597632493389 -0.154137668686515 -1.49390032041608 -1.03287414030094 0.161682865819305 -3.65330115569174
-0.102317413213461 -1.72615725854767 2.82966548641907 1.27112246131262 0.475385834173222 13.2821085766575 -2.69388534561881 -5.02538328975833 3.66534165049682 0.863970631392342
-0.784433669071992 -1.08813663136679 1.94063797562453 -1.08210016783459 0.965096766182334 -0.186551065044302 0.641505804868524 3.33128148473954 -1.92880435046377 -3.38299197668353
3.56964546352399 -0.969009090694504 9.19428171947192 0.243075528517006 -0.867047692654654 -2.64573532091081 -2.60986806620611 -0.784553714957386 2.73148789472909 -4.93721483559708
-3.18383188086713 -0.352709172127593 0.444416626061682 0.635559294285029 2.26602941201943 0.351412082475689 2.25564305715378 2.36752210853643 1.68264821924899 1.16249196172919
0.248526281148078 -0.316613103758018 3.5098136439873 0.708066809123923 0.417741845941447 1.64370325762915 1.55140293568259 1.48518398338978 -0.477563816703675 0.833724852336204
1.71187667528836 1.05149862570128 1.54845851224114 0.285642513508255 0.928766990832439 -2.22338530799176 3.82093782674926 -3.01278667663651 1.35584917792929 -0.94699391308161
2.70608024510916 -1.24822316905084 -0.44105103185986 1.56918104267541 1.31088977799865 0.831055816587112 1.38165817547582 -1.90811180753748 2.8649693134631 -1.82478388844099
-0.282480553782069 4.69164769131194 2.53359300710867 0.0472030800356361 2.44149743701751 -0.80802836870287 0.24286315533066 -0.17177272275097 0.855693704829167 -0.201801720536847
0.0442767015787066 -0.946451350367551 -0.0912791409965605 -0.370995217722377 2.65506892366853 1.33759208640955 0.332020743894125 0.789798231599969 -1.32300452149115 1.56640972647588
1.84113101758135 0.862471384252433 -1.24512613912062 0.161155404643778 -0.514429942057358 2.68060468721485 -2.0371577118317 2.09685753016834 2.9866104751491 0.040777071588573
1.61764574814897 0.102016500319642 5.22992344676321 2.89820447142579 0.431575598999776 -4.35747980315201 0.122764526275338 -3.19371693336112 -0.407117913076214 3.9069665564021
-1.94730648838065 0.389219865320336 10.6310220229663 -2.21682031945368 -3.30327070427725 1.99878673424931 0.20324726089307 2.70581735574602 -1.22926557222542 1.44790098574271
0.693995759067767 1.58195009346224 10.0356855847159 -0.843661247590212 -0.359618630524118 0.695066575391401 -1.61205194877078 -1.27816242845549 2.45997813086022 -1.78266934771999
-0.29288744676545 -0.649364337693461 -1.2194170232525 3.32579060549344 -0.477677673500488 7.85391191675379 -2.92727570801522 -1.18023133758426 3.6284408662738 -2.41637857736382
-2.15478121553747 0.608669315915247 -2.9118092811451 -1.95955836999802 3.91401502599511 0.537619879191161 -1.4265658078082 3.46020047862216 -1.3841780102792 0.517448063007753
1.13153979171481 2.03011077033806 2.59953588132798 2.71087838706943 0.719208226844489 -1.51650222266787 3.4529792753185 0.0435663685427125 -0.321480208935105 -2.7464852638942
2.20236876517889 3.44536535088496 -0.828137797229897 -0.485520572250042 1.14681658397621 1.99256796370041 2.38497949384097 -0.275668451877569 0.880346497658946 1.61687526895025
0.520282183326504 -0.373529439759176 4.55345444016676 1.07240492193856 2.5664430180082 -0.594165961820485 1.0972795996861 -1.14212629392154 1.08792338501646 -2.0548940028977
1.0708964208649 -0.978597110818894 -0.703907177299119 -1.4748634877727 0.853599802835538 -0.703851664396546 0.196850793011141 -2.788856999676 1.60329098562354 1.31073806183254
1.45378152530983 2.15961497224593 0.70271675865134 -1.2856312367143 -1.6942827239989 8.99916507901299 -3.06670558029811 2.17640526954303 -4.94670410090528 -2.50879479059131
0.0394781780817073 0.000288157574716829 -2.41291400798241 -2.24502766310057 -0.260598996619174 0.912244487940868 2.06592510784331 0.0163732127933255 -0.511566948191394 4.28877796465322
3.23542104484902 -1.92831075956337 -3.49307884423655 1.91453085967574 1.20773017792453 -1.20685810639571 3.15788117604253 -2.07624694863456 3.2467856350694 0.140816746836721
-2.95313946615491 -0.244824899294878 0.276900319795289 -3.28326268273236 -0.0149148911172902 4.36078199089964 3.3088184391821 -2.12962453970942 1.6232281995383 2.06288689825348
2.17377539386355 1.87758674441548 -0.819359061194855 3.50973661569292 -1.20973070000186 2.2933380782884 -3.20068304485147 -1.62961769066776 7.12700673737455 2.33176447118163
-0.699265127817297 2.65368311877918 1.61467616103729 -1.63731148827798 -1.43835713737976 -1.50229813405909 1.26085194897762 1.14956054599703 7.81860114504944 1.93926083671485
-2.74579746351703 -3.2367238601154 -0.658404939148095 0.492502099792167 -0.223145464603569 -0.0222350563597757 2.04981628267552 1.14219114683321 -4.1012604783733 -0.53574579392132
-1.53713596784574 -2.62596452723684 0.492868486053414 1.31419167363737 0.99533942701761 1.05213987719578 -2.62423783525497 -2.15542613505227 -0.464282945819309 0.456919501152429
-0.895650408935229 -0.837248275031106 2.74845261217865 1.99228990639586 2.65716804572454 -0.896561919918414 1.56315420207863 -3.03074927496426 8.60361942494725 3.28703026108871
-1.71014996991506 -1.80003985334375 1.71137877878012 -0.915896239675807 3.69960472891801 -0.187307378729484 2.00954346791415 3.57252194007529 -2.83936239766074 -0.665566419832064
