-1.78557392779347 0.445950009796978 1.14256812574521 4.81007293245442 -2.40658090970264 1.88484716283232 0.625640750382939 2.16554646883052 0.396478130732726 -0.0275981281595837
1.6869473034512 0.0332078970309271 -3.04265732539399 -0.667078719637837 -3.35429946875266 -0.0486757571417833 2.83719386630233 2.58961167432731 -0.227747761377303 0.732961774756867
0.369386452440333 0.372988071748708 -0.809267343902228 0.670255161185608 -1.54685111352502 -4.605234991808 1.16489313042986 -0.926568858949049 -4.5595401647702 -0.776575906053511
-2.91719085595864 1.49931016227197 -1.22250690025754 -0.968048991863596 -3.81974665949698 0.336517115281696 -4.30759394314756 1.17765865470383 3.95707924349115 -1.18635044193268
-2.38915480793059 2.11380127996487 3.58169305842138 2.2312860317339 -0.3983437327752 -0.213991296290493 -1.48230046232891 -2.12773528379288 -0.504498721981222 1.95525577414883
1.33305008961274 1.27272458894033 -0.0329108916185989 3.73486847256133 -2.65050084975599 0.269969981463149 2.53044359239204 1.35171867532088 3.48108553430245 -1.96022050711828
-0.880123502999742 1.4084339816412 2.12527645399737 7.28315384009023 2.37349663645185 2.08549639483864 2.80259978788328 -0.859080776222173 -1.32328565100848 0.0709745963739222
0.500228981777106 -1.8557711881335 -4.51757996952917 12.0413656181095 -0.535096922826428 0.935457288733782 0.123228975012805 -2.62146162104574 -1.82450906028752 0.0311234659151669
-4.92507113738514 2.92427736147503 0.920530046306763 1.65852631261866 1.29962624408168 -2.09047515821077 0.559775685296514 4.00617232506862 0.774055345101537 2.1823032774452
0.76372878710509 -2.08886431491605 0.83302348254668 -0.233987773172502 -2.79699898320695 -5.87328822863618 3.51191646684102 0.839013118194992 1.16004141134411 -2.02453900966211
-2.35639191689809 -0.663996161472616 0.596233529616101 0.718899619626458 0.645877307946812 0.833260028510277 -0.517737929590636 0.655188236830818 -0.471959853026584 -1.72666028522138
-0.478126999461617 -2.35752040926871 1.76387711600804 1.77626945048294 -0.281658355245358 -0.277044667842825 0.810393258804101 1.89557697081892 1.44925688518461 2.38773618804032
1.7832090332579 -0.548832791692699 -0.81481961748232 1.55034065686041 -0.527554700706651 1.85746830652669 3.52774351952692 -2.46047676593826 -3.45182529721716 -2.97123842535821
-2.8254411700004 2.12700334811559 -0.224316788880816 -0.543024663391206 1.74169583232057 -1.52537524509103 -2.24321117794719 -2.28142391891986 -4.72572621242637 0.855537170624828
0.794193624987757 -2.52204915930683 -1.71098104209934 -1.27904145047746 3.7254873603746 0.482551002214901 0.558684871131975 -2.77112489384373 -1.55283075768144 -0.731721677797819
0.951328240218797 0.603127103494192 3.71908218554757 2.28532068457646 4.64459812990474 -2.32273314948455 -0.0366346545674321 0.17468795624951 -0.0959975448665524 -1.97098003885091
0.796484118815057 -0.393428086359874 0.0498363543514157 -0.814612799777831 1.23878518274294 -0.458833515966469 -0.114036469820625 2.06835705774796 -1.24113039286168 2.09785783910152
-2.69707972930251 2.20808081919424 -3.12114302517867 2.88903631316254 -0.0316996751161092 0.692696580077688 0.413433917878837 -3.11489618122169 -3.09794908336214 0.090933149974148
-0.725064974227923 2.1318856436337 -0.588508252738655 4.82727157197701 1.68250921721986 -1.78024814446953 -2.58376640919406 -0.986384985395002 1.53830918562013 2.56686786442828
-0.00686075855671096 -1.70653052046285 -1.20630404578781 0.683484618635217 0.173168491947897 0.330905856015755 2.55606378460523 0.142349218949176 2.10721719326251 -0.32627843322726
-4.80951899430404 -0.196011146904312 2.89445182915731 -0.924637156506335 -0.160203284055849 1.37761083066311 1.18217244365131 1.99984822354016 2.0607476079559 2.75976122783771
-1.26937222553411 -0.794868683032749 0.594111849431101 0.463362910422367 -1.92184077310607 0.328998496690252 -3.68809435698085 -0.102475148122911 4.57896651607602 -3.21189270211324
-1.81428422949308 0.907384570678723 0.8429028834804 2.446854373479 -1.92746258157965 0.598984627805211 1.28464346845931 0.129221658270819 2.62831999172454 -0.822453898297315
2.88131583987945 -2.5488542130134 -2.43732818734944 0.657622234640041 0.613288949979326 0.102181654812293 1.65383947411784 0.0167611183661399 7.75909116480582 0.210935921233369
2.46350503813566 0.856829836878474 -1.50464281006231 1.072718919517 -2.16329188731546 1.32323017206177 1.7252510515231 0.853796472371783 -0.155523363048106 3.09949509836591
-1.43898278714385 -5.54663606403008 -1.2285964288734 -4.60745691854979 2.99715533785787 -0.0558183915594567 -2.54110995951162 -2.06721995687754 -1.77043856480494 1.82717181593635
-2.76656847619634 -0.678613132259816 0.0873771053265201 -2.14327409997686 -1.03236476574088 4.02297416446943 2.0039806248236 2.361576687337 -2.0657274790963 0.364355305284216
-0.22463912564626 -0.483105400495723 0.658571766063937 1.28358147079667 1.91072679471816 1.55299857537706 0.215166606188482 -0.734238419286791 -0.443678384983175 2.56728533134078
-0.793068157372453 -1.21285965772568 1.00946464345599 -2.6576461503379 0.632208884671987 0.286939960395144 -0.62516536903438 -1.1305701205531 0.520752275464662 -0.902950677174599
-3.08558487418864 -0.840445610420734 0.650370722058847 1.27375233065658 -2.74257914862528 1.78942345254052 2.23002286496269 -0.900623397832691 -1.8840840356384 0.804078053018994
-0.172601084340103 -2.83466120315229 1.90094970813909 -0.0116539394962523 -2.81543505816552 2.0173876491505 1.40603785166848 1.71605568267057 -3.28229331504208 -0.293277836425777
1.16980194359141 1.95533465016508 0.811428492046599 1.44071857431645 1.08226366895146 0.972859541224025 2.39340324603064 1.46558045507426 2.80414232430369 0.521393067891583
1.1917219666107 3.2579429351151 0.0377248004710919 -1.81292835789174 2.32343669519699 0.397573975460724 -1.42590908386294 1.43745229210204 0.402392179503282 2.3620688609167
1.40480934676937 -1.33653704405256 -2.36437417809387 -0.304461619323773 -0.889215063571046 2.7459736539074 -2.28708344720069 -1.1204965878844 2.52564088730088 -1.52866918084103
-2.24304076334164 -1.14788739088634 -4.3554619721898 0.206286948554508 0.553479985890077 -2.94300636614626 2.53811168836293 1.02940923038724 2.7152546464755 1.23988985074335
1.86142702622438 2.12537204352461 -5.3573196835146 0.480728095663707 -1.2740331236488 -2.7116357988212 -2.13383652258061 -2.60221587195826 0.498013571310548 -0.95158844432676
3.54226576065025 1.25634759661289 -1.90473626651966 4.3184201631301 -1.65233972811036 0.126687333164235 -0.402901173685016 -2.60539295613147 0.953748153873208 -2.78815120754852
1.9630917500127 -1.69001518078394 -1.81714206889107 0.898028526457361 2.16080931597887 -0.327644856677438 4.66333863775775 -2.63210037044713 -0.436149608459499 -0.965770487916412
-0.685783078999338 0.685979736247578 0.247949216197249 -1.87856330503728 -0.355583475932205 -1.74651862963082 -1.6361954185399 1.36064682916592 2.44515949425534 0.0441439789616338
3.28531289254561 1.36531244720318 -3.16140350663436 -1.74513806717924 -1.04334786362254 -2.21028313765903 -0.874550322607761 0.19856034792114 4.68390188028129 -1.77629882184097
-0.354538330407645 0.680359911888709 -3.82011262124447 -0.23619973237517 -0.778720603121457 3.28130596867533 1.57816763521549 1.51715885938043 1.75038980845743 -2.12426670152336
1.45164813770167 -0.658426719299602 -0.95567961104587 -0.213266974614867 -1.42668088320438 -3.55316778029245 0.777053579181137 -0.640988093039396 -1.37794088442567 2.0591926700671
0.642079177783021 1.66008801485875 -2.68422353368219 0.965654754819217 0.259347254688507 0.0554257563172507 0.773695713541969 3.13955209099993 -0.665630769305366 2.13917994544249
1.84397934332269 -0.857602426512139 0.889587832899739 -1.45366964807 1.50911532151804 0.0542358100597578 -1.08829628643489 0.895731203077886 -0.368227469434549 0.245891488970885
-0.87715634423499 -0.64519110900246 0.876790481089354 -4.03870607280906 -1.47238007231211 2.48773199044347 0.0138231661577002 1.96381207601997 -0.252106795573609 1.58238049295699
-0.273911053625883 -0.815947634653808 -1.63259630765419 0.150673027870932 2.15097899414319 -0.656949847493432 0.518470243856529 -3.09700384741082 -1.81693868766145 2.12035574668339
0.0984601203734254 -1.50540920981539 -2.23911542765273 -1.23346362552305 0.897474867896394 -2.3826784842411 3.10905331218961 2.52085432415732 4.4101082761283 2.07153813903172
-0.388839036933869 -0.155979858534698 2.03705842201445 0.8016487726156 2.54344411544235 -0.162181241397239 0.294734566218554 0.522036421417003 -2.23213547285501 4.12147506282004
-3.19853209169252 1.60099970160422 -2.52275737757262 0.539058929813622 -0.693179495598468 -0.248534892312383 1.03784729376537 1.82815217970021 -1.73295556023076 -1.86796557624368
-3.18034982184594 1.02838150787767 1.88016585368961 -5.51663235493361 -0.0319405038001119 0.179216398473264 -0.112695942515302 -1.9598774460436 1.26646398001871 0.771802661455347
0.97983452115744 0.31786229254425 1.16176549522264 -3.18026755923023 0.307953591381929 1.21903064325865 0.0188787365840775 0.817701171842977 5.3833168558875 0.024722686965484
-4.95814525092337 -1.27225453468383 -3.47736383572037 -0.503180247286328 -0.032138793594802 -0.484184157646128 -1.42350463212273 -0.761207692390997 1.41527724275299 1.87187840320141
1.19185995732933 -3.14291718923138 -0.980161471222972 1.38110893657542 0.12424655201276 0.798782941005521 0.982700017181943 0.118754986751418 1.50936619782254 -1.88468844348686
0.51008306362106 -0.564445313191257 -1.60576702872475 1.76492586878263 -2.2427764981908 -0.30858282286181 -2.19847222452546 -1.65205065988345 1.78944886566694 -0.112666018407683
2.2321641492377 -1.43432284380671 -2.11904108451637 1.97980246125835 -4.11949262988129 1.10400792179022 -0.130146712259106 -2.10498278233652 -1.48332964215731 -1.09574485245286
2.13273712147525 -1.28351284513591 1.50095065576194 -3.5458551226144 0.343998257867477 -3.55491820277919 -2.72471253941284 -4.0898385466799 0.2695292776387 2.76947735484595
-0.179887953916942 3.14714713099258 -1.22390331640021 -1.03048170317623 -2.19276338895606 2.01992229174556 1.38256820616729 -0.219879063673751 -1.42339035318307 -2.89463735025182
-2.34421142439364 -0.64024276241902 -1.2653605350427 5.36494402998045 -2.15963827622406 1.44547374182802 1.88922175318716 -1.17326240497268 -0.126719353396959 -1.82459064542132
0.960695351013512 -1.7160597740456 -1.26004193134361 2.70812133949973 -1.08748756419408 -0.203709348382774 0.476842719426173 -0.616763568890837 -1.75968265698879 0.404776492467397
-0.263965559478694 -1.5450907133946 0.812381578557831 -1.71817942495328 3.13222200954292 0.892875586289221 -0.0178420531188647 -0.804580415443787 -0.394064327262966 -1.59083994435405
0.000451557012902249 -1.03461486526957 2.06110768193866 1.76095856843826 1.35337924489451 -0.631913291872039 3.24563401536902 3.35752587673371 -2.49735747694648 0.575134589938914
-2.22412665836021 2.73217512426538 -1.55022314721546 0.228248923645735 -0.0736586053615155 -1.11387459300119 2.24465376613532 -3.92726561060299 1.44819328234873 -5.52140072000071
-3.7426670446077 -0.777445438492627 -2.04313958644074 -0.0654381938164201 -2.36963623919201 0.786731690774702 1.29493318893704 -1.18748110790971 -4.42228478681471 -3.31597305606982
0.350666237179744 0.493175475649586 1.54416097657838 -1.64369852151569 3.33172396732878 -1.12681576630322 2.24996165327146 -1.10773687463925 0.152658954931061 0.804421813617088
0.817019002251408 1.85672898828409 3.15493164155559 1.1646455466184 0.577563000088881 0.814585127760934 -5.17209123687183 -0.414596168781908 -0.0521667870904235 -3.29400194701828
-0.932023309456385 -1.69268408028632 1.24998920780937 0.917749137698357 0.378753444049508 -2.66539821186385 2.02727856262817 0.527279094604451 -2.22693767562874 -1.44897978567103
0.145476237219471 -1.07070273560308 -0.731469765216832 1.23078641138811 0.439416107584791 -0.0581786179156979 1.23610256002012 -2.82151696773836 0.977084779344843 -0.241484000782028
-2.43725482109265 0.917655810569641 0.045373187546709 0.356174937490032 0.589760325155966 -0.42590997249517 -1.33160336334516 -1.31558297331878 -2.05037663964168 1.64415025406417
-0.119234543366119 3.13086168629668 1.14394891876323 0.914409088534114 -3.15695113191225 0.986085619486164 -2.67273792081751 2.4915004742488 -3.07550363461306 1.51491255559649
-2.57515778362293 -1.41838869150655 0.0221148053945607 2.24415998636453 -0.0258406993372074 -3.67429108139587 -0.720679342397195 -2.72503196207052 4.23359421482403 -2.3662815369131
1.139110827966 2.61070534765734 0.27070933950248 1.41097780414185 4.45662582908999 -1.57686529136804 -0.0264963054661668 -2.25904003574429 -1.1388197251989 2.65061247326809
2.84358339811074 0.9287511812788 -1.65054708003038 -3.02818644489576 -0.231207158431341 0.484457778853401 -1.500849696367 0.778905472301088 0.582545258436734 4.65792382926634
-3.08189572003618 -4.74571497033849 -0.205814932193254 -0.246323632855441 0.830643113687076 3.3632477448658 0.204341694438917 -2.01334925130328 0.515902277202362 1.77181267593211
-0.289532863967535 -2.88506855436325 4.73670316706414 -2.58797765839375 0.648477396466929 -0.428205874556948 -4.34655770352842 -0.772299791780108 -0.664895644838646 -1.11499744096284
-0.722792346541483 1.16582555308573 -1.30174610605359 1.93080143964888 1.1027869073732 -1.07237090865073 -1.92039609596381 -1.7690548093248 0.0260141058083993 0.718343457808227
-2.87372551790785 0.0216865961491918 0.368276693142695 0.830525627119363 -2.74840418973962 0.0282847252335732 3.06402236253751 2.79227052977932 -0.368217838818228 1.3647311869059
-3.98499126306176 -0.901878474169393 4.68594422126062 -1.84928389727389 3.08664435548904 0.770364869685484 -0.287267190206235 3.63929014765529 2.4075348588192 4.94196294937993
-4.12848953182288 0.00803262783372193 2.29088163717395 1.92258906745695 -0.323486647097273 -0.698710724562117 -2.09310316002365 4.32996850378423 -0.952113492415503 1.19880801165778
-3.1613047846363 1.56778528040933 -4.62858440832094 -1.97459043716866 -3.4595107962164 -1.67524103261389 -0.699957904680031 -1.35878209679826 1.38459379430259 2.59692937751869
-0.0226607703171826 0.270813529481464 -1.23325389219153 -1.8871044069754 0.504768647963816 0.766496777874508 2.93883105030563 -0.937117269941267 -1.39062432356366 -2.90259937009453
-3.84345622693438 -4.6391968596678 2.26608575629692 -0.215457842181511 2.23839671446912 -0.77122985916937 0.0210254418935469 -0.497360945269148 1.91355749987263 -0.320756762973643
-2.54074143933705 1.95962389603915 -0.396249350404164 -3.55651339580687 -0.0928680788799989 -0.743346958898524 -4.59602047004247 2.02010785021376 0.746617452039871 0.526418783109911
-2.0480375205761 0.831303544256054 -0.216247180355743 -2.41558383769834 1.66137346163474 -1.66602600881535 1.95615055125978 -1.0559101209365 -1.48594996754091 2.76167382584534
1.53329205692801 0.921182506569119 -3.03452508849028 4.30955855577405 1.59502600621158 2.39993897484687 -0.932872695657515 2.61451102289382 3.03173233954605 0.520057593756354
-1.64995062390464 2.36047734274418 0.532377106128486 3.81936150154091 0.159213990019173 1.13073173246695 4.17216196421352 -1.45539370470441 5.00105551063896 -4.0735763965023
-3.72751885293252 -2.31990817572109 -2.48073050252819 -0.823588223736656 -1.07710560089154 1.65410298080707 -1.43526647950834 -1.53424021060839 1.84590404171115 -1.86895258296371
-2.56292145429721 0.999140593459818 0.380116391156326 -2.01346404886487 -0.641390785712889 2.4004222626322 2.90182791754752 -2.45660795425135 0.210616184429322 -1.31802057895841
-0.858170814425986 -2.8164390592159 -0.154247890328366 0.208154604576099 1.33644033189671 4.61956282420466 -0.156373253135584 1.93150347936079 -2.24291882516621 -0.779868980064086
-4.93104425991544 -0.419454667807243 -1.32167257188979 0.867434708443865 -2.36815057794513 -2.77039076949057 -0.468708629598319 0.763705304409758 1.53159016972466 -1.01171453639141
-0.441758332922228 3.50381165575001 2.75126773879168 0.688999082703622 0.581612633063324 -2.15660114499378 -0.261359379851421 1.09663904392611 0.00911393556549252 2.52283072737487
-0.727250910489903 -2.5520016149584 -4.05590002844268 -2.13335534976758 -0.567080242568856 0.852556467266248 -1.93016508601069 -0.0303345238988092 4.69487640639565 -0.436714157772851
-3.79394605446277 -1.68862848458378 -2.057329011007 2.68779238603525 -3.05055532497514 -1.35011767473727 0.803391902554627 -0.98550944307077 -1.80726735384597 0.0322131663339355
0.0868341047759354 1.96395875670132 0.470481727045934 4.26968815417823 1.01086536958523 -0.240486268747682 0.223928862197015 0.769465770541595 -1.61692459674405 0.421016659633486
2.35602808406917 1.47596441077613 0.621435464189353 0.459699455178246 -2.87930204815676 -0.590944266957756 3.28557382640645 -2.01484175727134 2.81443540761195 0.585567279623689
3.03065410434356 -2.07004864753447 2.42870989072604 -2.00150950336496 0.236545667198487 1.03720907957379 1.43457523436926 -1.54450294579709 2.11009484975308 0.36192228906698
-0.493536789231216 -1.96525265572067 2.98086105547861 -3.90771685295715 1.54067717826949 2.82427380773858 0.120628277349077 1.91777066060735 0.986390971776926 0.814838189509505
-1.5981668024745 3.71896679565831 0.152400429028755 2.9472623618183 1.82716107731391 -2.89161847833228 3.22582108243355 -1.69536569639552 3.39467480903543 -1.3673212391839
1.43415128012146 1.16133607376002 0.153757644013532 -1.67989711761652 -1.08026456463632 4.30352113747464 -1.42739871427669 -1.68232956803678 1.37821201039914 1.69259948247392
-5.50941019293235 -2.01172566504829 0.881646647259435 0.954086518713074 -1.25128866497007 0.795696959965872 -5.26683726011782 0.552147415187889 -0.193655695620411 0.167999826793521
-1.34545319867291 0.693712880400788 1.86702824370247 2.12559504980525 -6.44646557204672 0.258924148618633 1.26869282935555 -2.38574648538138 3.5502753123257 -2.9623275282472
-1.36310509434537 -4.48369108753681 1.00907306870099 -1.8281242690576 2.13945307612659 -2.23557410494146 2.1104279244889 -0.0865183089713973 0.477262873670667 3.54195423319626
-1.29668591065483 0.426936017291315 1.16242682663903 -0.262308867648334 -1.17423017147319 -1.53680669134374 -0.408562695106 -0.213253342858158 -1.396937404728 4.1205226346706
-0.665932461718063 -0.979117953721632 2.64734684721615 3.49086682160814 0.153742325334706 -2.13674844634727 1.72318261409067 0.606292285161289 -1.79491074761687 1.79872906482257
2.86726650504118 0.65295524921068 -2.19718645165111 1.5382019408369 -0.534691100768192 -0.615615082640685 3.13377204791273 0.0995345944061941 2.5744833033594 0.501851760857408
-1.78588395912528 -1.10794840414471 0.119072466524044 -2.56141155052366 -0.615138397983953 -0.0165577543819006 4.51507807939619 1.20065218729293 -2.3228801969375 -0.477400253810771
-0.647996408010655 2.76754087540185 -0.649750556326998 2.74137572162681 0.454424975957442 0.642778176473009 -1.17844868930819 -0.0161995383043608 -2.44836744231242 2.14341894244081
-0.462263120344727 2.25305045033317 2.80535569136137 -1.20619787753312 1.66731640564823 0.418061867738904 -0.0966714638451843 -2.31286903361197 1.45094855921838 -2.19558620807414
2.03478513070068 0.141298824549675 -0.305705866261858 2.14604388001306 0.880150857932463 0.943433826817453 0.854306521170423 0.763162532443565 0.498443606192525 5.86090489248141
0.707792989054865 0.306881906899529 -1.33996563481108 -0.665157767039506 -0.529889720524257 -1.94816572803495 -4.12380631690747 -1.16461048448528 0.680838833876661 -3.6243847793112
1.55029830422705 0.209543423038261 -1.58406380310008 1.79715753034915 -1.31492143357214 2.3149229099936 1.30880857582268 -0.152792440196513 -2.07967068349573 0.0112129462827629
0.208633368538806 1.00918471067072 -0.297308366143547 -0.677544305330863 -2.04201224420717 2.35277149255495 -1.80137057008208 1.7975566219524 -1.51442673185504 0.341931092182082
-0.281247434414584 -1.10050164404922 0.95517107008618 -4.23693838178706 -0.00315309699640189 5.03182854834562 0.40275477749868 -1.41135340328732 1.22510290172493 2.07278657274619
0.797870108426315 -1.06598873635805 -1.09946332149921 0.0983133527941826 2.40571077636627 0.554963050588914 0.170742397634737 0.264454884717274 -0.626438530255738 -0.485113336284708
-0.587480175470006 -0.477836180208813 -0.700347521947455 -0.079703120715558 0.33493563516826 2.03579307537361 2.41145723109564 1.16944480385288 2.76390290660394 -0.520615082696766
1.74439501329012 0.906462873567764 1.50852523606906 -1.49528952623157 2.966855644049 -3.14829460843152 -1.38720290796474 0.444967290855666 0.141932748009774 0.484471785709288
1.4019789214192 -2.25171616006834 -2.36065827264957 -0.609952169312039 1.18617741445809 -1.23924573692069 -0.250655359357604 1.40374319134807 1.11293869891549 0.470736982216147
2.20553830216476 -0.505693220860045 0.439253916828067 -1.94861511140923 -2.11133797747474 0.354883520884517 2.46991685591217 1.21424768825333 2.18617572517531 -1.64692124821523
-3.84751283416314 1.17526826486599 0.627286085430387 -0.873179320246251 1.99505528479331 -1.81924232689019 -1.26337195671257 -0.635400128793778 -1.13590014919192 -1.80196342347727
2.70259482191383 -3.39298414605719 -1.07790334010812 0.789125337041214 0.782112999882456 0.707616002177146 -0.298850814795137 -0.387619523693243 -1.26751219853459 -2.59849281345463
0.576094496113114 -2.3420259307514 -3.05126198177669 0.627269234375977 -0.643549523486593 -0.00221329752296988 3.05406540384395 -2.8045548591791 0.228657056173175 0.897561222539627
-1.02527755840713 -3.109968651584 1.84242700342263 -0.540098271890137 -3.78816339822418 2.0565205951535 -4.03617985720361 -2.71412849545985 -1.17080576668981 1.12647904456181
1.37649649271106 0.540625126515636 1.54264954766608 1.11842314601985 -1.2731791324361 -1.61179218367021 -2.36256793036821 -0.136697795585652 -0.958852490895168 6.09450503070158
-0.470390798459287 -1.67884924840272 2.46485341003588 4.50982277927388 -0.412539767538541 0.892510348171555 0.915381193976047 -1.04393105862458 -0.276441034125648 -0.89238197317425
1.65867661630618 3.106187517905 0.517177422702124 2.48940288109115 1.29794294888663 1.69419906498716 -2.62030646587713 3.38965775285084 2.37732641445072 -0.0800341890028648
-0.564883216290897 -2.39284044203975 0.937820942987981 -2.31056936193458 0.666394610371987 -3.57768638526321 1.57626808643938 3.71186182787177 -2.10378941063711 2.08376938825293
-0.235937983163745 -0.906396633325207 0.120395651082717 1.21371098597284 -0.0941367927643353 -0.0823154623931289 2.76817080214447 -0.949524251193334 3.52857806682358 1.24853931801674
0.353725471160426 3.02486937287924 1.72622076476085 -2.3742156148964 -2.07338457071248 0.479566602897716 -2.11377952488632 -1.43964687868226 0.380008191206789 -1.10237258682677
-2.14748427530566 -0.288761111404465 0.692269515101586 -1.27502276947436 0.043224202538583 -0.850947759192576 1.77694543699199 2.58126065948136 0.585878761169929 -0.889757397032234
-1.42099200594413 -1.62014027278644 -0.480131502628582 0.0711871079114651 -1.89402518619325 -0.991119537039958 -0.626966707804116 0.689739383163658 0.804169960842573 -2.84671746890618
0.95568780836112 -2.25612190239979 0.454770658623536 -1.87844286970702 1.833959877126 -1.99124445618665 0.628578315863624 0.188794041331344 -0.0178322043663339 -4.51238675239845
-1.89901066100599 0.514200891345895 -2.21574267574172 1.431182658109 -0.771173539325687 0.331453999555045 0.921160906402656 0.00262464208560733 -1.07478633603855 -2.17208852973339
-0.241487240470371 -0.419315095361312 -2.3393418460956 -3.83784890317042 -1.25125815619058 2.67910724209523 3.49173499626953 4.20217542587528 1.94820798545677 0.65619981866044
-2.58089749632904 0.91976475730556 -2.7785442275316 -4.02699767595941 -3.51449686182577 2.47318501349596 -2.4873517209325 -3.71732687906543 -0.912549563059048 -2.23972491918024
-0.609122613404981 1.62910748569334 -0.36895278836443 0.673089883090652 -0.737401090346123 3.30602766101002 2.7217021605866 0.820603873209976 -0.980787397243477 0.684817518604585
-0.200346799226053 2.55372284861758 -4.17187896258093 -1.89462580319495 -2.3220544672549 -0.250067564640746 1.01240657847182 -1.16692850830115 -1.45840822256771 -2.17411523154828
0.0032639918936886 0.733242882427906 -0.471764968968877 10.5359741787316 -3.75420353049272 0.829730813353562 -0.202979953380421 -1.09980686094347 -1.74373602698449 0.5318516544408
2.0900398892695 -3.53540464386757 -3.38618915335087 1.28235101384481 -2.15100413755357 2.73423274788158 0.457656409039437 0.140289092679546 -1.24220714548099 3.38365970457249
-1.96343336511925 -1.83889113690994 1.33296493805012 -1.06541868943986 -1.2930053773396 -0.464006052499688 0.390577841943619 -1.59132314562008 -3.51633148440107 2.08582513952744
-0.0770379130719967 0.105249953491029 2.71376484700671 -2.36408360679106 -0.971992134542103 0.713658067713234 0.773471907730953 -2.30949830094319 -3.54738064070065 -0.350040081773246
-0.210059929735145 0.28780934705739 -2.66007038081641 2.86487197248331 1.13155566555795 0.608452264874887 0.176770999828078 -3.7481097998659 2.87351563476437 0.882311937384182
-4.82965631121218 4.08799779153924 2.75481925934566 0.384517283388828 0.199813983653292 -0.0903511811282659 1.35171029244452 0.931564927952387 0.720705599405585 3.33330035649648
0.842159902367262 1.91083331969181 -0.893047842219169 -0.0870889908727722 -2.02307875104875 -4.38994604916624 -1.54238427099475 -1.41367289013654 0.929295003536566 3.82667521205883
0.197284505695265 1.8550255599451 -0.554512294761188 -0.732424410847901 0.30657883344873 -1.79594463002437 -2.72685101414633 -0.0389848099755665 -0.583952907491865 -2.83368586469038
-1.56003116322195 -2.20667832275276 2.51846605263558 -0.101590521277415 -1.89895213657272 -0.909032194635037 -0.102436162624761 2.21467490109853 -2.05772736359005 -0.615541162467675
1.60850412215448 0.631419738954615 -0.686234432824672 3.20668315561263 -1.39913069177224 -0.682009395643267 -3.83556445446537 1.55908571073625 -2.0117549161374 1.87109743216406
0.814531897336287 -2.22561440259585 -0.603828097443958 1.21379547104599 -3.03026630537888 -3.39531317237976 1.14676848256566 -0.921164482922604 -0.92447965731723 -0.244543756426229
-1.59082195395329 1.18700336958099 -0.527356337286803 3.8245722988833 0.204041154461474 0.88748437279991 1.50977950489559 2.12085805254739 2.31709205642308 -0.244529267418022
-0.436816211584571 1.11098574671562 -0.239156984407056 -1.2668613635463 -1.53015822573167 -0.681635077249885 0.699478671966359 -3.04969105766201 -3.87482102536564 -0.684678797526839
0.275971408554329 -3.59438546362569 0.502828834086902 -1.68429633294173 -0.376233139577026 -2.91344778395808 1.64094387588946 0.576645953769156 3.90806538006783 -0.316983896001586
1.4797760119207 0.255360891527339 -0.370520566811022 -2.14136803896563 -4.69285609575472 -2.95409033912965 2.50553669448519 -1.19236337242425 -1.23528879950714 0.0823014000042462
1.28500874388579 -0.955458398790014 1.41287563001658 -0.0227366437636825 1.7952661482334 1.6811006291568 2.36869276355125 -0.767955277801655 -1.96675754008739 2.29233664326111
-3.45937424277209 0.0404205063445488 -0.85160987925369 0.77946598070374 -3.39931616995113 0.770277660553856 -4.06997312111318 -2.36502198981842 -1.63525687207574 0.458165651792746
-3.0391486086082 -2.47144947902224 1.71867185482965 -2.26638313732019 -2.2234138958658 10.1075129141315 1.53991781156443 -1.94382910864776 0.540599386448972 -1.29920884872636
-0.585303682456343 -2.33345294736515 1.54955710296512 -0.159558924201803 1.28899511932122 -1.70763341258295 1.44655831182238 0.267623349451971 2.66864247363081 0.231120649919184
-0.496051126891415 1.52903283635597 0.304681984256049 -2.17603375053831 2.20151755486485 0.816686870689282 3.68697153470496 -0.933285711507714 -2.04817874243107 2.10684086745671
2.43896038747497 0.0568048309641409 -3.91461507764709 -0.967386176101329 4.49176062021267 -2.75402630678813 -0.473654131013821 -2.17114856544284 -3.92009316836809 -1.80470654901614
-1.82952930739988 -2.87970977741059 2.73908580900877 1.56541592646789 0.316032368429032 1.63099688934782 -1.12533014007009 -3.22038890749446 4.39366046500533 2.22062578639191
-4.81712546036975 -4.58708990180099 1.23934790355841 -0.634773657758776 -2.01946268724283 1.47073779896257 -0.723109623791939 -4.08751347881585 1.00466001128506 -1.58551692728855
0.384849644313436 1.94308522733615 3.10210156252796 0.892294290579868 -0.58688486483974 -0.915624885893179 -1.91459300416138 -2.10602811468881 1.08652703513477 1.73957856214019
-0.766181157054332 -2.47127690669564 -1.78836337701928 0.287553938479797 -1.55250274093075 0.860738821793254 1.57881880424155 -1.8417292442449 0.919759932178677 -1.90674608203282
0.851508242835461 -0.0441270504261023 -0.777917306505869 -0.934569800178025 1.98027290473955 0.570848222822333 -0.329471261160821 1.38176419677736 2.0005030720504 1.74961073254579
1.7417881663764 -3.17878117535644 2.28003177585282 1.39429073275451 -1.85386119973439 1.6849078956922 1.34297782521879 1.87209364060942 1.1553797880295 1.57444143117388
-0.637490993241062 -0.05642732016255 2.08406084465927 3.18702495199318 -0.828344562448323 -1.29332795691639 -0.119419929453605 0.188653097626759 -2.93326097311897 -1.97442169032253
-1.53265104491553 0.128181480452867 0.16533277553928 -1.4109009932373 0.649524593443772 -0.928317319160994 -0.564400752375524 -0.26372030138243 -1.75948462386274 -3.29966228578122
-0.277645761863359 -0.534636838073741 2.13933492190291 -0.785424364293024 2.17658141697411 -1.62252765364827 0.0397841244977419 -1.39299603659505 -1.78914410936724 -3.17915288740169
0.434261902113425 1.36391101509601 1.5653762020319 3.54365682000809 -3.0916689706133 -0.791343148633749 3.43626893594843 -1.05858014980317 -3.39948965420794 -0.0250856173266119
2.14088480538269 -0.92952039207391 -0.298769788043214 0.742271889453382 -2.33116690028539 -1.8921217894566 -0.51108900329822 -0.40784219638919 0.321988367495123 3.30567037769165
1.22187536597973 -1.17483229870171 2.6434341126053 -2.42642970519833 -0.14400334211183 1.92580874424521 -1.49098102133442 1.99665913390215 2.20634979983346 3.27383774686627
-1.54474518746345 -1.50326192368014 3.14750881043121 -0.228192358898383 -0.902306703790602 1.83208462853629 0.429407694698209 1.22368680304002 1.33381554870046 0.85167203985335
5.21334926300981 -0.439008667684776 -1.81017502347377 1.56571074410441 2.93391233145799 3.16233350475846 1.99379220242839 3.03173793789237 -0.295320921715753 -1.9501196001882
-1.4206110785834 0.95999292774379 1.66843535017757 -1.04783304632999 2.76801460560174 -1.37844319176775 -0.819664039193685 -1.59069774896682 1.55926079665086 0.341524815247253
2.15190951829469 2.09069963412797 -3.16141149155243 -0.319883317916195 -2.15528686697577 2.433284501 5.23618043682154 -2.14136729088109 -0.640408579583112 -5.79902919491365
0.0682406245330275 1.06040324073522 -1.8716688966261 0.109614582081257 -2.82462206340598 3.57652367951374 -1.4735173045462 2.29840130372491 -1.90622872597634 0.409614604801972
0.479413788979717 -1.59453270207085 -3.02357724252211 1.52540085500469 1.50370660490972 -1.64757629551296 -0.176161142522879 -3.85699435483878 -1.17829359976517 -0.929664484775186
-2.19127963560202 2.97192093729691 1.77170361941759 1.04748805126033 0.835985994716581 -0.600205221739583 1.55379456987262 -0.983755278334917 -2.12718342281056 -0.617890583718995
0.85912131691901 -1.4880895989006 -0.973703428695974 1.51391103783197 0.968236565503578 0.534397870213837 -1.74570304978954 -0.574641041859555 -0.466815944566748 0.220146233114898
-1.59436126192455 2.34257407841463 -0.353504410085263 0.46258702603272 1.18507128725486 0.709826704105481 -0.0666821213400996 -1.85243730071343 -0.665201147903113 -1.41795542663921
-1.15753868908562 -4.13200488289518 -2.55538694786509 -0.696599587845391 1.30399915268502 -0.77051293632238 2.57453624088078 0.412414017102081 -0.24679472904556 1.39907431888049
-3.30768806094365 -1.04742859631561 0.977625279821446 -1.27414268414725 -3.3404728015336 0.936409067800993 2.85665365251199 0.0443977807032225 1.87475180035389 -0.143438059504908
-0.054789409227891 1.00160350116414 1.51713542837197 -3.69893369438714 1.70281318805319 4.32495475124644 -1.33777018731781 -2.29230651940714 0.603062897168645 -1.45685543116052
0.2809663073616 -1.57601153706754 0.824952044398291 1.76951559323719 2.51312454475282 -1.06706261406542 -3.35542312050803 1.32021885282107 1.3672384061499 -0.288969147214261
-0.0248439012139619 -1.23028062841438 1.43353257707412 0.168499386366699 -1.32949846827849 2.00366262452144 -1.21311654286392 -1.51738698513334 -1.44980255219787 0.0188026266847134
-1.50900702746026 -3.77784027079319 2.1080547891222 -0.583398550793953 -0.4954324950731 -0.736479722581583 2.52708821070413 -0.780265555776649 1.24505120322928 0.199860317276052
0.323795136713394 -0.890533160067482 0.445272640022779 -1.95865629790462 -0.254055082833246 -0.0780038874332155 -0.129595776344579 0.45007870847223 -0.496482891693144 -0.337315872263946
-2.91237788270846 -0.749471968270764 2.68064264595487 1.78265400698682 0.499031891143007 -0.223756416338668 -0.554498389914824 -0.229925047712819 -1.12474675938522 -1.31445933878607
-0.488866249430975 0.972110796840776 0.771938724263267 -3.14303291185259 -0.552212974797764 1.85721083833981 3.32861510950132 -2.55010334542795 -3.282776631398 -0.20200669345821
0.127271830529733 -0.979972253422897 -1.74554236492829 1.86260066905959 -1.22848449265613 -1.05475665091328 -0.915079258694303 -2.62788691020186 -1.08876806840295 -3.70564101531722
-2.96607844806134 2.28048252224635 -2.08017715924671 2.04659208998805 1.49205869617747 2.44205683385098 -0.602261093275303 -0.0303923694609578 -1.98905375400494 -0.526786593853379
-0.135360324598528 -1.41809627895446 2.12740071576226 -0.23424847017422 -0.789656482180234 -3.21168160045172 -2.90742242147927 2.42547608393499 -3.91999427759461 -1.68506522626031
-1.58263046235605 -0.34573701832843 1.95090076650217 1.91840508989723 -3.26653201170962 3.32110233582784 3.66024456881743 -2.15457276025133 1.33590661705374 1.33999591312692
2.91867608015765 0.331810311581583 2.52662417342998 -6.34274740515317 -2.59317794161222 2.78537962607191 0.0636063699387628 1.65767437684732 -2.43036503789534 0.997449327181307
1.25454116883746 -0.573447472616169 0.831821108267718 0.519233482057502 2.54976961222086 -0.280375293673913 0.328159237636796 -1.71894913262008 0.131677600645657 3.03958544587198
-3.26190256916592 2.26295588085437 -0.271448096250247 -0.143422750208688 -0.23181288738475 1.73337138292859 -2.7566849651243 -0.692799378833977 -1.57633750874962 1.8872816380859
-1.99587293630923 -1.3699733342449 1.80771733792135 3.13819993514326 -1.49906502799278 -1.15927329248407 2.33831719219058 3.53238699832256 0.0487902103772168 1.01703589032478
-1.35950845766546 -1.44714868044914 -1.02863308768184 1.63159674178906 -2.20361293633428 1.2666091500589 -1.70982502141162 -0.464356756884426 0.795590791514968 1.26853241438502
1.37489331449571 -1.31335662614443 -1.40207715357239 2.02017279818538 0.815117661813884 -1.84870655538583 -1.82411025162783 0.250159497671279 1.38917071756431 2.40902360812373
2.19354678753808 0.865824362804931 -0.371154803018558 7.77323936423713 2.19569762950072 -1.39328149571211 -1.88350545491237 1.03549204380424 -3.15064962231304 -1.18274636493883
2.04664454269604 0.140336622393329 -4.75470460010791 2.34717969114759 -0.00844977824149078 -0.915150151123712 5.47498784909781 -1.58950259790704 -0.724385518591499 -2.34463573083388
1.49474212144421 -0.949455205436478 1.69436623539423 1.50832302686813 1.25843021514087 1.24233754462145 -0.666848699484412 -1.32642125350068 -2.29130840136316 0.663270714898921
-1.87718129519501 1.71462823556333 0.844504226091981 -1.95982137692087 0.925912840356994 -0.804228835848928 2.03051664935976 0.653992042945133 -0.9222526190722 -0.595518079042039
0.627211556131332 2.40306734583121 0.952549205460188 1.92581164791577 1.23519380318016 2.45608112420198 -1.2822656375453 -0.248914131592648 2.16938937273367 1.16677127932157
-0.520226990694996 -1.84837206891146 -0.525326579870531 2.51285153328515 -2.61269356131336 -1.87465784474965 -1.96683211396465 -1.90562903759676 -0.339920944594831 1.23729671116664
0.0705643443580618 -1.77330199027963 2.09831572930526 -0.691393583957395 -0.490526125628587 -0.399590524177468 3.93076811342044 -7.23675317918141 0.107564472874523 -1.59193003670052
-1.91263927881993 -1.40865484754815 -0.147826179576822 -0.456487566649754 -0.402610230505244 1.03841422925412 -1.12138501676415 3.99259351912807 0.25679483074829 2.50899006628227
-1.45274687747844 1.2469529927202 -2.04480968919012 -3.35973827154533 0.585008739863954 1.17904337489591 1.89552539598191 -2.24078633510849 3.89121777235224 2.67539670576371
1.80034783665611 -0.119560762254224 -1.05775183790777 -0.826250509963478 0.363007512380557 1.45010541242769 -1.31988973399346 2.25446668713846 1.37617317542725 1.79062875955335
-1.73542429589119 1.09568769740574 0.75801690463353 0.632676452302818 -3.98147141188877 1.41948125503429 -0.398194825998394 -1.74278759466061 -2.37691376017727 -0.391295184732328
-0.113081171540361 0.671448152715148 -1.94995903548851 3.55900363514567 -1.38241180537001 0.556131201746968 -1.09298811970576 3.15029207784758 -0.285760429568358 3.77854901979158
-2.79539902983745 -2.03955763440631 3.63647174640374 0.528232632756759 0.678483015515889 1.63822943347148 -2.55245148454725 2.87971650840725 -2.82192296548157 -2.20154850119379
1.42038966968389 -0.915437185846887 1.65642776565004 2.29314798323304 0.900696121092711 0.144087738809635 1.127079639054 2.11464984606962 -3.2554261556374 -2.46074861634026
-2.58952127123096 -5.22650923414813 -2.91196796423331 3.86426829922242 1.64751956945234 -0.722514206413912 -1.55514025043961 -0.772359683218601 -0.647680880924851 1.8595354862674
1.90144295604678 -3.07666570633763 -0.740830190288902 -3.06732818956184 0.144740140876565 0.221614025089699 4.05473513237176 0.323252182263154 -0.109398260627065 1.91288919684366
-0.0596329149295821 4.10015740837653 2.3137139787387 -0.271437328915017 3.6460740917857 1.98287115850815 -1.21885870358064 1.22340185869667 -0.652567476430162 0.835252141862138
-1.94799673960118 0.478592133616751 -2.87815872433967 -0.840051246738888 -1.64349597150467 0.613863780387462 -1.93539228919839 -0.267275315154586 0.683845375933143 -1.70969140453032
-0.794625119068157 1.52352263080086 -1.59070078068474 1.16181536393921 1.19831009050694 -1.93850795978233 2.4629857126721 3.99630548339548 1.3177544702542 -4.65597362500496
16.6355750618856 1.23830148523685 5.65853523951377 0.361291639442494 4.09006750881877 5.67182310830974 1.20138477181756 0.0622520806456548 -3.0892531221938 -3.32220838299331
