3.26702795534582 1.30793187262302 3.2385475006796 -0.415117943473197 2.75410384575701 3.13105471122884 1.60614812545984 -1.02985168080295 0.110760523391462 0.248307976487578
3.2190445736506 5.32453433592529 3.12071259795805 1.70736728682138 -0.819756514914128 -2.84414084680324 -0.894344043451426 1.05421195696671 2.98461982954448 -4.04017411450223
-1.96783520443357 1.28057820702273 -4.77674476963088 -1.07875919768745 -3.89945867751352 -1.12537397453165 1.37184385051005 -3.52089095381547 0.0454238992905156 -1.60979811739569
0.377375005043718 2.51840298873137 -0.237704044967062 -2.83581430130979 -1.39481860502665 -2.87526687624648 -2.23403029798013 1.73349043301704 0.649060374527546 0.956640054056949
2.56383071667802 -2.00696301928674 1.49091772155906 -0.376509065977267 -5.3946143897753 -0.829525765216076 -0.946676061808268 0.4762735967577 3.75530338088282 -0.332665079588063
-0.331985026345842 1.46063167596067 -2.30914551773851 0.834401727333606 0.699071045341204 -4.56009293513224 -4.1571766707903 0.965847791119238 -3.68346548077824 -1.41169107546452
-2.95078973965639 0.073490123302744 0.652260761591688 -0.806120607176887 0.596621082913792 -0.328695296185403 3.49331068386526 1.16225627675655 2.66871962769607 1.59868788116298
-1.41650150637833 -2.66135208055122 2.52472011043361 0.141381645850045 2.07153149694142 0.649930768800697 1.56429290181741 -0.65964241605821 -0.07818661064451 0.256065889282169
0.548066165077892 -1.37011090589759 -0.937204789838949 -0.323603232606672 2.26823678176729 2.22214858843183 -1.18691130243826 0.0726533588084772 -3.10754746789571 3.13513657225053
-0.0923238254637186 0.523947797459494 1.75030974932281 2.85641392628417 -1.32694353175494 0.22629571416357 -1.61015217950536 1.35031379050572 -0.48004601443054 1.93113823250461
-3.41644328242189 -0.237492846811783 -0.582576241922871 1.85293188761899 1.21278855413094 -0.0400408968004778 -2.58467616091598 -2.39291579531889 -0.638494975825612 2.45143335918608
2.22437512743389 -0.0476799370048116 2.77055473363222 -1.17642929412609 1.42130356197745 -3.90940050992211 0.507365450461521 -0.954783897998442 1.083237896681 2.23705850075548
0.771768130691974 -0.54490292819308 5.04682797572589 3.32759647983431 0.0141618778137648 3.50815152703017 -1.5108203500046 2.93922899170329 0.98697155828956 3.93821622432297
-3.68035398859833 -0.255953573923318 2.58491494068672 0.3276707555024 0.860206243519636 0.725174038250177 -0.940377710920877 1.62853043703062 -0.557739486917175 -2.60516164647717
-0.617544404664084 0.899545182515706 0.815335385023301 3.15136554736383 -0.120713783194869 -1.66134577828922 3.4995280859751 -1.21203522234662 -1.12539427924836 -0.252724042028978
1.69867936986298 3.3605440108581 -1.32730180571091 -0.0974339549830624 6.04588959838713 -1.7347630450197 0.11176325993253 0.954041430990369 2.28031851707978 -1.9875178312087
1.60406984233789 2.4928426964126 1.40201779291634 -0.0672994363132212 -3.52970586360143 2.44058902446605 1.43614862267454 0.210943371519316 -2.8232428253178 0.668253332043546
6.60302337241508 -1.5479874335319 1.58113777602087 -0.892045104129804 -2.21534788738716 1.74166566661288 -0.196085851308177 -1.47317936010044 -0.332319020434706 0.435076285250763
-3.66643412690748 1.32514274889011 2.26799759114402 -1.6473397000493 1.47102397209598 0.275852283247832 -1.26099019032873 0.815415499940807 -3.31907289544799 0.894191308991399
2.91341186540963 2.52950095542081 -1.58938047611551 1.67014875885693 -0.821387184618262 2.73401024598285 -0.400471072437244 -0.578898695744858 0.595658890857416 -1.60658838029069
-1.0296941224732 0.738037239860861 2.01620174867844 -2.35706691947264 0.601899095594072 3.66655068486399 -3.03100183424975 -0.919557185122377 -2.14875870846418 -1.21208847666297
1.4731281603851 0.898855405277187 -0.719196589666529 1.24369211433887 -1.42947529867067 -3.47131254406967 3.04328443824465 -1.6349389853744 -0.759178675057277 -0.941947815414427
-2.76107109368021 1.47738783656895 -2.70848354593953 -0.673762517234684 -0.764209673037667 -1.39009394188021 -1.59485627059375 1.35527358792697 1.41723119498837 0.352403405486146
0.663611349626171 0.849125085031226 -0.399428811844865 1.00198551232619 0.473169650282563 -1.4208995022828 0.753787125430988 0.0537049292729459 0.139065700023093 4.16411230407719
0.788591976989894 1.45878488584097 -1.19981307391295 -0.636084509972311 0.766600327241906 -0.69225763089282 -2.52676981804832 -0.175612601040003 2.55066689895245 -2.78194324739106
0.944827906000672 -1.89855332090564 -2.47513735897498 -1.75697147737193 -1.59812069365198 -2.45061819715213 1.14048635580784 4.77610818613902 -0.583053830120994 1.26336992132047
-2.35047907052516 -0.38572549547311 0.932281284849119 1.24135501197553 0.0669117186737856 -0.517373966271113 1.23959300686201 -1.85966898553413 -1.81742543251365 0.61043638912807
1.50396112510498 -1.26878771856554 1.81248535722283 -0.962096409904802 1.56812463126663 1.48507248172347 2.27361012956059 -4.93966064605328 0.0703649216078163 4.21686684221108
-0.54671970276433 0.539131313236053 2.68964037601213 3.98015698566781 -3.16378971943827 0.722838443076968 0.200792368178834 -2.20677117725132 2.3312175657373 -0.235613743916438
1.96206090773904 -3.37281934675648 0.0572046082632215 3.34130476381518 0.0916166481794148 -3.49196685829988 -0.710299407442265 -1.31922705537648 -0.863951571396193 -0.440382244565598
-1.49820995662667 2.17153364607243 1.52637413186856 0.613714739279388 1.36881309148801 1.13153485214266 -4.11545220782591 2.50056076577141 1.27873909285322 2.39843683208132
0.326453457678174 2.15606094523022 0.751348869424649 -0.191433334362219 -1.35780920320155 -0.548333777115178 2.4019870280555 -3.69722665918427 -2.58235932946318 3.67511726199224
-2.67715100528363 -2.09820764520582 -1.67577835967175 -1.79246787466051 3.64663027782036 1.55646397161793 -0.386208848725478 1.64881191361853 1.75124962226082 1.09632855248422
0.858849356953352 2.79098547236964 2.3060836685809 2.7341893035546 -1.53099653130428 0.232619286192317 0.444556270982531 -0.0553023732070207 -0.965452389546058 0.385104405816996
-0.657525404389455 -5.78480635517338 -2.33612944314193 -2.8228166535945 -0.0195848229696396 1.60825924966323 -2.84244460813772 0.25430626646054 0.367695862622899 0.933919682102149
-3.77635949543789 0.574628833600561 0.481300115880123 2.68666671547014 -1.32859967458088 -0.78186006981289 0.183097112342813 1.93898156110807 1.16631261683246 1.09005390025812
1.23966937292537 -0.131571674434992 -0.510007398453352 2.42685207550783 0.848291218568333 2.54794904619285 -0.67761050175618 1.53675622875208 0.411779828530828 0.867077172722141
-1.14405402520754 -0.210775909204252 1.51300953480454 -2.63430193371738 1.30972091467469 -2.53464442018858 3.02191910863295 0.0536543988717955 1.51225898894923 0.283658841081357
-0.0875665682718926 4.83188569944316 2.22606208806293 -0.0746566030302821 -3.83659881958111 2.81316023741785 1.26075963314574 -0.404458144319605 -0.625632931420723 0.222441762008391
-0.0762471895809136 1.58149649266078 -0.971200451085296 -0.922847390470028 1.61660121772065 -3.20425161827236 -2.40542650892129 -1.8334222961349 -4.01815768337709 1.87425540173021
-0.547844733390225 -3.49271909196576 -0.475765894716176 -2.78140733433533 -0.127012486476587 1.95794635689006 0.419292112913572 -1.09587389511445 0.45039922460081 -2.85299928670202
2.55809761853472 3.60491708768157 1.61479812826536 -0.985874591890288 -1.28662846220014 -4.70367485681551 2.22475376205969 0.456096000048057 0.48512324929973 1.56575766953381
-1.57917722801102 -0.274324810260176 1.38181046363721 2.68870972165917 5.40951346214224 -4.82324534891672 2.36775502690163 2.21323291527055 -0.238960507716262 -0.740745937379266
-1.25126705777067 1.0884695043736 -0.615412425779221 1.75844581591872 1.78472349740022 0.230139497958267 0.322123778864722 -0.226590827681086 -0.542155295787506 -5.17794040236025
2.38897693034819 2.0975572382334 -1.67715146908308 0.875352796988775 -0.299809013213776 -3.0853038837137 1.42082342935201 1.14824973088668 -0.800224966411655 2.32812867592065
-1.60828237519092 -0.251090984174566 -1.95498967852141 1.44759287328636 -1.9150654126308 0.895903026296725 1.62781998035074 -4.12728581791266 -2.954834606521 0.247981244654899
1.78422414952585 1.68794596999719 2.48113463783146 -1.76932284768442 -0.1528457160304 1.05188664523923 -1.3015963372736 -0.0316617983618408 2.28541953450691 0.119034115890857
1.99822002343342 1.16362526946367 3.89596874467718 0.63967719891088 1.35110308101974 -0.60325966758775 1.93745053541076 0.324044611598992 -1.39257894218891 1.84980586989879
-1.02715080596254 -1.99061660498203 3.29217845183927 0.533601550724441 -2.48631098648079 1.2264347649587 0.145166933563585 2.23044222774367 1.65752641878055 2.1838554820814
-0.276864112707279 2.80777809274339 0.392421437372734 -0.980717298515092 -0.113895209799031 2.60698514434116 3.18848614950619 -2.97750566218426 2.86342539048873 0.611007748550088
-1.12001013715641 2.03556930065698 3.87523392870501 -0.323981516188148 1.47887603482845 -1.19642078923057 1.74842460062455 -0.848851405397833 2.09409358281303 -2.7290139877394
0.770484972504061 1.32620974455261 2.50282756877978 5.62730191291652 -2.34437165966876 -0.526472835524361 -2.34872480087432 -2.51109014461827 1.20392729188463 -0.899932294853612
-0.552036609281724 -0.963623263226828 0.523794065636822 -1.65069925437543 5.47871806384274 3.11539126848317 4.9809058266657 1.57948222095026 1.41185101953665 -1.27768849303551
2.45097644378363 0.380477688636748 -1.25816516700375 0.407090278845769 -1.05081630562989 1.66826795770777 -0.0462810756343958 -2.18958706785528 3.40244932546434 2.00342509063238
0.338955546583054 1.87444331458692 0.879106711650673 1.91203560713941 1.48251027591979 0.512009778587998 1.51031191296745 1.55726962682193 1.70457307627284 -2.31314431427537
-1.60889998573006 1.62871139770165 0.551777611129304 -3.44958666073344 -0.398974490605998 -0.506511345651115 0.251487789992941 -1.52662905296424 -2.03196634668392 2.84350430423195
-1.58700080787199 1.09419957554624 0.337478418890973 2.91124726372123 -0.920580295976974 0.226983497137732 -2.79530678690163 -3.59027302976056 -0.189368150423643 1.24594501825907
-0.782520099441128 -1.53876360684375 0.731718491439439 -1.94080448792823 -0.284451480773029 2.8766844352312 5.36213111954027 0.0755503128011079 0.533397909713926 -2.03905007757115
1.90406040798003 -0.917887819868637 -1.89194944197794 0.612752185802048 0.932103161622424 -0.0250965557850078 0.00169107327057573 -0.169449889772931 3.13392563110115 0.68647631928971
-0.283456782331299 -1.98395921067968 0.771240690253004 -0.711110312236777 -5.41298157039802 -1.28298059797751 -0.575539253080786 1.95933893008533 0.561019828818517 -0.742278934198477
-0.239867446426654 1.50445979711542 -0.351004499251124 -2.38378673760774 0.193180718373763 4.22623846948817 -2.28815430678842 1.5432742235357 -1.07400884157584 -1.93483026203934
-0.368867637701731 0.215387519286774 1.39888565843658 0.864391129126857 -2.0050484187273 0.918915958924328 3.10952903515025 3.08373977650472 0.252313946663391 -2.7522514371245
-2.68571497099151 1.75389465706946 -0.124809005030197 -0.0610588647294946 0.778787233131562 -3.25333958110324 -1.19935027500325 -0.621575453586803 -1.36808880843914 -2.28135679064208
-1.46597495553828 0.557260951365817 0.333513263899636 4.1260183490342 0.545605100304834 -1.8131948902866 1.29947707425528 2.49658513272653 0.109207372660623 0.307946706237441
1.25596711962417 0.500726200942865 -0.45396990262439 -1.73142282860874 2.40542769141777 2.04478397528936 -3.02846994443114 0.15411039618789 0.323667952221334 -3.579585713129
0.255704029326463 2.10538001125631 -0.125764102571494 -1.64970825047982 -0.110885462092103 2.78440953391023 0.314987424633632 3.92688756024035 0.781491323179425 -1.67610241438903
0.754929718776982 -0.950755081044327 -0.794676997726778 -1.54702738801456 2.09185726344959 -1.98758160259474 0.602856791722592 1.34898085321251 -0.786418589293015 0.2065664948222
-0.0758797524634326 -2.5802800706886 0.0521658938384822 0.284644377111714 1.97626204738562 1.98494758651597 2.39411773560512 -2.29716271217929 -0.933831188216537 1.39200537859009
1.64684486604013 -0.2594953070558 -0.503170812702151 0.362982752973317 1.64070717421071 -0.546309936257332 -0.21452361420912 -0.942583002590142 -0.166207308689048 1.69514116287801
-0.773908029901128 -4.21440061292377 -1.64286008153502 2.37139743517299 2.27729844860513 -1.31436282528042 2.57987518256329 -0.170715047765526 1.97337796948562 -1.05459296063805
-1.27054075753923 4.71179536857986 -0.784466729576273 2.51734760982117 1.76396155527055 -1.16494315762393 -3.05377250823428 0.70916389114842 1.68350934265517 3.48791296583916
1.04433055525195 -2.002951562912 -2.7255127149919 -1.31120152655908 0.0890776697115738 1.57815416817284 -0.0975631134817632 -0.734170472918378 -1.20439610795009 -3.5182843103146
0.208417930613201 -2.59634316243193 0.447906439805542 1.57725627641609 -0.41927464656653 0.317010431394101 2.2217912928878 -2.7877183890576 1.06779168641458 1.55032319454035
2.1736040711496 2.38544297643881 2.40860445878387 -1.26103231421702 0.138655402828084 -2.58954374732512 0.66080472874224 -0.248624745891821 -3.10134483510879 -2.91988320345285
1.16776507605855 3.11132668040906 0.33283082623707 -3.09446200345121 0.193301653126632 -0.363821098800151 -0.336095425152046 4.17051686395503 -1.03994667453722 1.29661284837534
-2.43888569918542 1.17786452461173 -0.455860359540758 -2.11497458154707 0.781107657502817 1.57044349716889 2.51393839455481 1.31934682471678 0.0953977671633459 0.0486165960743777
-1.55698976026317 0.663119755403878 -1.85226982604418 1.89215166215672 0.66745486039058 -2.49381986583434 -1.05969102148316 -0.14845763818752 -2.22196982330072 0.310030303166271
1.37591855854823 -1.65244437962567 -1.14098169661373 0.507658750642236 -2.68964902778401 0.731261554651575 -4.47852184287177 1.52868303641012 0.563158094743702 0.802283749733792
4.21448168814895 -1.07663401956331 -1.7900930405414 -0.16870066794289 3.52325909716575 -1.77187965704115 -2.2806207594218 -1.55463154976215 2.25357493005064 1.77054020624543
0.792016653298832 -1.89817252579369 -0.721223911101688 -0.263707978764145 0.054619075890938 0.365289721621448 0.0457436898518906 -0.835985385478819 -0.806677728849948 -2.14954254924044
3.72822914404681 0.84784976505854 -2.41421646274952 -1.1739228036238 -0.265478322792541 -0.119987328220066 1.35764854790721 0.445824664026789 -2.97014605110779 -0.0996970870880818
-1.96773234482463 0.901590619386003 -2.58956684881565 1.48757566114011 -1.13941972535377 0.381355066349546 -2.08795682665306 2.04572596476311 -1.20633450971784 -2.70524044450742
-5.45329118011074 -1.07645693572786 -0.147036742605976 2.98982688024197 -2.40070462768669 0.62078426504224 2.15305087634281 0.865193951611247 -0.205641306671923 2.87319538638736
1.42191937251233 -1.5941712453834 -1.55893782022146 -1.64549765726197 1.53917007768059 -2.07167770077434 -1.98205093416735 -4.54902896897429 -2.49343858864186 -1.42383671045897
1.0573481527687 -0.887805965778063 0.113162967366605 -0.991853588580907 1.07184470060761 0.714340687506615 -0.054369822984677 -2.46313494780993 -5.12184481895287 2.51571945397035
-3.8200554919504 1.61751825375209 -0.150498927963223 -2.06402583127659 -1.06631004472691 1.46945986701609 0.374805528293563 4.10040781696841 0.102961750501934 -0.247942547312378
0.481543068935384 -1.33115641557675 -1.51479598691482 -0.929776290062242 0.690911156723964 0.395609725026616 2.61688098289112 0.162271803693746 2.31519889916688 -1.25526830054849
1.28021980247808 -0.338521704050762 -2.54356480846979 -0.873363368294358 2.12399939968505 -1.33852021197113 -1.43558898414001 2.19411319689246 3.55459156072377 1.09539742310524
-1.86322252317739 1.23491968067388 -3.48969165059888 1.67133384560666 0.139770945244141 -1.68680618686968 4.28725703699395 1.87641560068966 1.6465441298686 -1.65209678837794
2.30027864320642 0.0454513580443699 2.65583258917537 -1.04896468263755 0.760991728355409 -2.6594721269413 -2.94805478901099 -1.75155702199626 -3.59417782864244 -1.35910661896221
2.60010485146281 1.41334625303584 -1.05050657940776 -0.456590488882618 1.77915527824667 -3.81053744871844 -1.94971330294828 1.5829175972685 -2.06897346012563 0.277200073420506
-2.285254848263 -0.133975740423187 4.72569748862908 -3.81479306678949 -0.103759244873982 -2.52370080874898 -0.592876910003984 -3.36615337321601 -2.46391925572581 -3.87574725645734
-0.0264174746936816 -2.26994538577206 -2.06599016768535 -1.16077306296662 -0.228049715692418 0.337104273486638 -1.05381239343663 -0.906847991034396 2.28775505628081 2.25735124176314
-0.40393090503926 2.00501817056906 1.4865513531277 -2.86461120575429 -3.16951408877124 -2.74832481577484 0.58096581358043 0.937738275136764 -3.2698166448742 -2.47565515878217
3.93644779081188 -1.73378371324202 1.70592854168782 -2.8733830177645 1.22247479780465 1.11330177197256 1.63795355106823 5.05012674257492 1.19101736240406 -1.10733032936958
-0.325418908793075 -1.86573821300423 4.14755333525711 1.86268489894264 1.30970854813964 1.6360109515794 -1.77691874713777 -3.78869946727605 -1.39126317380341 0.333087669133918
-0.182829536939324 -2.10361345779232 0.393708707324944 0.332825553278614 1.01288363786601 -0.198030918711181 0.639064662435434 0.877722985036677 -1.22725842883031 -1.67086156144921
0.181502688709934 3.77163843306784 0.974961780783965 -0.29229894367736 -1.84263558853077 0.240311654116247 2.71896263510947 -0.189313157083394 0.346640837185578 0.301236020233591
0.159117532689973 -3.15004463115209 2.20028297132285 -1.68792984397805 0.691722802570658 0.839704277890473 2.86655137046458 7.07217179543166 1.07537521686472 -1.51926638609299
4.07480071354807 1.15738751929798 -0.829106718384621 0.715653308737768 -2.5072067522143 3.08307490271739 0.120956489064824 -0.377798446017963 -0.988557508834286 0.0820132947007583
-0.0835283582117494 -2.56770922297249 1.22351530206421 -0.643650194941842 -1.03246770135179 1.78552092344021 0.0854106481160933 -0.0661200839478164 -0.487300804150501 -0.330544512611475
2.78751086828252 -2.54718798046168 -1.50139181283312 0.574870128021977 0.317631512260715 -5.53468477592786 -1.83842813796012 3.75288562148441 0.00364751540229321 0.287730948316196
2.81835471105608 -2.85410967244927 -0.683590196389495 0.903518436535024 -1.04994485486861 1.13841122318466 -2.20927221232883 -0.612485058318041 -3.89997849651609 -1.07910047086977
-0.649629675716498 -1.95689920637491 3.15666262354497 -2.88426835678849 1.13655621319864 -1.29744502119824 0.871490927678614 0.291029266930393 1.02577581065281 0.557284038650314
-4.26522338776308 1.29859733393517 -1.00135841794859 0.802099290619827 2.35234148353109 0.0180571318118891 -3.37301574258472 2.13943087264128 0.579863329701547 -1.59101244202239
-1.89472443188428 -2.3039315939048 0.432949827871415 -0.739526781453872 3.04634000161582 0.130226578992187 -0.720695076940541 3.84555491427044 1.58520897536176 -2.20405714577787
-0.298628745619247 0.784235636749659 1.58530578593239 3.62296605924284 0.533294034665579 1.74932031179292 2.06435613313071 3.41201385549191 -0.412478827163354 -1.43494060616223
1.76645060396775 -1.37385762733517 2.7121526609466 -2.31932355512099 2.35483550297867 -3.27419612441098 0.661801766568806 -0.992496453757447 -1.7365468658743 0.579169517193514
3.86044993916137 -0.964420205389724 1.2514875041459 -2.84645169079809 2.45357517040196 -0.533721945812697 1.30940605764534 -0.549630973019639 2.2360182672524 -0.960745505886247
-0.495299149120977 -1.77958601248931 -2.75632803999609 -1.5877308544061 -3.37097848371193 -0.23902044351231 -0.0973084625601465 -0.809206245985618 -1.94003770900997 -2.7257653779213
1.65763914224597 -1.75849761867521 -0.880989117888132 2.88775509021912 0.963785152162207 -3.24061858572486 0.367599946630435 -2.31108447872528 0.56244191313061 -2.80707978975726
0.161152669461066 0.979504206291991 -4.07973827913212 -5.48189694955277 1.97521242877 -1.17710934988444 1.21484163906136 -3.9675657445366 -0.67215887724637 0.0983747438725141
-0.52160445397961 -0.573432649024053 -2.25434857702781 0.631111493097714 -1.63077392535977 0.333164241458008 3.10303089834708 0.367485932274165 1.87009135698181 -2.44913236759107
3.21582695231142 -0.0395113150083919 -5.20846696990491 1.31903899834763 0.999455295109478 3.06253730593813 0.0976741183234536 -0.625633268952209 -0.161543221207679 2.13325325203062
0.691874685717477 0.260222283068135 -1.51714439617622 -3.27361253497481 1.93975216118908 3.42360954993768 -1.49653444741692 0.845706361034177 -2.69017756792284 1.97952929346103
0.342556455648454 -2.57249344611425 0.138518621961036 -0.546458969797139 -1.53741364651905 3.4795786565392 -1.61960185819163 -0.704086548090156 2.31165565816726 1.84552537939971
-2.96909235724931 -0.00293303097776056 0.226786157740458 -1.63335013099302 0.802697513818017 -3.60267505684717 -1.42881145287865 -2.30392876187893 3.44517741431895 0.379533881579282
-1.67771200053629 1.29361412820175 -1.97181225890671 -1.09836063393312 1.02806109974149 -4.16566114927233 0.860276741695407 0.815147616809525 -2.13856240967574 1.66251256656814
-5.9514850303092 4.8222357093253 -0.862779725593073 -0.197782511708977 -0.910482742416043 -1.4762899177681 1.6116056488049 -0.0153867823111215 0.122759269848819 -1.38523414475991
0.657092025039932 1.86648620469653 -3.21705191961606 0.967171926061892 -0.60494771157966 2.8582802216768 0.453664816055982 -1.89111321764573 -1.419681892923 -2.71830153843631
1.30614751524548 3.20622825272159 1.9296448284529 -3.34626415687998 -1.11728657703909 0.807098797003254 2.80362122797682 1.35844166136769 -4.31134419540692 0.251393037411505
-0.675125002788893 0.760521781438177 -3.19621155761916 -1.29782016485829 -1.80263881246229 1.05582063526463 1.04441098378122 0.374760992335638 -3.63573326755151 0.912571946027987
0.335554912855723 -2.24007745835805 -1.6533554134709 -2.22460418356861 0.682522597761054 -0.48432984827652 3.51329809371327 -1.46334766695164 -5.71679335254992 -1.2706299004711
-0.300455750722137 2.65388589518381 0.227242472181989 -0.988084659877182 0.985207972933321 -0.48415334536593 4.02559171437482 1.15845742992261 -1.06994115420348 -3.13876716812048
1.46773159220982 -1.86043620150572 2.05486440624483 3.3746662275605 -1.19096145818009 1.61229667294258 -2.48550629309308 -2.15120305984056 3.34351527603867 0.943311556584292
1.1947702549108 1.68972662333384 -1.8657730097035 -0.11483977893129 3.53102396440256 -1.04318863748973 -2.95571763088993 -1.57391212019228 0.73462491235967 -2.98636504938706
-4.04590110107462 -0.611484662047027 3.69074370992748 -1.89303229819605 -1.56652344054369 1.27688023265366 -0.996577899357279 0.506673518192995 -1.21478919052548 0.709167967912051
2.48760487727359 -0.24159072444854 -3.95096555473933 -1.22790668840785 -2.79776224816404 1.2468137145709 -1.25730316287309 0.675770540562704 1.95372566694734 -1.21652681256105
-0.823278022069453 -1.36247620485242 -0.642276642090805 -1.42093222257556 -1.6200516395796 2.25252631118336 0.395903642653308 0.769629000435951 1.41815595726817 1.29620077912799
0.245713210676638 0.596945213150614 -0.0687098073521103 1.90677449385261 -0.225304442791161 0.38125633592386 -0.511073735510754 -0.775171690261356 -0.11665262512675 -1.16800720520519
-1.39845415971851 1.33561273592219 0.325622038421104 -0.72094843531877 0.298767751925831 0.0129304733478607 -2.51234417223812 -0.4919478090631 -1.53426892754734 6.88635781577859
1.59960690676333 -2.6145166125346 2.36550612699182 2.01358899240779 0.586942197667331 -0.151160203290189 -0.198822052677266 -0.488423818120614 0.77777734932966 -4.02468711962079
1.1339999815844 0.0213871827532183 0.0711611728087664 0.319002579600296 2.36549558574783 2.57581007567373 0.521253518890998 2.15601930574933 -2.54375674990646 -0.363246229633468
-0.148663703039595 -1.1721625200117 -1.50504491571411 -1.77842201412991 -2.32730693556996 2.09047696314853 0.117073044797355 -0.0185601927055017 -0.37237064296609 1.58792705055777
2.94471553195116 0.417785452414572 -3.00300617919632 0.396883072044616 2.12171503612307 1.61367005141759 1.94028399216242 2.29506385784775 3.76007026122415 1.01436789479715
-0.238761659049561 -0.0537991903741959 3.01920836994027 3.60459661775119 -1.29866383835897 -1.13452079961598 -0.831240093174723 0.764788995300333 1.03700326586618 1.87281171835694
-1.1886131873475 0.848251194611213 1.58384396542904 1.64425159177546 -2.03882625298296 -0.813646931298953 -1.1148854980998 2.62643856843347 0.451019746057193 -0.274770263546256
-0.210769489293968 1.7277771085825 -1.1089335320337 -3.82328212562918 2.21425067234406 -0.52060730265133 -1.10666926214883 2.7890460079142 1.93925490573149 -0.451427750064944
-1.0759786736728 -3.15747493727532 -2.51565817165026 -1.83192458319715 -2.48294061090404 4.20105592888627 0.775818195359227 -4.59351332917041 1.1286619046656 -0.442603636362921
-1.01676748335344 2.08450670592802 -1.4413422164476 0.483285739445299 -2.23486857677436 -5.3116762937302 0.357602686130804 -0.940442449218472 -0.150715670866178 -1.52931126032577
0.329562854654615 4.60206029176168 0.494356302650765 -1.02131104415771 -1.57128269234152 0.900736848907373 -3.06317673444349 -0.851438673648366 2.63281960046958 -0.68695965434845
0.453702376961929 1.05111741134012 -0.938658982631671 3.03547918657774 -0.629434804031469 -1.29824649815019 -0.20776864979294 2.09248355978751 -3.33574349316999 -0.643879166853244
2.01406354935942 0.179610715987626 -4.80630819382058 0.550329969232768 1.39366364954642 3.91985079199015 0.9477155605319 -1.01342299447236 0.507545141274382 0.410892621882331
3.39134699788465 -4.28278699939461 -1.47885743761688 -0.970695057855558 0.782554881072257 -0.414835596796263 -0.240859783367899 -2.12131741248173 -0.624464964607942 -2.24515042353478
2.52400532822753 -0.153632602778632 3.66285187470007 1.92219839621637 1.5713605839384 -0.126742740586319 1.10748451852447 0.182729348229057 0.228223890498826 -1.25091047141346
3.91555958075274 -0.176206006671297 -0.664837853449157 2.435185101555 0.455715741112469 0.728003860864007 -3.7893973305835 -0.608014802649355 -0.256789910333666 -0.867597920680239
1.60442114752157 -0.240100650428825 2.06073645505648 0.381250559078335 0.690379110427534 -1.08808257150915 0.922790916374711 -0.0549485084489165 -2.32628109858676 2.26555370410161
1.02925832059584 0.0893140997200801 0.64197480578578 1.13130954283606 0.992257494976375 -3.31170832002691 -0.247158712264804 -0.883928355085123 0.223570211747869 0.644939639281555
-1.52627820729606 -3.59938429533029 2.99049704510421 0.132070706263142 1.09832943537532 -2.72369421308053 2.81881776877803 -1.25724588757135 -1.89675778369745 2.17181904230223
0.456421686373261 3.99163484541211 0.254334903746017 1.7334048177126 0.305191021838382 -1.42141913538577 -1.01550359378995 0.61443223491381 -2.5995454559575 -1.00949027719685
-3.2460824764449 3.07583526646328 -1.94348742149452 2.15402272224845 4.91408130980539 -0.572938003358573 2.79636371706747 -1.34496664874864 0.928906849018765 -0.220863202090234
0.830437682259522 -2.20730327958 1.05146685706786 -1.42317294540237 0.151082197060456 0.196631797966357 1.9284136878784 -3.74236083187468 0.117551229216568 -0.70470015730707
-3.79487755970931 2.88571202264377 1.62496340998218 -1.72751528451233 1.79664424234519 -3.21733875643825 2.44199963441554 -0.779380952058079 2.79574430210566 1.54903360231532
-1.79308210521325 -0.383212580006377 -2.66644993687034 1.92430086214364 1.11638267700826 0.869994445065479 1.75599934769929 -2.11428701782891 -0.979410826483129 -3.60538138002252
-1.83283973649055 1.59236027078058 -3.33818083206103 1.57448112689569 -4.03704402353921 2.73286499093275 -0.0409898047824949 1.12000531722013 -0.269722096289002 -1.72415196951709
1.47200610204466 4.28421900913973 3.17871557210753 -3.01305809869151 0.357304235199164 1.11297975910943 -1.97541820966529 0.885237680100168 3.71407467325507 3.13678389474196
-3.31854757584445 -0.0097260571836196 2.09288841709466 0.537292317973898 2.45798886044678 -2.5956677276279 0.745454869041136 -0.0706877076619649 -2.28653189520391 -0.518010872831042
2.02840170837826 1.0376880263081 -0.454395146705931 3.06162863955298 -1.07400342168099 -1.11297433361559 4.1763109486619 -1.79428218674229 -4.35179805009559 3.00802346012314
-0.0308979330663576 -4.11608216831223 2.36482008887284 -2.20851556292492 0.463095512116749 -1.29583080318714 0.70860437485988 3.10265459404032 0.791742519985979 1.96692768549428
0.356011605290346 -1.13441946093972 0.189597457566837 -1.51172301759442 1.18012127573492 -0.919922429366065 1.28949054713681 -1.07687591455104 3.46262672777307 1.09241637959433
3.35183391630658 -2.70347172761697 1.29111897453464 -3.81677554535016 -0.385759017918419 -1.89564438374044 0.961740970494058 0.869754610474803 -0.0623445110345517 -2.59949566035216
0.733492438181391 -3.07868121061347 4.51295241863057 -0.903887082751501 1.82028110230712 -6.58590029552819 -1.98791504312084 0.256189173932102 -2.08426506015896 -2.68942901069629
1.12451047137492 -1.06945031563297 0.333179839849871 -0.580800730602603 -2.65997339078763 0.510641503389013 0.112026225268305 1.06264693639215 -1.60582331834616 2.41170242837123
-0.705483898877187 -3.56439704410042 -3.5311904533467 0.26296772933117 2.79159578033945 0.920012302328395 0.160866670628065 -0.464826998257692 0.45312308556107 -2.02546873699876
1.84669875023827 -1.99835033640856 1.74714979334632 0.202757120390724 2.46084567635255 2.00994652188859 -4.69090336968086 0.418336913528676 0.455646671700017 -4.37741790508197
0.0150363746146709 2.05386990459965 -0.653147900104924 -1.79528391615706 -1.1124845774754 3.09551706560558 0.908297279394536 -3.11557759280188 -2.01131363856415 -2.0654413131001
-0.103800373173884 0.276631842490345 -4.44356619153073 -1.84125777395918 0.842565634209947 0.567764449949711 -0.356092377819028 -1.56179224452823 0.955102186282785 0.378886330851593
2.83117905745112 0.855382625771271 -2.31000365546627 -0.73520803175327 2.90751872974849 2.35036641299268 1.68015840716767 -1.88738808047497 1.19899242781736 2.14897607176067
0.810400789318664 0.66447591929866 1.9150136642774 -1.12558387604172 -5.84732795534359 -0.825053371253499 -1.30424062221477 0.414425075629568 -2.55867439140958 -4.22053851016383
3.36872605842894 -3.4980866546966 0.239225667654375 -0.756611069503476 2.85461496121136 -0.383673771739126 -1.24734230972463 1.57276475011928 -1.06657807726746 -0.540728716014814
-0.893237263626157 1.11758831581028 -1.29480308941094 2.35983952274335 -0.0689891954378655 3.13580362823684 -0.747013255009026 3.40007988574059 3.6132537733043 -3.65295537865451
2.1279748923791 -1.85083880921056 -0.219430755191487 -2.06127213110982 0.209418951341878 -0.177902385197243 -1.39573634937702 -1.43922904814836 1.42560083585343 0.433844557456068
1.26055615158128 1.39470494666796 -0.241690470286481 0.622081192418162 -0.801613992947412 -2.49840473259311 0.984404720790653 3.00109793998888 6.10705042548611 -1.2158396645698
-3.68703117517029 1.86273481858028 -0.13214458492829 0.633408108759385 -0.0991373972146968 2.66943650978775 -1.32629867045761 1.66935751895378 -0.819797684333816 -1.18351578350013
-3.16462445621667 1.61189577572559 -2.51903929711672 -2.08742962299678 -0.150667867557588 2.20681414945879 0.140893204332423 1.14910082671222 -2.55482466899305 -0.424329031336498
5.17214432504656 2.84559968910107 0.619868136252649 1.25545896412394 0.897757713668782 2.3285792492187 3.19694088608304 -1.73088426325406 2.4026417192833 -1.19286376902668
2.35794339099962 0.995060041290456 1.29492459967143 0.832134917257028 2.98504874993266 1.21412770335105 -1.58447111775917 -1.13440533654687 0.0864548618730108 -6.24033270371757
0.208764166409573 0.767636365461034 1.79520814589084 -2.48669179728651 -0.00462838152666573 -0.852706794340566 -0.0803737306869621 -1.31149151781768 1.83298031236463 -2.06156902751037
0.111312816268511 1.35300908049064 3.06458552285693 1.13825961448214 -0.358918077930076 1.99105724704947 -1.53919642775338 -4.38718152625352 2.78662542886511 -0.831465038072732
1.12792679876191 -2.43351306277249 1.86237601639964 0.557080809328278 -0.827897419584803 1.0972018937568 -0.516967721965146 0.202032566782227 -2.31592899332172 -0.375868712622725
-2.37427836630911 2.38897061140023 2.70521243107708 -1.13667911754825 -0.338504956009242 0.719444050315025 -0.321713515357807 -0.637981096863458 1.00865687946606 -2.17639284495291
3.20750199118612 -1.40475288533901 -0.0853323760178026 -4.1895026810908 0.322402311645914 -1.4448622489929 -1.89579727892608 -1.28024235591127 2.33416810085525 -2.57665715575297
0.116061385122692 -1.47729298177864 1.51360076931352 -1.50242662537416 -1.7843972262582 -2.88876127843191 -1.48252692478904 3.41875473068207 -1.30789366592105 2.82818591465492
-2.80857627357151 -0.587313356764176 0.45011411614123 -1.6724335071299 1.27380748612253 0.542845721768225 -1.52219762798923 2.56344268454748 0.00255273198407991 -2.55746755712937
-3.98572763672367 -5.83180452167515 2.48079971774888 0.417266386694968 -1.98796606601483 2.14030945644331 3.90524446341847 -2.20418703094414 -3.54718940964566 0.460002787932527
-4.0430878716766 -2.32146454352974 -0.884310957322235 -3.2647588540964 0.394309289163704 0.984529663327654 0.442834964698718 1.08692582299027 0.00831706722960029 2.87296904397186
1.32821030485171 -2.71247797015399 2.83640591233012 0.811950589077807 2.27344422251079 -1.89692423999948 -0.307680159220359 -0.748722179094251 -0.654924090576709 0.710026499658177
-0.0303079131997659 -0.491014510052767 0.882850040250046 -0.069530349759634 -4.3561082711398 -0.9728574821847 1.0785329504698 -2.11213198846465 2.39719050396948 1.22530477660089
2.76459082212748 -3.87360969081026 0.537209200287427 2.23091736169351 5.08242734030011 2.07754222171415 -2.16219861234874 2.97206319559822 -1.44423843122956 1.04790403313741
0.984607453397037 -1.13062633013453 0.91383931350454 -1.79916635809691 -2.86106261287964 1.63479071569267 1.6513296438949 -1.18195896677125 -1.9723518684712 2.31571119757081
2.96432433862739 0.370284284740384 1.15412999252336 -2.63270676294789 -1.28872359430883 0.285548190502202 2.00190120226322 4.36123341960667 1.15141196355926 2.25322639363058
-2.61055269826937 1.53411504629163 -5.57985342617379 0.508537584670511 -2.45258774939534 -1.93199837794682 2.04897397936167 -3.7268021857908 0.683562723918314 0.379320198605421
-3.5550902146043 3.07398763112796 -2.99930396613454 1.19420887431733 -2.3180378549431 -0.114386230865237 -0.347663634461322 -1.6105521491644 -1.0426361520002 0.126960120020444
0.167110999638858 -3.66000144385283 -1.57772309473797 2.70390766349258 2.19493272373588 -3.55550836618489 -0.940961517980499 -2.39574094676873 -2.41826645491791 0.0923989114072506
-2.65886029886399 0.955094310514456 -1.31922988748099 4.08511711592118 -2.10745471816368 1.86939032668065 1.72865350998525 -2.81156510331085 1.35079438977162 2.94504228572981
0.0576419458533169 -0.807916849145878 2.97011051771988 -0.380539862580835 -0.249321254342236 -1.32153318492831 -1.46218876055155 1.12198065557518 -0.160404502110363 1.27839061591566
2.93598062849016 3.4325382000734 -0.676490148240312 2.50729207800349 -2.01060943939909 -2.47163950721141 0.575983129444495 -0.257874988483984 -1.17970318226622 2.34115149586886
0.574082519881185 1.19520574259178 -0.560600970775652 -1.36893040630934 3.13959065553607 0.523444790638306 1.41476201380821 1.80305843958339 1.2227106404644 -0.0924243709298387
1.33134762334325 1.88149607481027 -3.86256988103698 -2.68166694401361 -2.65033066234448 -3.32415677347344 -0.707808478372089 -0.231817466063267 1.96567128023758 -1.505645912493
1.45751622505945 1.85810446002924 0.259961616880472 0.450265121827794 -1.28587647621489 -0.887148912638579 -1.70776124390504 -0.675267978343771 -0.411601384800045 -1.63374795544982
-1.8752774159305 0.728781799659515 1.54575321159555 2.22656728150832 -0.535148681560287 1.08652566461298 1.15715463731876 -0.140271366290531 1.10567848036519 1.18975198551846
-0.36599366093753 0.605430102285115 -1.6225809518695 -2.42442841485976 -0.322921314349186 1.65805768442482 1.29417172211976 -1.05175785321644 -0.551993564789358 -1.28197554919093
2.78960215669078 2.33611577928043 -1.20509085979529 -3.57396021032225 1.79344900657227 -2.13779733972578 0.718803874064484 0.208460191299666 0.0657625983903456 -0.401595700266767
4.09249465519586 -2.74070341095195 -0.4410690508417 0.563385414719196 1.74715802103622 -4.64610443603343 -1.58172426734345 0.922720986043898 3.49527375280432 2.31789443043756
-0.90413489357574 -3.55012939766277 2.42273387787995 2.7198165952946 2.72239805679182 1.79203599853262 -1.36585756716909 -2.71781493477673 2.25412131289687 -2.34671901915673
0.418511311874415 -1.81148215569976 -1.55864350420708 1.46540785438883 -0.4795238061966 -0.388875110730807 1.49474387390879 2.20408664909057 1.1029881544513 1.23056853230847
-3.40930015157517 -2.27092602841419 -3.96752151477725 -1.4136666296381 -2.7804730994912 -0.276879902740298 2.98788453159698 -3.46116668017318 2.87247265707742 -2.6093231248861
-0.36991551649192 -1.31604266106239 1.27082654344549 -0.854666773563415 -0.561707101939186 -7.43462186214197 0.992228203111419 -1.76739614708288 1.73738254393266 2.64509586114124
-3.37859743633067 -0.687124168774682 2.30550415609738 0.971568106342536 -0.688914246820168 1.3762273977155 -2.89541615899015 -2.81561583521353 2.33584055538503 -1.07127829443173
-4.11237404699997 -0.862297835396563 -0.0738942570485803 -1.12754508194281 0.6376892937598 -1.93033891537091 1.03425584465661 -1.72844181502558 2.24584016250388 -0.877354244722053
1.6933243421349 -2.13168929150838 0.73495219571079 1.62316659185835 2.38875618747513 1.6077748267718 0.890383694132595 1.97108199318065 -1.27641557185849 -3.57649208164472
0.931932852948642 -1.5718435519755 1.10663510749254 -2.8590023077596 -2.23795957988936 -2.11875909706729 2.89984791961919 -1.90978062881167 0.901286874803328 -2.19869233359451
-0.263288060471976 1.74486789793767 1.34932010967328 -2.27245043630657 -0.0154366824886158 0.891049407402821 -1.80841958015569 0.242954122356648 -0.684807492899351 2.25151918863017
1.29781005150567 -1.33053917444814 3.1035220039727 2.05273144012193 1.53309083342767 -0.686516441440249 -2.58225698735214 -3.05098247833583 -0.400344880382784 0.851025599875899
-0.991162532626369 -0.476204989962836 -0.469002750779986 0.529027208560165 -2.18304017546791 -1.82427509390252 -0.160355711792843 0.943611202695837 -2.79422784067674 -0.673250933158828
0.56482655444208 -0.292077460946511 -1.68754662053405 1.26925717215057 1.1729137922973 1.85930408277403 1.96287669228108 -1.46267891332378 -0.277996204280339 1.88758782999697
