2.79810392900811 1.20531637092057 0.76764419239517 0.797085883016529 2.86152317451544 -0.937427574224976 1.35483238022162 1.08559160818737 -4.28364840843389 -2.3780465816091
-1.48119507107656 -0.827215374811369 1.26720377988008 -2.67099685356317 1.13744276120206 -1.48546599735579 0.521118323684968 -0.14252796154214 -0.152217083199786 -0.0795308432188019
-1.18416762194302 -2.21066395683817 -1.76179614328097 -0.663188227510146 2.60006130984327 -0.790712526742327 3.29635030548954 2.02637985251838 -4.20234128376355 0.126374543933357
-0.922376896775628 0.980399973471067 -1.77473731911088 -0.0767165156914106 1.42054930039989 1.08482628406914 -1.46837532981809 -1.10239580066672 -1.33088508093387 3.6254982968116
-2.27669040941658 0.38655986920459 -2.72520327682083 0.292691786602399 2.16450263296504 -2.80190470947952 2.50604982793554 -0.855795400516389 -5.14160200513272 -0.8816500895286
-2.82497857624245 1.67304541919283 1.28110246832158 -2.64408392967563 -0.0917545158946376 -0.0824311116148027 1.91459327776904 0.201788197938736 -0.872991164406931 -3.71783638698042
-0.33342901723003 0.119067310835692 -1.0102444009062 1.76571222717402 3.02732504592143 -3.91396462268789 1.34576039687638 -0.799908220164817 -1.45343100107496 0.956613890513696
-1.61971303715159 0.620609962658855 -3.38232761596466 -3.31189335043769 2.09022827777692 2.73026409477787 -1.04235810171099 -2.12789417421468 -1.06306825715881 -1.50278082304711
0.684192693444979 3.07890305116905 1.58587568529111 1.9687456311423 0.136121366430435 -2.15982542608249 0.812767414756933 2.61193539738273 2.18204973141928 1.48548416842291
-0.563027997216603 -0.588484987073346 0.51130939881289 -0.426976664537755 0.293406957829517 1.4588243366354 2.13227007289253 1.90000950506725 1.3389792439334 1.62576321445078
0.217953233809876 1.77341835567429 0.0835482330740484 1.24567761460047 -0.267835595704939 -0.248871593816139 1.48895345008038 3.09661339956255 0.183532648494504 -2.20112686689477
4.70413779488864 2.05439194584889 -0.113816579217181 -3.70693064829933 -1.61523935161754 -2.81092352215139 1.69113084647846 0.975921667732546 -2.14876870143694 2.06179504404757
0.0518033882970474 0.565183811264451 -1.07099681661929 -0.27407669566424 1.35489789851279 1.2873919004872 -1.64920245862049 0.0387000000914289 0.285211770581129 0.23312431586224
-2.872814524217 -0.659970982524651 -1.2399348255884 -2.02866163331478 -3.58453401303057 0.992816723877446 1.54667445971688 0.304270356788243 0.798073630731143 1.24949507206843
1.04017601695048 -0.243650723586899 -1.21804163639883 0.414392324599209 -5.9291438518037 0.10673995785229 1.46228087938104 0.562719288504408 -2.28664967276282 -1.6384341062822
-0.860205419579469 1.41555364061507 1.86873096204428 -0.417202032074085 2.40395772199597 1.8291424423699 -0.25937206513472 -0.471060123513936 1.20737898156914 2.26712381295748
-0.962585876382743 -1.36374038157865 0.336697892758644 -2.57739580437349 2.03994084144675 -2.07213841549028 -5.41975807870764 0.506101487619934 3.36477490088006 0.443435425080955
-0.0514001450888341 -2.45361379928313 -1.07284668739525 -0.319435351009289 -0.787029894553819 -2.14727238125318 -3.44171244992376 -3.45575237698717 0.423011545503435 1.44928050016043
-2.32019077265713 0.0526947650810689 -0.894032164617727 -0.666636855148749 1.30852812939607 -0.323975365922116 -1.83830074488364 1.34314253587044 1.26317782801021 0.735930148662411
-0.609025565598953 -0.777575640053549 0.328875622578158 3.42531762188995 1.36562545999608 1.09152726352482 3.42712695332364 0.0103055644912328 -2.49599442365071 0.817193277797797
-1.60352599504857 -3.68412933638921 -0.517686389025796 1.31786175671328 -1.30894306431426 -1.60152981594073 4.03245932972533 -1.62119642688728 1.56306289264845 -0.354328212491571
1.25196385231341 -0.196541822037568 -2.68070071542646 -1.15136023123095 0.484986654166692 1.15602298395272 -0.243537644590448 -0.479750461646664 -0.976562683252386 -2.18750119612757
9.3330326206384 1.06175428173335 -0.0422352695141782 1.8413629291644 0.399312259308673 3.84871820072952 -1.19657028254113 -3.58599690734739 -3.40723885094393 1.76536206838344
1.78599838272741 1.93322819347294 -0.256903656784884 0.681359297552033 -3.58835199655308 -0.558417363256395 4.00095399854967 2.03639029420103 -0.210398567888136 2.07809042013769
-0.415282757819058 0.510985601640914 1.68672346426372 0.131843728172435 -2.33549333694662 -1.69265169696575 1.81084049615952 -0.623829941574351 -2.06194338280226 1.00552128522644
-1.37076687412502 1.71776698934744 -0.442094547434249 0.257212325152557 -1.18112912972255 -1.53681212105936 1.98183221910025 -0.691882765783002 1.32873090973398 1.54992728324067
-1.93970443439095 -2.91349628855568 -0.722585364817284 -0.106249830363924 1.54481761109273 1.52748124864668 1.38553596442878 2.35089916139727 -0.954954878743941 2.14826929436797
5.4228454466933 0.903097857211584 1.59491355398518 -0.815774750700574 0.007149567344125 0.210952911385606 0.571925658057432 1.63433793054898 -2.04968064047631 -1.17685906847116
2.05038186763002 -3.15480954494273 -3.81016095513611 0.910427155515012 -4.55728082327733 2.71495592881243 1.12936751747895 1.02278985711453 0.775694387299732 1.96178391793199
1.30328723719739 1.69990932837685 -0.434540886788995 0.845022427895768 -1.35760656237158 0.11331070275701 1.17874287317972 -2.67645717008195 1.28116068683041 1.98600477733439
2.22367060386889 -0.894997137717194 0.688551202464047 -0.529320107623882 1.51749645434956 2.78786898239709 -5.49899281847151 1.16585745755081 1.3289264459923 1.77607193380117
-0.243910220984585 -1.39165851643864 3.15080039236487 0.705639011030972 1.55339945394316 1.28768095699532 2.30405544382957 0.459657032843628 2.50275477009053 2.61917662897179
-2.7815638441984 0.798201915347612 2.02239073087348 -2.00133818643178 0.384897521347805 -1.13068040437863 -0.282808840471045 -1.59781737103352 1.79839070893782 -0.15921350167047
0.493948133909106 0.793133342789735 -1.28376719019073 -3.78907974492443 -1.11088935624418 2.75822490481351 3.84890111275055 -0.132308110752672 1.23369763082372 0.640290686468235
8.60378745766937 0.492549647238879 -0.262242610979832 -1.53759676040381 -0.50117566652262 0.243727140917793 0.533321539898979 -1.51268077328775 -0.81377346881641 -2.28111901624698
-6.25174234168069 -1.21098012262696 -1.0584380219605 3.01055057553524 3.28434508986856 -1.55079239793732 -0.816858325742799 -1.64705799592247 -0.478832003740907 2.04895187522489
1.4462764120045 -1.05471838609748 0.27420667940676 2.15905572031949 -2.63712769551715 -0.23383439365485 1.78079343980376 -2.27447955860589 -1.16101229346767 -1.09837419221596
2.91126796003276 2.23711478055447 -3.98418405441929 -2.24875648129588 2.99233526614373 -1.5494907268022 -0.874082250982638 -0.448823990138418 -2.24404367711326 -0.357743647077313
-2.81609048705418 0.58677981740235 0.706845258222968 2.62505745952905 -0.828869067161297 2.12333191356592 -4.06137047473635 1.39932744964094 0.419078048338182 -1.46968832873633
11.8146248390115 -4.26428818439766 1.27350476897179 -0.878611430094394 -3.34998775616354 0.501592290754742 1.59700806694726 1.31716983491457 1.50431997378417 -0.748816124758264
3.23989909032975 -3.16720030614631 4.14940163508329 -1.42446479166879 2.12031977759423 4.26882484103078 0.0189306860346712 -3.47323626079209 4.09305039822936 0.488699106045484
2.05929747798188 -1.44538624822585 -0.756330458894977 1.59276465541253 -4.06355487001287 -1.06091503064619 -0.391007622996211 -1.1590731852925 4.12355235357282 0.706797385905297
14.7002949222881 0.0716457152472043 0.247059150917001 -0.991369011911429 -3.58942805254867 -0.5353535240103 1.3079425821399 0.790897829618096 3.13106998731005 2.37342559787946
-0.660074942866257 -0.253334222589116 -0.453554617007787 -0.204949739724807 -0.744035870011788 1.85692043244514 -1.83535719063412 2.28774010251811 -2.37131838696453 3.81867816735438
2.2338555575443 3.05375132938833 0.295937125495894 -0.8327367531247 -1.42159666283874 0.284579893464151 -0.584759446963675 1.32248815328447 -1.64439610197945 0.952068672437852
-0.537503601215516 2.14111682064519 -1.92373478045355 4.72686903801605 1.56869990379803 1.46064037779248 2.74222656956578 -1.42607933353148 0.86375916980914 -1.0265212952451
-1.0560761501422 -0.227617615091677 -2.12440465401672 -0.509196875523312 -1.82065482016216 3.6898867173659 -2.24762217384202 -0.621492087518139 -0.876071780324337 -0.308325418766599
0.803755993628014 2.24135237727562 -0.89371735846135 1.4500253548741 1.58416246289636 1.14464962550169 0.44698909229774 -2.15713588209705 1.93413528426743 -0.237355112350283
1.81607718210827 2.10357674665059 0.708988126247621 -1.29204969755045 -0.706397548283738 -1.07957931490984 3.34995488685985 0.888113898538765 3.58341731376994 -0.0537710784791648
0.294149916298925 -0.445791706779038 -2.76669815708836 2.9087818020492 2.78315360971805 -2.23173513687639 0.881313727153888 4.17150245481215 -0.769514186270064 -0.771407400882724
0.69460675133282 3.2806047634304 -1.0958961465116 1.45496087562267 1.67194182997125 -0.713426673774698 -1.88682342991838 -0.94825462413538 -0.534056350995254 3.79466322374302
0.193882190257868 -1.57809497013982 0.0506877066936696 -0.369143869571898 3.44341154597067 -6.83042582169311 -0.568107536798065 -0.844095816423568 4.91147249143072 -0.748453490221558
-1.53703094655026 -2.34212950156658 3.85605832305731 0.489824498084941 -1.30835908443248 -2.30653836668285 -2.36090838483374 3.10536137546241 -0.533512228671967 -1.35983360975433
-2.35824937868551 1.79700363997897 -2.52306380037426 -0.494069885847155 2.80036030099095 3.68438969331959 -2.45351642639993 0.180410318489953 0.532197445946288 0.879812961880189
0.792299209429072 2.76986602178876 2.14807274981174 -2.79376518122062 1.65777341608019 -2.24249542560321 1.2226073021491 1.36782653922737 -0.526465662085369 -2.56443137826145
-0.827522186973028 -1.98263018918785 -0.091632058789732 -2.33155455376408 -1.36403961995167 -3.31837920250627 -0.782420060105825 -4.92108978382611 1.61613960777589 2.37044403389689
-1.48438492119431 2.4788820575903 1.60268648593128 -0.164626961442973 0.738745669499036 1.33369671702929 -1.87189292918294 -1.14198033148145 0.820293146640871 -1.01946177132843
-2.16355126015973 -3.13449349622179 -2.60494342043351 1.93325040567027 4.53153024214047 -0.839474588845964 0.822737968719575 3.20096377448291 0.71701225647932 2.03967812562464
-0.522899652189107 -0.530895166174726 -0.195061314260907 -1.98751601111786 -0.973416398352604 2.38941550812634 -1.66244900152176 2.28377125121176 -0.496239564354204 -0.887746111732557
-2.78919975740499 -0.374820108285823 -1.13638057715583 0.244621062015499 2.32757085679031 -3.08962769551856 -2.04943391799737 -0.198653324418088 3.53078471880305 0.181761267837762
-1.02622670429337 -2.31771687401093 -3.07931425257993 -0.578068360103863 -3.97707642154589 5.50735355705123 -1.24558617335541 0.879777216751948 -0.294137950435996 -0.294176824825392
2.45533038077235 -1.44731126597453 2.29108019270049 -3.11204050921397 -3.23171284117922 2.46624694297243 0.509662677092854 0.825151096256802 -0.0245905272784885 0.0866438795733138
0.962833273574461 3.25828662690326 -1.19781124213338 0.193185020886046 -5.5209400258415 -1.72426512246315 0.588795752222878 -1.61146041824896 -0.141444771600049 -2.04161996115254
1.69173065371674 -0.85255621497495 -3.24747319143806 0.488878182570352 2.29654183121317 -1.34209267920643 -0.905814652564054 1.24705269419055 -0.112136119758134 -0.0610743606064613
2.25869571387309 1.29535124782245 0.338557524946973 -1.68379256536208 1.05754518008906 0.228231306469177 0.107177898207952 -0.0941679300366285 -3.24292120412297 0.245376260995403
2.28646405063307 0.6013267250931 2.43833637024903 -1.41098741380457 1.66850874602277 -0.102091946342912 1.23893721582778 1.27569545123639 0.416623762467077 1.35220561242788
0.0950004164592682 1.19556459883089 -0.932939054877255 2.23652985675643 -0.0733556737981544 -2.14046891658123 3.03966485010645 -0.434143179565412 0.708874447179617 -0.689789455040135
-0.755001754106052 0.296096806307071 -0.883845608869202 -2.17990522960113 -2.89205586463392 0.577374725101416 -2.23123481305791 -4.37581302766663 1.28781927888857 -3.71676386917562
-1.00448923040448 -1.24235450902518 0.806910156917246 0.479815578080954 -0.977856998725521 -0.175839125165673 -2.88793025824831 -0.855710369228904 0.362307770549903 -0.466653513037464
-0.637250901030573 2.36495429846996 3.13143613294205 1.35190545405778 -2.84991844548645 2.28474613850652 -0.500368933899844 -0.0171933673411077 1.13225896664917 -0.0459689349690777
-0.242266544741158 1.10594265706034 -3.56308280129642 -0.757638552883642 -1.17436920083319 -1.74981417291821 -0.354109565986726 -0.729594137935975 2.17173454328599 -1.41947884151345
1.16978598884921 -0.848151248135067 -1.76232806482374 -1.30019749996288 0.947163777358904 -0.0406740288992581 -0.937387799735127 -0.781676567617116 0.860954067396482 0.479656787655064
-0.85488793453954 -0.194817804968413 -4.75925470745859 0.421388208899404 -0.479334460331802 0.283344044899557 1.03378990030821 -1.18216210953882 -1.34386113892758 0.119003534569815
3.66118623850643 3.00203237576987 2.29063262993928 -1.27206502440399 1.00703971117826 2.4488756030711 -0.557539746551377 1.65894325764145 -1.179845088983 -0.328190996802342
1.33854699320012 1.57907380783953 0.85816425033853 -1.55480640737155 -1.04148858892207 -4.27197880171404 0.996392065119205 0.107872750140998 1.95087506808218 1.35821787281058
-1.23450988079765 1.723022309354 -2.73638266729925 1.04787452473326 -1.56067210812514 -0.33421719779007 0.807293849688909 -0.699610562333878 -2.75409691722486 -2.71998440047562
0.387653546856537 0.114227023412013 -3.16746595537925 -2.36843378573649 -1.11811740859058 0.341046552935069 -3.52868459079114 -3.01091997244243 1.1137372773947 -0.549154278616011
-0.573202696964902 0.420228590590345 0.451418517402573 1.4294833693059 2.92251878502401 1.59088669518763 1.15060220045707 2.21018692957465 -0.353648969904546 2.01714224386733
5.38932274186155 -1.90227942742761 -0.652644659212058 3.67316901995799 0.00630955407664115 -3.34157164426858 -2.34900566814461 -1.04340251085371 -1.52354442871822 0.464290723160704
9.58406283160068 -1.94613873199062 0.128329701678586 2.12089302109753 1.68085744035274 4.99536110633503 -2.79988797235003 -5.1855950683139 1.01406678570592 -2.16452869930685
1.21327564368817 1.70717427474004 -2.98110673586192 -0.618935647172274 1.57292083952563 1.81321943489082 -2.40170373407308 2.05340258619384 -1.88585955069835 1.39706614427821
-0.583433265232225 -1.85602625280116 -0.625417261000607 -1.74197645162062 -0.915917019684985 1.95983965096769 1.32059199430635 0.82368991491131 -3.10625974138367 -4.67777704583336
2.56029933621098 0.834155991603037 2.95140950486574 -1.48420246843297 -0.0391669856890851 -0.804905532085329 -0.672272293013939 2.32811658292083 1.43979354894683 1.74827048456986
2.17688157250939 1.00044761759635 0.469028533232795 -0.696265837610361 1.6359981289263 0.115176552897736 0.00484727787566492 -0.749709983087049 3.67817694672179 -0.711134793627886
-1.42771265001764 -0.619848551829049 0.200827338402028 2.63340443663146 4.35996532640136 0.0589026667495237 -1.28036007386927 1.73198741867134 0.465816757221497 2.17303118256331
1.05863448033718 1.24715011154054 0.0783439802959467 0.426106840582581 -1.00591952455622 1.32376363550945 1.69884019444989 2.11206864916167 0.407952418537372 0.413947119017251
-0.411961276955839 0.659375190426088 0.592171757339406 0.182504796394578 -0.07465752126078 -1.31114178866295 -0.197257904243112 3.39955153687394 1.46131271891903 -0.20256565902121
-2.84856986654688 0.846627152091719 0.473029147186159 2.38905333419049 -1.59227989546635 0.877042116186025 -0.234843926550047 -0.556716260949363 -1.6995676260213 2.27350872975213
1.44188366702455 -3.66872654342771 -0.689416172155884 -2.99850981307726 -2.05288522891895 0.186001742491241 0.697358064591686 1.21431647753626 2.6674742800743 2.47911191631328
0.157004303114243 -1.06334128939902 1.96250757505205 -4.79647898267638 -0.434456607693133 1.78031888663627 -0.775254675261048 1.84671014456219 1.03115125098809 2.07577616402703
1.76869900909464 -1.02360477602074 -3.18618280764471 -3.68509493550363 -0.237106596834428 -0.445004747706812 -2.57924864769839 -0.303711047407638 0.368532602167244 3.43104632633232
0.137227565316441 0.956028052327403 -2.01486210693164 2.71147876488274 1.78562413141486 2.26151058651685 1.37056465372309 1.45665502898691 -0.580242373218295 -0.848058896078983
-0.481681141379122 1.86194194658084 2.84567486765529 2.19496632592626 -3.89564020993963 2.64231796094478 1.96234071895746 1.03488451208672 -3.44946939379894 -1.85603671242815
0.297060155221402 0.513231230088356 2.74936580096453 0.215056096691356 0.728830481233195 -1.32405960446535 -0.915226450365016 -2.72471121471797 -3.9329651863571 0.562019570993022
2.80035017203593 0.589384207868338 1.88352109968738 -2.32487675449739 -1.85045735629065 0.975449267599611 -4.71507375158341 0.9537431695891 -1.85204718487383 -1.33559106871584
0.806376732101352 -1.69358690693988 3.11265053022367 1.88565147774581 -0.394624139103625 -0.52431480996068 0.512890631527597 -1.35041838348566 0.433101711750171 -2.40299980437869
-0.607965970265346 0.187243142725665 3.26426727524266 -0.33917037374583 -1.24311766921951 2.79545584425928 0.0577853484929433 -0.804937532711552 1.53791524953892 -1.09171835661757
-3.13417268150609 -0.438311739606525 1.27218565236119 -1.09623551919126 1.78786419877436 0.141031573075078 -2.12991752011343 -1.06511369997896 -2.99621609701357 1.75966401052251
2.41866886426397 -1.44906067309442 1.00787544670374 1.26531842548128 0.56317179725872 -2.0116708559201 -0.376743426815286 0.77178538487206 -1.81368101250233 3.47564139321618
-2.20772087009903 0.53942161497352 -0.755351599309551 -3.74312909414507 0.546923932047476 0.919098341548632 -1.1922282226458 1.5955339666243 -1.25160307219424 0.629086346070638
-0.582874870849667 0.367464612264378 1.07779683394761 0.232870345521077 1.59002017126221 -1.99744624956441 -5.00764089397091 -0.408247862301629 1.10106659893542 0.465416763599126
-3.56822212067337 -0.777811700504069 1.39400483890224 2.18738459309229 0.772969433715187 3.13436804839467 2.77731933768292 0.260088421711319 -0.226938241411227 -3.57781433695224
1.69205255876406 0.440897497491211 2.51394771682572 -0.416207934177069 -4.34374347748048 -2.52377798273061 2.0196955773708 -2.81187561196481 -0.676220251952592 -0.383751989101692
-0.178963653250616 -0.437855306160253 -1.21457128296045 -3.2734317976679 -0.0646982646222013 0.878169687293742 -1.44076906086609 0.487302829731023 -1.25937266903852 1.11149338225827
3.64231831518621 -2.82359735096772 0.835334527896927 3.3732114287752 -0.386815912148857 -0.774989592717672 2.29340773431676 0.100744291578866 -2.66040131560554 0.560822987102521
-1.94234424480906 -0.154234522808361 2.12418979897279 -0.924022574722992 0.975164195740077 1.4258318417988 1.14749020722494 -0.886360004396605 -1.82250567699137 2.09823525436115
0.220487346528032 1.0009645414379 3.23061462374351 -0.500088021878766 -0.244548458532682 -3.71034035115772 -2.36438848207817 -2.1430439004641 -0.704472195285811 -4.36397006979211
-0.225201252230627 0.27138262652397 -0.876801473652914 0.536184505527885 0.843179652964444 -0.145969772515922 0.256510830632407 -2.72775171820794 -0.416696574598233 -1.51330000970845
-0.89285338996591 0.599412872132284 -1.85973986258505 5.37281650935844 0.974362029680823 -2.40959993785623 3.63748753312521 -2.44710324308251 2.97880251954102 -2.01868645937148
-1.9801340429584 -2.31185581475692 1.00491944251646 -2.90670370459571 -1.75507692224038 2.41790195308645 -0.684436440374585 1.21020002823749 -0.860558459033598 0.414546182223244
0.793930065281209 -0.679080521317618 -0.787740205376163 0.516698159736418 -1.08099242773719 0.750175075691371 4.96817867585434 -1.13097597807466 -1.6864589003 1.76128489259319
-1.89044601105161 -1.76127523923335 0.703976922065475 -2.01735548452065 0.731993805508125 -1.02326243027823 2.13351385843813 1.36218220529221 -1.22534354688267 2.19159390621702
1.56867158433979 1.53881971800866 -2.89934549941676 -2.06565478793907 4.77329281957272 -0.896036676840911 -0.277864085063302 2.43013167674032 1.50971603343416 4.43671551440171
1.59280554326218 -2.67941788161054 2.62824127854103 0.836270095470274 -0.634930761989389 0.53194715768664 -0.0128700360483021 -0.847117078669694 -0.160343285198725 -2.35903452418784
-0.848916003225382 0.244488492086152 1.87362634625118 0.595242509709268 0.761258463731648 0.628536510481253 1.28784758497209 -4.6828180631012 2.12349634332754 0.701774920480909
1.32192757706918 2.4926878564014 -4.13450134929823 2.6971716123846 -1.37567341876758 3.199483825488 3.53685329995795 2.02621744754271 -1.07298665615342 -2.57630622430246
0.47519535340069 2.28141637708117 -0.97216977675839 -0.680125620261905 1.47468249137899 1.99283708629782 3.28407702089185 3.45669940045487 -1.25730586479423 -0.16761171290434
1.29254560748006 2.83101484382626 -2.14830272296049 -1.4047285760292 0.431451472353346 -0.0764834683447966 3.77922787552213 -0.162552913517399 0.544531828401883 3.47031937970855
0.670733964700948 -0.565074612342904 -3.31473879265019 2.84523600082609 -0.411596244750154 0.805986029111011 -1.35302944748195 -0.91077225969753 1.73099711756823 0.480488881926616
4.37737548767698 0.496579241080977 3.38060554609691 1.14660132264729 0.69932342023224 -2.34981643741024 -1.74041507455391 -0.323550842826082 -0.654266522163161 -0.831700371345697
-4.65293730495594 -0.825309798667808 -1.49653511033155 -0.222622758203757 3.8492176978127 -2.25694763815834 0.960149152573901 0.386823492243548 -1.1335646918524 -0.602148095455404
0.911973593605236 -0.300050901257419 -0.732902391290635 1.823136241445 -1.58787150315229 -1.23964050558923 -1.24588880420597 -0.734321324429795 -1.62494496420747 -1.03876508808431
-1.16799649110883 -1.51836804329581 3.61551392033113 2.07834970496205 1.90035866493547 1.33050689117704 -0.220266075591889 1.28425882445136 2.82651268594994 1.06718861338335
1.82943740852447 -0.13772592065224 4.21004085675988 -2.61911695882333 1.66694137650962 1.08379384246745 0.0402132268226451 1.69615893813744 1.69616655052197 -1.2942823174681
1.86155717870155 1.03040002982984 3.48446112526953 -1.300820638967 0.425085581516663 1.64376063188911 -1.86170509216953 -2.0420232030841 -0.799857648413134 -0.728424061548448
-1.97630517886017 -2.19205511496645 1.67453246927744 1.63920054218901 -1.19664630263886 2.04854186779097 -0.562683295876231 -6.09764969158787 1.51103564353661 -5.5372456825844
-0.8123046316948 -3.50455299778773 2.73907956045545 -1.84592594229787 -2.34234740599937 -1.18587789517065 -0.0154654871497923 -3.02581292766361 -2.65736585097247 0.0195945026167263
0.301270165690895 -0.128269067617629 -2.13656166660385 -0.794350940258702 -1.88088035031112 -1.19928737975614 0.690748197915308 -4.34773200031399 -3.92053134781419 -1.88373206145289
0.585828333311157 2.48034230605912 -0.42282151084746 -2.74354353324549 0.338593450706734 1.55632279104175 1.0361461725396 2.88067356879089 -0.327807629209555 -1.58220469045991
-0.461366614545508 0.961013936192534 2.09351892522723 1.85596308338042 -0.919505414953347 -0.274156296044245 -3.33861734160274 -0.80139502904806 -1.46237382270738 0.86058081709499
0.329394265447869 -4.30796366089946 -2.16998339914073 1.41754568151319 -1.21603883061217 0.796811101732876 1.0844469854867 -1.15024630225773 1.15118444524081 -3.23759164583498
3.68846822286091 -2.72162806642817 -0.298596512661361 -0.831726839779339 -0.742159828909791 -0.684985664050639 -1.73389470225134 -3.00495726932718 1.1671039251731 3.07645619023963
0.252100291515567 1.45607480356668 -0.512979001801845 -2.27390166555502 -2.57852107733043 -0.0339944521231142 -1.35445478089893 0.71971501048084 1.24172530116982 -2.27255385656932
9.33330706041488 2.3728450509829 -2.00957796614116 2.52690378647027 0.963800500737139 -0.394348275166837 0.254449286642571 -2.33563678782558 -0.0763677863076413 2.686669913236
-0.368878160414108 -1.96362292503145 -2.52334572793734 -2.28872469345172 1.77286362748119 0.796125332815181 -0.0917289696654512 1.93393252739294 0.223596216986826 2.55666685551915
2.05098910502185 1.11065934495776 -0.0216451524367506 -0.837572215566016 2.92466697977581 0.881312215829566 -0.279074016692231 1.52654166203844 0.276033441983423 -0.202669622495791
-1.67371609455424 -3.38271915814163 0.556102881642814 2.36027761678274 3.51018054258788 -2.75066423945339 0.571251616258601 -1.07318865636438 -2.17840930830468 -5.15360510794684
3.70136419779894 2.14233478144843 2.0832530190493 -0.446896665318906 -2.72695573801718 2.93715607470799 -1.15371120203756 -4.2915622369122 0.785890571437373 -1.67805389299654
2.13940090423362 -3.09842358937823 -1.53984328828529 3.18271028825963 2.18842832179947 -1.45106966478214 1.33718569009347 0.32502861633065 -5.67707900148378 0.857013002341127
-0.452839926737598 -0.428800667292173 0.389461345851 0.306052131476427 2.65327109089103 2.18347331491392 1.3989963439103 -0.806580701583741 1.07796722235608 3.1265759612432
-0.458060962302734 -2.61353369395814 3.73921422926966 0.275245913837539 -1.83149698826987 -1.06547080312556 -0.0122523315633115 -0.0842331063408879 -1.41643243845943 3.37301784450828
1.38877203860096 1.49184829562876 -2.1341094806906 -3.51222591063371 1.30381430771267 0.951013623638961 -0.145857560431608 -3.78865906863288 0.768789499356851 3.61046701809018
-0.445330569081515 -1.70746293422211 1.16595312831199 1.53789456280717 -1.30943640151005 0.0261278747714538 2.4122857317769 -1.27671882558066 2.60049012173393 -0.329473640477907
-1.49254461328764 -0.295019432048591 -0.914190518116158 -0.916430418095225 -0.982055772499476 -2.33973849437062 0.589720752963834 0.0540938719463545 -1.96233431617201 -2.28495968316996
-1.97771653435277 0.899022911178567 1.30827551225296 -2.19069913071913 2.22795528406077 -1.1583806248763 -1.99035362613913 -0.200002567585384 -0.477177277779253 0.352479767048573
0.514020550211252 0.910976868699963 -3.66890433074223 -0.819465523726079 1.85783018708178 0.565609827790877 -3.90255781694856 2.53893021781217 0.411560200064867 -0.023062649663054
0.516594702680952 -0.439957559839641 0.845909898883994 -2.19026260991113 0.939468816733519 0.382869678441645 -0.968055791794998 -1.08398151676113 1.10409648315122 0.0643955182821769
-2.8563515246212 -2.60967898605221 -2.96614308625276 -3.63903545773674 -0.782205420860214 -0.536748668610446 -0.570436022311247 -1.50026378777848 0.104878862786439 0.169666400003508
-0.0594822364559865 0.0941655911689623 -1.24099142591537 2.19051443050392 2.45586000176658 -1.4328512048732 -1.99069991430307 1.83120806186705 -1.27437036568489 0.276385617340737
-1.69384421611668 4.11708092208044 1.06470353204321 -1.89801015274327 0.413170037411503 3.93939440665286 -1.12019370265978 0.800378963529469 2.0419584977222 0.997313491021938
3.25574492100217 0.393041485722448 -1.37024996599617 0.516473480445475 -0.916134630434634 1.74130352786651 -0.366681214420234 2.16289466357215 -4.59837083400054 0.147558853240489
4.18887681949754 -0.791809880296957 -2.68947264461754 -0.675645106040421 -2.85705059406256 -1.09381877229625 1.0574857331888 2.11186835963725 2.13115442801163 0.329935012243423
-0.319248041876635 1.92194663780229 0.819588753202171 0.963541242846422 -0.941881833540092 3.18066418752443 -1.0053898476858 -0.711870606214312 -0.977803096729066 3.52228867386291
-0.0333508701189413 4.32607140108597 -2.03859591126232 -0.190359119409401 2.50479345300227 -2.46183890043126 -2.96234780229562 -3.31384100797351 -0.97117543049674 -2.7921318058409
-0.788031747564902 2.02076944370297 -1.59440494148718 0.4142163486136 -0.598311988374114 1.35510263389693 -2.07654794282735 -0.220649899779922 0.955022190485346 -0.13615472709704
-0.254031750497825 2.48067586385982 -0.504224617311537 -2.13554903324926 1.3548958388719 2.09043698775019 -4.417436144745 0.986547755020876 0.824706890666934 1.18639286347395
-0.840554076728809 1.08222958616163 0.1876314919209 -0.468796042316397 1.50775913379155 -0.35117773463256 -1.10238797044725 2.09217520836986 -0.796671155142948 0.584803312924715
-1.95385480878375 0.903176104951526 0.344600858519121 0.996252430882013 1.41932017903747 -2.26224226050305 -1.50566261126618 0.307650713368087 -0.154273588310654 -2.74520773958672
0.86939238684495 -4.4222795619322 -0.420735992562873 -1.53772013934317 0.952131971126876 -0.834075737602203 -0.283557059662232 -1.72921454230242 1.00233711779428 -0.086359459352203
3.12255403506012 -0.328714273396811 -2.19617707071712 0.792673087458093 -0.805422108227763 0.583695878362188 1.94226027357612 0.0152861290474884 3.73676915151014 2.07976630024951
-1.83154907328136 0.326648671959883 -1.32505540950609 1.54152978000718 0.0550395154759511 1.91352790569236 0.103486488233904 -2.74992140757203 -0.258735227655386 -1.81389376189898
-3.12464594032197 1.84303241974072 -0.752374977706891 0.590777344807849 1.22554959372163 -1.19064530197961 -0.421939785042752 2.2917042145518 0.191765143297082 0.225283180832865
0.199178854653535 -0.128894201809057 -0.453128222508603 0.906183103157263 -1.6812678465305 4.62266137884382 1.49803315045684 2.71737776355741 -2.27538336458644 1.1650770688362
0.844610561172211 -1.27992401811895 4.46184651553402 -2.21031356467079 2.31524968050383 1.46009176380452 -0.11816335256518 -2.55225199495923 1.72754847019944 0.652550499098744
-3.3395341325953 -1.23332475771694 -1.55571314431034 1.59990664487394 0.12975350211867 -0.684934653310683 -2.64375297305445 -0.0657469523691823 -0.545438255370694 -1.14956313036459
-2.6043803139765 -0.536038825312535 -3.17362719686198 1.23019885089161 -1.81600240619368 -1.07664992876983 0.879025551343161 -1.6359521632973 -1.4544956125559 0.0282387743840083
1.26454873404994 0.256890470746556 -1.76838741544114 -1.27745724880341 0.980707321103281 -1.78049317250959 -1.49916590070229 2.83588740119226 0.497806987236065 -0.323520896487998
-1.09801052839795 1.42539984626818 2.56189192201808 3.1180547030265 -0.282296113064117 2.09190380288988 1.38627574903345 0.599484308605716 0.693510055497524 5.14594559769122
-0.0853214260070317 -3.21163447482094 0.209389363839747 -1.15991641128017 -4.64526562347532 1.08421464259803 -0.0693572517303504 -2.79988764304271 2.27238458180927 2.62468202723479
-2.77247463984499 2.18876689704728 -1.94047311467526 1.1560064440615 -1.0901409034242 -1.19978718445955 1.01328396291825 1.24639123186221 0.0389435516936454 -0.0493833147456093
0.0264263965764637 -2.20461044579918 -2.59283353057847 4.33546511460777 -2.00098225460943 0.213346824772913 -2.8804792275191 4.57677022991444 -3.19990680382814 -1.79085716910373
3.57158314467496 -0.675939759470307 -5.41587445816035 1.55839759971006 2.79272174272793 0.912497998777896 -0.225368672214426 -1.06780361225968 1.43629034847575 -0.257962945396784
0.0714015941994098 -1.33241213285736 1.33851467809934 0.308945334785535 0.597926485786005 -1.04796376899002 -0.11290367657193 0.759657981595941 0.349234773927922 1.00838633636095
-0.183815347195375 1.74162457551259 0.856843753077698 -2.26624537272078 1.92593509919379 1.98612401467905 -4.28166896237499 -2.02900847215952 -1.77369772157155 0.777515365719081
2.60938805182572 1.15728744781623 -1.4389556764562 -0.311962879302595 -0.414854280201211 2.4308782378313 0.366638832372263 -0.578239593892976 0.130610935636901 -0.652739024559614
3.48273804561056 1.06745594802575 -1.56466894725374 0.46355833596874 -2.37853946056588 0.246397984596692 4.20744513219471 0.323950579112464 4.24659874721304 -0.515271008604838
-0.767632724203882 5.22516431836928 -0.751843853490741 0.0649802584403665 1.02491227105676 0.673128508897997 -1.46575934246145 -0.636929200593024 1.38677411788058 2.53672959718482
-0.219627355803395 -1.80468929245879 -2.17859034205081 -2.63337492231531 1.13020139577108 1.8987777087592 3.12127445765726 -0.0972916839318972 0.405288414111206 -1.16225720536075
0.846584954564869 -1.21831462258194 -3.82113748624401 -0.461091220839129 -1.70552375376205 0.655034322153429 -1.4260093088411 0.446399539632338 2.78895681943475 3.54269581638072
0.434237981567001 -1.77810022340871 0.0695739243173051 -0.364128995990281 -2.93963627089042 -3.68361128860433 0.69331651775339 -0.563847431756482 -0.0497878975898891 1.23956635119488
-2.09055340142876 0.481717300972292 -1.71075050994229 1.83862729925994 -0.265212716861657 4.83462159800783 1.93668327409559 0.992471108284674 -0.63501567369682 -2.47029934464158
0.277382873017359 1.8251127296567 -2.23128155790251 1.97407322963395 -4.9614884239656 0.918980414571371 -1.23270543749107 -0.149693599215461 0.91847656512569 -1.62178158608424
2.63651487602019 -1.91304021113926 1.27967013973293 -0.794150953452916 1.67160997480969 0.846580741850334 -0.848976852892878 2.48246583845044 -0.311071077197143 -1.68214701143422
-2.1860539537764 -0.877419849158084 -0.47589545690188 0.570360929522741 -2.05204923674935 -0.555207678411 -0.246135565070581 -2.04953638756509 -1.50320876116728 -1.17460341148582
-1.18302092432402 -2.84374103523807 -0.939010842388077 3.18891961980095 1.03950085206779 -1.28312889346846 1.10818904916407 2.22348635157767 -2.60305693398945 2.79827214860326
-1.3134112160406 -0.582553460653832 1.98907634272616 -1.02725755509674 -2.03347702180916 3.73100811299375 1.64410111332273 3.87942339381793 -2.52248315849603 -2.08684393181492
3.07981586333645 -1.90883812681102 2.07472029886047 -2.59663770216292 0.623364471396716 -1.73135269365761 -0.172836264342831 -3.1811097169485 2.53422356999965 1.28549686836166
-0.511359945468633 -0.842567395410295 3.75697435964996 2.44981523647105 -3.05309933498599 -0.447544666051864 2.93548635018716 -0.640966935415989 -2.1105328270444 2.03570911834163
-3.80867711947148 0.40608853036926 -0.979761404819496 0.864561049154742 -0.581695731459489 0.443515482636961 2.01697864475076 0.737552120892966 1.54935583083239 -1.00428708825981
0.483339326645113 -1.94795365372909 -1.30935770984733 0.133913175580111 -1.56648237392636 0.278979839086046 4.29291631338218 -2.85127541137098 3.30818935611183 0.359486133787349
3.19257154477327 -2.59195472832813 4.76358789396869 0.438493485540244 0.666105889154108 -1.44206998906774 1.49759502633546 -2.48486536280345 -0.403131481367117 -1.1240431342187
-1.97431176886597 -3.07689009473695 -2.05597013123709 3.19359880821891 -0.759175261798598 0.530765086936105 -1.5297475671857 -0.0524856041337155 -4.17790176087016 2.15484612118135
-2.52467272820881 2.17723389810038 1.04144524782457 1.40525602419165 3.76383756087693 0.744773824724907 -0.177473607872271 -0.024816066366818 -1.49256058956674 -0.232137755802099
-0.230413074155556 0.463709394627337 -1.81362249915782 4.32524238727794 -0.774816094464209 0.528775321734371 1.83566022250656 0.477981931876493 -2.91903847004327 0.353280966437087
-4.12117578641109 -0.632027199358835 0.180775902924843 -0.661659606052076 -0.00918410975317616 -0.0281461943227016 2.00295968165754 1.18376392063057 3.14358839142006 -1.85015459591965
-0.27956466472679 -1.64733395977292 0.524626756722312 1.93525667709545 5.87505342576708 -1.16834229053735 -0.902562594549835 -1.06483777117912 0.276183220944783 0.886216731480753
-0.0885591912969048 -0.382002286785623 -1.18127393575598 1.16350944271454 1.3460408582049 -0.363929859321461 -0.984665301257336 -0.706565136508493 1.70764272627057 -2.02815138816661
-0.696725391306709 -1.6005721686608 0.183980835085392 3.78921008455288 -2.62093684326886 1.24695517706275 -1.89206602991019 -1.03929530250262 -0.889578816162575 -1.62756529660499
0.555074612069521 1.02148441181203 3.71826961338808 -0.863376760416122 -1.20554354870849 -3.98921544853184 0.365842252002197 2.64021181541948 1.8977897364586 -0.49800385782683
-0.946192765193017 1.4261859437208 1.88777226316563 -1.46416041823449 -1.5544155155699 2.64761498125105 0.448365918313538 0.620516404305217 0.90671373323224 -1.98628940385851
-3.41170871608863 -1.44709895002991 3.32354970792756 0.011167626698025 3.11559040028446 0.658782939724225 -4.60009443374845 -0.530857470317506 1.18816127156613 0.23347344819396
-0.224770857175084 3.1243459849657 -0.0415577460987383 -3.02114651076769 1.72813990283604 -0.459739089412517 0.91774361581549 2.71487503688794 -0.281602544708927 -2.72065129412147
1.09055232980388 -2.69836646848426 -1.31204408218589 2.46740212405531 -0.0861675225655862 -1.64743544511464 -1.1152880325775 -2.70802715461312 -0.63043161283913 -0.49657957152651
0.651336583766736 -2.02176197769615 -2.08156616771551 -1.8536626328223 2.2012304509075 -2.48628275005488 -0.709529221671012 -2.49784053139318 -0.0323563016901754 -1.04407644978826
-0.0266488974959831 -0.736609847910923 -0.598161108347027 -0.545146855672506 -1.11751956247401 5.45876840312301 -0.594384744979172 -0.231851510816572 -0.278762319110004 -1.20964802947437
-0.113631682408238 0.451105566193507 4.750917034905 1.15785199412242 -3.28619517209947 3.74801249771464 0.0257943218760546 -2.78730551281489 -1.49105812341027 -1.7646035726773
0.161950122815586 1.37921513678503 -2.38355705810929 2.18946982512822 -1.42313867282066 -4.58416684186135 -0.501469626255228 0.420448003498418 -2.0695309145437 -0.272691733620186
-0.174400751649969 0.916117754467532 0.699890189562787 -0.392981103709221 -1.07426736496355 3.03741208614443 0.657994597111957 2.04890166368108 -0.63540435123032 -2.34415101274269
-0.566462531483959 -2.09634557309466 1.75326162296319 1.46436123034763 -0.440812072980009 1.11622597899942 0.0254907798916411 1.03755530998131 -2.83713464865759 1.60203803485589
1.3755205557598 -0.611368083081902 -0.416243903795789 -2.60971397588434 -4.25598394276727 2.69336373468492 0.191766820401976 -0.0562143147461707 3.97423895967798 2.49732484467169
-0.198546183000387 -0.733045954794366 -1.70845982623243 0.816064532661928 -0.323102850946542 2.58677248271341 0.283402203585263 -1.8744964042095 1.78840905840139 0.613801983250113
0.560443038203234 -0.410027517878517 1.67167518709199 -1.23936131591913 -0.432581474792141 0.315010950941914 0.612823229943161 1.20200833103716 -0.188431140859116 1.59671491296048
0.14556476196113 -2.49909571657094 2.0234163493891 2.90752737393078 -0.0936124067137183 2.84528692266634 0.448498508069047 -1.10708989646413 1.06277907396143 0.734598295900454
1.68780310758399 -2.5431117136851 -1.1865650118281 0.0395363972861844 2.70006619494258 2.48908479624684 1.39511045797061 1.66041513765248 -0.674932983704204 6.97120007610077
-2.30257593885482 -1.47208115782645 0.436151765029174 2.22114297712692 1.02127840375596 -0.979989117367581 0.963835841387169 1.68577012926045 0.26324066288224 0.70499858220016
-0.33210894822663 -1.88640137203536 0.645160974334272 -0.538536090912014 1.49182302968702 -0.108041881738716 3.1611906097896 3.23581701159998 -1.84093799560849 1.49057316037042
