-0.83566494124303 -2.46781537609896 1.08402354133986 2.72245567872778 0.0549421736899145 -1.4628041321561 -0.102529947642673 0.721730130772125 5.61362467005639 2.93928056359904
-0.257283904505213 -0.0595357570514178 0.234388483813601 1.2029263645022 1.5011342464037 -2.48968650469833 -1.3376436607583 -4.7195347547224 1.92801804596625 1.01695226861002
-1.94362669063444 2.51633786666019 -1.18432611913503 2.57388192204335 -1.81094363165152 -0.297647946857238 1.81740824933113 6.43748846359044 2.04807154898934 10.2659613715119
-0.703441131409255 -4.09684015309545 5.26197736062019 0.516087499177578 0.173168867532883 0.434546464844151 1.03911207441703 0.92157723822216 -1.84171450151833 2.38349616100856
-1.69959750351536 -4.51090427125047 3.86365507861462 0.84846593541602 -0.539895124500347 0.51796098826905 3.49749162835308 1.15564907473235 -3.32021788087244 12.3927816385375
-1.51905595452582 -2.10733488697359 -1.24573720538445 1.15860695744375 -0.74720077825701 -4.52829480696654 -3.84139440932748 -1.07070252724236 0.351269275052523 0.304941107489376
-0.11227734960457 -0.869138536311304 2.79566055471867 0.636858065284488 5.09956946547168 -0.45788712831292 1.52585908160278 3.08792419814625 -1.3723568493539 -1.8905843504992
1.06960376789841 -0.195722208763501 -2.0644168449407 -0.745464805003486 -1.72521578192245 -0.199356404151859 -0.16633616350701 -2.72301034363769 -1.71867623625285 2.20887648074114
1.88340720012492 -0.284786911719607 0.266977680600248 2.31130277335884 -2.59717532126847 -3.06529206170757 -0.0590588314355059 5.03569769520174 0.46183953187325 1.50908266782191
-0.490614271364458 -2.66194322514838 0.551577569627709 -1.89034511658235 0.643629103945697 1.10326121387299 1.77496751093315 7.42682727906725 -0.493352004207353 1.79383591040964
0.293688269901038 0.827306218449599 -0.224024866248769 3.44599123868458 -1.37632054993312 -1.91316621501911 4.00691695259088 2.28943095419752 1.54084571025316 2.77719293338921
-1.3442683871558 2.54487225021921 -0.0435381679487239 -1.14852149300564 1.07891384063192 0.305301842534542 -0.278610393147806 1.08389417489092 0.591295404407051 0.105167379327209
-0.409642450223996 -1.97519058801047 -0.781831982852831 -1.15674834858634 3.66870985637657 -1.35000125733231 2.12536930170489 0.476530422307958 0.6655473435437 -1.20439925435813
3.51048894670699 0.876692981938692 3.26230615913238 -1.92156676061132 0.86100794187543 -0.227015168486851 0.760075899826392 -0.507419897782943 2.13503595979714 1.69714254094471
1.92006451643113 1.10610122003804 -1.46447602520175 1.16352689874462 1.87556256804845 2.00209771700118 -1.24879677074911 0.899762762452522 -3.9867849868235 4.5703234097222
1.50491565372642 0.88997712928874 0.13719353615134 1.10111460879757 1.10608047452384 -1.70451577348483 0.418026761208633 -0.23223815062927 -3.70756092452199 -1.18056390962319
-1.83414769043137 2.66705946666742 1.37551199683825 -2.47262239940328 -1.05248831253873 10.7996646134226 0.58051086230549 -3.79967036071815 -2.46705837380979 -2.63885163888944
0.952032542179714 -0.242607844257874 0.98851257914996 -1.19203538216755 3.66760199626341 4.19006436491559 -0.254310437240072 0.469538834388028 1.90529294715422 1.02422325247535
2.92376887497101 0.0560982009631159 1.98759979441404 -0.0181027532401917 1.04787261770156 1.74303550281717 -0.390478255364766 3.44857518979027 2.39092727833 -4.97491389894604
1.83096496573062 0.441451566038135 -0.237528135577898 -1.74712838735962 1.2483971105874 2.34936160475804 3.20034365940913 1.43402479272996 1.43221097367779 5.89018338598606
0.411708028750105 0.807192015326409 2.1079752945941 -0.622835510552971 3.307700456797 -0.531836899148699 -0.671867111786019 1.48965202767774 6.65488222673084 1.5079055955853
3.39892512784966 1.66994894619692 -1.61342698787963 -0.184340334665001 0.722285393471753 -1.85234481934412 1.75361192014771 5.8808076762862 1.31481034560527 6.88352251246477
0.175005335370254 0.179587526066363 -1.26331598804138 1.51698067558191 -3.37705769188825 2.60125602340791 -0.513409920307791 -2.71925842178868 0.220020147409859 -3.92124203872768
0.204040449414686 -2.34784963523856 -0.920102344136191 -0.991757664070129 1.48534926201584 -0.660894931807109 1.24868620885871 -0.508713054507815 1.83265813621786 0.959609345114415
-0.900306866816712 -0.0172037173893085 5.36277356846001 -4.31560439917522 -1.85287857871033 -1.63600417701888 2.15129116630969 4.6528101151305 3.65892072988303 -2.88139471386169
-2.82849549562242 2.74518484154897 3.13921511301096 -0.886843439386764 -0.00384108620476409 -2.35750450309026 1.03839280482541 -2.21369179990725 -5.05135761358424 -2.18153798655183
1.68774979920089 1.0361589418876 -0.737210250632899 -3.62182034578049 1.96081697227442 -3.5516944124345 -1.5107831839902 0.138656552954367 -1.74716257230727 0.679738947242568
-2.22316818935222 1.31787476146707 -0.98594175413861 -1.15891729413064 -1.04881640973694 -2.83219910708577 -0.586691714712705 4.05387169355351 2.31988884433565 1.43761828871158
1.12310138245473 -0.964304628766139 1.29951044715008 1.30784922123622 2.45277467486898 0.814646111451376 -0.805894908287764 -1.38771360583292 -1.3052733083444 1.03135995762311
4.40290394990669 1.57770200145051 1.06896971616344 -0.786725821030734 1.03058262406698 -1.52083895490384 -0.358269968550064 2.26063526045731 8.96230936838992 0.792909976507126
-1.71007760542999 2.46774350027581 0.831980953496702 0.350795646509233 -3.28341120436126 0.897987738602493 -0.577392942994955 2.65542087673256 -3.88372190343107 1.96465788446281
-0.787780148393822 -0.914530106603367 3.45719171672267 1.52947175428396 1.36361775135915 1.08539252752684 2.733865083433 1.71308869938196 -1.22473083405814 -0.60073121776563
0.213413160227495 -2.59287255053953 1.98874799936892 1.4323474932488 -3.10492453456487 0.664418812149155 0.418935945325797 -1.79807494906334 -0.263131812918132 2.48569729277553
0.209508591303798 1.69207250044789 -1.4755580078674 -2.9160553173782 -1.50760035594865 -0.323649120171665 -1.2702154838924 1.36693172042468 -0.199890299107804 1.65112357551688
-3.76328156333537 3.8896808359037 0.942604819209212 -2.79060870256594 0.0569150694771709 -1.11871798328206 -3.85790871141139 0.680192349458757 2.17984901514351 0.625579866689184
2.02754244032305 3.02726716157647 8.22798278136088 2.63491013702945 0.784077699402211 -1.19841843963763 -0.713706862053279 -3.45085735065113 1.38952760476845 -2.72025580226566
-1.53710175958554 0.749674428275611 -0.61471375908634 1.10647520710339 -1.33605708455976 -0.40970488066317 3.15497314956281 4.09831933858569 0.622608897837245 1.63262791633335
-2.60861420412857 -1.19504882866268 -2.1526113889697 2.26773248342811 3.23486204072526 -0.777763700122883 2.09155056503812 5.15852239509517 -1.3111424480153 7.22289377172246
0.234562991600981 -4.33875740885288 1.59198914292525 -0.0032675353642876 2.19698670918474 -5.29633710140803 -1.41806266107653 11.4021028634714 1.47607525090081 15.3049095756496
-0.517770427535875 3.65533010434515 -1.08464352237699 -0.31813768067345 0.233577356599384 2.9589846855912 -0.171230209420976 2.85538796637179 -3.98789842463979 3.35065849151553
5.21038030625672 -0.50911009316615 -1.18663086152498 1.95979784337107 -0.87687607950418 0.947316300238091 -2.94970303305348 -0.422572328335138 -0.42509492637666 -1.78956379975098
-0.492695400243264 0.587129998987104 -0.098061647331253 1.18005522558341 2.46484628461917 0.750877876845704 2.2580987864709 -2.0530258681331 -1.01114286640296 2.6503999943829
-2.05018177888208 -0.818211097616117 1.25393180340337 4.97494950583895 1.8866494370132 -0.400843972510331 3.19711175389732 2.27630596601464 2.39881213564111 -0.16102120047772
2.65717691102269 -1.47515826621979 -0.676782978665949 -2.4402463343719 1.74577256311598 3.01427942986269 1.21334801582193 12.9274188626487 0.535142551887785 -4.10212941095764
-2.81039588826782 1.6328442901817 9.03639873440634 -0.372718630047489 2.26172370798554 -0.700007172481327 1.43312583917542 6.11755405487237 0.743171491104811 -1.31627602394432
4.10553503668731 0.923931577533343 -0.690240289072447 -2.23171379373929 0.137018081867692 1.6417692474551 -1.05138020823833 0.771090284299858 -1.0137642473805 0.410440531182114
1.24725187667826 3.26182620442254 2.90259559141355 1.50111733464614 -0.314308983241654 0.977079768716389 -0.28329188744374 -4.29284609601824 -0.948801940086005 1.18409057681172
-0.683214193044566 1.92109486553275 13.6924384876886 -2.72075220051573 -2.72428428192982 -2.37370807854305 -1.70690164125304 9.62518394573955 -1.94138136697729 1.68924887896555
0.333717997731698 -1.06842537870496 1.34234774100589 0.158785931966587 -1.28720843874171 -0.620144142511835 -1.15467925414748 1.03902645321758 -2.46494580179571 -0.396957383480356
-0.112123001234035 2.85286856012593 3.89490477285838 1.33191155023488 -0.188200931712889 -1.76326112779566 -0.827165558352492 -1.5203835663941 -0.176707816264319 2.43431022236782
0.550011335234471 2.15134925428806 -1.42774352332311 -0.955416930366179 1.1727522973303 0.51381795745013 -0.862748516620308 1.4227882445589 -3.47591280603986 -1.77582822179333
2.1137962572497 -5.10639477814463 0.936709818585905 0.180154417453876 4.26157595630512 0.554609070272501 0.0135647330818638 1.29156375685212 0.961567706311831 3.61406633322165
-3.27315834054255 2.0279935285557 2.4670511712199 3.89662183020151 -1.5115846898438 -0.0072949775043735 0.42033728193887 1.74596510680861 0.783153738517173 0.00990335987644751
1.98126100578908 -1.3277640233643 1.08065783699431 -3.87853169672354 0.43115106505025 -1.03059319797027 1.13636213777926 -2.11003331050424 1.20285619410686 -1.15535434540522
3.45078530329691 5.40201444733011 2.94985095291671 5.20601702924619 -2.77774585285676 0.774026391451334 2.27028527241947 7.57287834856243 -1.24011061753916 -1.58496797809637
-0.733052536591395 0.477283320941543 -2.37017651609432 0.282924799431025 3.33595524377254 -1.00720824472384 0.851809871965196 -1.82778146398078 1.04073587014041 0.540707546130561
0.947020777363076 1.16465173840142 1.43151241412611 1.32002294930084 -0.547560754616467 -2.56872037217936 1.47733188662746 -0.757286478035289 2.55052113388766 1.77541252638223
5.43188081671439 -0.521857974915125 5.27926182040485 2.35619870421023 -1.77347903674535 -0.89271948576964 -3.75944560744075 7.50124033647335 -1.37501555962789 -5.23756387559606
-1.25546167749625 1.3959015073046 1.48812116779707 -0.60568708146215 -0.779464048053084 1.05900369658773 1.30087833988557 6.41599916795904 0.518540541878235 2.38352567503099
-0.659470110857152 1.38923195191412 0.668008609799958 1.25326471587114 -3.17254009167812 1.23688344329967 -1.54402082031016 -1.99241721988097 -0.818797743691954 6.09514945623781
-0.227553826758048 0.526285485121965 1.25343870692493 0.824139223839441 -0.96416825288699 -0.401595867186983 -0.5477861678751 0.618939018512966 -3.81439196722791 -1.72706914925007
-1.76100035260806 0.82991019106488 0.858360525744279 0.452820608422951 1.69914074398865 0.564567719559133 1.89757312281713 -1.30113816130954 2.23916829353214 2.35632005895324
-0.740424634334844 1.63246636354366 -0.0447182742705202 1.27892138483149 -1.03475491855326 2.08316098942802 -1.21970082186183 1.35985100498339 0.0804139337170361 -1.24907924121884
-1.30028391217889 -0.116389915830978 2.35410488664902 1.87437714023996 -0.389696336380718 -1.34293328568721 1.7259680902984 -0.227724836430247 1.20647612993702 -2.1146783353635
0.91790310607485 4.03312606278714 -1.87664141842094 -2.76118709148593 -2.76816393293465 3.01628414133821 -0.373038961639006 -0.377648891902203 0.774614798605172 2.17332579240452
1.5611028087235 -0.663946639669853 8.28439599094247 1.27289950915278 2.59710494253749 -0.320854806567815 -0.183107415828321 12.9635400391055 0.151595881697496 -0.89324402848122
16.3165754729932 0.181604409493313 -1.10882311085531 -2.27600454934908 -0.117528501066423 2.51063523702974 1.52262435130141 6.34791792250033 -0.619646207949312 -0.541379072837307
-1.45496002476038 -0.443093554453949 -0.492676183493078 4.08508630755494 -3.44985967283515 -2.59797520530408 2.20010260536883 3.74867081691018 2.12489519657312 2.15361889040007
1.16816166164604 -1.22676496472711 1.41130751511997 1.15529559786392 0.337830643084335 1.69616489426519 1.50589766705541 5.31562285808218 2.68728006662363 -1.68006418788248
-2.31268107683222 -3.07890491015866 -0.138674973381621 3.86658551884181 -6.26529700086732 -1.53932140448955 1.50997275213776 -0.00447500740864065 0.722253158564178 3.54381885876222
-1.03275342026997 -0.905193155601823 1.14118255347458 -1.00016787371187 -0.710644443504142 0.222993593199743 -0.320697598634004 4.8148444571146 -1.8515615632448 3.04823075291418
-1.74409777284878 2.04273305867915 -0.739784302155156 -1.14979840698699 -0.345595152246652 0.827321675471406 0.96980220576262 0.489278629457902 1.52382898443067 -2.50359305697546
-2.10115942564986 -0.812381919045174 -0.516869894339537 1.0179289282101 -2.89864396212071 -1.41979002666786 0.293817563373639 4.92889615416382 -1.86812747260561 -0.0234559285702041
-3.34236217910304 0.375293954884569 2.18275406667264 0.547565273457763 -3.92451372905812 -2.15777105758076 -0.542519979219487 0.377081235592747 0.30288985481459 1.65510067467589
0.228142175357408 -3.8188707817861 1.18189459588468 2.31657596739322 0.351583397517952 -1.26387188809103 -5.08660739125261 1.7293029686829 2.61987650691194 1.20195266625388
-3.20244965817164 -0.950718275893722 -0.921581187936244 -0.00654373573590142 -3.69551178373881 -5.15475682636038 -2.26767317999278 0.894771929130317 3.21482882941879 0.0523421983539392
2.57432868058695 4.13131916075536 -3.06971771992639 4.44156677192865 -0.5931154457471 -2.94450604979882 -0.418454303535361 4.28545854305021 -5.18562772638262 2.07002273696069
-0.255988054610899 -0.864296622944187 -0.516342841427944 0.739067616257549 -0.656985941848478 1.71102033096989 -1.25670774318166 -3.18809425720905 0.71122114029268 2.14481558527906
2.08888166036229 -2.61046963754783 0.731298139646642 2.24755988797054 -1.06396478950741 -2.67712041569342 0.335386686473244 4.81009171593942 1.48378001446468 0.598808707639443
1.07973098476033 0.505432406277586 0.0881450609257049 0.115307511017771 2.3746721548144 -3.26297616292215 -1.52718808622501 8.99706510484618 11.0586412598615 -1.02270614606315
-0.879215633863173 -2.71173235085542 10.398670342454 -0.150047284167349 -2.08067793333567 4.95699494090482 1.02201121690678 9.62970649499477 -3.04817896955411 3.25107006221069
0.465780783221555 3.40277239963643 0.455616765189899 0.56268108025678 4.1909498492478 -1.4391178083103 -0.0980987214995483 3.37442976920237 5.38895806961673 -0.160548094538366
2.36721214527911 -0.810468793498774 -0.805371570076241 2.56976870682522 2.72974003517518 -1.74928468762978 1.81311718274355 6.07329069765912 -0.222390531487758 3.40850141423258
1.63696063325227 -0.724779969172478 3.25185060104038 -0.918867122748511 -0.514173784693877 2.4356312592144 -2.04362683128138 3.02339485774456 7.90815511808782 0.19404931562413
2.32661753750007 -3.29350318975803 -1.04589665718538 1.15013762150237 -1.98960907008917 -0.283705009562241 -2.35070643077642 10.4861009355289 3.62311261049152 -1.07510410036135
0.173209217793388 -1.38696243180578 11.8779969636633 -1.94008496361245 2.37515841308351 -2.41791010969638 0.393837338160458 11.1383399994297 -1.80504572629817 4.1841722973238
0.556015695135694 -0.0973681636070915 3.07393907088701 1.16770138017575 -0.815967285842294 1.57837487141093 1.44549960292328 4.27705469212706 -4.15510564850241 3.25592182465015
1.49419014783299 -1.14874669711943 -2.76133076508846 -1.50629984368202 1.48469557185659 1.47171233221516 1.29458476768444 0.784584590622636 3.009915266544 0.960704384127955
0.366885363341353 -3.92691125021537 3.72028789599591 -3.03960324063565 0.0872404380505857 -0.646974266622342 2.09884541110176 9.11025411715789 -1.21942694161516 -1.17029504170138
1.34435382335146 9.93686048493674 -1.1872048925032 0.663213795219942 0.144792152084627 -2.75760674245224 -0.921636472609653 12.0551816481654 -4.05258627176861 -0.603867898819677
-1.60110921877719 0.586679273536761 1.53579704948724 0.222815622781398 4.05176304176898 -1.32990446273628 0.558555050647992 1.01934930968341 -0.264606032050218 4.73182666141339
-0.913406083170269 -1.55747321616837 1.46197097272397 3.63142909473613 -1.25177125396709 0.459273689398422 -0.0845235505528446 1.18451636949509 3.45405684159029 7.39071074654106
-1.87465020865952 3.46389075216328 9.18508370022328 -3.99107698139025 0.779872031128279 -0.0246197633724037 1.97037399435196 11.0891196295133 1.93588249200236 -5.08556608964489
5.40292603866544 3.13193077338551 1.29255815714154 -1.13655493660573 2.49295177277877 1.26747558564153 -2.39680805259162 8.59902790826473 5.39935783692561 -1.56628586577208
0.786962451052266 -3.30293526280371 1.3327346561103 -1.59210488698633 -3.41757926074692 -0.215632499754501 0.319090899386979 3.03935872982424 1.31838837522834 12.4858708689534
-0.0329883937512732 0.35434567616785 4.87410156020364 -0.248661987261154 -0.174779999920094 -1.46889803733982 1.33930153848158 -1.1435711821597 -3.65747112420344 -4.23588926421562
-0.206332003414551 -0.367072644087546 -1.9954042898068 0.605129383472224 -2.12067022576689 -0.918630858356875 -0.773896145250118 -5.27945078458468 0.538721291877614 -0.534132162469369
0.278210821473357 3.80863448625666 -0.515313181366343 -1.14465086756527 -1.55992036498301 -3.54750314601948 -2.26170043706573 4.26343255690386 1.7120741281255 0.757711810247866
-1.85924298558354 -0.0495251405669802 1.10587011841357 -4.85147768241054 3.63608960260326 -1.26243101247532 3.41359084299347 10.0175421364243 -2.69792884480337 3.27155815241247
3.21908579021257 1.17060597808291 -1.98531187879548 0.818341934346234 -1.94171936575346 -3.78997262013225 -1.37769723742931 -1.76021311307564 -0.902855737383945 3.44658439375732
0.75637452974248 -6.23307600242958 10.0476589221976 2.18340558917431 0.394494321648356 1.37705696444926 0.924982271284887 7.61588858058514 2.42349525029209 -2.29058487863904
-0.478740399535835 -2.29752021545404 1.80571289013138 0.442973913120999 1.04939397834397 1.9964817538434 -0.686918773039333 7.67987386992054 6.07639213664431 -1.23506168593671
0.518097432826988 4.02660339881709 10.8035955052202 0.612842835140822 3.54255616410856 2.14548524418379 1.9436127470706 7.57725872103659 1.81547152922847 -1.08504392371898
0.179126250079999 -1.40429882448831 0.0157785452615178 1.29103571501517 2.53626617454651 -0.166305362157853 0.933879865436481 8.92876130345631 -0.0216326183621662 -0.75503598874237
-0.539641037470281 0.447006646523313 -5.30301923939315 -0.50181572082275 0.590796300768265 1.51840798651996 -1.19009986953717 -2.39369049076964 1.63677986371722 4.6532528668831
-4.47050449512823 0.244122461129129 -2.49322727369269 0.645865445875248 -1.36258070155317 0.664471714855806 1.79049894547345 -0.764574296682854 4.02223372693419 0.281861980085946
3.11528880649115 2.36173068655515 3.51093249385627 -2.79499374560742 -3.45348833224306 -2.55420112706044 0.435324402418785 8.36035743231977 0.611525899285097 4.00833663423147
0.00805647297348748 0.927685759388523 -4.48700925447011 0.385112668554711 -1.4372846301462 0.27110660014121 3.80942290970602 -2.66375703460886 -2.64608687001173 -0.920195061552444
3.1231141981725 -1.71020863586774 0.680886276402775 -0.231864611862529 -4.88513462798278 0.146649452917023 1.51847323773475 9.88749181683833 -1.97394821564181 -2.32912827119636
-3.94353202524536 0.988310312829428 -1.69888284590633 -0.0254455544351533 0.145501079433936 0.838222396881111 1.24267669471889 -2.52816095731639 0.684492178019191 -0.350693128613969
-3.25712965499139 3.62092813803954 0.865707184818939 3.19281565873274 2.97371977114897 1.78029610293674 -2.64532186482647 -2.10192522188746 3.36756488658337 -1.70626981839465
0.300157149426928 -0.422310847183976 3.66839495185123 0.562692609705066 1.06966651883407 -0.972876563375035 -0.342758108180743 5.05523686489129 -0.106521035970642 -1.49743586601872
0.337482529912885 3.32346037728442 -2.209769568011 2.93976798205571 -1.516791462888 2.84206563579292 -2.17678457772931 -1.92242142697661 2.89039176021636 -0.826065151742564
-3.07152192203943 0.306992837253659 -1.07007220226481 -1.27779567358615 2.42837871717573 1.11773875380574 2.23149224559736 3.26772861702601 1.23827444635431 2.81715369954352
-0.319446799130096 2.4371935120285 -2.07329715794168 -0.331432280589332 -2.98140991222543 -3.08014935221823 1.42885445154352 3.2763624166128 1.74170015452282 0.123354488518194
-1.98769117418941 0.31599192902361 2.10379751077506 0.210817598211938 3.11439761185103 -0.177761870262558 0.70293192540799 1.59167233880704 -1.19585500488795 -0.315649584748629
-2.86154279860831 3.5574056758602 -2.60130341392706 -0.501263203074543 1.27066201332893 1.66760183592635 1.10262982610638 0.522611496153793 -0.907986098387234 -1.94422927915681
-0.439229101834101 1.38354763202456 5.02498240993479 -0.183023479272653 -2.03183261760665 2.30301518825467 1.6793805077315 3.68477237125719 1.95319011820459 1.58648186393695
2.61172599070748 1.26565687490837 -1.62654642287791 -3.36416580548766 2.57908489591523 -0.473100594254476 -2.62722380286041 -3.13318329973071 -0.79965811394896 0.691394255017656
3.53484325771167 0.0970500938476309 -0.421783533067256 -0.297068241833195 -1.04365201264605 1.33956644496881 2.50340205342293 2.77630716110485 0.716414267731148 -1.34519412513796
-1.12669661436505 -2.33415065997239 -4.25851029613515 -1.71197146979251 2.94841104431564 -2.27430132852824 -2.54242371405024 9.5709250966611 4.27968364290594 5.44507621539543
-0.617448890677 -0.19016096623685 -0.0991171042197673 2.81020716140711 -0.355859763918922 0.872999379984511 0.213305970154609 -1.61421889346947 -4.81890165214489 -2.00592080690645
1.91322053291253 1.91403365736944 1.05457979045838 2.84806356671393 -0.0908841482565115 1.40282257228668 1.60895628092422 1.01969713518604 0.369431107677157 -0.113440535226922
-2.61680991981878 5.17078935995836 -1.41615559503224 -1.54229796776121 -4.00853440071348 -1.55042634282804 2.03770278070347 5.8590092047284 1.4758167265567 -1.25879948489985
-3.70918363480174 -2.72128935380146 1.65174299879061 1.44378276531549 2.47603042755816 -2.84337407864189 -2.15648987103311 -2.13582607415058 0.0390195969706367 6.99814210964841
-1.42422938417772 -0.011852685707526 -2.1761371944182 2.94905099033303 1.74820467933298 -1.46172005604677 -0.44818768189316 -0.0142586065788473 -0.599429977737766 -1.68689236653833
1.07501368381762 0.411053873878963 2.27049100941041 -0.936939905075237 -1.08021933018588 -0.654278165862512 3.13659327616247 -0.371005069837525 -3.61146776419583 7.48948898317639
0.532108875758687 -1.90524384096628 -1.14543379429748 2.76868379270086 1.47396112706104 0.404805791588005 0.209450690351172 -1.27156081870272 -2.49698303430726 0.365116305679022
0.350222367614713 -0.737743956752469 4.55884869677146 -2.11569307210526 3.53867069112002 1.04095968281302 -1.1675437595509 -3.2846381598031 -1.64847509833913 0.942149546859085
1.05730536668514 -3.82123372964437 1.11039369492567 -1.25969637430819 0.294577025250593 0.469975298690029 0.321815672810479 -1.40745237316574 -2.93656412574487 1.47828610668984
-0.959449737214972 -0.64935929085335 -1.27026679804568 1.83681565993763 3.27145121450694 -1.53312779196122 -2.64189788756202 1.80856907594403 -0.443411030732735 -4.48833202697577
1.80219728204522 4.18370438390571 3.5102155681758 1.29921102116847 3.85515807144831 0.10253638290951 5.99114998122352 4.96838292179669 1.80907477837609 0.190362914403256
-7.23901143312968 -3.2008524803539 0.658751452655605 0.984854917645895 1.43761475299537 1.53936048657314 -2.26498968718288 -2.47045312822943 2.05994524406777 2.17228582465448
2.29039619668181 1.9514873730165 0.817056710842317 0.426108032473758 2.35451849290768 0.345386602950676 3.62604942660438 0.857141408196168 -2.29037297454871 0.585143165641367
1.02518421001318 1.34906649952806 -3.73456158709471 1.93652328090142 -0.504927595999067 -1.80559712379268 5.54354282245525 -1.64469613988601 3.60351617052695 4.33885015458218
0.0658566599201232 -0.201633231234887 2.2972398666959 -2.22487660005762 2.56296135675401 -0.122830514206245 1.511275357383 -1.55920748365247 4.78575750034803 -0.921564717951774
0.367993700063229 3.32048924935329 -0.905287290223109 0.187122759804921 -2.59195928379093 -1.6167598653629 0.58969622731701 1.49871807233801 -0.127581399333972 12.4148068274898
-0.175379464395132 0.936946937306232 4.42192110009017 -1.64987285729939 0.94201602521573 0.902195712955878 0.488432777505623 -1.8106780779521 0.526013687913393 2.19235702821111
0.966690012197982 1.61739864827185 -0.256727012914369 0.468114357357893 2.11265305431806 -0.976777396109765 -0.242157595766773 0.214109523909193 -0.597941663429233 5.25312878935883
-1.94319444397657 -1.07033335203804 1.51364293887772 1.31904067760848 2.8678079707498 2.38729490232627 1.25257715400254 1.49449195847611 -2.43142719569868 -1.28648312383718
-5.67336668807337 0.874137207390455 -1.57387734156635 0.421724908577357 -0.64591261972089 1.47090801615235 1.23036138804224 0.334654419118578 0.283765443611784 1.1708637770792
2.26983729164753 1.19935070076678 -0.21893217649247 -0.0528248730095844 -1.09786663191774 0.421588675671215 -0.111630278788772 10.0638944880764 -1.14238202410596 -0.174568674508449
-0.480344994603361 -0.609996460567608 -4.40347838167557 0.0917963032738769 -1.16902187262889 0.665935584747686 1.26225541901221 -4.23453636962008 -1.48057210391981 0.635930802973503
-3.48912308855686 0.11468724034463 -0.390001881976651 1.86234616404029 -1.28114011155952 2.18825074068478 2.433701206171 2.77631573807775 -0.548353680350257 -1.80128940764396
-1.99608560720433 0.0868962671285661 -0.974755105449613 1.84197998226008 -0.149885852023949 0.383108116188216 -1.37296200690577 -0.0478007762290661 -0.860479568762261 3.90081632911536
-2.92400864773085 1.63305397928964 1.52301233434624 2.36711137722094 1.33955103067282 -1.49616141817747 1.7470585970111 1.16254509311149 -0.846348846633864 -1.4416252766962
2.42247432913451 0.729774146679206 2.29283103173272 -2.58044439118987 -0.773036707226781 2.76311220005573 0.280674916724567 -2.56744466148788 0.183932546688587 0.0272380531536728
1.31400980032209 0.000609234612285386 -3.80159491928919 -0.778594607301009 -0.261643983065684 1.89495377111443 1.45404564575529 0.438246147723206 -1.76086663532294 0.873544944129365
-0.585565483378235 2.75581357180592 -0.374141688290686 -2.41435639875771 1.02452126156476 -2.17463520474661 -0.229863865398585 1.68082944432218 1.29053119282524 -2.19031517923111
0.893720357746967 -0.854159675357654 10.4644317883821 2.17329470174881 3.11159013054833 3.10609456364406 0.859902674442012 0.843373144537197 -1.99984168161227 -2.93917787590508
2.94513635831722 1.4235980899967 0.627419404595545 -1.27585679406913 -1.61606426225483 1.28495931445523 -0.58248112518226 1.20477920655122 -0.768010944960716 4.13540353450068
-1.82409343995963 1.39335524551205 -0.371995067299523 -1.08768514243727 -1.59884468136276 -0.928860933656678 -0.00491989037938135 -0.333811290561244 0.68700043674148 0.0254904205218396
-1.29486674632228 -2.82323565366654 -2.53849516337118 -0.298501433576234 -2.03051757578016 0.917929300336638 -0.87639153611262 8.09803643136076 1.22533867287266 0.308754369670527
4.20796405473899 -0.117353482979099 2.56054870385842 1.21664634784622 -1.35522686325739 -1.17152878027494 -0.27464978053377 -0.442637366137654 1.34493837010561 -3.66495619523831
0.734936780379064 1.25789984816314 9.09870374674486 -2.03000394203975 0.17943444286369 -2.92323860878469 -0.478662811932928 1.01407016826179 -2.63218499424991 0.954173943194291
10.844230622664 -2.75836357169442 8.09261724594269 0.307633871980306 -2.21059336583567 -4.24020189029954 0.296353104853879 8.76614064055391 3.6533582099949 -1.63543769342754
2.21744884227144 1.3108858311239 -1.75418818102544 4.09564578323527 2.52263864202673 0.832390259288574 2.61543128605726 0.739306681014412 2.13749139145225 -2.03118618446809
2.62561293604186 -0.815065094078138 1.02055361147975 4.20970060463744 0.737582848169027 -2.93245924229112 -0.619908922574846 -0.958260766392509 3.70496673521427 -0.0508673712159903
0.827690005525273 -0.322277642887521 -2.24447637893499 -0.580114800705363 -2.00726880209546 0.252616412043487 -0.416972381124963 0.266655875721748 -2.43176212094882 1.12314987449345
2.30055848216867 0.979341991702886 0.060128622109601 2.35646046815555 3.55056717871529 2.99239126830279 -0.0922557663882857 3.39956117397794 0.515156775278202 2.28944256569947
-1.33202829168723 -1.4833378126507 0.784827558005046 1.23785228580752 3.61988546148771 -0.76159002358085 -1.75632057623369 0.111020844573628 0.368558058691411 0.537572812057761
1.95571351700879 2.7148055380592 3.74345917921732 3.04122122478049 -2.96471968469569 0.100850621338235 0.229873371538898 2.99001779335739 0.759001241266968 1.86360731934447
2.60664134623265 -4.45797368862199 3.36309388732085 1.0183092088345 -2.65306396535519 2.64069519487102 0.11904159463753 7.87096204069151 -0.605949437443666 -0.634851642928085
-2.88206645961208 -2.13541128066556 1.8347543168271 -0.921496353705672 -2.18929818938518 -0.10205005569806 -3.83666930842808 -3.17094600180432 3.16049011069092 1.86927861281572
-0.685538174510603 -1.04302165982197 1.59026139998988 0.0691192394268796 -0.842005543265339 0.340149916344587 -0.692255505843882 8.07939130580564 -1.68304219856021 1.63439736797816
15.6707883073163 0.921272520846144 11.753965264154 0.515171358752483 -1.20215577679223 -0.503667866796736 -0.195094846182406 9.94362808126477 -1.27720244240397 1.10877429978783
-1.94905574277174 5.33899370345254 0.174722924184706 0.268090832061599 2.30526546975463 -0.538491238153226 2.12041655128762 -0.670288500448369 -0.196149829981677 -1.94097217397251
-1.08907451534004 -4.96915783179074 2.06326464687973 -0.228742141177511 -1.95574731828225 0.185178914292531 -1.70736002215956 1.74627472569419 -3.10149168905126 4.15484700728026
-3.9136878652911 -1.72777590247131 2.50545499083526 0.890421664252395 4.48868852061068 0.226501750725995 0.956547162660733 -2.93853995667552 0.88838543747559 0.280691959848671
-2.62253605093117 -1.05201316127474 8.17492279700998 -1.52423166940608 2.98757594901266 -2.81463037044939 -0.787804254661328 2.76138617896785 2.96394358506485 2.00449444356518
0.444282849237551 1.93777145378968 3.18284695359239 1.57749851801023 4.37345043239506 -1.7269873835217 -2.079965919597 2.30047469813778 4.65931412305281 4.55220269223306
3.02851617663954 -1.54632648474678 -1.08299494810818 2.58097341164576 0.280415220223211 -1.77789640300626 2.6150973169659 3.08318619958033 4.56056849289185 -1.13817039938148
-0.718665314587776 0.411764167176016 -6.09309551979857 1.75357417497146 1.28265946560788 1.01688764507987 1.3315152874874 7.65346281214355 -1.4112491272808 1.1482239593232
8.84717610723585 -4.25764663923242 4.00245768778357 -2.10142506265887 0.410402529704161 -0.689251970437533 -1.12352063976327 2.87389507885932 -0.935686984510498 -1.3926420246828
-0.525887629682841 0.439106778541845 -0.019224387868451 2.63970325731517 2.50791943027718 4.34816683433092 1.55139711049794 0.446214573233356 1.99351192410151 -2.71997306242994
-1.1647938250782 -0.442979364389311 1.53720819839224 -2.12591122822034 -0.752533302712176 1.32667660648054 -2.41736184837214 8.72742814348842 -0.162850626235647 9.19355543940532
-1.74754110605 -0.629709962520565 0.0600486354155892 -2.19228861469754 -2.22925955331676 1.3864175691652 1.71316400958105 -2.66996915820458 1.17464714545379 3.32765899979792
-1.55852440448375 0.0864417721638666 2.50011300901831 -1.23446032802167 -1.62135866090005 -2.89031136745812 1.18501090410637 4.33028473721908 1.88544431909422 -0.550409120636074
-0.308113638218288 -0.281752567838309 0.354002679146477 -1.37606180181862 -1.37765268203825 2.87904236045525 -1.88840115775718 9.67901848172452 6.81642142873606 -1.29899843129751
-2.19113192435535 0.048525842122812 -0.36514535986529 -0.615390272573418 0.560039661816715 -0.127066790709577 2.34666856942416 0.419209842602564 2.54922120008281 1.82137642605413
2.22704151735542 -1.46701039299794 -0.421097619351529 1.93689503528692 2.14054381232839 0.514771785769362 -2.40062821803996 0.358789794152654 -2.3677289625923 5.83918722173835
-3.99104277388799 3.20561495151477 1.28926418703009 3.10990405092353 0.3029499697079 0.799218324962488 1.0014825806392 -2.78498677822599 3.42981578165026 4.27102075562837
-0.836170414586383 -3.15276243409464 8.50990794975839 -1.947074971591 -1.01548854605748 1.58090309674493 1.89311329959671 5.4226506591871 2.97494624925731 0.0401537851090859
-2.19485467724175 2.74578148432317 3.20979732048235 0.564150466765045 0.261614524469896 -0.919094683620422 -0.681988705218009 -2.10986578403591 -0.11624204646953 7.47398284824646
0.431350487566539 -0.262159021132887 3.28959124076207 -2.37414674750625 0.91204503331468 4.29070369469452 2.0917802930688 -0.604748351254152 -1.11543493444749 1.17769832355732
-0.618903388757452 -0.458278322394336 2.97008965372788 1.25711727086108 -0.687250065702716 3.07291367742997 0.711830364269884 -0.0739104073726509 10.8800162618101 -0.428825067255679
2.59724594075623 3.50629626385212 0.386084280549762 2.13017401173547 -0.0190826842118516 -0.228171375452554 0.957287928275319 8.10910881517304 5.43748300133538 -2.17162227454721
-1.37850501124759 -0.290100950233259 1.60581753839946 -1.42790129267286 -1.32596326740792 1.25057430897763 1.56916386414955 0.667593665272343 2.44839594099436 8.54391927525565
-1.00417328842774 0.833307107226388 0.28099977410702 1.33276511656374 0.88420426225183 -0.480420181016763 -0.46726803331504 0.596546329105714 1.50640634350519 -4.12408894270781
-0.541971008511168 -2.96752201006786 -0.095636823223348 1.04743618306613 -1.47627351146725 0.946129307669141 -1.71800411045323 -0.194963155621338 2.68504400943821 -1.07404494223685
1.75907571129894 0.397878854856832 7.7281819500819 1.10334534728526 1.07963581980141 -1.84877350419444 -3.16262789483681 -1.56567656561689 -2.79615022470114 2.16935976276167
0.747595908332714 -3.05100934918164 -0.959145897426303 0.891165316930855 -3.32836424475176 0.388453181703137 1.75291642874433 2.02100889757101 0.354582647419084 9.09281963380919
1.46936935430079 1.71116133561388 0.622040092417375 -2.18980167373932 -0.602191568530573 2.43589301761373 -3.02053011727448 -1.55786216645821 0.242671803163269 6.3285288993734
1.81901396811605 0.785209790658722 0.669261994397128 -0.351709534206959 3.38185708839073 -3.11158286949141 -4.17572735931058 -0.982061742418222 3.80222936876068 1.10191534408868
-2.93817016376285 -0.666401801904032 -2.48643642970498 -0.162259567388644 -1.4340973154979 0.163596701544819 3.12893201884682 -0.0666601473200311 -2.35665548912404 -0.0121652246714644
-0.379561410805831 0.742606500073768 -0.657580832168794 -0.635855668658982 1.36270170109604 2.57636299492777 1.56554356776944 10.325082235454 3.15874961804685 -0.931793687172507
-0.260106366733052 1.72718600619194 -1.51673458053482 3.04262042252828 3.19746182486259 -0.487264324925028 0.390682585252543 9.79194809083302 3.41214513128195 0.835194349448964
2.24776165201715 0.318821248221791 1.61593062113348 0.740371877117028 -0.648643251003519 1.930263595374 1.6224404454712 0.376225729524809 -0.999967465776738 1.78872879343278
-1.56749644737882 2.24470479902322 2.11419347027659 0.543389768506572 4.5089583796505 -1.92122376581202 2.30345179243467 -0.642340450645195 -3.66087283118026 7.44879026940083
0.0267885184441348 0.396355081303685 1.55661947176151 -3.71425878978295 0.628674555608567 -0.317783564205247 0.757414458818521 12.3094849056239 0.27276750967626 0.459648333068217
-1.56935109942129 -0.338632995575395 -3.76339096898855 -0.743200865155476 1.44973642454013 -0.16482183015734 2.03886193837 8.64959433129371 0.67862179688147 -1.2989534562545
2.6735818975113 -0.28226944485199 1.71765952321768 -0.0894838855595304 -3.99360606467415 -1.63427404814965 -0.334789328158833 1.95675320689283 -3.68085447714243 -1.63256563129055
1.13296086509425 -1.72820107354114 3.73826579564875 1.94106364798745 2.78101692524346 0.63529987218949 0.70415814186296 2.36656732750581 -2.19493774268954 -0.620413118879076
3.14373223522562 2.31524975445132 -1.78460380664011 1.05194438217635 -0.993526153211075 0.119676368619275 -1.92504574455733 -1.07821668393229 -0.695240007296098 1.89097585828326
2.80046493381321 -0.563882258432946 0.956948369516183 0.236105555182649 0.985644778432563 0.0863165799950432 -5.32146783286031 -3.8328047937937 1.14021991239221 0.981266826075509
1.05010568730152 0.542262518762845 2.90881211748465 0.345527028094621 0.0767271037499717 2.19672300348553 1.52232701020761 0.750346206006042 2.52804650472578 0.499270217122706
1.7209003121214 4.96879807076777 9.2057278566171 -1.17150187260049 0.590256084951736 -3.41568022044665 1.30047144787935 3.2678069672608 -1.16693394029509 -2.95331457178717
-0.752138553982079 -1.26338711788543 6.98107437423716 1.53191786363354 0.935526253958906 -0.197815193499974 2.56305131950585 11.3707541773267 0.190707267712546 -5.00316046751523
2.01627102342758 2.17285514475614 2.23843826404068 3.43198485076083 -0.858444297773584 0.898780918733804 1.3593491761963 5.69108338138933 8.85020333038583 0.0983815344045936
-0.497868128420278 0.873802945207827 3.09144200637672 1.34568911249338 -3.36395569503316 -1.67668589529564 -1.26183417132316 6.81389363145232 4.52331679805558 -2.62708046876148
3.10974086468823 4.11785522622309 5.36176181455429 0.909435279398903 -2.28930863728139 0.51848897883473 0.801533807157925 13.0372614183428 1.97364866323031 1.88972393008601
0.842582323624273 -0.813063531193309 -1.10383493074355 5.03576156851971 0.243910052766902 -2.66642770621234 -1.93181368375555 5.47345566175239 5.45945668598649 -2.11485199920793
-2.09213966799896 0.12400526711657 -1.57978708626219 -2.00364062030993 2.80363217300542 0.274127656152402 -0.295408330079252 -2.66678091251254 1.54188168509557 -1.05721571793369
-1.76622744155581 -3.86071638735165 4.4154021674109 3.04224340592766 -0.67349871914946 -0.0165990701911998 -1.70254676101393 6.69891211428271 0.259401639605507 -1.53170242357955
1.78301686536128 1.72220205059542 -1.10063205150585 1.37900315041829 -1.12243836856305 -2.35912392232219 -0.814489939494082 3.00286622248138 -3.56259449259321 3.41916396344415
0.676245960053056 -0.525531103173907 12.2424688135619 0.532234439314619 0.0725570101512369 0.0118734684157672 -0.58411657755836 7.01796223287103 -0.418536421511083 1.40241582845451
