3.49244358239151 -2.81788676868674 -2.37288824809053 1.8223034988129 0.188635127056697 0.50883306118139 -0.30761133868666 -1.99710747360621 -0.263911329829848 4.9674471338785
1.14317085991509 -2.29839883742248 0.305349287347379 -0.778897244764967 0.784979970184262 3.14282263012369 2.27664011412176 0.271977987576601 1.20638860067267 2.41885160649112
0.41517260234215 6.81159969325982 1.2835697993669 0.315306143594446 -3.26284879835839 -3.91763921746357 -1.58512561099322 -2.87761573601748 -0.322921945522788 -2.41191942460083
-1.33110580097171 2.95726287828867 0.248111947980083 1.1498933798303 -1.53271210987112 1.4531148459633 0.136795157180304 0.909064359480659 0.931326939534175 3.1516167893113
-0.679995350426886 -0.926691577036607 -0.42668165168381 1.20517526968011 1.19495998552865 3.33713073042405 0.733854279824407 0.704545971971612 1.04594113611868 6.25460993184604
-0.482924009398317 -2.18907842941825 -1.6091684399119 1.72832942445787 -0.409696582232349 1.66347175758063 -4.26356774471739 7.51960145647802 0.500553631510288 5.44004343991298
-0.120384665193444 -1.03334621512586 1.47844442518458 -2.65563132973762 -0.144732588103118 -0.13370264028843 1.56311928435073 0.272945388240077 -0.203899380180323 -0.0765642671311495
2.50192469744451 6.16647274988279 -1.33738477497976 -2.0383709843914 -0.961839744136942 1.20596775080843 -2.51305727719615 7.79280145641258 1.75520566345765 -0.365627163787249
-2.04318474947621 -0.257139043042136 2.84704761490754 -0.368516035172507 -1.74506268079084 1.25300538802542 -4.30279962820091 -1.1242840581968 -0.671393798244238 2.12947659292114
2.3175641298123 2.77232234536341 -0.629944948031765 0.400837873057099 -0.672505599040164 2.53422102368028 -1.46066559951951 -0.0453474410793084 1.23862285759313 -0.241025070085561
-0.426752080427255 -0.511953875184439 1.40322462622559 0.439059797954664 -0.112985984371528 0.673131570077549 -2.49462200995261 0.274455516959698 4.05703318628339 8.05418613839116
0.742403827349977 0.33637722160469 -2.94108266075877 0.822926636209056 1.99220540855199 -5.18889961831506 -3.97659290298407 -0.460757447745191 -3.0529614520198 5.99758863990987
-1.74707249220488 -4.55270252935594 -0.950357988832793 0.377002762159761 -0.0802264240170922 -4.71750926511609 -3.98367003489043 0.0233488424580469 -1.18678007451017 5.25033110158863
-0.884721108868448 -0.0860899503418873 -0.899331113440243 -1.63884665937137 -1.80955124900253 -0.391874000248166 5.83861261920798 0.992796904502043 0.768442968176271 -1.55691238450459
2.18688131496809 1.72755823439726 -1.40935211595522 0.128386022453415 -0.606902661881509 4.63971282606769 2.39979621661611 3.44393335254986 -0.277402390445683 -0.0833277958664969
-3.47193091359941 -0.531844691230692 -1.62318285918639 -0.296974309615887 -0.078122668464779 0.635057778126114 -0.209306439989364 -0.17326514914685 -2.35066741350823 2.53073089433785
0.0668487262301221 2.25411201121157 -2.34594814378755 0.277601327184178 0.455597054650346 -0.00552298392415192 -0.423862501302113 4.16602113703414 -3.42657307939857 9.37362737356234
-0.175469559820511 2.26681800063134 -1.94758488108497 0.783954170002563 0.100444868251673 1.84158609326534 2.16303682252036 0.386699323292459 1.61852891920445 6.92762909204258
-1.25845696137578 0.97757089670378 -1.87924261659436 -1.81722291757582 -3.51208996122824 1.71439543127056 -2.59041551195342 -1.6609552863792 1.0153937684684 6.28095555831419
1.62672585625778 -7.16236267128147 4.07813941551411 0.776256377578678 0.788319645441224 0.907455667629744 -0.729499917115108 -1.94691643730883 -1.57830623219077 3.95109177240186
-0.305175981854819 2.04419873818996 1.69874876214149 1.36809274667636 -0.391013300394997 0.0455163219514082 6.37404466908271 -1.79795482775344 2.96484461996394 -1.72674111291353
0.917763301313713 -0.795234744870203 -2.96025271168331 -0.972691671368884 -0.436669661227548 -0.463802132964503 -0.635557433565668 -1.13647630594021 -1.92276331859651 3.94399731138781
0.416985260173519 -1.3459660477611 1.92755833828562 2.08202859932302 -1.82408558846417 -0.277491594376823 3.53428310593737 -0.929756314438393 -0.837212508113312 1.05246485333946
3.025993768623 -0.719862855766739 1.63423034951251 1.06537859724397 0.270640083480514 -0.320815031942871 0.309103740449069 -3.09037257402387 2.59040664844846 9.26488160852942
-2.57960581212028 1.85663787013806 -2.67979729779424 -0.188778422401781 -2.65911946416083 -1.38828176157411 0.844772647184892 2.69741418483681 -1.91317770728753 0.848374521003859
3.11821043224866 -0.470733761847082 -1.91228132312258 -1.10266650614563 -3.40782787052436 -2.84194242182312 3.99469244512409 11.3246175656659 -0.259166630021141 1.46257536402569
3.50934918092086 9.34491766374429 1.12773006083657 -4.44878101203567 2.74998460692931 -0.2005667899761 -2.91677314996527 0.937535811620083 -1.50474441593365 0.652976546937894
-0.206241913080521 -3.63833666571825 0.0117902407510802 -0.0676559080169087 0.32840675366779 0.138802931060308 -0.601539866578233 3.37784454381619 0.70897034588034 1.49465563500263
0.568148286053051 9.38818771214828 -0.815860149158385 -1.61490625914983 2.69147765176403 2.2574430510852 -3.90566844357051 -0.347243369777061 -0.534589202156416 -2.51876159121307
-2.71738603477624 4.01483256148712 0.17410275040518 -1.2949141530689 1.2245913308572 0.619049180677904 3.06836937961748 -0.57085541388372 3.62718228976769 -2.26957467160575
0.207292539243836 1.15128247211487 -3.05378981987009 0.854478445269688 -0.467908097937297 1.68218210081437 3.98723585907735 7.5489617469098 0.372498889629958 2.48766906870682
0.257966671887978 -5.75197763037032 0.241896891069077 -0.431390392940275 -1.96556973096358 -1.90224937262149 0.765769728266099 -0.827407533142506 1.87959574755388 2.73564313478329
-3.32927461721617 0.514022011356353 -0.269213013632255 -2.40694958004888 -3.16475736230061 -2.37595548269969 -0.650462799656872 2.07155620686345 0.402862871431897 8.33720858096989
5.50077665851133 7.42202317123061 0.634166677603501 0.487352778725566 -2.17287387323073 0.308936993779808 3.42560539660909 0.836149269094837 -2.56098886159128 1.53965015090163
0.552666155289474 3.32103698976224 3.26496053073247 1.88490434818664 1.00251291819399 -0.829628933850981 -1.82479751507855 1.64453464946082 -0.382748362745899 -1.35874734381633
0.512814322274864 -1.17528677197004 3.46331918730472 -0.155682890732154 1.21029883470127 1.50573123877764 -0.0816145702145114 0.93232890933897 -0.55392161905965 -3.02196606318115
-0.28193609743925 4.85720320846377 -1.74313242925815 0.639900617050451 0.104217725355336 0.738318550401327 -0.908587795042829 -1.60171493777673 1.37732370471386 0.828681840679126
-2.82451438620375 -0.0332922872544762 3.40458190479925 0.0586407917249732 -2.27107992683763 9.4310588496936 0.390178868996173 2.29774213160797 4.4158064650847 -0.761258721194706
-1.79008794994366 -0.144098867873021 -1.76544196934535 -0.189463026994695 -0.988435587812724 -1.92798615739045 -1.86863713563526 2.26236993622907 0.555019630965436 5.69283902635022
1.84135825079994 0.922257501053664 -3.25300678835153 10.7363063733713 2.90066183547664 3.23974986255052 0.0744332070354727 1.79847965326354 -1.38136225486742 -0.249573830977096
3.42383068745982 0.454813861651989 -2.14609938493332 4.24039133164277 -0.279200903055888 3.20475921336516 0.524159155560048 0.698133481351016 -1.5461918337091 5.17537622457116
0.495061798245799 -1.51796136728005 -0.772626585972088 -1.46384350063778 -1.03178508277637 0.0517356100571249 1.59338615806269 -1.0944525477351 -1.63756841698601 7.00729396634434
1.07373931545542 -0.52616813211774 -0.756608511546424 -0.352957394154712 0.445935076670447 -3.25352715508143 9.18584068348163 0.0190617000766432 1.9998217845617 -0.612182775119463
1.71827641931882 2.36029780619083 -0.29274805642601 -0.897265254055846 -2.57057172869197 2.74729636001639 -2.85431384631022 2.66731453134953 -0.287895040704822 -1.53255255418317
-1.13885770567805 0.292364618663703 -0.0534101209847099 1.899013996635 -2.12382529114509 1.59917287911056 -0.492826521055047 -3.19682332661599 -1.13669613628147 0.989578674456129
-0.908505757297346 -0.726670853277914 -1.42092772078356 0.262078200357536 -0.440374899116963 2.88111506854014 -0.741872808041643 -6.53738163670843 3.55349854819256 -1.64816158840382
-0.978361202288755 -1.24111086695191 -3.26610496271996 2.23820011224974 -0.230688724594053 -0.669429019984059 1.02719408448551 7.13858027985837 -2.61583859179416 -0.558711209983003
0.99080393940464 6.44038829568224 -1.75284241984305 0.862287909856012 1.37143241383064 1.90556162901289 -4.21802877154617 -1.24122509563414 2.21234417299228 -0.279740373007592
3.37104640766631 0.875729220653421 3.30065963908592 -0.0220088672514864 -1.58408866200953 0.510816843765769 1.65840150293949 2.80424263803167 -0.749265333768563 -3.23088067141369
1.39224920963406 0.309009892719698 3.53512509113154 -0.0260333033972979 -2.01476796718336 -0.798359280692939 -0.603740121859029 7.20157719200736 0.46370207364829 -1.54191888847658
-0.0797899946839811 4.82418955771005 0.0308765216155968 -5.07139281418931 1.08987811197791 2.46467356560237 -0.480999750660574 -0.631359278299065 2.94014957044376 3.31275610292636
-1.22308970206748 -0.189991764362422 0.670195145731212 0.115140230748798 -1.886980111205 10.1617734803133 -4.29596779591031 -0.959933873726414 2.34481837466643 6.88569003803909
1.75850261960827 0.990408511449609 0.124020655398088 -1.65441382191697 -1.33323567801952 5.06684561358164 -0.528599412812835 5.94899621863699 -0.689803276870588 -4.3213168273371
-0.316940836603286 -0.360188579364685 2.39018058697828 1.63675141624681 2.39177181313286 -0.358877806949799 -1.86649695052387 -0.672483452026682 -0.325560200468603 1.65659947594363
3.27026943136342 -3.32968389919942 0.0685637311364353 1.9000820873371 0.769869184876224 -3.00611884438927 -0.88922267410563 1.9147295536541 0.511364521166232 1.68753903227883
-0.186975992160421 5.84617284603728 4.04907383575961 1.08199096774195 0.327040472037477 0.6388923630968 -1.33469267034568 1.02310236482116 0.215954629088325 -1.91955556241844
0.810154243582946 0.192186166359677 2.37530093851092 -2.56111559267095 -0.24807430582325 -0.194256427927933 2.66089041698935 0.671948532919881 3.68646294899372 11.8041125794281
0.227019884506869 -0.0210215300623225 -1.70229082614317 0.859341618081823 2.87817156479327 3.69687376294809 0.11387769916539 1.41806314232287 -0.767801917956238 -0.711202000507978
1.54280784859999 7.99192709080282 1.27174770826002 3.58790492758209 3.27734790782469 1.40453523620634 1.14309750237521 -2.75489984832229 1.8662062803176 -1.86128466617384
3.82068439538 0.690931702686676 0.335716922609141 -0.852317241418059 -3.5346204960466 2.26620998927693 0.460926088566855 7.1785763920083 2.00901494928115 -0.0658453765619108
0.205753211336912 -1.5992409349779 1.13171769990572 -0.959675088396003 0.452421516295204 1.16184559258208 -0.274648132766441 5.84859510745561 0.367205092453642 0.683985524135375
-1.28203671178479 1.88803749517229 2.45867331547382 2.56218303546236 3.74069818380096 2.14090853011395 -1.61230538641667 4.78374942144718 0.685804419107995 -1.44179048526332
2.94349968138775 -3.53256720572731 -1.37588949939672 -1.92970336201605 -0.919108910106505 3.6645004899561 -0.0225796521194563 2.51864921649626 -3.86440413470468 1.70476001597576
3.22023416807539 2.12811172654407 3.80442388849922 -0.877891590319888 -1.31606345020322 1.19794445715053 -2.57389600938972 7.4098034038925 -0.786325443514146 -2.86353214231946
0.667086750431792 -1.48900961954963 -1.46999710392334 2.20106432810473 0.308400724945546 0.645754441729112 -0.00646204752195997 5.38887453843856 -2.18775721843788 -0.34231097457628
1.53325161779009 -0.360723015066919 1.63153783709138 -0.393327846007302 -1.24228914502329 -0.783691007594278 -2.08172486043152 -3.49869776516428 -2.19231451008264 9.44081275308567
-4.43956143472279 -2.45754440867106 2.97597663132915 2.57047431136041 -1.46027764311436 -0.732303752509112 1.70041664497616 0.592154433694898 0.512742818615808 2.84140371081379
1.42801337158492 4.05998820866553 -0.662102270469258 -0.368080997936708 1.52837563906438 -1.75483848374103 -1.77752532927667 -0.990912202943027 -1.52062986267892 2.58228610961884
-2.33525356601211 7.25525051389739 -2.32238551485414 1.63301743514759 -0.258639646104846 -0.522350926211488 -1.13054731165876 -1.36410389477429 1.97018537236439 1.13420011036839
-0.403493588949882 -5.47614842674812 -1.8094535468548 1.41360564272867 2.4324617620919 2.44283340449955 -1.09337793935448 1.44244134700136 -0.814494724389845 -1.72407955723753
-2.94764230063442 1.5666424939032 1.92356509880647 -1.90073894840253 1.495352407861 -1.11903350651978 -2.0241573700748 -2.62767847330983 0.132564413975488 7.73495543436545
-0.597397129165527 5.21977648444648 -3.53931145714264 -0.670284694968832 0.0438546524186248 0.034449463817452 -1.6328797954597 -1.22539842613041 -0.391151241494903 4.19229318478018
-1.57533680567421 1.79676935437456 0.631774138870494 -1.23097236720226 0.626204289505077 1.04863073736881 0.325872876845873 1.19809186415169 3.18515167156319 0.921977478244249
-1.51640977367443 -1.30286817120107 1.07655811053937 0.813842965778754 -0.345506133436215 -0.791109456298769 12.593802704927 -0.0598953695326124 2.58442807342749 -0.135750291627863
-2.5115223289352 6.92801883317582 -2.73815088213911 -0.416615233847204 0.583651193957056 2.41038168006741 1.71220683613486 -4.17208573875108 0.0209425796173188 -0.774668092455087
-1.51928677304045 -0.556784038381155 -0.167858635763843 -0.482084357647589 3.19540469566582 -3.11367337476758 1.41326550080494 -0.86320599661837 -1.60699449425193 -2.23416718704664
2.05464250846241 0.351822207178046 -0.730028264713813 -4.79204224079667 -0.516661098880554 2.06669524321598 6.46882855440124 -0.678865256949736 -0.614748022256392 0.333984674492015
-1.87754741216781 5.39285413842454 -0.195687809517322 -0.218181335945817 0.229269341547321 2.27767174730036 -0.354761237559355 4.8478685056445 1.79259125399418 0.379538787744564
-0.280174502334669 -3.55631903458117 0.937064572647815 -0.692901364856053 0.203995066733481 -2.03491791789377 2.07420737370495 0.939944382051056 -1.94239083347884 6.44275406499041
-1.80064718424375 -0.368562563470381 -2.20923226122236 2.99207977241031 0.739889558230051 -1.68266437925088 -2.98959354725101 0.668540138131597 2.12305488102973 3.1569792218134
-0.896065367238899 -1.69322740695707 0.525407210303752 -0.264292002607061 2.75285663844228 -1.61078765428131 -1.40693440605876 -3.13139299977099 -1.1995434921021 0.719145745960792
2.42944061045175 1.36999620489882 2.59629918497769 -2.14527739118339 -1.56675540236727 -0.29848637765779 7.71739261500823 1.69201127381211 -0.258864171243856 0.977910748833895
-1.39199610330661 2.79835502451424 1.87646583519998 1.92837882689693 2.36422592159649 -1.8493348563604 0.0317748399983074 0.0726598821589531 -3.00641285498001 1.41381184743752
2.79890748987853 0.142374106317533 -0.817146534090948 6.59437736062137 -0.78983527507059 -1.46247294796636 12.4886627276559 0.0857668185523114 -0.547287160591981 -2.58626809321851
0.958775972454967 6.80935544954461 -2.70788875325302 -0.362634568610436 -1.11834565478583 2.67451354761284 -0.707569461624278 -1.11347380480614 -0.633611570927029 1.74846280092696
1.02301462332025 3.85553960845243 -0.133920251513445 1.08992586556606 2.51515768062832 -1.19821847104224 -3.90530542724864 1.30153756493996 -1.50451225083148 -1.13014704357117
0.275949312668704 -3.883477248676 -0.48753836283489 -1.82096441845487 0.301947439463905 1.23693262529544 -0.186734579478818 2.98787021235424 -0.816097123532222 -0.151847886465584
1.29978024405741 1.49442408579033 3.79261701948851 1.253507709787 -2.06588512673176 4.45048566810577 -0.599173687622491 -3.65393152800263 -0.348591037816588 0.618811356187682
0.406766670647603 -1.73983814271648 1.43896666912919 -1.43139831893099 0.45673655003448 -0.57474967842548 -0.301805218462472 0.43072269491485 2.57390712614514 6.49833974638675
0.365917975628412 5.20897874180449 0.295694125876329 2.45746626376889 -0.450741806032448 -0.270320633021333 0.581938398352316 -2.84304135276161 -1.61177042076514 2.69484010896298
1.38742551334131 2.39652819901892 -1.0976100936085 2.10380150109577 0.666194640099232 -0.726682541630603 0.807538633181744 0.519026426516403 2.58533879619362 -1.29259282895549
2.18641776708388 -1.36303689865481 1.84974964023683 -0.844459603787517 -3.45049766096649 -3.09805002754777 -0.974809653723931 -1.82833246979009 -1.76926969366039 -1.4174920251395
-3.41997731952627 -3.55789364374917 -3.34911628039792 1.02500442589139 2.03445445059572 5.46908470189869 -5.66874684026689 -3.36983589487875 1.56140898370055 -1.80009628016986
-2.2291194070875 1.9960999498858 -1.23572259048241 1.46745692270312 1.385494548363 1.96918578253563 1.89099749409877 1.7546004535804 -3.35324862163704 -0.547359230970629
2.48669144011871 3.79675438429003 -1.66625012141556 -3.0279044434512 4.77787717399204 0.749669612778921 6.51987181308055 -2.5868574024539 2.06499804548189 2.65602826808142
-5.28139916689728 1.074524176341 -2.67652707341149 -1.50705203460156 -1.71572087631208 1.54941281775746 2.79811361218098 1.405497308605 -1.16184189217215 0.477890722410978
1.09208998982686 -1.00654163686885 3.40854420369777 -3.01201591381865 1.38699891789149 0.0156514249530284 -1.32403126594326 0.359898109824686 0.236280527519805 -0.00669927773836597
-4.07051613530167 -0.324043049553296 1.97489220440527 -0.418843356216211 -1.29053622926255 -1.52738221978647 -2.46125573095691 -2.34387126480971 2.2468018323373 1.55402392349535
0.611433183142135 6.77000630046753 -3.67310809546483 0.265027538961936 2.99737956558568 3.90667760367199 -1.08036480515906 1.26414952492529 -0.696740861607867 3.69910294832874
1.20326457672783 -2.53083719944101 0.65579107234574 1.51702359738388 -2.14429852409162 0.0987786737877578 2.76664592598066 -1.18044315329658 0.959766906307964 1.06951200738318
-1.62962661697345 -2.8185317092776 1.11714533553794 0.618286095479159 -4.44558823517418 -4.88731552251802 3.64560284820776 0.29443152461112 -0.428132740933192 -4.54488376566906
-0.291044386540042 -0.140255339827377 -1.29303355085184 0.775196997129199 -3.23132353307544 -1.37907494843794 -3.30198069838447 -2.48167653701523 2.70965178226294 -1.47605953765996
-0.343705431464361 1.80440549433318 -1.08511624455607 3.60539729275101 0.50650741307642 2.42950636441684 3.42320468265576 1.31890929100986 0.0788357578299019 -4.16652342903258
-1.37966373278453 -0.546750542699333 -0.693158166033818 -1.52159588700305 -2.22292213225803 0.545593156258518 2.59223287574044 12.5629865312914 -2.59584263978213 2.07254007500827
3.42722690379612 1.58072982476062 -0.535189713055909 0.196767819187847 0.768882202823316 0.235063947843427 3.08053186910877 2.87198454309184 1.16640762680933 2.77959610061464
3.29285284172738 0.232367441741059 3.30853214362077 -1.94395682193911 1.98616613521327 -1.67548615539562 0.498657735103976 -3.94800500312271 3.07833426715546 11.781978768578
2.32371901235355 5.91945559409125 -1.57936453863584 1.40963695474649 -1.29462291869893 1.15730168907651 6.59806563558417 4.124421920105 0.596132244460689 1.68755483448559
2.58068487876105 -1.42491570789661 1.603504355688 6.4620131826431 1.23771056049339 0.397274107198128 -3.08545959720143 -0.356804291623997 0.217234126252158 8.58090494149738
-2.75866659851847 8.1985968472353 0.11181597305379 -1.52340095417998 -3.45882278064286 3.02842257733412 -3.87467021799893 0.681083103222976 -0.979338662061302 -0.75747521277505
3.31955691999749 1.83611305504038 1.95303846893707 0.215309879431459 -1.13973888087609 0.0188874955675482 -0.072345295944847 7.6121861883397 0.85372110608565 0.778244940185674
2.42809037797934 0.226449628256101 -0.372788241660344 -0.105341937489564 -0.371980918167282 0.872216053411973 -2.2715946925647 0.193748070830099 1.3310761964906 1.18239465798035
-2.77676001330165 14.0113778189157 -2.2673702111534 -4.44139917378315 3.39178943238431 4.1113697552927 0.267801636932879 -1.54696184210625 2.00104698308724 -1.57721343321904
1.03963568752022 -0.440259959824019 0.92343792075663 1.74086624066174 7.39402308773661 -2.73734827445284 1.10339008078616 4.77992483002624 -5.90677314399998 -1.27336085290365
-0.791120168105433 8.08073292605713 0.263918803888147 -3.71935148688223 0.57623847228749 1.65851302754783 0.241090032464121 -0.809894803790486 -1.30229194942174 2.11048038207213
-1.74301395518413 3.31695129595734 0.0347755894470911 1.28631267437751 -3.84812360588622 -3.04822289822792 0.924397338657467 -1.77190195077463 -3.62040572921901 4.33095882607163
0.373020137539694 0.0777379952801881 -1.55021866401733 -1.18976869211718 0.544971661899813 0.813026088473541 2.52139332057981 1.84643550756023 3.85534307152608 12.7302579477292
-0.414575551344736 7.9697206482327 -1.08693568736852 -0.759580436167608 4.09286719723461 0.664938852845648 2.10375795083179 2.19069949913971 -0.0632205840685903 1.94720470104635
0.0866996976222234 0.0896402513504924 -0.526665746324475 -1.19498164151098 -1.00071099394643 -0.678873793036549 0.43011593948791 -3.2525139045377 -1.29999473157098 0.659020453573269
3.25325362715685 -1.40727587471891 1.86317650038117 -4.90666773676127 -2.15658045680118 1.83330005691268 -0.767567369188104 1.92844759034591 2.8139674606078 0.879148705356215
-3.00330822038767 -2.21294609341311 -2.66957914891954 0.43678080954859 1.02340359820152 1.82346610229183 -1.81234245970686 -0.844842319154165 0.36943566367826 8.74970394007014
-0.0520839505895423 1.55125565233427 -0.647072343506242 -0.621455901666418 1.74815470035944 0.0129411049860034 3.42056918649934 0.58368266574702 -0.500549637509495 -0.363790428072364
-0.779084144308541 -0.417621450368883 0.703782271835874 -1.96777481584744 0.843111315214167 -1.27781854989857 1.54545737834898 8.961480258546 -0.333046218332628 2.04417320540298
-0.663654950533033 0.58759451517579 -1.48344408090109 -1.30507122713942 0.378579058025965 0.379812626477996 -0.727174572668204 0.530258023763758 -0.549870755876855 4.67856394782147
-1.03803275633757 -1.18360653862439 0.459623968614103 2.52673255990787 -3.44569003324755 1.58822330175335 1.59512603404731 0.689680696895025 -2.21865312942976 3.09716904145736
-1.82109721650681 0.202647346389471 -2.84290682546036 -0.588949308473724 -0.450161938016821 2.66723577360287 -1.78316269545981 5.58017511940565 -0.927339703532874 2.57953831067489
2.10333320738868 1.75951950523258 -2.31090640589142 2.35414952241537 0.904360772740807 -0.0546903376259142 -0.177225211524565 3.01620654061338 -3.06636293036806 12.1157771973579
2.62155375386318 -3.08683152990307 0.334928730950004 0.356557299060549 -2.16518158693534 0.604704885435895 -1.51111587297808 -3.08273450988988 0.474668597046015 10.884703063449
0.0939435140905897 0.758027317386871 2.64509090508277 2.98465657979084 -3.02388629535034 0.0435686450152175 0.010467807113312 -1.8057073628235 3.43895375264143 4.51435823687764
0.977360123449031 -0.234354113468545 1.61650173352445 1.45221306835246 -0.187014444370548 -1.34648511598655 0.996538264174025 3.05407891682199 2.30252013133885 5.79980452003994
-2.50211205253286 1.93065706836395 -1.08787619967053 3.22209264259991 -0.929614374297921 -1.03096569765702 -0.0986176516694564 9.86986146714376 -3.74154439891356 0.448838876333977
2.30244348129021 5.51125227036837 -0.169505835342668 1.38948953278326 3.4477980753284 1.29432152348518 -0.961683598870493 -1.65336007036505 -3.75007631780731 -0.869854599499306
3.54008629912832 0.109353129182944 1.23518799936257 3.28008789426544 -1.55001032025822 -0.0911913670257836 1.27981171679001 -0.0651063825294748 -1.61483094105448 0.746939475498812
-0.559730008801643 0.540094985496075 1.03896843536804 0.712051593301533 -1.08014775074975 -1.12607172477088 0.598509706386878 0.0750697513521474 -1.29596340097317 8.59222752334692
-0.282890016360767 1.16680777316788 0.93494548384215 -0.146001070235394 -0.49077155457022 1.15178353206377 1.54891766484313 1.93840841164256 -2.80199114424046 -1.38326225648503
1.81901545418265 -4.25884019760824 -0.210696800088582 0.311918603985623 -2.69509328912714 -0.357553948591092 -0.915639699068826 -2.30133779625335 3.59315487264632 2.78328250594453
-0.280484893368035 8.04674053004946 -2.76269050687337 -0.0640563666471011 0.624674592654533 -1.47063797118638 -1.05472921079949 1.32869938868289 -0.729553244492399 0.716593367052983
0.735983494149933 0.134259553821826 -0.14450092838953 -1.22304068980457 -2.28841546188668 2.20060500923264 0.686141935714415 0.948323773601345 2.11425378655865 -1.02399065295648
-1.31955566349508 -0.496734748209877 2.13226657173994 -3.90978071685081 -3.59657177753772 -1.52489507456322 -2.15760761083057 3.00322491252986 0.734534418655743 0.296899202032281
4.37060954490828 -1.13261427195288 0.0121605989956274 -0.291660469308964 -0.134803098581852 -1.41549110335583 1.60202946639597 1.13315614483806 -1.99688793987054 1.23852443517121
-0.784149768777203 0.994342597706816 0.773574169868575 4.3115193022967 1.78460762880079 0.403303015845099 2.02675022483585 1.20692973170479 -1.02886888015407 -0.104526524710298
-3.85666497407425 -0.86599582553354 0.0159928351308496 -2.23102644133773 4.5055309081883 1.95426817198929 -1.77953168279537 3.81818969818804 3.40200616426267 4.03693639945401
-1.41614589060818 -1.3394701126416 -1.05339664816153 4.32048678643597 0.571960504386017 -1.4868733691656 8.48450826716949 -2.37031184769237 0.710778920875425 2.28917765481993
-0.318552393998468 1.77523312967443 2.57261582689214 -1.91398457892328 -2.06266932599527 2.72274967336911 6.21053503596733 -0.197685000294443 0.989979350733968 -2.8824834824627
-1.18016938637397 -1.08153351697994 0.372496547105667 2.85604125263996 -0.969188520486721 -0.279729518093193 -3.35691213702212 2.69127279048149 1.01814341749023 0.905052969840635
1.79773363160802 -3.681295945001 2.44091644696881 -0.0239937559377809 1.80952441092877 0.898163394357555 -0.0311294618635588 3.19657790224581 0.302458992766018 10.0114733831033
3.20089628322447 9.0886905392228 -4.0353651631502 -1.53265798490337 -1.54729398577614 -0.3758164410608 -3.43269613557736 -0.232629887186786 1.39123067817221 1.72353475172526
-0.680318177028301 -5.23052781934481 -0.984544683712368 -1.4791965187218 1.51788791684469 7.08197806909545 -0.27444056050864 6.07863674954887 -0.72320833363163 2.92214957558161
2.79797419722469 2.89683092972952 2.06583751993389 -0.0498078974580605 1.31470794812586 -0.538937056432338 1.55286288599136 -1.25545904721493 1.80003607542712 -0.761882657890039
1.57165244353775 -2.20528757215332 -4.71215743397948 2.02028103806528 -1.37582355256825 -1.18717467051193 0.0117874817909611 -1.75301669863358 -4.17454737159558 -1.72312331703367
0.91774851988166 4.64914448486735 -2.71453301262467 -0.514114175660824 3.15598445455366 0.424067824670679 -0.160776944867217 1.65396564197384 -2.46783825673547 0.142988062731321
-1.75627556548607 -1.45103336072561 -1.53824532703637 0.15375602905036 0.983587522625196 2.42988718918886 -2.83322792390156 -1.31487266008463 0.639490267075563 4.35132572893211
-1.50196109868982 -4.16292761473942 -0.0900269124026679 3.79285290645282 1.58107048116303 -1.5736898966569 0.72562606116094 -3.08444458242744 -2.93644303337424 0.993762686819771
-1.37751767444804 0.411813085044175 -0.0790675576047259 -1.83148505446183 -2.9446202773649 1.58502083104486 1.68352272651232 0.189451560943234 2.51530949235115 7.29970048830874
0.0829896669733964 1.46489028345245 2.21288425999805 0.383321386986196 -0.135361626172158 3.47810510434404 -2.42405909319419 0.932365885514504 -1.96072818530417 -2.36558922948171
-0.18682930882174 8.56353298977287 -2.68437331197364 2.23858566040264 1.39974742183909 -0.263993514749514 -0.296030119492563 0.0562702738945891 2.42969487199344 1.10071969179318
-1.20403394691211 -1.44725309491581 -4.73931630386158 -1.48226457182795 1.53175894470743 2.71327099110893 0.577794865880033 0.612241554231662 -0.27854149540846 0.492462340247894
-1.87293542012132 0.463442364652034 2.4568402599517 -0.932010500356225 0.697195611096036 1.05561130999284 0.875496539448606 1.74242982273879 -2.89135157312875 -0.824237811681807
-0.311084863333891 -6.20485688287697 1.58937916426423 2.05469321054271 -0.0410555197741649 -0.926742672107625 -0.320571577767525 -1.57878028330275 0.373989846629829 1.48734986373267
-1.89795847692023 -1.07311168783517 -1.87213869244547 1.33193408776584 -1.35095037332786 1.7668867737977 -1.44770327441196 4.33984507416455 2.15875297884811 3.20349155786339
-3.29584913756575 11.4503416097211 -2.30583746518325 -0.439827832298197 2.22443907007712 -2.60444253256104 3.56658147656587 -0.548220923216237 -1.77548338713673 -3.99416065757527
-4.23132759956995 2.95126412693483 1.43453134056748 -0.772591595074991 0.276918889876887 -4.06601415680207 3.56802422122993 7.48642682269854 -2.37537927518263 -0.204090603796402
0.864413095147388 0.993920409933769 0.701062247100557 -1.79807274692977 -0.569083086400805 2.09467605638223 1.68880057549304 -3.11379422888762 -0.825123320953448 2.62609730760599
-0.0147745675325408 -2.3051615788203 2.09010308914312 -2.02591081881815 1.50193882039479 -0.0709158911894265 -1.09910705674634 -2.70197315240574 -3.11227767585227 8.40994750027189
3.16177874405359 3.47474767394064 -0.211504886455328 -2.0501436529056 0.404174119409495 -1.01783165336918 0.0561229626601598 0.53984289793971 3.36245192789127 -3.42409358753191
1.69935670036441 4.39168525614409 -0.422974134809301 0.229052020034236 0.827275803293136 -1.32319658064932 0.434158891896475 0.49205021609206 -2.46301414556221 -0.53634435219545
1.38362199546651 5.74931934281451 -1.18773482652407 -0.387046682200885 -1.55497282278253 4.04734775422809 1.2727927827517 1.78946164343125 -0.86723222398584 0.17114067709875
-3.78061999459918 0.701567312505533 1.6028164415386 -0.308085718715156 4.87094144275634 -2.28202373185609 -1.10849694388118 0.981944432586025 -1.70072009036697 -2.67337250319791
-1.03682758773236 -1.49836577260679 -0.820248857088614 2.12648625868485 0.0882566722261901 -0.7354461843671 0.308430012769651 -0.992424924832562 2.26174156275723 -5.27891175323398
-0.358086630157569 -2.3511792312071 -1.53867678137653 0.769539082497143 -0.845425419502252 -0.714538667738331 -1.41048853749031 0.322992609471151 -2.48610654066159 1.78840856191103
-0.595641684003037 3.05691878265107 1.78756923463082 2.26815122332185 1.66564292460473 1.5150881256463 7.00225656022958 4.44871468434986 2.33996017032554 1.16152156292886
1.71724001862521 -1.35431083434926 -0.95024137197578 1.95106342417684 1.65667378376749 0.297788919843461 1.15766127472317 4.49731127658142 3.38213158251616 0.260133380862356
-2.24452410265918 -0.415993218129908 0.096316553029555 -2.30836411230606 -5.0243898394389 -3.76820888332813 2.06064957466719 2.72185802805013 0.399137905594474 1.25051489332363
-2.82345413987589 -0.912386757343778 -0.320793658081779 0.305132158795869 -0.667455282080541 -1.67448072060716 2.11520208989329 -0.33351235683722 -1.22894920535365 1.9706190446551
-2.28478102130213 -0.305781853068948 -0.0461700667574252 -3.26505230504816 1.3690772203326 1.51335684287812 -2.67193960038971 1.08538839908985 -1.63733448449661 1.84095993872164
-2.83824788256348 0.812892312517462 1.98204333740985 1.51239115285109 1.81768817296001 1.24266337878304 -2.9335000992512 -2.14599357084086 -1.35382322130335 2.50641473805392
3.05291851416293 -0.868168376841871 -2.41171498915078 8.1725516897872 2.76713863304952 3.97907996848251 9.77750016815931 -4.51495945448039 -1.3163601530505 -0.0726523672588491
-1.70361583207782 0.227748561220356 1.69676484023626 -3.07446757754498 -2.01356392646218 -3.79198745746436 10.2712681286889 -0.644080403407569 -1.19522350834094 2.73851336156446
-2.7747171942821 -2.80185231009403 1.42575679184765 -1.26487390253286 -1.16194627980775 -1.46820188668537 7.75485112813555 -0.307204446602751 0.143630486267702 0.227733049438286
-1.56814310980597 -2.95128955625217 3.68588092064632 0.375444902930813 1.82096126017472 -2.37016520962571 2.44506873802655 8.18627261976998 -2.3342795210374 -4.10119623180446
-2.27467252381391 -4.03995622315305 -3.31344896936523 1.3577342387177 1.93079426551993 -1.25832276368457 7.16458666114701 1.70400656631349 0.00816617546126695 -1.88083398150547
-1.57160331590754 0.606660739604362 -1.53654272452055 -0.410009118205418 -0.236504237821215 0.880395994582614 0.416961854561652 -3.30714206198848 -2.53171404417418 -2.3182083156403
-0.622545894768469 3.89996286194535 1.50872565834287 1.07478329759959 -1.48068609254695 2.94711163765897 2.10591204759265 4.0419166345081 -0.737642420113399 -3.19576428442276
0.713820347530685 -0.93729080104771 0.733791559551559 2.41634242103495 -1.95604408930225 0.476865775125949 0.0153439872385107 -2.67331544814148 0.250836827064927 1.36943031102394
-0.901958096549926 1.16885448213572 -1.6594974310993 -0.472630164606404 4.32232827085998 -3.37683460132661 -1.19747471978366 -3.37961883971445 0.367556241797913 0.19905792723658
1.28951874360894 0.922715405751307 -1.87791262900617 -0.0599594318346578 0.305572867185934 0.277928007781113 -0.784352869215506 7.77193710001663 0.0847446940719282 0.316493232096236
3.23504221851083 1.73242923349452 -1.7125310112138 0.052199492156163 1.67360108673855 0.654315006370789 -1.10988705229245 -1.0520964065942 0.239137609137159 11.6844505326048
-1.79681529965808 -4.22359231976991 2.67113613138287 0.49317995539006 -1.59599933096914 -0.899062980786529 -1.3341170142701 0.389153881249327 0.584021358921492 4.38142889603146
0.841441379937801 1.89403579935052 0.635880655672354 -0.868785032444651 1.62308169309863 1.45196851918265 -0.710971355786143 -1.94451276667522 -3.18187430957993 2.81441064782567
-6.32564844143491 1.40873336264215 0.2687579594766 -2.10114146419246 0.35306259404412 1.11011061016331 3.15541209147839 5.9700305441151 0.78581487774752 0.97568123285639
-1.10873743994322 -0.846521951313086 -1.68467152089314 1.24392233004566 1.24094221926628 0.519394495113056 -1.52261055733281 3.58541172760235 0.107342493431165 -0.320475090533252
0.474427864058839 3.43024554598698 0.515325863048704 1.34496461064798 1.28741913218026 2.525167250026 -0.189837885180329 0.60746220316331 -0.87634973764266 -1.19627794394763
1.89293078617647 12.2586912562252 -0.864846807709262 0.640428269934943 -1.84509696474092 3.05962001367688 0.487886405903121 -2.98317856180159 2.10233303603866 -1.53833262518447
-0.261798612360857 -1.37958661320067 -1.04372571478491 -1.72353798525833 -2.4842903154439 3.80269502890344 -0.453191662573047 14.2931322529509 0.640293726053953 -2.25761097852745
-1.4005027956784 -2.69134307953954 1.24674529332085 -1.36151582473468 1.1479182686403 -0.137577594589073 -1.09183959088798 1.4948777960652 0.622545647882009 1.42950749917887
-2.93500934302154 1.03664867438877 -0.800456527298664 -1.28885032282763 -2.17979797531674 -1.24038216095009 -0.0586520644432896 3.09172633754641 -0.317442649078229 0.306215864099769
0.6910396705696 2.59903236443217 0.755724715017904 -1.38883632773022 0.971331961927957 -1.13932050853393 3.94147984624533 8.29452945332112 -5.15932444436013 -1.81912021814221
2.19561273062906 0.427729958893205 -1.39035672092767 0.0582973262150774 -0.857230030311964 -0.345550291003624 1.61301222697451 -0.395713893914964 0.755924310312329 0.947268645583546
1.59719845284654 -2.08755754632688 -1.1277253650546 0.143772495326037 3.24452643464639 5.33963056675502 0.815797602921207 2.19385476320596 -1.74123315270724 8.1659691814299
-2.47690433418187 6.33149983296834 -0.942766538797654 -0.669560359011818 0.0289589620382178 -1.66454602818662 -2.33368704687891 -0.97688364296098 0.13567444232425 -1.91059478049167
-1.33665759608136 2.14385454219164 0.231520629524532 -0.0177966654048163 -3.45482814942626 0.223659616228323 5.2969948461568 -0.929083813691524 0.739604200723649 -4.14886800283983
2.15313323152586 -1.79443257733685 -1.23844076781271 1.0820912337033 3.78931530765721 0.964213127912356 -0.171868529938408 -0.276916611040046 -2.02215932576889 8.15389141205913
-0.456370563741474 2.95653757499679 0.240399049213424 0.349141187385117 -1.43574493159795 0.763410116685579 -0.87695139603351 -2.88910637675075 1.2462014134958 1.22786146757766
-1.12347854644272 -0.413635343862525 -2.12809069917017 -1.37171038544214 2.16774625759738 1.67486567365092 1.62876987447173 1.40289283142295 1.34668164954992 1.14333146407601
-2.55004571957923 0.874591746507513 -2.38661622154439 1.02824473191864 -1.60127997926696 -2.33393093476007 2.72396482243797 -3.84689681835553 -3.05452691773061 2.38154057734439
2.22373946088386 -0.785246031862347 -1.75543481994874 -5.16459804642953 -0.0656393400462713 11.9610926971093 1.00492916760854 0.537751545287139 -3.89442995028095 7.29603885495009
-0.11364019940809 -0.737467098230749 3.97361692866403 -2.35711236371195 6.06215342042138 0.990505058883157 -0.0787486950362541 4.83792168675837 0.26292849915236 2.15433662960619
-3.71060430536495 -1.04427873361396 -0.620655696660898 -0.228810463799488 -0.581684443488014 11.7659564762084 -0.342277249909541 -2.92540949451863 0.548032871221823 4.13933443104999
-2.32528002603366 -3.32425501578274 1.15817921161973 1.05305437204607 -3.84835195069435 1.17452021905564 -0.783879299828973 2.92173749357253 -0.842260013275811 -3.98811013889699
0.50125029997478 3.80632328983418 -1.80238195610043 -1.06728582775373 -0.223585347344348 -3.2098410969478 0.579625975980589 0.721324328386458 1.40216548705838 -1.17065284989011
-0.337143538789881 4.96708674875777 1.82645962258235 -0.549055467446369 -2.16597948611597 -4.75486675384646 1.19869340581394 -1.39979807161196 -1.75015264884203 -0.127538286466539
3.04470107216254 -0.954600290512114 1.98458082468457 -2.02536534701136 -2.02031826286274 -1.49316840129798 -1.53899188776768 6.32713028266612 -0.862720202758311 -0.825598809872717
-1.31576436180104 0.648353683858609 0.472401864563672 -1.51276425807093 0.398122671832377 2.34958977372134 1.89312314804873 -0.0824848858267815 -0.526687909562461 1.36201413246303
-0.909726854685166 8.90722502347744 1.32688119525818 -1.78758552866844 -0.127863738144751 1.98070482763858 2.74962025559559 -0.301464664140068 1.22325796583421 0.295208867274447
3.52768428338918 0.72310082730747 2.55654780584991 0.960512812427826 0.322995377834311 -1.0441404899662 11.0540018618993 3.97890886154817 0.131853069892862 0.420122951231444
-1.93776195361348 -1.89394899082303 0.620436777580763 -1.05829749504511 -0.208767774333526 -0.103545206483577 -2.46897900753031 4.02807237807464 1.03969827932634 -0.453193162502106
-0.616187911018949 -0.55714987686741 -0.379520909062585 -0.446633672276468 -0.857171506694523 2.75358604017867 -1.4529365487716 1.02162215168829 1.28389477156091 1.10730105889403
