-0.0731886214193105 2.71068147236988 1.43911916381806 0.139715968002866 1.83569053258272 1.26211389016156 -1.33731418833348 0.96709230775782 0.546693845195364 1.73159314848078
-0.547641411538377 4.46619314776598 -4.58695663625959 6.85075289472712 -2.05282895287648 -2.61834729298471 0.240405031869516 -3.87048922465137 0.963365473824922 -0.476488039265536
-2.94103341153968 3.85432541851232 -3.41523387414379 7.05194791275697 -1.07349608906421 -0.841599087804437 -0.657964983176872 -0.651912118696278 1.88713688096662 2.363912562315
0.0247391095181032 3.3789259593768 -0.319379565147036 11.534255383773 -0.521111980029052 -0.145587615122188 -0.751806651569894 0.212949748566792 1.73527210216593 -1.66958528041084
-1.11551508413212 -0.130651574728392 3.22393315600579 11.2973515523656 -2.70967475917893 0.158024171034482 1.51262406163516 1.01443448589654 0.354666578159513 4.33926375564133
-0.470204671195125 6.93841173352846 1.84466710183867 -0.1266885939542 -1.87379422558618 -0.594183379622394 -3.24576821165686 -0.856341962917794 3.15939444901371 -1.56091576325664
-1.13341440508882 7.59272898257859 0.19905347357227 -1.58324356706173 1.99212866073747 0.907219238522259 -3.38630749116088 0.132759643957402 0.242790209939943 0.77643960334835
-1.48187764736467 1.21607906883493 2.74175811332953 -0.14993494329526 -3.50827269355222 -4.76924466061219 3.78852774388534 -0.833523105776266 -1.30055094778453 -0.740124256716214
-0.17129576288391 13.1243070552216 0.232472565850935 0.934254572796239 1.31541494830789 1.94358673738476 -1.15609846489752 1.6274157657673 0.413412250703285 1.78120182270779
1.11818163610534 6.60577654127489 1.06582464200898 2.15007242653836 -0.136567306786761 0.0232292062626163 -0.769603811378446 -0.408772231844798 -0.449289958671431 0.798749991290516
1.2798938947462 5.12357055337157 1.37825609973489 -4.67415330182432 0.626148505198705 2.38292853468192 -1.06540020107848 2.53067883408183 1.70931673669537 -1.77148003250874
1.68443206567193 -2.18459968995715 -0.947606932151605 -2.75745325627171 0.322319577631335 1.53789417342631 0.72889558155021 1.34550730667847 -0.346634032225544 0.363813326699002
1.2544883532017 0.441976962440759 -2.00035765063186 -0.0642572455608685 -0.392379439795543 -0.538125702377142 2.75817728788754 -1.6126773594171 -2.54347511986624 -2.63585969902492
-0.6343323547142 0.687419083325514 -0.655818379947217 -1.75692791980271 0.462856349190227 1.2756226560749 -0.939387950899667 1.74514697702463 -2.37777409055752 -0.779622153041604
-1.55385279271279 10.5399114403609 -2.96054392214535 2.7029757579678 0.147913559005619 -4.96947601480836 2.21669670149095 1.97675799909873 1.18621339021036 -0.713666742073972
-1.7781834046342 7.30172795606705 -1.9535590084435 3.62701539426058 -0.314723011515407 2.71978291967787 0.175577451996025 -4.34165002778351 1.26224605307495 0.232249744567906
1.66042440059792 7.78048429823104 -1.72702005375808 0.874668619262251 -0.311684595168733 0.00409840215512608 -1.15664831754739 -2.42543661307446 1.80328381735643 -0.399697276834131
-1.15715624967296 4.61371481704801 1.22529279443595 5.13130198448371 2.46312228622413 0.36850499712503 -2.66062851134397 3.56951272264469 -1.81391409811421 1.51217578887148
2.94170455212367 4.82570411676643 0.828403406674363 5.28573035051099 -1.14059902630502 -0.132915816116348 1.40072156281252 -0.0513200119675355 -0.156544129025415 -5.75934563573601
-2.54430597169935 0.994574671747648 1.47831736722582 5.20945590924168 0.929161869524016 -0.861869393571553 -0.524479809325351 -1.01668535220176 0.820753045810364 -4.40766329158443
3.02643773299108 -0.182672333337739 1.49586495910602 10.3664123418963 0.992695080611106 0.89731206240277 0.571524647425735 -3.83153473459026 -2.41796381357113 0.997666446516734
-2.62217640153843 -0.95557365182752 4.14913364010877 -0.944464266784213 -1.03782359566394 -0.463870411005873 1.94260797748744 -1.24061535954236 -1.42291267480682 -6.08362737949722
1.88156410852799 4.34996699069929 -1.83434452447437 6.39668739509402 -0.412139685806837 1.68803926243618 -1.49949035072175 -4.0794827787002 -0.814032981190242 0.301778840361157
-1.42330615210361 12.471759457745 -0.746445801717741 3.21845279046657 -0.123877662283016 1.09959489253717 2.81534439467889 -1.97954313679146 0.258218280772642 2.95439287209385
0.852625908292832 -1.59947483442811 -0.273874755894985 -2.85300199253346 3.93691508316289 3.76540538634232 -1.21752207828236 0.19483419513853 1.06527432283429 2.97818905670794
-0.0296327778780745 10.7673428533541 0.216852337345304 -1.30005516916874 1.94438135221322 3.70860513286735 -2.09892173916684 0.408720843394864 -3.5908057588777 -1.46471236927631
-2.29214303505877 7.55235235058615 -3.05197903228304 4.88570774570496 0.896614888036438 -0.918573508811429 -0.484075837839797 -2.75436864838062 -0.309008616356212 1.1910513932644
0.391363780388044 8.81004443059632 -0.0104391020782101 10.1399141418982 -0.65553901341676 -0.657094309039739 -0.335600223424994 0.685180877082328 -0.917947337773218 -2.8265805771156
-1.89888345678935 -1.54901461119519 3.88017883056444 9.5777490009737 2.20592510978411 2.34358907130269 1.44403846389988 -1.31751267737099 2.45844661586136 3.5186836764837
0.980118084243158 2.57396751126904 0.986103066663894 8.73985012009526 0.328606661919182 -0.562024884150453 0.139826744628238 0.0164658062111464 0.765512102857091 -0.994255881081154
2.32641075604826 2.35867829880595 -2.48227621809852 1.13899437737075 -0.702769293200768 -1.03608914685048 -0.440955612788735 -1.31003080904487 0.164517778559576 -0.602083301548743
0.121326303433799 9.75538773821208 0.907748598207866 3.45153262369663 0.127833741232017 -0.237979010957908 0.0175562612956861 1.04601122964181 2.95115965484326 0.0909062188061256
1.71316917441284 -2.84820385638419 -1.57867825918652 -1.51116670180935 -3.36268274544308 -0.834158949353452 -2.16270748091831 1.21055178083897 -0.153511358057941 6.67091314894264
3.43273313335575 -1.26833852615745 0.573010268832278 0.567625778387588 5.53287213053404 2.461724130866 -3.16073325830406 1.2165185711888 4.7231232995922 1.74526857231986
0.416661871653352 2.44482551596459 -0.266012940960447 3.45541811213972 -1.85543877831472 1.88235404041297 -1.06989650200222 0.44993891213332 0.976019444830143 4.34935016843646
3.22483305141749 3.80033033793101 2.60477587024357 2.47175581074209 -0.3785483649049 1.42275216659854 2.0939705555952 1.00847466191806 2.70442312746906 -1.37759153526337
-2.5723256968991 2.95990375214896 -1.0303686964175 12.0585719858554 -0.434554934833898 3.1891569900044 -0.245188746474142 -3.29465753545521 0.875833870223082 -4.4159987640379
-0.115003897958358 0.0641523701562057 -0.482746485661043 1.26681771940925 1.83492188115281 -1.30555351784372 0.94487155193356 -1.04706317961695 -2.56838953396997 1.91938560835049
-1.65971046968001 7.91614633495048 6.76641668021922 -2.22481808000225 -2.15105300397365 -1.15592909038779 0.58941372731761 1.95844788208371 -2.60197519292035 -2.84584092965889
0.97347662100803 6.01783383579734 2.78844748722435 14.4536696613996 -0.021008118934213 2.00823237631231 -1.46175079481036 -2.63832960716645 1.92741078670817 3.21538062759052
-1.31544921479278 1.49871759234715 -3.33604837884462 1.23548716343626 -1.63528967618223 -0.556875871835184 -0.808996043638009 -0.669948872912051 0.650917635002108 -1.2396202716233
3.08912366810759 3.52462993567123 1.38377963804136 0.406742557848081 -0.341135032730258 -5.14398902607013 -1.6372380314925 0.559135552832438 1.03932003659902 -2.13093300991777
4.25953297903656 -0.46311433452758 1.51901909700826 15.105084038125 -1.58444709349271 -4.40861248639972 0.593094438150903 -0.765938742428206 -3.03006896796582 1.36232403191849
0.0430080565770393 1.68687920498212 0.423069165972585 4.48782203152985 -1.28245477402956 -0.136023330958478 0.635139205471011 -2.41081498581837 -1.36185806700916 -0.43835488384754
3.42460299652012 -0.36299216071179 0.460924426278448 3.09929747982475 0.905928221634305 0.515299250334225 -0.386694102153641 -0.151591349489093 3.80662542550089 -1.19126906230399
4.7899879035026 -0.0591635790805085 1.86515210426826 1.82242877954287 -1.95140121448567 2.2447617764646 -1.43299592351457 -0.593874893871852 1.85142248316008 2.84805624975132
0.982739765577813 0.816886317377536 0.884633529721809 8.04073817037013 -1.46721100307767 -1.2018792479855 -1.73323194276845 1.57785672581937 -2.57847027121189 -1.11865127718974
2.10276252916965 1.2351465559616 -0.508621552515208 1.31266112886417 -2.44777593321046 0.91105107939208 0.161248441639812 -2.46375795347792 -2.6907994074153 1.38873512519621
-3.28592724086315 -2.72462055015129 -0.0474446978653945 2.43110813974549 -0.922333006274844 -0.335406135624314 0.08632275717777 2.21865855476041 -4.55728701679539 -1.01419063110889
0.334796514615606 5.14439993822386 1.86527408735661 7.0877938491871 -0.706646765638096 -1.01364110432025 0.17475566540967 2.4474583336562 1.40147632614507 1.71513542937635
-1.94678015120117 8.22966573514095 -2.27381323646214 -1.28600734387881 0.367220448818976 -0.941661374560931 0.20422648172144 -0.126700946631611 1.07280452029414 1.68274944195922
-2.45550584513975 3.00124913387921 -0.695632094626289 5.06379334303548 -4.61979193776583 1.49116702400747 -3.00580349448632 -2.26675220806108 2.79120537571394 -4.01975919906613
-0.814929918238966 11.621093904279 -0.534034454874355 2.11271164696859 -0.540644660003082 -0.203783888544792 -0.99793943296615 0.0630298195779126 -0.0951038726644085 0.562855214193517
0.357430578965215 0.0834694460352254 2.01303707330866 1.3457814019755 -0.404184331099135 2.05012125244382 2.22904243987334 -4.36944052537884 2.38342184130975 -1.53222716485052
-0.154414674171039 10.0824356029671 0.495056769843985 2.64095943653961 3.36238726158154 0.222268319788015 2.6088018652956 4.52496496635116 -0.733248166418058 -1.49904584887486
-0.2020887086957 4.52901420651094 -2.77479172609 -1.18174953090964 1.27929870863818 -1.53723416753747 -1.80131356583907 0.65454410665271 1.5828186042486 1.33840753963004
-0.386945696650575 9.37160361719152 0.714374090083949 -4.41896590206735 7.63028722729988 0.390272962791411 -1.10256074696441 2.64864833936589 -2.11659156878736 0.98209316391154
1.54021722032655 -3.66713903978081 3.4845063619018 3.00673402176474 2.60587184537344 -1.35010063062195 -0.512914878352002 -3.49463623847074 -1.42322155570205 -1.79261773842209
-1.77413462382274 3.88568536767107 2.36079764085621 6.20113491093323 2.93233555052632 -1.66882227530674 1.41001793013588 -2.27225748807911 -3.42012154513398 1.24224862296175
-0.494641684341581 4.94103237286388 -0.355577031356181 4.54561398125597 -0.387397673421165 -1.65368538866628 -3.54781759466094 0.790056133412648 -0.62649348095773 -4.37852223451695
2.00800125385508 1.94052474556697 4.00265925986856 9.85925102696671 1.34322989384679 2.05282736726875 2.13357406770447 -0.907378624255181 -1.47129831071565 -2.67929718926733
-1.3045238387144 7.05183195690192 -0.527053316318488 9.57362972230152 -3.15231941327213 0.686780244373381 1.45659737989758 -1.09000744417744 0.202509062128065 -0.316483024241404
-5.34774789086914 -0.248618152200458 0.352325842967601 4.78334064483538 0.496376427964807 2.66365745376585 -0.661253255263755 -1.57777379604808 -2.61600916243195 -2.28556305497898
1.46537522787676 4.16480539666078 -1.89563830637381 -2.8923758441182 -0.6413665178411 1.17358154948258 1.19382127759276 -3.38438041832966 2.46273008305667 -0.362621693977211
0.685706176790037 3.12493136597845 -2.8399466137734 -2.80959516530662 -0.592697685980348 -2.53498919261926 -4.4000119314646 0.766531631088262 -0.94346526256435 -0.798520485872027
-1.53665088742874 4.40542605531791 -0.29853192695888 2.13341419858293 0.357979907043676 -1.88482448091057 1.82249498972374 1.67732395440834 -0.343379548525729 1.3298660029761
-0.537354597780703 14.531763909013 3.64894854849761 3.31644776789793 1.86848494432048 -1.00461394977335 -1.6381938963956 1.45897893930673 -0.478799789079611 -1.49084406832324
3.44316777496928 -2.97373827592355 -6.09507106713019 7.64934459108479 -0.330623101889868 1.59102310458245 1.04227278149994 -1.57941532944335 -0.928582177649318 4.51247674731264
-1.29593602083392 5.6709455713972 1.82446609733503 8.94260716200129 -3.12004173858204 -2.13831213062594 2.58412742466453 3.98625962105118 3.42166670527829 -0.818832342253501
1.90994413540395 2.66342289529572 -0.0911131067390207 5.63530359312894 0.662240439953327 0.688469406496909 0.503561271072564 1.93499127557735 0.255323952260097 1.33289390087919
1.7177813633254 7.02764778209337 -0.445259119684098 3.40963562554821 -0.192409299241165 -0.461078774656809 -0.806766176275919 -1.42998359416205 2.05447605545769 2.72569571488031
-0.586912203377705 -0.797039941462286 1.46453570815551 5.46367834111262 -2.25513299251721 0.637242711041575 -2.28174603097726 -1.51330634093636 2.90390734865397 1.37859176556682
1.11500883104291 4.41621020843828 -0.0291233809670964 4.25778359557932 0.122344417898982 -0.631811772844122 -2.59331973056842 -1.02183898211241 3.40103915220732 -1.26742140317616
-0.276408897681117 2.90022758525418 1.13273162329713 -1.42423686104059 -3.6681315616697 -1.3351144103375 -0.55834536363888 2.84761719995858 1.85491615466056 3.46801121548342
2.22087678175918 6.36288081669866 -1.484767261739 8.60013331084999 -2.54203340527958 1.70794318193493 0.250131811180898 0.128009519411681 3.43882238870705 0.028069226084847
-0.113168968300612 11.4522930992508 2.47256835855546 11.7431688356011 -2.91380016067352 0.0325023960434986 -3.23759883190207 -0.216284650489568 2.6722659276451 1.97138878302092
0.655785913822215 13.2502122232426 2.87196517391225 2.63855897274376 1.24008666558231 -0.889635600802796 -0.362916590384145 1.66209545374544 -1.47717010884978 0.243410648705351
4.47546787783144 0.280721051532589 -1.59172950041249 5.8291301547242 -3.34610008229767 1.73962301652636 1.14160698155365 -1.15529787182941 -1.31110319243396 0.673103371232147
0.506781876863137 -5.49547467311585 0.101981083527311 -5.14993799582017 0.527470842760428 -0.0129066155196577 -2.77986291782798 2.64165638134155 0.73875294063981 -0.941260727815225
-1.24813554961015 7.72180714675388 0.753033179261356 -6.2362096498133 -6.22842435486422 -1.62333848938326 3.55316437039908 2.81772325472215 2.10517390250928 -0.636743590460203
0.928424805116303 0.175361648709669 4.06724633300644 3.73420588733286 -1.5169845744875 -5.19516753822237 2.10683585625125 2.58772870206334 -0.707598312620187 -0.544546102716777
-3.32611285796533 0.922130959184296 -1.66491410632613 5.97127819855855 0.804345633952476 -0.204727928485127 -1.4064198076484 1.72778881389759 -0.609549209882912 2.0751770306566
-1.93014851115128 2.96318783732556 -1.59208464983218 8.10370350574454 -1.88890308749741 1.71279333066262 -3.03270395838042 -3.30611006382097 -1.42322365016028 -1.55093166819077
-0.63511738522195 0.784199168239341 -3.86785376354732 -0.497266778699641 2.42289984547832 1.79859179229302 -0.693107572644582 0.16931690093112 1.7701193320661 2.19118323348967
2.93014039664891 12.6894559144871 0.296735180678081 2.62436127895496 0.143189403890026 1.62788822469861 -2.16579419029319 -2.23796555923028 1.78527772923053 0.146791641954638
2.8313295724093 11.0837594255062 1.30765322063189 6.1592426135047 -2.33138400607597 0.361581889786391 2.00308896541192 2.29690336056512 1.95629455354195 3.66244282800574
0.589017906970075 4.03919608531182 -0.566206691713131 -1.41242835850733 1.80935036456495 -0.333581007393488 -2.84802408602952 4.29222481569364 -2.27204400556509 0.82775510301492
-1.0472064086808 -0.55581275583513 -3.11163477733627 1.56187912561913 -0.968730070204332 3.71227646529958 1.14224527151344 1.81060780844332 -1.11647948831276 -3.17356560111084
1.03999420147132 2.07040700227692 -0.299423759776985 6.20166246269793 -0.716552694571544 0.910159825880482 -0.062909743084457 3.57947495222314 -0.995225945230334 -0.653404790079266
4.10010213187033 -2.04586136292444 1.6046543180945 2.73379337642423 0.00616389795826124 -1.62239008977022 0.126122120630198 -4.15368812263573 3.6600999309862 -3.01014596205524
-1.23767912918967 1.89346601006829 0.1717654864621 4.61223538115159 2.15964205995358 0.834437157126094 1.62403976556257 -0.242306529693536 -1.13068090804729 -0.454416515447339
-2.37316250760042 3.27979589339903 0.000116241513973181 1.04565716202564 -1.9860929410851 0.757323466630964 1.48269992107149 -2.96833999274995 1.31937410370258 1.18172186334245
-0.638096235620245 1.86431315330465 -0.123790158765377 3.98927192107034 0.391052053110986 -2.28968585393083 1.17524393773482 -5.73860536439653 1.35222585436398 0.435540304014892
-0.210013028175404 5.18867871480851 -1.31042107550003 2.96815929193835 2.63360838498611 2.05829126335189 -1.39801208866292 0.192280684160778 -1.93636953510448 1.55185357837109
-0.241333966250593 0.826566062559413 0.347772370095251 8.56401123638112 0.774676437932176 0.348833299817489 -4.65566805578126 -1.6109113520683 1.32605108697785 0.358687419331925
0.761236083370375 6.48818038138843 -1.1584371511418 6.80959369035696 1.94140295668755 -0.696434868084237 -1.82412070540347 -0.15638786764989 -1.07516946186192 0.259425768855911
-2.10061947781944 9.28381149934199 -3.06269131996448 8.91657586268679 -0.479647449063589 0.954109097384188 0.647168787350313 1.29523867098381 1.51617486680367 0.309961857470811
-0.86228197865269 -1.26843259695731 0.83430210804594 0.554040943408111 -0.984211250019456 0.361433895246028 -4.46523017431695 0.0305690179566634 2.74967844595426 3.40171482110191
-0.772374332551564 5.05634575797575 1.15835869361574 9.87913803604309 1.14352503824622 1.95815070872455 2.42034187110281 2.10229102103859 -1.28948786134287 -1.60214753390084
-0.535285673324975 6.37709873464487 -4.70492484963479 6.06467727135991 -1.8851774636107 1.5333196625355 4.15836229442984 -0.471258222559271 2.08697670277987 1.1655420458785
0.266966781167982 10.5310981639937 -1.77552549223984 1.07287837112061 -1.35881065572612 -1.12211202963123 -0.96700117055145 -3.55081433562553 -3.3477454163527 0.477681662260961
0.781605705088884 -0.862784874905541 0.873815102593453 7.54395320356887 3.53548251895401 -4.34283231020672 -2.87776778074198 -2.83116301545303 1.84291289915233 3.12136318380989
0.358469677954185 0.53373323059358 5.03436435927776 0.721458808611539 -1.86718933126058 -1.6897603586724 -0.738410764747323 -0.121624807313849 -0.15304047188014 -1.67406619632821
0.566065448767216 0.883870674033603 -1.21437672616005 1.77130891864735 -0.0182939477813737 2.32126506815917 0.701622719491316 -1.77023990200611 3.34806793009367 2.09835379832107
1.62602021469211 1.47463624623114 0.451102277284569 10.719959670794 2.04213254954543 -2.11450955814584 -2.36182351959775 -0.53224721707751 2.29116115637625 2.65416472224138
-1.58232859050223 4.25787526843627 -7.09886811619719 8.47789706908711 1.0623903019631 -0.216238900794502 0.699345415980078 -0.222172860101023 1.65741977135809 -0.572226832573118
-1.25717842808689 -0.509736611427288 0.230450441924601 1.72505383593426 3.73807742039803 0.0225487619809171 -0.661792880185665 0.135511856915394 -4.59113541473781 -1.16433083475411
1.19393439847268 0.0485101665128473 -2.29671623950083 3.90249006224967 0.643170254323074 -2.27366278218249 0.026201968496241 -0.600687344817017 -2.20223081959671 1.27347439608017
0.439534251914156 -3.0306616930094 0.0686442690486908 8.3322521848286 -2.94014034906596 4.93561250379014 1.62764029069068 -3.28514276276047 -1.84385445139275 -0.0428703472055988
-2.89121373637076 -2.92955666839615 1.18392792957832 0.344078427697201 -1.37382517882511 1.45583627658441 -0.602303236243643 -2.12800380290913 -1.10452195450885 -0.351704466353782
0.868965785105855 8.37835210312791 -2.23016692896428 1.37743948767057 0.238663640980377 1.45568072460357 2.38716240594295 3.66759393111077 2.82772069315735 0.465623391192638
-4.21551057572191 2.83842815132023 -2.3428941052567 10.4699042232826 0.44191202537116 2.87039479718657 4.19359322945994 -1.89523098629907 -1.67729487979986 -0.0947157003876937
-0.736271783853737 6.8398165178243 2.39962919319036 -2.85381915222749 -3.26482430014128 0.57944937338672 -0.744948585517784 0.904675209977712 -0.978070742781446 -0.378246214551365
-1.27941977064515 3.70146716457825 0.170573897921409 6.33806500533323 1.38894815430656 -1.14307331640721 -2.07693201804218 3.3863563171159 0.674525587831017 -1.08280350118149
2.74970548800555 11.425066606993 1.56495763459112 9.38350979173006 3.09292517159535 -2.08114463611422 0.166181872923524 0.601950793125808 -1.36513204845281 -2.01521617387828
-1.95318351850127 3.75581077357668 -1.1487043936399 3.53913429261054 -0.0718812236428978 4.43967349136348 -2.46838570841567 -0.467719911196355 -1.72925037971342 -3.6015503607888
-1.39136053296014 14.7674165636892 -0.450645429562075 1.6765003527506 -0.466096045982779 5.81209171678906 0.948485832011829 -1.03812901604021 1.11284894441851 3.4772563261715
-0.368570118263224 -1.06045199619626 0.990028717526831 3.35612292392002 1.43686160487155 1.44184836400013 0.0657627167964231 -1.57187765474937 3.25341011612087 0.929234529859896
0.687494822476045 -1.14073851067923 -0.211196164595531 7.41174996146675 -2.06683310884593 2.13807117971528 -0.0562897348027134 2.66892630238247 -2.09125198863289 3.52925198839189
-0.935703416199779 5.19700090347312 -2.42059024250951 3.85066316927453 1.25369951308008 -0.372320445112256 0.58766636986434 -1.81746438060501 -0.590097919590835 -4.45732760955796
-2.51477955590046 -1.52169578945607 0.954914874433562 0.575325336741704 1.97300052615451 -3.99998527293428 -1.03071407333885 1.28734280257999 0.534694852462789 3.84698348677726
1.18493227849706 -1.02012590811682 -0.638543143013123 1.1825284646842 6.44386307423132 0.425334728631127 1.6027774001196 0.833388963342853 -0.388647820665827 2.24576646935052
2.25058055579787 2.02082046811592 0.165875318129659 0.99651143442412 1.56592621278482 -3.32953884381343 -0.448953038260575 -0.711783589440974 -1.56670470991702 -0.851738220844255
-0.648126511888584 -1.85972362543168 0.550240620027945 5.40554209366005 -1.59672452635543 -3.73282458878732 1.48605279019567 -3.67142554717731 -0.954509780145349 -0.614111917345876
1.15206971097051 9.6282576552742 -1.69727252191511 -0.019338325378456 0.999639539592648 2.1431937789829 0.209148075075912 0.782157689885568 -0.834991332761692 -0.847505973003268
3.24073629601844 4.06493830339649 1.95425116735466 6.47987973303289 0.672019378054308 -2.01766098992103 -1.7293410701628 2.4126793239546 -0.691229827805523 0.637286917289794
-0.89389026169483 -0.263917173243255 -0.559714999910999 0.48817357568453 -1.46812262955404 -0.753822282083862 -0.901445624560632 1.26521083222282 0.81655418518658 -2.47899791231931
-4.2539682851489 0.546806680176754 -1.26869121093134 4.16501776344895 0.64250066428738 -1.20461395639079 -3.35290298047124 0.256375547726792 1.89372350326329 1.87883766538168
0.437001594331002 0.855778475513513 -0.77647787936414 1.86452581719377 -0.290734351860831 0.0761661268069772 -0.0807731304953222 4.44279884898563 0.952686402978884 -6.12378711030246
4.60450569923708 0.58978471563411 -1.95691409334849 -0.00362872609041038 4.24954594670581 0.153799048429801 -1.03048843206552 -1.22673817647386 1.44243640126078 2.30510896445297
-3.18087271791707 -2.91091231259828 -0.372134672216707 5.44049209040307 0.149183518182527 0.0238240304678187 0.651049552420159 0.11359315952457 -3.38780374029017 1.79687402184973
-4.20711553483308 -0.149708438165324 -1.19411117062809 1.13256887338688 -2.31559337351437 1.61359173108913 0.0965915359950151 -3.47481269689414 -0.196999484098221 -2.6917875490036
-5.9984574057676 2.2532022944972 1.55900213994122 6.59427117515845 -2.13166428957146 0.475501454456681 3.56743353233925 1.16136701258913 -0.483400090557307 2.56616528730317
-1.10439546048045 6.03459160217524 1.66618264201271 5.25835280889451 -0.989272182196584 -0.818856777349982 0.674993525625219 0.853661056817807 -2.91476390265067 1.75930820197955
1.19112851030719 -0.0986359117074231 -0.715798154057319 9.78276800489876 -0.0256605814307504 0.0740266954145136 0.661312181791537 2.19939665155741 -1.31959101329841 1.01606238177805
-2.82136201611816 0.962330186443863 -1.53291132482848 6.98549696758526 0.454276773770908 -2.17720532448266 -2.71412554571315 2.90639200032684 -1.81981224863289 1.40405894264314
-0.806603131996838 1.75676944864919 -2.13246594820128 12.8210771731572 1.78359316527949 -0.550899065232181 -0.990549870131013 2.16233905717314 1.19385830313442 -0.732038777256992
4.56860372631788 0.195037986071999 2.45100353007655 9.93586088613505 2.55425486881011 0.0362244109587513 -5.12730232318365 1.0130967736059 -0.888581937721107 0.531533146764204
-1.87797136590432 1.27425679434005 1.25973082749271 4.08606673795704 -2.37703449601621 1.39485719982059 -1.12843718193397 3.24779113448268 -1.26157733123269 1.30557983221919
-0.206676440336461 8.42979310350257 -1.02946963180455 1.62990764273904 -1.0709847983869 -0.119463626060584 -2.29731013521716 1.43507590219934 -1.1986624363548 -0.250897005222893
1.70221207463018 1.23269035813478 4.64320627412434 4.31420021381516 0.501149874020831 6.74118776012157 -0.0512463305426059 -1.96696958983526 -1.77950566478208 0.451615193323565
-0.0972160118092314 6.6339879741865 -5.03842168979545 1.43338753987683 -1.69785905652758 -1.61650845719006 1.75553310632493 -1.79430652460902 0.362246875533605 -1.86269925186925
-1.10729582741593 15.4226335484855 2.31212751936059 3.25355935585251 -3.90135746004219 1.92964361251666 -2.40121228175479 -0.507493625085024 0.676554384686392 -0.212630357506111
1.0250818438704 6.11776897526931 0.626306593085369 3.12826051210368 -1.29076648756799 -3.93896618591677 1.13269930955941 1.11449359973288 -0.780157521335518 0.588508052391404
2.0037076209629 4.94863223361751 2.39802313494753 1.46897494166827 1.83569525839249 -1.43154317668906 0.115283651193093 -0.572785764625836 -0.0126754173804864 2.3150111014709
-1.86117897984938 -0.22565967676395 -1.76971695291623 -1.76681195354852 1.12408692098754 1.37543226249868 1.30414106640758 -1.20797556998282 3.63368158655117 -3.08022474077181
-0.593593836390087 1.33966128362714 3.31333892881821 0.35998982237693 1.32845127027986 2.06518354833017 -2.68026591155394 3.24034353808453 -3.12023516799488 0.0278206994818349
2.29745028965002 9.28452485245776 3.79828844535571 8.59040226570323 2.11669053547207 3.61219842977645 1.71132273674724 1.62246734104922 1.38445900381753 1.8145160189677
-0.38673159559478 -1.03514820584224 2.12202714965964 6.99120677382383 -0.356296022872512 0.731048973363176 1.71303284566658 0.953556357206284 -0.994763125196223 -0.417330013828272
1.48915382762504 -0.581431411792477 0.489736693819393 11.4824080570556 -1.04669849194375 2.2648172820762 1.40330477086497 1.2537350747651 -0.924846756591562 -4.29374316170424
-1.57727146755444 7.23898491466547 2.24858634708915 3.6143763112715 -0.908746194103709 -2.6653546822689 1.99850162467085 3.17140334129346 2.29929683730415 1.13810447882055
1.76774125890326 1.28326526984495 -0.721950268726089 3.05072845012165 -1.54187560245165 -1.99232985533741 1.7891195354304 -0.983698873997132 -0.442029660954617 -2.06311708876319
-0.987688109568658 0.364935686483764 0.0822126281185783 -6.52994391956382 -3.08652247362388 3.18759409706418 1.76950774922705 0.475847471999261 -1.57764750378438 -0.717965976586319
1.87876942229128 -4.81968439973766 -1.52879436161876 7.03821767677714 3.67123451676701 1.25177598635803 -2.093393142439 1.81419742169259 -0.946805170664944 0.0795666428707047
-1.24194905343812 8.77755735147373 0.456965482661158 8.80026271000556 2.185378273425 -0.850664880057868 -2.21135903931121 1.14135214500898 -2.60534668647864 1.13384835513418
0.145098724208933 8.47036937077381 -1.47661459901697 12.4141444088707 0.48151194714642 -1.30751265683292 -6.65576594412863 0.338292411909801 0.362804725638164 -0.391690648824064
-1.17838478297895 1.28683103282166 3.62950477500169 6.43294689482414 -0.701286828059249 3.14464849451426 -0.738847614383738 -0.897450052007655 0.898205223079652 2.94338922235189
-0.164233374393403 8.41067764665388 1.23536021452365 12.7769930464052 0.132483080124835 -1.24720670625832 -2.31559028341652 -0.444494573980537 -2.39235429939257 2.20867456713159
-3.25056282937235 9.70398118345545 -1.1072325741167 -0.218437034271448 1.19585621924318 -0.417613807432975 -1.90254543111884 2.68339821124726 -0.418727776183326 -1.31243355783134
0.585296480436829 2.25688760849799 -2.54978606103214 7.33755736665116 6.19558979858957 -0.196450641693529 1.42392011411743 1.74488495385402 -1.53922842222359 -3.58648189293237
0.774117981885265 5.7412767623433 -0.264556150843317 3.56351317582173 -0.75640253676363 -3.2826236446375 5.69364296704445 -1.12824457397611 1.4522592455509 3.45004690780477
-0.474785258085977 -1.59415126068586 -0.882327983526699 4.27289403835572 -2.67634142655786 0.732127408450192 -0.804435794139269 -2.98381265424411 0.389652600019051 -1.62287836199625
2.58519870571167 -2.5083134794857 -1.88683627031445 6.78255837624278 -1.71694080093803 1.53525816452199 0.368325837782424 1.97500948368046 -1.66169538645509 1.35441922263401
3.15016017793515 8.44612605110264 -2.79874437411709 4.02455327362578 0.458177212519796 -4.06366312343492 -3.07166499241707 2.44663988067706 -3.23819415421823 -0.703651144155749
-1.86623228637308 7.36021131764621 -0.271356159123016 9.38120667106066 -1.3945559248262 0.801121654221522 -3.17776911464916 -4.72236789000635 1.65968068347346 0.802011207076297
-1.05219269928373 10.3884077783852 -1.19468202937737 2.0746013630032 -0.0924764904299935 -0.42595131853643 0.873652964526947 -2.13130742218533 -0.711230924190818 -1.43804076545689
2.97619786055399 3.28220703094148 -1.52336900235277 5.15999457509851 0.13059474980443 0.472024803058278 0.983321023054358 2.69066828728691 0.933247969763351 0.846664398161011
-0.543410630774493 6.72270204353695 -1.45547738368009 4.24165093168491 0.515258713895633 3.21897616448874 -2.9566443359543 -2.04713841115712 -2.36794174429125 -2.19352117887336
2.23057705974976 6.30441462940808 -1.25476924446264 4.90117978867972 -1.44494361261578 1.4532427967674 -1.93606046978383 0.935130868488189 -0.571723801427053 1.13525904584351
3.92020008579844 4.2475712922259 2.29015918207017 3.6764300033512 -3.01206018072717 -0.21195057223581 0.626303167935666 0.927490028644297 -0.0247976297645056 2.03594264914564
0.957462564236519 5.2982982749058 4.42630396256813 -1.46122027601009 1.73399375276594 1.03943119360779 0.123767178191071 -1.60217827203886 2.45391995292736 2.09339501289813
2.5367760741874 11.6029571948042 2.1995480086484 10.4178349701008 -0.289261225606198 -1.03107107535397 -0.102274708411785 0.0209994168310439 -1.9420354191241 -2.04969108194141
-1.1827781408917 -0.776359700343485 -1.13880048892641 4.0069716500079 -1.29303301631865 -1.28957964858379 -1.57764216605052 0.974580825193604 -2.16986767059916 -3.09105146453987
0.111819133601987 1.15361072164764 -0.313131857291507 -2.72355686024291 -0.0695485551727115 -0.253806455767021 -0.551348762598822 -0.837210488636492 -1.46754550751234 -1.52808776130816
-2.09003560397211 -0.0536634083433407 2.0716823481814 4.59912082433871 0.896778840801207 1.52441381480621 1.80275971361462 -0.510002967039332 -0.637748452031842 -0.347291889891842
-1.39177714729151 -0.91819163226847 -0.404102942530612 2.88852881266243 -1.34528981386448 0.998245841875437 -0.581136920649002 2.52407293254662 0.928373014351729 1.54391103780969
0.00647388983353198 3.78937555605934 1.73136100265061 6.09271958948647 1.11083235763783 1.86674415180575 -0.459021125014906 -1.32432174987722 -2.74846481702381 -2.29086655116971
-0.286026578959725 -0.744492887514254 1.20678770274722 0.41799487173005 -1.3520331063465 -0.683721629666531 0.942222630587094 -1.72194791784151 -0.792113084793413 -8.58638434776616
2.25400073496111 -1.55370977870575 -0.969023237175011 -1.15405532873945 -1.72658329162618 -1.88372131608592 -1.87064996223731 -0.625856649753583 0.140755496396434 2.32877963401141
-1.95260774363066 5.16817393434415 0.725754960830435 7.13431677933659 -3.51221891225479 1.85219018621874 -0.404716054821162 1.48119558895126 0.5922266918145 -1.84541626378358
-0.546364372627636 1.5131411410608 -1.48872632241681 -0.408438053517819 0.911258985921747 -1.1164053967734 0.426769047359975 -0.312916124576815 4.47941404273334 -1.14868291754377
1.67342071801037 -0.77057735272579 1.41014424520469 -0.982750028840135 -2.97361459763621 -2.00943650888149 3.59911619913761 0.0193865127018338 -0.974052349413102 3.66550509155716
0.370678699162073 5.30643001277685 -2.19780721246202 2.9236154525778 -2.58935263499616 -2.46438132381526 0.297083440218807 0.751533299040194 -2.08619017973945 3.33713913166739
0.976587025634396 6.50726081510251 -2.03886640260498 3.12022123765544 0.47065608083069 1.45024221743526 4.0542461152402 2.27499675501464 -0.92889032008377 0.865597370733287
1.21566924647623 9.01473548491423 -3.28060399526722 8.53356248313887 0.545160169604966 3.10034283053932 -0.111316166754757 3.65843922768843 2.03327653999156 1.28081181288736
1.4593819776914 8.91937927440199 -0.0731599871109667 2.58900049524881 0.830281527531878 -1.88265599876134 -3.12041677327099 1.35687933425675 -2.23137851826495 2.72476649531076
-0.583630081796354 9.47897178417826 2.91533248115585 -0.715281348265798 4.14762725959021 0.456399811549098 4.01139298788316 -3.17991303170785 0.875639585314232 0.138174014300727
2.7233049673905 11.9084220454145 1.21913040835251 10.7176694662588 2.43160953495222 1.43357662969382 -4.23527182132125 -4.66225539598881 -2.64441147517868 2.45840281480693
-0.707816585330301 1.73110579695673 -1.4197894819443 -1.30726757627069 1.3854612788547 -1.48090271074495 1.78848058661905 -2.66581281303012 -0.528755306519039 -1.94161894509631
-2.76051098065622 5.38244129006783 -2.98889835151754 11.4196240634357 -0.498342385878852 4.31057026119321 -2.03234223751469 0.0646002164081125 -2.01750905190178 2.20119383767682
1.78538453903622 2.59629206311339 -3.32835817248699 2.8857703407331 -2.10781509656416 -0.417428215077447 -1.85602715191194 1.26169655039744 0.783195818844168 -1.21664613701689
0.713818915065304 9.47926717977581 -0.415542804916555 4.13825059272721 0.93933801832029 -2.27538711492292 2.17420179740043 2.77320196610754 1.36995064508794 -1.15710347354313
-0.251730514813082 0.0696419651462842 2.02588225570028 -1.57155361272837 0.655485176036542 2.46587772857719 0.859661914754493 1.65222067923743 0.346050475840846 -2.0365402576143
0.467015394558963 -0.836009827178026 1.82787235578306 14.6619121523925 2.40118611700503 1.24770733666704 -3.04486962681786 3.48315220173933 0.633458255761554 2.81664957677046
-1.41758770931326 4.92403819901403 0.90454899900072 4.01102108911511 -1.66711476518872 -1.82912194662875 4.17259453152305 -1.20536029450732 -1.70826421087744 1.23370245965183
2.90487478291358 3.33732054186099 5.15102066015662 3.64062452071999 2.1367676230065 -2.23389448238571 -1.57231922253205 1.38410830134301 -1.71469841420122 0.946476871923409
-4.13731126055878 -0.0250480224760848 -2.27856053153396 -3.80299174405104 0.112010077170466 -0.520917895593488 -1.01060364904529 6.28366418548239 4.13993117160837 -3.05343338069845
1.41662680522284 5.73106699906999 -3.28982954366444 5.22840145710461 -1.02388512449964 -1.41120669799994 -2.22496645648003 -0.784541276606286 1.07096613287774 0.89127214738812
3.79684453960557 8.67442663068598 -0.0737503298646801 -0.290851021569797 1.13172622555718 -0.65651119614328 -0.0345596928062711 -0.0949207370855447 -1.32345731029579 2.37221752999037
-0.927978601697172 8.17393078228666 -0.0500050917545172 7.42580519777474 -3.06814750600938 -0.461469151077023 1.93042250120257 0.6378494837297 -2.61470024582589 -0.900369946958585
0.56366572820685 3.03161270737966 -0.831461190945601 1.49234502312844 2.90162339882095 -2.48832919103954 -0.966730770115977 -1.05922483124131 1.97474256684046 -3.397100333372
0.185384856687402 -0.111142770586928 0.378897040376319 6.89635172404863 -0.71542405160449 -1.71145106815631 2.34197914754532 2.42747847577109 0.988383803458091 -1.40793243749386
2.4496476051332 -0.0648483615059731 1.23610084049489 0.661404894919707 -1.37411197131009 -3.37102370208439 0.759196117530209 -1.14836708866304 -0.768336708604735 -1.53162940476701
-0.904627499022791 -2.6004272780279 -1.82554916997615 4.09590079877162 -2.62031912775952 1.39313099542214 -3.83873598356378 -0.0909776232923062 2.50209314024937 0.250386744547677
-1.16890611869146 -0.129847308893726 0.488519534296125 5.99372629850533 -0.372544750911161 -3.2567784860513 -0.245317888898858 1.02809305098848 -2.51996510707534 -0.800114919138779
-0.514599956093627 8.53412819786926 -0.896939909072611 6.57372097199986 -0.126140021242189 -2.06583055907795 -1.52048110384719 1.59360176474323 -2.64010537143683 1.98827573726789
-0.0957188349636304 -2.81872932098811 0.120079327744135 -3.12701677417697 -0.360547644412475 0.524240347398734 -0.923430862384283 -2.45844249324038 -1.50690087925751 0.781025659262794
0.419847696924377 4.27833667422814 2.74084348679234 6.84409422167692 -0.523764002911977 -5.00610767904353e-06 -1.57288246025389 4.64618020611385 -1.54134446920592 -0.672711359332384
-0.504427094499549 0.346536299358425 -0.668370378701311 3.37155846431359 1.27834173297219 0.666181303488655 1.13289073122204 -2.016511804575 -2.42698872245697 -0.793203262336885
0.709944306674107 -3.22752976536136 -1.71685579097668 -1.24935843311928 -0.846866819049137 -0.267169247283191 2.04538467446534 -1.57491459507938 -4.30642338828333 -2.40376450653727
0.377765611639295 6.88281726748031 0.66649873827097 6.45264046833002 -1.54835376612093 2.24933745985174 -1.44423988878826 -1.90953648624026 0.410046925309254 -1.71368331415855
-0.496381315616775 -1.36564609554849 0.196948786634781 -3.01420009713199 -2.68480558078332 -0.916392893949715 -0.773613288308511 1.0886639077465 1.06263254832781 0.802365020601877
-0.42365407065807 1.53291845753638 1.16693372726606 7.26106011596061 1.6686346064419 -2.39287497516488 0.892850946814 -0.734726250828031 -1.13860385509892 2.45408801780764
3.00122731721386 9.63670776410331 1.26948041739971 7.50488754290779 -2.61360045877169 -1.6215752441961 -0.0370418689961047 0.606227353233148 -0.641193866380914 2.31613994601027
1.13474759273224 4.29832075904481 -0.773900652767195 8.91305705833541 2.86796597275403 0.247135236149991 1.06730328245071 -1.07509296269159 0.14819084833894 0.395653704510965
-1.54099250711493 -1.34826495403187 -3.3163124530376 2.99458583462641 3.10169450451962 -1.65857719109265 3.69440904591905 0.477061309769024 3.48118826478014 1.59827289759846
