0.0526916241822455 0.205070896145156 0.0617407764054326 0.0723251002926453 -0.199481177036832 -0.00910864153783349 -0.250679169159958 -0.33117185849803 0.31899414580043 -0.189544835904616
-0.147911877879449 0.342572747868795 0.0690202454968013 0.28640283398768 -0.127820702476731 0.0790808337535703 -0.0675706253434473 -0.176125402086829 0.488604946049771 0.0365165547425832
-0.0318215814578371 -0.202603836750332 -0.31088302061907 -0.108285105173512 0.118229786151639 -0.0919327655781788 0.0254944273512938 -0.0404648885274772 -0.0407680686707843 -0.0463287566225548
0.00760185492743198 0.178815540268491 -0.139992048875833 0.0552119904004793 -0.0368977618604787 0.0658745195203198 -0.0697705204497949 -0.247334598338784 0.309343201400958 0.128535926353546
0.128154409832834 0.263214665344251 -0.0165465519273657 0.0435923153866963 -0.200695174115982 -0.0827573830546095 -0.239975756604044 -0.324658675488402 0.34734115851104 -0.153883224454997
0.0370387851114741 0.210442497057087 0.0441384247116825 0.0474111193971682 -0.206389946049945 -0.038444637006399 -0.226705686911261 -0.378995218392866 0.376933973752384 -0.139848106882818
0.0358930768438736 -0.0536171444218186 -0.256533110902158 -0.105381595231412 0.278385774158906 -0.0430362335805319 -0.0646117482109837 0.00270608985874886 -0.0153531111433275 -0.0830028594257378
0.197343891628285 0.105115627650717 -0.0871892755237415 0.103714815917471 -0.0558580721111272 -0.130913692320104 -0.273541730075168 -0.375454113627608 0.291717973856088 -0.0668385567536787
0.10650435812511 0.229493156713939 0.216697671491978 0.174295664936096 -0.163749031710577 -0.280919318068659 0.160276389555626 -0.18745941643185 0.162458133530364 -0.193009088174137
-0.0816151018677255 0.279577653103044 0.108235326295606 0.398355784883398 -0.0434244312885046 -0.0725194313479054 -0.324203746492797 -0.0810058584152436 0.414342805121398 -0.0351525424581432
-0.15407029158875 -0.0957733124712006 -0.0898804200728024 -0.0357252349231964 0.133545015752051 -0.0916012363630281 0.0743767361932441 -0.0475815983114743 -0.0616969153445948 -0.101776152394917
0.0861559241766461 0.314339200428808 0.163902401234664 0.207496865048069 0.0304060690417885 -0.0369166055241197 -0.19054850963829 -0.311424148381798 0.295087221985231 0.019216882062306
0.147807801243987 0.281042159768187 0.13029649582845 0.178048671418982 -0.0200835512281227 -0.0853241507142826 -0.225797247535018 -0.341223854763201 0.281355720132046 0.0498585789089801
0.260930244882319 0.250300352486662 0.160768836930028 0.0548206973626112 0.182619101088554 -0.105571085253805 0.0283414420446714 0.0422723022104881 0.468333047513542 -0.103406901279859
0.00442156173412253 0.19258538479134 0.160912587113098 0.253042304637107 0.0723211786662483 -0.176903997947147 -0.275345426145117 -0.0597414383066254 0.299663097645394 0.0190694689108217
0.140436162014851 0.347460149029931 0.0880465085021703 0.16354247280734 -0.0109198844917488 -0.14719280536987 -0.276060084609922 -0.344683377619448 0.266041976634445 0.0229348825151235
0.149610533623246 0.202830451510041 0.187932525555539 0.165040177265521 0.176281247956684 -0.268602379413927 0.0543545024977555 0.0204908755527159 0.354276446798191 -0.177279293134899
0.00968671676947472 0.194395514363844 0.151218972272067 0.199747935114221 -0.0427074879643607 -0.145881664914595 -0.302033744674997 -0.0434834482795092 0.328068387995528 -0.029205631870032
0.279077816992234 0.232043801489807 0.152077852542047 0.04572633931587 0.205298780587394 -0.172524575415994 -0.054866562327989 0.0454882572230578 0.462116359315374 -0.12218778063448
-0.158849036885215 -0.296695177497181 -0.176132973771161 -0.0952831001422415 -0.286699310620342 -0.229670288174929 0.309093133051441 -0.186863588363445 -0.0625130981848799 0.211072843427019
0.24409023234336 0.219886327944949 0.0787580724072967 0.1105465314763 0.180235925542156 -0.126439218071489 -0.00126409338433947 0.0079542302521502 0.408551604137281 -0.0728418463750765
0.123827789814787 0.197577931834976 0.141885685901127 0.109140643183205 0.176203926526386 -0.251594570471452 0.0316034944753902 0.0362669503078034 0.361759340769348 -0.174541118890734
0.128490295107153 0.294568346280233 0.148846049513168 0.182008391287077 -0.0380160642870351 -0.0950980033196863 -0.228093370932066 -0.342710781087084 0.27294901257184 0.0425184964574406
0.0260726504917884 0.257056688069451 0.0567702310487443 0.00238353202121942 -0.239209638622514 -0.143362259760611 -0.247521249570354 -0.30535975795098 0.425151306862552 -0.190709764097588
0.03994442713153 0.216150569498508 0.101356797142911 0.264863828906455 0.0292063630614617 -0.0609176373954083 -0.320651621637212 -0.111158883730409 0.331980801416305 -0.0486018616378492
0.225697690683471 0.168786829627272 -0.106567223659746 0.0723679352164357 -0.110455739242246 -0.035546653716522 -0.02904679676128 -0.221947394345334 0.0556665730959037 -0.40355097596484
0.276543554728965 0.282986797601647 0.195951669236766 0.182905764202306 0.100460846632057 -0.131742222233678 -0.0277891672079841 0.020667503096468 0.475224071899372 -0.0937041900133877
0.0601461779528944 0.175052995778665 0.25773564810474 0.137959110604766 0.148789105123611 -0.114783204085724 -0.123404373070948 0.0448800343775658 0.382981501884704 -0.165960037374771
0.0257636761257223 -0.39343446868644 -0.26768317222694 -0.0834787891650847 -0.247669881791804 -0.21913365145069 0.395924859417417 -0.305385452544308 -0.114430490577917 0.2647885760151
0.126399019399926 0.185509269251568 0.00922681244112255 0.19314424113443 0.00925506019362957 -0.137357825090621 -0.00702347740483711 -0.217866846403942 0.130269758121843 -0.384639896997813
0.253007511640847 0.145723510931957 -0.0918583177163372 0.139691364035049 -0.215681392989992 -0.056859398533254 -0.0654614201033371 -0.21401378756845 0.0832627885989999 -0.40559239861676
0.0227755806409921 0.350301739194537 0.103938724255965 -0.149815545821092 -0.0710944660764569 -0.0727561521462585 -0.280774262420284 -0.384925738205951 0.232017796465933 -0.000738087102836481
0.0765998201080724 0.280718315378082 0.0859708449446066 0.0274064886503023 -0.265115197863744 -0.0890849652481275 -0.290317357914293 -0.329512927944619 0.394789292885474 -0.180073237899145
0.248280934242409 0.125544870831348 -0.0981171119610439 0.122904819674175 -0.208323034236827 -0.0607765699477071 -0.0789951157007284 -0.210414327310293 0.0996935827303289 -0.390867329983679
0.109397772254802 0.218833878867016 0.193960540604015 0.165028439680718 -0.200534438036435 -0.236240153672592 0.0445220636087861 -0.20905681497116 0.12724397042405 -0.121503864863259
-0.016100710888356 0.441064980562329 0.0643597609578362 0.163709218832033 -0.00759169260502008 -0.047305863354921 -0.083534495075983 -0.182379851295281 0.444033245151105 0.0982382838360698
0.219560855782583 0.155323340104482 -0.0752763732289667 0.100248126358171 -0.0370016687005676 -0.0601419177247979 0.00222557822919884 -0.216604255995876 0.117236655881146 -0.401457622953606
0.137371943126363 0.144093361222036 0.251038237975177 0.0895736544125307 0.0518490344116894 -0.17806670476285 0.0343165525213466 0.0436365727768156 0.350289839762088 -0.178815482102648
0.13001636110471 0.157720354959694 0.00797293786689825 0.19793308936629 0.0138004250998791 -0.103161271292494 0.00919462280980449 -0.216291559985895 0.167095900229085 -0.397267712661955
0.03793218221392 0.24339439892032 0.0413341234770553 0.20465810562692 0.0930045138428402 -0.0875866837545144 -0.381798298331826 -0.0517683241075388 0.33785580872675 0.0775673715632399
0.133257742401135 0.186894384964028 0.176064736367999 0.189907547812087 0.153458933779279 -0.234547917847126 0.003163184186341 0.00918320601970205 0.293167972891953 -0.175780035344762
-0.037610956914616 -0.326624712454775 -0.221145395834234 -0.105388859095623 -0.232427904152678 -0.201044394021755 0.344403153096476 -0.265100128705845 -0.171605458935586 0.24154378238475
-0.0837624478202394 -0.392050210779136 -0.255661442765994 -0.0936307795261549 -0.237211260899141 -0.182180602057465 0.321119317750085 -0.238124339351797 -0.0657838773167968 0.226453531319081
0.0713482307509855 0.237357737557744 0.223642336825395 0.153720947734156 -0.200994242153655 -0.241811852667823 0.0950748692138597 -0.215977249464747 0.180926816351276 -0.124556339248535
0.197699783580183 0.138464281723342 -0.0782061459123185 0.11939292792433 -0.208955530345181 -0.0555837475435674 -0.0949510241310161 -0.23097786278188 0.0995851667514178 -0.39409457596804
-0.15709411820983 -0.0950137759288408 -0.174457506369064 0.0310577819280939 0.167748276220125 -0.0405254849500076 -0.0198486585690398 -0.0612810763291241 0.00476022066637032 0.0658119202558382
-0.016663341783756 0.426283134399288 0.0744807913102086 0.165349567341677 -0.015876522532266 -0.0563854605358467 -0.0931051249190237 -0.189805002292672 0.444078312567117 0.111246429887455
0.0506318359964999 0.40096104447349 0.101010076230649 -0.0898506170180268 -0.066429707237097 -0.0591829724307934 -0.241673018582764 -0.345289912999102 0.20742057743869 0.0105223367316044
0.0781081863517235 0.276514028749336 0.0787349712684318 0.0688198679629637 0.0396614520982223 -0.0788912576777468 -0.280022554518035 -0.277905484203143 0.369849165965051 0.0219911418695339
0.273710958783918 0.215162852228518 0.186149739882246 0.151278661676798 0.231406426853484 -0.0679571632885809 0.0528853606978254 0.128475469742454 0.409557247528126 -0.0772594276049918
0.236637202828086 0.140759599405469 -0.0413022986833763 0.120126419976888 -0.137058537223273 -0.0676405150833117 0.0289416712949075 -0.223855241320737 0.119078208949341 -0.422176938448008
0.101021076068282 0.237383986654601 0.175723945845645 0.179163619830006 -0.10567291356583 -0.111895384657738 0.109859253576141 -0.178125128395919 0.216262060272747 -0.180047816970349
-0.0945895042374653 -0.341258202640867 -0.130037249447734 -0.0630947567980224 -0.238630995659639 -0.170811159104772 0.294384220121608 -0.186731081208538 -0.183509871167458 0.177959110732144
0.0124361025852357 -0.263340571655694 -0.286520321942283 -0.0688013127767466 0.149864553101349 -0.11056428830434 0.0454245880265241 -0.133191285115075 -0.0729712973004906 0.0415519539758478
0.093850475559508 0.197030374761182 0.216556025976895 0.110758705217864 0.134131575798709 -0.112677762713805 -0.0400966788814789 0.0128678805307552 0.357795327177896 -0.145983620723167
0.239821699524255 0.18376278907763 -0.0650196040936028 0.132662134120448 -0.157253808483062 -0.0616030678342712 -0.00511534556969093 -0.248960055782693 0.0746649830524184 -0.38995880113439
0.010780166582391 0.412724703563839 0.111678617533517 0.163803554245448 -0.00610595168548892 -0.0460148155657299 -0.0537709625433775 -0.184635147643985 0.455069877468309 0.107450604698763
-0.0304258779439114 0.261935797569751 0.159518150057115 0.376312198401563 -0.00634365640353231 -0.0679965730044325 -0.323925325454194 -0.0702146692325076 0.379756412418859 -0.129037265007879
-0.0840407807839409 0.342100087760461 0.0651010590587311 0.191929050103928 -0.00945090921445624 -0.0144317200140121 -0.163863743501274 -0.140773397453473 0.478393510296067 0.0178890005170011
0.251346689899677 0.264278249991222 0.21465232346101 0.111909561107108 0.175708563162089 -0.0859694305994493 -0.00776601207583227 0.107205026123494 0.41426042319139 -0.112234168103702
0.0905285317341371 0.167761362760161 -0.0522303420242869 0.176202271846114 0.035946499354433 -0.124685928392748 -0.0173871734926524 -0.180163777886451 0.134258131410339 -0.390299887428218
0.315649751667903 0.250114954078685 -0.0666561554538687 0.159893054036978 -0.0685442550272543 -0.160022308173786 -0.132800653416137 -0.395999796113461 0.342036958524413 -0.0679824295637057
0.219168678426814 0.159149547647729 -0.0906565745412666 0.102228901204606 -0.218934626051405 -0.0485416009989534 -0.0536482308414789 -0.236905004039915 0.0656957766542395 -0.379305461441457
0.149680443371975 0.240542714785679 0.159525773564753 0.220952282839385 -0.103213329264237 -0.247870961511247 0.0778111641424586 -0.139992503713501 0.0553194461924636 -0.156907810628953
0.081975113464597 0.25498523933116 0.217752450826588 0.175575761457386 -0.146970124781061 -0.236767991783343 0.117909514785784 -0.187842568787735 0.174530934401041 -0.166588163082877
0.0640130682954349 0.214808887300289 0.229234761619 0.14207798670494 0.107231520087881 -0.0750734591680345 -0.084735788712643 0.010007338767902 0.389103156185243 -0.169563223119693
0.0297719881753677 0.264273247634813 0.12538663337749 0.292040656159922 0.121641482162064 -0.17547716792527 -0.239231190867728 -0.157029136510411 0.337703056576394 -0.0206066143928303
0.255868734862908 0.273254070585565 0.218618110450559 0.107476059539728 0.190754030884874 -0.0783534757168386 -0.0274148246642841 0.0834350286588661 0.421326584503662 -0.124259997189244
0.0337076652363214 0.337733333634617 0.106411926452981 -0.0718630174875077 -0.0471506659810655 -0.0766891873301875 -0.248663492847187 -0.4214708110832 0.214304913743393 -0.0062397166324984
0.0953704032362398 0.317850825588688 0.124506955471013 0.178213875704172 -0.0184926413151823 -0.0557086934141089 -0.20534506080077 -0.317399202741994 0.257683590307717 0.0276258899902724
-0.0975805677974022 0.334006704288818 0.0774092035021948 0.1538553500379 -0.0281890840785832 0.0247439192389377 -0.0790357808680897 -0.176308954213312 0.434473691088137 -0.00747211417276009
0.136755167752403 0.147376847871634 0.253987285311925 0.0671562363773669 0.0708326316363622 -0.174993658744578 0.0168134634784511 0.0435169410570011 0.350131397688906 -0.181120758909161
-0.0351674795963878 0.302290587719507 0.0994265643957515 0.185617035952246 -0.101055365907897 0.0591568989508806 -0.143744109491187 -0.149306960959938 0.439223549440724 0.0835282142097261
-0.144565135865552 -0.289106121796596 -0.175558635411303 -0.139163338027992 -0.288431415350225 -0.184130829006279 0.291280902864588 -0.148287398077602 -0.0149676761761759 0.210425510805753
0.113501452523517 0.22566584420886 0.139848979801188 0.136518048394654 0.0319307991100561 -0.0742660741389715 -0.099396777389053 0.0791090801995038 0.454718394134459 -0.157919879185536
0.11913343800971 0.183536832908363 0.185066792910884 0.209827056505187 -0.0836392070996594 -0.200681163543023 0.123728406002567 -0.169915131538768 0.245259011494257 -0.10590291455395
-0.110001928720827 -0.312918078388994 -0.163461421992526 -0.171908180502599 -0.296226376833848 -0.209787100019068 0.244783458677536 -0.156966486331835 -0.0272273660693292 0.271888460971918
0.0175639399886889 0.232097194055575 0.180606356461547 0.198714352227606 0.0306211603853456 -0.109433261620857 -0.309232581602951 -0.109305009076537 0.343071917278178 0.0150956571702935
0.0590816581638932 0.319654454487621 0.143472875554707 0.44298915862277 0.0106626907009533 -0.215149885901751 -0.346579227823001 -0.0680154731982564 0.312755606191228 -0.00921342784757712
0.265563978198325 0.243910921559952 0.122808839733616 0.107244268425808 0.176963455624753 -0.150917829221459 -0.0528007958528518 0.0384624449890553 0.470265943705432 -0.0875831343800707
0.117023382725821 0.141855555880307 -0.0244345064130184 0.199975734737688 0.0330775766059326 -0.120953821145684 -0.0125581229602439 -0.189810818313851 0.084462428382452 -0.393541032362258
0.17245943469607 0.190656104840629 0.169138539984181 0.146364859087943 0.165023122122446 -0.264522725629108 0.000878929725915847 0.0346321686925885 0.337337853609902 -0.148981454747382
-0.0448605141818417 -0.349074190633778 -0.230872562506566 -0.146059254745815 -0.205776565887747 -0.168207017871847 0.343807707110909 -0.236432202090128 -0.131058969094059 0.222252849937207
0.305953483375262 0.228252584790901 0.242730268009459 0.0444206590279854 0.235045571707486 -0.164862955761832 -0.048729804626824 0.0197443509356965 0.504250578973903 -0.0382190479517322
0.0966959110988775 0.237358426057536 0.210180113742486 0.132187183302845 -0.151971959733082 -0.21361590585358 0.103652192352834 -0.161903867642096 0.166846369721579 -0.21603394002127
0.228369335517062 0.1194605970397 -0.0918242152513653 0.105537373858198 -0.134573064122413 -0.0516758907087689 0.00962297766037614 -0.206553938912716 0.0617080403389755 -0.387312973916582
0.1000686338258 0.250735281652462 0.181292418737349 0.152502436656112 -0.169976927159546 -0.242678917102184 0.114138052504232 -0.165932832105353 0.146766015072039 -0.225108767239207
0.226958714962115 0.123668581178824 -0.108743861980897 0.106879321035883 0.0225195848942305 -0.131541545279043 -0.177919233961764 -0.384328635467328 0.27960005661204 -0.0977963980247286
0.0722008122125012 0.22692475223577 0.205457981464595 0.132736788569196 0.107779939883689 -0.0599497087707766 -0.0483565004233179 -0.0206921709511675 0.387468568813292 -0.203642875537636
-0.128536582326697 -0.338365657218015 -0.147116103592649 -0.0182498355799233 -0.259061031805131 -0.111680356569611 0.256323830065606 -0.176378562924851 -0.218516683053411 0.244589485436148
0.0788379351071978 0.201147972546251 0.230517062511982 0.150008282773877 0.118980244350051 -0.111442076286232 -0.0381006206944023 -0.018878840232663 0.366180161343839 -0.136240549305376
0.0616557700940506 0.34671576269501 0.050439519004897 0.127505054107127 0.00980787219359246 -0.022789932811002 -0.264259893239098 -0.335695093919338 0.277732150875058 0.0968172253933833
0.00300351508296834 -0.202897174446542 -0.262670705510667 -0.0878997320440133 0.128213961432663 -0.0642711283226635 0.0284931795830932 -0.100810397855758 -0.00469468604222108 0.00161597070704568
0.00381632027439695 0.231183920849982 0.0787759844966212 0.259198436922039 -0.00267478286493978 -0.126456144133252 -0.269438688948302 -0.353074662112475 0.217915825368801 -0.0703335467960917
-0.104992909302717 0.317409294093799 0.0848400090008654 0.195951049050961 -0.0450878478497324 0.0538830492629072 -0.0902670035513503 -0.128810898483907 0.443103569255113 0.02787408269843
-0.100416698396775 -0.360694768782506 -0.224941201816241 -0.220941083191354 -0.2041874940036 -0.154463733058537 0.361607746677616 -0.208705656443567 -0.181570168450523 0.289888875036043
-0.125497327746444 -0.0832235956056704 -0.154059023154178 0.0240219712165764 0.211619671517847 -0.0734141233460639 -0.0381848631106075 -0.102048468538241 0.0176320879841041 0.0185022553310238
0.0828490428040578 0.222642853646231 0.231125337699386 0.118718575815659 0.133097633724118 -0.120175389978928 -0.0824518226577653 -0.00706998887200296 0.381278184629648 -0.21043116446422
0.0243761211544908 0.39166694188054 0.119311179670837 -0.0984959004272652 -0.0597601188416024 -0.0861708837629811 -0.253069989008191 -0.383324059585271 0.197681400607473 -0.0171787427235919
0.339633145584912 0.238229168457961 0.128853436669473 0.0985559931298862 0.118419569986084 -0.146605398226931 -0.000116746332345986 0.0149834610970467 0.424830479484984 -0.105436639840694
-0.0432072587238561 0.423497355589789 0.0872218908401207 0.182408480274362 0.00156512118776574 -0.0404959446841972 -0.0494816423824961 -0.254409920353855 0.452357178013892 0.0272774129719259
0.164943612944742 0.131918215654711 0.0147076752854719 0.139004097507081 -0.00345420891081293 -0.0950162001012422 -0.164030896450243 -0.522815911187928 0.38802021655808 -0.0376204971759594
0.0983209134840397 0.207039324151011 0.235551778699197 0.158830993178107 0.138323132830975 -0.106511488232497 -0.0418696299742696 -0.015770013875148 0.368133999456734 -0.134163609375645
0.253035802798849 0.195243626739113 -0.139652939442122 0.121346256007874 -0.164361818025254 -0.0683589666242093 -0.0914540167901684 -0.246585914753804 0.0223472890654583 -0.40548442969156
0.110415468981704 0.223410529886806 0.18294113647969 0.175682085908317 -0.165493349098144 -0.222052825580029 0.110104786154025 -0.164876614753158 0.152765475737561 -0.20035259437526
0.202917772912151 0.175475370622217 -0.066218704335505 0.131644924866697 -0.13807917289912 -0.0539610068304855 -0.0162093340887887 -0.239064051339046 0.0585762111136567 -0.363377783401757
0.0835981039571101 0.32976032620247 0.108363621673167 0.157470011760706 -0.00300996570191762 -0.0808928694457825 -0.190824042056581 -0.320278205411105 0.288773946761308 0.00979205291477134
-0.000915491783054967 0.435267515947529 0.110936308965655 0.199370871777249 -0.020968279452688 -0.0202029705098765 -0.0835881453735775 -0.201263870358689 0.410114893493807 0.0837105168623173
0.00594293576615851 -0.259595272858198 -0.296508626769585 -0.0657544700259252 0.14899865191417 -0.118378645991478 0.0379649425225514 -0.113941139337767 -0.0831070465766625 0.0315999892443404
0.0818544470176796 0.240068461346356 0.188190398849081 0.112039161755337 0.133686427299646 -0.116324752626003 -0.0729068241984756 -0.0330078666661865 0.373525077351869 -0.16438529183809
-0.0247082483679153 0.362948238969115 0.116621342503348 0.33304240745321 0.0196816600989254 -0.131238345685099 -0.269946428550931 -0.0102860119436616 0.281781207131607 -0.0416479458172146
0.134581040663083 0.256654582484547 0.177293052546549 0.222805292863859 -0.0995453063587584 -0.244228327382946 0.0806545735285522 -0.155046517887301 0.0818673800864232 -0.122172751405879
-0.114596719752073 -0.370116560945595 -0.107721801972119 -0.0953058897666431 -0.217623406526018 -0.100863195558622 0.26112519712458 -0.178529681049802 -0.173256016823367 0.217772358050554
-0.0895636941901382 -0.282360139286752 -0.170307742497361 -0.167638067709701 -0.268107285896135 -0.215985972121366 0.238994673176434 -0.132014436459568 -0.0104739000803776 0.229967629800317
0.137082676573023 0.185001674874583 0.169710688401867 0.143038117457169 0.152607380946367 -0.232895944206922 -0.00944781620601359 -0.00409938878799608 0.304461748929947 -0.151687032788673
0.0875544872627828 0.188866248498124 -0.0701452165959404 0.169594202690929 0.0282880129678004 -0.105481100753675 -0.0168820805911638 -0.183660223855745 0.131406157803617 -0.395196036958706
0.149554624290488 0.229762261484484 0.170213248281793 0.20855548522937 -0.095845439363145 -0.254865767810086 0.0501550632236226 -0.155613026400754 0.0435982000948013 -0.127092396108064
0.0786817793893787 0.256689846440881 0.235717481624751 0.169595041840523 -0.0935200159010835 -0.235988565695242 0.150229967674597 -0.199934751987422 0.14655808072974 -0.164115183419395
0.0194472453077754 0.34070319150949 0.123905351640033 -0.0715646331967489 -0.0565330536274801 -0.0685117296363438 -0.262910169439296 -0.421697995759917 0.197274808920741 0.0062229961853848
0.0898609983139537 0.284393248885118 0.0607970300115841 0.0657971772739432 0.0275269477219884 -0.0935400759877584 -0.269517804972236 -0.284257889360467 0.316416299052478 0.000256470588112198
-0.0529969815416192 -0.279105912189893 -0.211576580812035 -0.0352236774666042 -0.263606901718565 -0.246780600854914 0.261267931389539 -0.203700585446198 -0.103505164935626 0.234362440609281
0.301769079582565 0.199296724486153 0.119017049343837 0.0834373336593996 0.210028792836997 -0.0765290941367384 -0.0490112261844726 -0.0281263591025516 0.379710845176494 -0.108469244073216
0.154027028548355 0.134676486947287 -0.0785221642573804 0.198017366865381 0.0215639938660561 -0.0974327083398632 -0.0113246322247538 -0.17421899794367 0.134884510377419 -0.341534011983965
0.0766254616939432 0.147110051556198 -0.039777888740569 0.21377827861088 0.051911259792636 -0.136785453566685 -0.0172111989159603 -0.19054137912493 0.142515256203499 -0.33642954752182
0.123342003671752 0.325006530412802 0.0660108219897941 0.149347346137081 -0.0131836761363863 -0.122418598159432 -0.249247283247323 -0.29812845538147 0.220704948730679 0.1127651165881
0.0517085253848323 0.281269154780577 0.0314679470604753 0.0148809583294385 -0.23269804525812 -0.150600418961876 -0.26372855028723 -0.287424358614074 0.40336037848293 -0.174137688205902
0.218654585504275 0.269189684845282 -0.0997585977732352 0.0261316448271333 0.0895365218689606 -0.0856625341418857 0.00420198301426923 -0.265525318701902 0.0726121452023478 -0.346102609794737
0.0297077307290719 0.228942367380866 0.182717367539909 0.194645672671984 0.0211159915912395 -0.126610832805054 -0.30648342156562 -0.091725614816437 0.353568521810338 0.0104245766870649
-0.10499881563943 0.421086539328451 0.013435096709998 0.256221429131408 -0.0610755823144315 -0.0468488186406835 -0.012549365280952 -0.177093240212456 0.483280038682355 0.0352616897466833
-0.150169850230553 -0.112422956805723 -0.0942894920967681 0.0136527130216605 0.157147457118078 -0.0553906817060074 0.0011647684649443 -0.126497339343632 0.108423066670354 -0.123081049023056
-0.0348906284043026 0.131520501543421 0.123257994770241 0.211184287050707 0.074051883265677 -0.0448754032627114 -0.362608700292166 -0.154327105284576 0.272096658835659 0.0296909410351648
0.106845336634474 0.284723360537016 0.0187809901460132 0.148312246578572 -0.0738119174179941 -0.0993691078975152 -0.230900431534164 -0.361379138801387 0.210617266543547 0.0134066991210137
0.0619365567564572 -0.0877921786281211 -0.157639920552708 -0.159761036806121 0.276694929400866 -0.113292215244088 -0.0257534908307177 -0.119685364747628 -0.0767737248856661 -0.0589576385672416
-0.138649216952346 -0.345042071132604 -0.277925708954976 -0.186430980110792 -0.21978995593081 -0.253865822165369 0.266486321107245 -0.232543882815625 -0.113456319087503 0.224666705251771
-0.044434225409837 0.395450952633336 -0.00386175465715689 0.273393939218099 -0.122808010557826 0.0142021567929626 -0.118527781898457 -0.192077192030081 0.463687181598161 0.0299161540812435
0.0877298152262834 0.149212444023706 -0.0884491018946345 0.12538805451952 -0.0245164834116025 -0.0812384909548088 -0.109955003383342 -0.316800927882294 0.125779471845984 -0.356555926435985
0.125474147256695 0.204410157647898 -0.0582475327896721 0.19073894443687 0.0192255314432694 -0.0841751145411237 -0.0299140986699138 -0.161006597776977 0.148419574674916 -0.361653606157352
0.17209465435057 0.192020224691639 0.205611786002659 0.176064550243907 -0.147921775905991 -0.188409971893009 0.1048517365109 -0.182108393917703 0.141470023224928 -0.213145722595324
0.0238727968988906 0.241857246391958 0.105318416245623 0.189713416822421 -0.00535333388363693 -0.160328909214557 -0.297559037798497 -0.0791653354629094 0.298725621328696 -0.0385741820959743
0.220596081051578 0.264957636020649 -0.118093057736856 0.00992584250546969 0.0678259411136109 -0.114074846344253 -0.0795619757277556 -0.270789841494989 0.121465248595012 -0.355258487692659
-0.0774774998282489 -0.101140283577527 -0.114473922921645 0.0465819018701469 0.209623168731122 -0.00755516859209939 -0.0282105519518447 -0.0686695336228637 -0.0451812842766304 0.0480073033248813
0.0709705550391436 0.279314522533705 0.0741169568345248 0.111265026927378 0.0206671824239911 -0.149204946902919 -0.33274040153547 -0.387968310788539 0.253000576415035 0.0849971016108721
0.101841391471635 0.217899427586538 -0.0219885019346803 0.20219956681531 0.0584408642633676 -0.0646140759215594 0.000621393186587153 -0.200112889489902 0.119585861247487 -0.334961668782042
0.130608080892607 0.299802151721403 0.0786037252662448 0.186090208557003 0.0321431557938994 -0.111095627850244 -0.255848251345744 -0.278183395796043 0.244131116308646 0.119810240181907
-0.0982439048298553 0.34451890122324 0.0770761895516546 0.172066030233775 -0.0370438839496693 -0.0239332455169839 -0.127292091500064 -0.150902635970263 0.506673652412559 0.0146133400191964
0.326759003695765 0.262186876759921 0.23369151650152 0.0652098011109545 0.155858916222509 -0.072404000372788 -0.0208970479046399 0.0826283994014828 0.434530501964514 -0.159472459849513
0.0984224182873895 0.293919056835342 0.0417248377613281 0.0161704683134889 -0.241678475652749 -0.103976302422002 -0.27335900927336 -0.298219107101601 0.373940338482205 -0.184999182065455
0.126430144373714 0.230448633922577 0.197350838444514 0.156917867734733 -0.154315550788508 -0.197021193823294 0.0781408458813441 -0.144834579754217 0.132921499686043 -0.192604935921131
-0.124851974370952 -0.0684360597246198 -0.165120299909894 -0.0212517715779473 0.184625046027334 -0.037083774571293 -0.0209370938701506 -0.0798692070626983 0.00613759299895338 0.0247219863691358
0.136012669421002 0.212442376504875 0.224266537638125 0.147123462174964 -0.175935959794521 -0.217462555609908 0.137079295921747 -0.184300021761181 0.151276501433233 -0.190808978757937
-0.04083991098084 -0.38741820196394 -0.26251584807159 -0.183840073615446 -0.212344859780423 -0.202877767488396 0.311888426566582 -0.19806397407574 -0.138534996892257 0.229236793550795
0.114966311714637 0.282664178025205 0.217608096641501 0.180730655568204 -0.130632503498073 -0.236379632717139 0.133785764276476 -0.189367826478385 0.168074607009375 -0.191781398322851
-0.00373781445519508 -0.212318159235934 -0.266243564027004 -0.100877844390191 0.139254933909943 -0.0584064544313148 0.0234082398709302 -0.102269734319028 -0.00210489276388242 0.000746191159537016
0.174144973299218 0.23961177658229 0.22815932011768 0.0613029796687112 0.125225195873769 -0.132087333385219 -0.0601274469571848 -0.00911767227904616 0.204625582863907 -0.162243211593919
0.0823241921287496 0.232986261229031 0.229086583248707 0.102453305303955 0.130279236238083 -0.128308244318105 -0.0500935579015276 -0.0162993660720072 0.377541632021166 -0.201224248110662
0.168687430977874 0.172096249815848 0.0721194718772346 0.0251201326142087 0.0696339242110645 -0.117677661914905 -0.284715972347793 -0.374500482472382 0.302028327648347 0.0607483823099225
0.259006409851697 0.142125587053817 -0.211304968361939 0.1413235600448 -0.0487752110435574 -0.170239465880471 -0.174310142284581 -0.441592786249028 0.324935383634546 -0.0969326041967253
0.0901565052773898 0.259007579878397 0.0906376417810053 0.14549052701834 0.0271563612740726 -0.08948289014793 -0.273349291066168 -0.340264729921517 0.244832059065247 -0.0186229561280542
-0.180393408276175 -0.277848062115617 -0.162459143716358 -0.16263823381921 -0.240433539563325 -0.196819288733734 0.114454895663065 -0.170150482538289 0.0150466388557172 0.163524017872769
-0.0632276025888412 0.240946272864522 0.153323273029633 0.382695119253135 0.028035857152133 -0.0916676094809673 -0.333319916529747 -0.0625709648531718 0.374721497110545 -0.0478352451916286
0.141795422444002 0.191657251747043 0.0209669984688215 0.147555274252904 -0.0288476891481364 -0.097479738497812 -0.179168725806217 -0.494443120878096 0.34978481057266 0.0431847273379819
-0.0819481755580964 -0.371232541046534 -0.234332696777719 -0.231316406884919 -0.199801935472335 -0.181599083929438 0.360659940749226 -0.21223572178521 -0.202071135994107 0.297863191835804
0.143270851137837 0.0992518785616442 0.0250611102508692 0.113907860925446 -0.0152758689043549 -0.140744618956138 -0.139403803985461 -0.503358232260781 0.37212138931455 -0.0108950924314941
0.173572112870028 0.139140793941013 0.0347695713361121 0.162027043769919 -0.0334426527613292 -0.106008660200402 -0.161619554059119 -0.447660068012746 0.32594395022207 0.0160304992206177
-0.0133490085292416 -0.245788940622001 -0.28979161010192 -0.0952201655811784 0.150764668114979 -0.128748305500227 0.0624515993277856 -0.127098815262198 -0.12128923904487 0.0536703680463053
0.280581921902089 0.243287642344858 0.176986733667338 0.0929382324950255 0.175957372402568 -0.0654857529133823 -0.0162270900464574 0.0728580378180715 0.396277689521378 -0.142116626485503
-0.150723407858822 -0.0826075933615611 -0.173200732608687 0.0339270089946121 0.176793873191322 -0.00239835906710516 -0.00556013629894927 -0.0329376111985195 0.0435170207537053 0.0764134751891536
0.0811864792838566 0.29753411013935 0.0291016940545947 0.109339965659377 0.0014055998556913 -0.0812518599529517 -0.267591822831039 -0.373601057019914 0.237088302407796 0.0865494502510157
-0.105154772158118 -0.363796212668115 -0.229976615654805 -0.209601718914355 -0.191554296028143 -0.166112174066723 0.360309534545297 -0.220711410964479 -0.195019234001221 0.288204965025076
-0.00762698901855735 -0.26627861083536 -0.274818501438416 -0.0600874455053644 0.155763235232548 -0.105082675728091 0.0512557525597308 -0.144360028193463 -0.102333497049718 0.0842403724198243
0.175991037294699 0.241698071046992 0.242010595241339 0.0653937556855002 0.119671021816081 -0.148613658730553 -0.0516305949711105 0.021715096257194 0.157956980731471 -0.175857863674399
0.0250270253753601 0.235294015820734 0.0642645576430971 0.397484421804513 0.0643558846305028 -0.0567047709240571 -0.368166258643568 -0.0354505062973447 0.410724242641001 -0.0874380380459036
0.285376544806219 0.324457009740116 0.172861690387082 0.15273106609661 0.11230409259973 -0.119236657732283 -0.00876980633619507 0.0816688019908081 0.495605209332469 -0.126823736158565
0.0752986873770364 0.316459228205192 0.0421637180265741 0.149037187261385 0.0229746166443912 -0.0541195865018643 -0.264774547204405 -0.328514393298399 0.279977911456056 0.117319952222256
0.180355768082776 0.193431893592698 -0.110052747377943 0.101443740666309 -0.046741504584258 -0.053363905496091 0.0479214100110819 -0.296746232581386 0.0621768421920737 -0.405183058102404
0.0928146729386437 0.277115089822889 0.0913497443353752 0.0335002458196343 -0.245145636472611 -0.0799669062156993 -0.278040586321433 -0.349714925616417 0.373233124278385 -0.159401858128531
0.165140804357102 0.230844578117478 0.224885740333523 0.0516799956141255 0.144574909610424 -0.141391522368157 -0.0704163419808891 0.00583369338191994 0.167086337947365 -0.168115837980782
0.0910141431238568 0.271508612319186 0.202941790687157 0.10136098355089 -0.133124045481676 -0.259664425613603 0.123164450860356 -0.154805593003887 0.202028402993684 -0.203472134499034
-0.120733949475565 -0.407369483611227 -0.0668534016827949 -0.00451440081029444 -0.203168182060695 -0.129244086557058 0.289370821741883 -0.134692396433194 -0.217725825453776 0.233307584847596
-0.0530446727753397 -0.16002913525088 -0.141429226559713 -0.0111374764413636 0.104035540458572 -0.0548248564942301 0.0306257862882133 -0.0618478743137361 0.00195365038570584 0.0118930028512387
0.0236169210504579 0.269839542133521 0.105320951334029 0.280120269950588 0.00731165940462717 -0.131686342890146 -0.266073602507489 -0.375931594666154 0.228873213202277 -0.0758135768897371
-0.120925144932519 0.295697732043784 0.0910018949414756 0.16818875994772 -0.0110677593534479 -0.0127950867308615 -0.0680401193863418 -0.146804170371843 0.428193050676409 -0.0110697308442847
0.270008382062096 0.150913471825075 -0.10575693810709 0.106006980638461 -0.162484919662794 -0.0372526430125272 -0.031694045434585 -0.268774549330652 0.0672481698331685 -0.41396372806519
0.191622220079434 0.192840355855504 0.193367435580315 0.0593245042771677 0.165048779181204 -0.128961468571206 -0.0544279749307049 0.00844353487327708 0.233923784511305 -0.222785053910446
-0.0688590840927961 0.170667538482238 0.0984394160134211 0.217125398818936 0.0274214255780888 -0.0418733167995974 -0.362870871212262 -0.105498366242994 0.36634879512661 0.0115616634534351
-0.0943012149885673 -0.0437766875967403 -0.0355303326486642 0.00406517463212516 0.0802714047164898 -0.103549521195479 -0.0466487510672522 -0.0768559436273583 0.00996582932400185 -0.0421765056429174
-0.145387100266594 -0.101364384995331 -0.0978044023341611 0.0102995341298592 0.155983113176758 -0.0419370148065237 -0.0251670733749807 -0.140870868353576 0.0884761586983736 -0.11067908948241
-0.0617265289421312 0.265449120988305 -0.00859368451490605 0.35554545886374 0.116945888977702 -0.094806249053076 -0.286111724007246 -0.035400523754634 0.439738526120575 -0.0181232505566497
-0.0105163953989204 0.230075319538225 0.0546207804815952 0.348353035518826 0.0808080474729296 -0.143073199794025 -0.310499045123572 -0.0842551358418601 0.36716784065623 0.000987230764134849
-0.0553884572168471 0.383167764684244 0.0798445992030823 0.265357720510463 -0.118529735220062 0.0481587939900579 -0.100047433592147 -0.20603853840179 0.411012420976227 0.0232857398873399
-0.0429086697809861 -0.133048709869139 -0.174214148457049 0.0104414901825235 -0.095537526524326 0.395581240548681 0.0855320462399054 -0.0261368760364384 0.0754812530352355 -0.0775004768313818
-0.036276655614877 -0.216471049703356 -0.261664298858842 -0.0930600503584251 0.099072692875455 -0.0603815951989518 0.0362302990809497 -0.011342659912887 -0.0176462140918545 -0.0661938319253532
-0.0606314923087572 -0.144276751122025 -0.115562024795626 -0.0903214233072303 0.0847670494753095 -0.0738585146258032 0.0614068312181988 0.00403207242724694 -0.105496301511687 -0.0801268144818625
0.00258128471737845 -0.0939898993233984 -0.292342297982673 -0.168452109990576 0.222451476634719 -0.093151407236871 -0.0776572644076541 -0.0872705195340307 -0.0178207001294568 -0.0837689057330088
-0.182494969975978 -0.0651147407624284 -0.0998105885371055 0.0366236845022389 0.152217864084055 -0.0216597601333234 0.00994007234626827 -0.120429391783757 0.0997407901623764 -0.127145876549952
0.0449170524557811 0.147649123316667 -0.0938680648560996 0.11191531560938 0.00395639306933809 0.0717548250079528 -0.0357283785132985 -0.20931255493478 0.336360141091991 0.146418594044699
0.105858656864646 0.107476129872653 -0.0419671119333541 0.0702857819617968 -0.0402522902863791 -0.15901093326568 -0.157216949404371 -0.266386373268332 0.114603575078493 -0.402426475519514
0.126483003250675 0.114800965352088 -0.0669912627494248 0.0506386301086137 -0.065568419957472 -0.155895841660926 -0.143074547978412 -0.257686888942018 0.147027316389638 -0.380091807874284
-0.0438519910781856 -0.220002134374972 -0.269165126634067 -0.0921999391166645 0.111624553558288 -0.0562978399686878 0.0409727346671114 0.00121351486766687 -0.0417548586668287 -0.0732186499348438
-0.0123890517766972 0.191465793787522 -0.0072752606537789 0.0441376464157449 0.0533897593922993 0.00380646578776495 0.00966275894602605 -0.25573115549154 0.298459419568866 0.170694913123235
-0.0450687123507803 0.397006044493222 0.053297634208454 0.184258098140345 -0.0235431966410503 -0.0273056484248187 -0.102105919371246 -0.198704786216486 0.420861972377988 0.0449320694188644
0.216919083752832 0.223852188515152 -0.0891347356453742 0.0333154050217046 0.0769865242288884 -0.0907554743227169 0.0289431449511987 -0.256692169160678 0.141789533608873 -0.324478181531568
0.214249315184006 0.141306021333859 -0.0373753010256631 0.190287905606856 -0.0413139598415793 -0.0779560600362487 0.0756257467910455 -0.237463441785761 0.0579807756066704 -0.37974400071926
0.106961387896739 0.167355894385409 -0.024419056344434 0.176954081428914 0.0460226653338175 -0.109524169294387 -0.0239356123579799 -0.206671403753517 0.15353959863239 -0.297788699140062
-0.126588414724749 -0.078276098520178 -0.146183836804157 0.0629154370406269 0.174384219903399 -0.00908229590483408 0.00415218939727334 -0.0579022091330748 0.0127145423416224 0.0222177128349946
-0.0709600645189579 0.275879568882245 0.128880500648074 0.40311221711968 -0.0318796490170697 -0.0386039684981663 -0.365393909784465 -0.092200819798648 0.417489128483408 -0.0995877294660094
0.302798063937686 0.21832114890205 0.146047385755458 0.0496302089443217 0.216909447464114 -0.164385977388587 -0.0150225000101005 0.0286509846366829 0.446978965115178 -0.147572271468124
-0.161676283456955 -0.0900503794422694 -0.135853061016215 0.0634039622139612 0.195068675245772 -0.0267030007541715 0.00147811453428486 -0.0345135519281957 0.0318856325351954 0.0548091615774883
0.0866780268707704 0.311272783519309 0.138703799846012 0.248912879361628 0.000247908537067807 -0.0656145648011308 -0.2267108866967 -0.331822679798571 0.266374637241668 0.0544667004146648
0.0659369035284897 0.27422262177647 0.237683336224868 0.105816867276251 -0.109598486099633 -0.24188784264085 0.13788930784643 -0.147804986139013 0.211104951123916 -0.170929308316287
0.172620696577017 0.144432222285355 0.0365221619959673 0.169571090276977 -0.0452660773642978 -0.0980543227494667 -0.161496533383565 -0.458295232043624 0.327707485005128 0.0320160478562775
-0.0127621453561612 0.244954757168034 0.0860755862210472 0.221008369087491 0.0111370571657632 -0.0780201960420559 -0.287912498074007 -0.386106003803549 0.222009500932433 -0.0436426253170615
0.00195757821078499 0.289862177968948 0.141942149793251 0.330887345307944 0.0181521983730326 -0.139849792599061 -0.286617359683264 -0.00807713033730881 0.244157542704259 -0.0866797771199329
0.196383567838373 0.134698473687457 -0.138883278924771 0.124653095857877 0.0421218074684568 -0.13085089806485 -0.141169355133724 -0.445635995714149 0.302721167639303 -0.111844746669881
0.164987840529145 0.144978802197972 0.0292850864082246 0.146176324144993 -0.0291673776385031 -0.108924293098658 -0.140669428577004 -0.457310448745018 0.365598822582858 0.00778758450719581
0.236848426139442 0.126417279556399 -0.112220964616474 0.122610363076355 -0.172971063279553 -0.0611237226573598 -0.0631330401212794 -0.229747195645213 0.0828303547415156 -0.408446414855295
