0.115317234358711 0.282581278720902 0.375804164283361 -0.135547648671679 -0.338671351285801 -0.143983737748795 -0.00561411090386601 0.000956974793316336 0.0795319298124486 0.205674891980432
0.109387256068932 0.144591198184888 0.176118902023229 0.0412995945770161 -0.396606542866466 -0.0811084918232271 -0.0458057905469098 0.177313447227632 0.129012955349834 0.352986552893596
0.0647729475872556 0.197234435137301 -0.186445315918276 0.00904418495114009 0.00415665398638869 0.0535817326042257 0.0373187783173264 0.284009523364878 0.237207093399662 -0.322123374739793
0.151238519063165 0.276706111554468 0.368386252610945 -0.123189123757838 -0.351454985970599 -0.153318659923228 -0.0533186140064397 0.0496535790486696 0.0618125530904182 0.203210668684702
0.068369613663453 0.0774297556348678 0.139919858960294 0.0311162728924788 -0.388878066203929 -0.0788955964477178 -0.0774530261694951 0.177264385568053 0.135834864482431 0.296295047820011
0.151787627033586 0.238024135206986 0.356322023649299 -0.169366859223962 -0.268883300559159 -0.127547606078709 -0.0687198207638648 0.0686670520441365 0.0953277583424742 0.188794792510733
0.279544764689895 0.279024846845664 0.253871903395667 -0.146999166909964 -0.260390362737808 -0.117603168159111 -0.012164360075752 0.0223976069459781 0.160620559645323 0.193044792021127
0.151238519063165 0.276706111554468 0.368386252610945 -0.123189123757838 -0.351454985970599 -0.153318659923228 -0.0533186140064397 0.0496535790486696 0.0618125530904182 0.203210668684702
0.0339511613682192 0.154275121152023 0.132497500226412 -0.0247607555522594 -0.409802302424835 -0.0274985401549833 -0.073554028697121 0.288990162477735 0.0879124101843157 0.309584877505427
0.0759320478603331 0.181686235066543 0.159933407178272 -0.00733377112648177 -0.45605921405677 -0.0456064190292718 -0.0354714834753927 0.27513695003869 0.0777626800373191 0.315377890471689
0.13957856845704 0.236485155566411 -0.284801797466126 0.0493532082745671 0.0262686805393323 0.0779987429681154 -0.0251663295649058 0.248538822347966 0.31474692468223 -0.217740933695427
0.0410899165650109 0.102132255646719 0.117922932058459 0.111397242454941 -0.366120994677068 -0.0604132626787743 -0.0588576844681648 0.194596447482803 0.13477472912241 0.313466719083892
0.185947226727726 -0.0608760590641983 0.099705342847315 0.348600768450731 -0.267319376993228 -0.161608216213473 0.0768366179473319 -0.0277954655007785 0.107749799344418 0.0573425625141196
0.114139446604465 0.149575904151504 -0.279263579292184 -0.00431300092266816 0.0261064989306475 -0.00489317305453667 0.0256702422465516 0.0992174168073422 0.289230702581115 -0.201103207565521
0.185300487001762 -0.0577669467021245 0.0857943932216017 0.328546225460871 -0.270830620711084 -0.21436826687854 0.0646101867115631 -0.0338791994083123 0.0944821627990464 0.0463145685869212
0.155000622511432 0.0625881309560279 0.393564047231542 0.087619958138583 -0.306266475282296 -0.198355271079322 0.196825696470513 -0.0273558329490447 0.28023458414276 0.0303260168456139
0.201173376624608 -0.0292644241455296 0.0890941175219674 0.35968808348959 -0.265422215726677 -0.22822743860217 0.0428217324155526 -0.0677069150633161 0.0643153437008726 0.116301528214241
0.170908387652107 0.0493429336250282 0.0927900703695639 0.243727324716548 -0.188545113460932 -0.294673219356933 0.0710284906643908 0.0478930969661474 0.124174908916309 0.0812536485282316
0.18317793673986 0.357614317134284 0.368676831935704 -0.135326163764579 -0.28405566630155 -0.102288910268933 0.0945304159121905 0.167457494121633 0.0944154239293488 0.241650588835842
0.0967783796556707 0.162897499832132 0.133309782311839 -0.00365332696228582 -0.448051520462468 -0.0254908444316234 -0.0195916286641738 0.272487786912482 0.0833278487772881 0.323068154555705
0.200796383775654 -0.114357125415399 0.465252495175111 -0.0829663953988054 -0.188557383912106 -0.0953648066942625 0.0153266263733269 0.258617194204146 0.0139455206056109 0.0328624736952924
0.160254557610858 0.23652828954315 0.334645918657588 -0.147882817685322 -0.207152298515538 -0.111332132202492 -0.0479273714886337 0.043287000117135 0.117652483967581 0.217422934606242
0.236302650383652 -0.0388629992822613 0.0966897269732906 0.381419037636491 -0.226180027783306 -0.220156080056128 0.0480837102922757 -0.0473594271978367 0.108022520219518 0.0930385292033058
0.104727149589629 0.273449362606981 0.317809544687432 -0.126686288040027 -0.356686085586031 -0.138698812189615 -0.00817850523210879 0.00304952901870182 0.0639719294991431 0.14031887871436
0.192460146469257 0.28381209407521 0.395116849165002 -0.142641779584456 -0.163868969457912 -0.171328939914643 0.00412694793450196 0.047489323678825 0.0517366338452855 0.319375517100637
0.122362986952716 0.0644779977848014 0.436166071415057 -0.00345384857002859 -0.253951445684391 -0.183939389189101 0.103548476246524 -0.00943187962058129 0.205619185148223 -0.0302450874230946
0.10892558038591 0.261418589227452 0.427797984852293 -0.128115979310133 -0.322485309190809 -0.143331360500107 -0.00634566456651133 0.0275245966938994 0.0183803703790487 0.176197457034311
0.373850640884421 0.19790461232954 0.429604253375345 -0.052476467924425 -0.288614343049394 -0.132902088776038 -0.00140064957961633 0.200221194306 0.0543644714711566 0.0308401013425156
0.333972139354638 -0.0709950451538184 0.0240939859485806 0.364886132494642 -0.234254810354536 -0.149536431861983 0.0148013571744716 0.0926512089683446 0.120979314674288 -0.055806394533693
0.123413407291126 0.326340988875815 0.426686016873078 -0.145113383462828 -0.295679537566981 -0.122859476316637 0.0770540264098458 0.115879205345144 0.0895396090731608 0.248384903547591
0.122714284355575 0.0603209696875896 0.444615778905809 -0.00845721042116999 -0.244696685141022 -0.171502878429257 0.110570842458462 0.00424319607593266 0.232252686096712 -0.0373302577503164
0.162473255434607 0.272302851028053 0.350932535600568 -0.115359817363525 -0.214043208917187 -0.134838745405601 0.0160022592073225 0.130910690860512 0.193640367347289 0.220262099903351
0.243739979216143 0.361007875295518 0.470554118039626 -0.198576504789433 -0.227297999115398 -0.116105211107728 -0.0380513844651698 0.10620800400698 0.117954542764021 0.156776944664678
0.169074489150208 0.170706601474714 -0.274484902796384 0.00111565166195124 0.0902334754146926 0.00297179048711955 0.063721301307404 0.143465213259037 0.248517472263305 -0.239992101808527
0.141839830322861 0.0983368130314351 0.470334690427758 0.0668966493865293 -0.257720470827075 -0.191223531907566 0.10688596217642 0.0144830458782696 0.261109516346803 -0.0567677490874271
0.0682679729602069 0.117108744657232 -0.261529074066967 -0.0516356149080295 -0.0405844690304519 0.148922066162538 0.129135485764137 0.251263830574841 0.188311305043574 -0.169305076821699
0.0805205478420305 0.177244291365297 -0.162526151513716 -0.0259708752359441 0.00121179160390325 0.101504788686567 0.0184963837324392 0.25912936760228 0.214784387110244 -0.236460932317386
0.220666003104332 0.308469456804476 0.334879792711383 -0.0892363238056601 -0.341721488982509 -0.1369517828038 -0.0210497373251354 0.056910461889325 0.0814674862369186 0.224278482274412
0.340260365100038 -0.0068393632119071 0.485732922045011 -0.285466073002795 -0.160291915124654 -0.0663876319954152 -0.0894106057557079 0.321153537947195 0.103904906304076 0.0241199824206892
0.281903294764998 0.154395816713138 0.385932488197909 -0.0392500850692405 -0.304852694080163 -0.0956762758689302 -0.0141004952413072 0.226926855028087 0.011925536060665 -0.0301527050545375
0.293364781139364 0.159976708007127 0.413245290493887 -0.0142021735266752 -0.366119319648143 -0.0816758473088466 -0.0497839484425562 0.183830644191885 0.0587284999019501 -0.00850026753812846
0.286695820161332 0.257027458401927 0.284421536618694 -0.16841468064983 -0.272057609176043 -0.114940011049482 -0.0246889415329068 -0.00929379955043081 0.148955540709021 0.165364725863984
0.158100506126293 0.148102529256014 0.166744554775726 -0.0006289937021642 -0.438905365022356 -0.0800662405401305 -0.0219181501378101 0.294619785044382 0.0653557159507293 0.248841184500309
0.105093749823338 0.0584388849896161 0.451162333722812 0.00579517432631716 -0.253632147664136 -0.200929911389802 0.122086360803221 -0.0260175443327811 0.217391328178791 -0.0317035311088656
0.153327394485983 0.149470175202135 0.163938433272043 0.00118413113618711 -0.435322998041509 -0.0872191502973695 -0.0138600147551946 0.328016796644368 0.0589160571004275 0.251051620422845
0.162834541189445 0.0638249253476096 0.383204434355916 0.0685395008026138 -0.212523765015913 -0.188638518386214 0.161914460999203 -0.00323856889352387 0.239066157675257 -0.0404163376418093
0.0431483206678056 0.103697349202922 -0.29168424875853 -0.0447542172507379 -0.0898096993939288 0.169699578687117 0.0695628913248699 0.253056772545578 0.219607292558226 -0.178299215575799
0.267075755428575 0.148673722107587 0.414231574766464 -0.0418179929939435 -0.305003336524251 -0.0871472970446472 -0.0481704895634083 0.21781405969716 -0.0130347517774546 -0.00936320595070978
0.0428720791199103 0.210454048751811 -0.279991801443382 -0.027422998603181 0.100071375498857 0.0292835045413292 0.0522951306958113 0.105569230975644 0.345071922418382 -0.298308859346118
0.0428720791199103 0.210454048751811 -0.279991801443382 -0.027422998603181 0.100071375498857 0.0292835045413292 0.0522951306958113 0.105569230975644 0.345071922418382 -0.298308859346118
0.218538319434664 -0.0258723297111861 0.0884786941943833 0.365261785803588 -0.219431278843745 -0.204629114772699 0.0621775585301914 -0.0551634152034079 0.0937117975040515 0.10509650054775
0.34194023180508 0.00077455451845639 0.484015998352544 -0.278038313945854 -0.158015662935535 -0.0545270089896999 -0.093772917939028 0.326441783506861 0.118026170230408 0.0161888626639765
0.207154319077622 0.255629934466584 0.329143427607863 -0.103051748274114 -0.382221130666722 -0.160709652760016 -0.0747249743255087 0.181207399588048 0.0686290456046665 0.204859617596758
0.183656352860686 0.074892438228147 0.0597179653705581 0.262767283178378 -0.177858703344558 -0.276147479267957 0.0753047382005194 0.0274794878831697 0.126715634256037 0.0892997176323092
0.099624207498958 0.138573311259511 -0.225420925636864 -0.0214468362288647 -0.0278685470810256 0.0759150874782464 0.0146326806224597 0.228992174892546 0.221607386834116 -0.336848733276991
0.172829086402395 0.300452537601183 0.364526074587117 -0.0671510639917388 -0.390585512654144 -0.155099389500607 -0.0315084705778597 0.178148959458451 0.106595950570972 0.165383498453708
0.0653541902058634 0.0436118929316161 -0.17949920223779 0.00898906720066177 0.069665892862081 0.0572534833833613 -0.016378742910044 0.283307184184093 0.254191235699978 -0.25157716767941
0.330585121449308 0.00196921066224309 0.508928862640685 -0.278479334093815 -0.137636705683573 -0.0760211204861438 -0.0922701243219175 0.320491933194426 0.1020494376181 0.031234275843869
0.156198500255874 -0.0484978241799165 0.390010524571208 -0.0759722182750198 -0.261194031127977 -0.150346818271297 0.00405406251027242 0.289204615150652 0.0460324580592834 0.00133967211815712
0.34769292868387 -0.000109672668918857 0.481254972607213 -0.282795574792258 -0.166554701947116 -0.0597383553500758 -0.0950060384225793 0.312022234059677 0.118302032421657 0.00252417464926106
0.233832507023016 0.024537984472713 0.0640797543591912 0.255604830559805 -0.213251453512532 -0.258495324542562 0.08146507401588 0.0270955770573311 0.142190931986366 0.0297248022907517
0.218252050985754 0.0715372437200298 0.354589237310723 -0.134737516902974 -0.110065161116685 -0.0553780566259341 0.00955101535361579 0.265398504013853 -0.0265472758068386 -0.0528695185620089
0.144269945093072 0.259523871562227 0.402931618913449 -0.0740825893677195 -0.368958268914408 -0.144462316400477 -0.102690339281487 0.208187360599827 0.0962188544649374 0.210515852068302
0.0658853460174083 0.135952744986327 0.181367704046756 0.0749516476022682 -0.369575474106633 -0.0223820809797607 -0.0547785710663053 0.170202314552783 0.102807181866698 0.318154251643843
0.416099054110876 -0.0720441731667428 -0.0225754789752118 0.303310832214557 -0.218349454961458 -0.189732660411733 0.0560524422254835 0.139387141209374 0.145055645381354 -0.108301406963321
0.219613548760203 -0.060465202575913 0.0243658595480858 0.261280297973797 -0.20054296459076 -0.264139498180295 0.103175774703376 -0.0345120493610733 0.113037397672154 -0.0318263889367893
0.0641922333262942 0.102314297290233 -0.281359773572675 -0.0621986555010849 -0.0758484895820312 0.151419988686742 0.122266426035072 0.25363275344302 0.200817005196275 -0.148516131690926
0.102216188102866 0.287249223872127 0.435516784430569 -0.158513585795486 -0.33943636002549 -0.152233690592429 -0.0102037230523545 0.0487689212444671 0.0484187982209869 0.160748845540439
0.0831259257933424 0.220466466741089 -0.280022308718086 0.00452572496206722 0.143566361140463 0.0326756985971455 0.0931109415991828 0.149914285346726 0.269206134204527 -0.238375797421738
0.0623563909598698 0.106843871142303 0.211792401699407 0.0900338093384239 -0.336942011526409 -0.0759957930411543 -0.0572411211016832 0.216938680801092 0.106027692192634 0.249615501646044
0.140346437223307 0.0906892765870494 0.470281138639123 0.0746180896430342 -0.254591343418953 -0.194985419368845 0.110935712085299 0.0256475887721092 0.262218204562936 -0.0722937313168144
0.0438909998983528 0.215489143557809 0.266579736607732 0.0977220762590182 -0.351310018361592 0.00593772796549674 -0.114073701116267 0.217677101767129 0.125852677474683 0.373156405664276
0.0547571040619602 0.0931893810974657 -0.27897852499359 -0.022414209359266 -0.0356897703291493 0.122240149470943 0.0969044993216308 0.260988456924793 0.254545385810428 -0.165967783646729
0.20320711818736 0.358483402890825 0.474382436206601 -0.165519097413266 -0.24534790040203 -0.148209472933555 -0.0572727818635422 0.111942284631321 0.132551320349675 0.134622509391929
0.160264322211385 0.259925043605158 0.363752420543656 -0.114788215760676 -0.392068513809597 -0.105947492213574 -0.0480819821021861 0.198869118504752 0.112841773640584 0.215817845954247
0.0913647116867586 0.12763544112621 0.154562722578012 0.0700074893973205 -0.391188996971223 -0.0599332742100409 -0.0819164352727748 0.186114386077136 0.130797259271795 0.29650025158101
0.141852223684421 0.244311238978771 -0.292075087111107 0.00394305513818558 0.0400620190021582 0.0810846774094333 -0.0365266076505087 0.276933030472155 0.299452001564452 -0.192170214520799
0.138679905555442 0.144547435613275 -0.142562917687141 -0.0536614147250195 -0.0193111939274541 0.142209828447269 0.0404203877123506 0.261285965091902 0.188210462058589 -0.214776701616099
-0.0271381016055679 0.0269961153763162 -0.211269346204312 -0.0184144239581104 0.0101402662834445 0.153032928335517 0.0570455493641246 0.209658387942485 0.314581463055424 -0.245909641107549
0.315802429390649 0.285470825201147 0.28739442354098 -0.11074214282738 -0.231649206886237 -0.0987690407333732 0.00307208619808545 0.0260066587435952 0.123797212549236 0.180951187203912
0.223796298248603 0.0417746301960529 0.0389686077059502 0.304468413740963 -0.20008085890176 -0.177904067951903 0.147460184795982 0.0256279864550024 0.117560206096911 0.044377615570196
0.346883163972827 -0.0495208334828638 0.533957853951772 -0.31316185968483 -0.162511797141768 -0.101649079361165 -0.0878726177331567 0.328768939005906 0.101436879201556 0.0306151708834629
0.202147065000348 -0.0963600726360342 0.468186071409791 -0.10743794980914 -0.212300441769054 -0.123118696541218 0.0765937752185889 0.319136203623748 0.00297767287462468 -0.0731720685370353
0.164888498700837 0.325970803176701 0.386786431196804 -0.124628507186339 -0.341745505860539 -0.155042721695912 0.0040968336745453 0.108591274447397 0.127173710534715 0.265559403265375
0.338777444355986 0.13279312179422 0.377643483794979 -0.10285823192339 -0.306491126225995 -0.106512556990999 -0.0181015774254312 0.247522928214608 0.0704119930678883 -0.0238592859381519
0.267838396993003 0.00708113313600134 0.194852455615014 0.085301529900801 -0.205881807046275 -0.168014579976174 0.0742427094297435 0.222274852922537 0.182874994516098 -0.147461828461801
0.110267496093738 0.0525332172579142 -0.273302770289885 -0.0175469105085532 -0.0189178333135647 0.183456351116736 -0.00122494647234818 0.200580165949265 0.210645980361723 -0.200409122205142
0.281829496024858 0.0809207173699202 0.197660705832895 0.114632764918505 -0.155756424400289 -0.0709342729974303 0.0876535478862301 0.240386083816986 0.187035415966978 -0.072495894792091
0.440126666844205 0.170086904612816 0.29254582788872 -0.0436286832896365 -0.242128889421128 -0.0480831701320499 0.0129377663669171 0.183809483192907 -0.0106951889495662 0.144921641690499
0.357663176552264 0.162465358250071 0.359253370509846 -0.120776203094505 -0.309181929933955 -0.0684838308262167 -0.0203590220073313 0.28197906406107 0.0594213252795856 0.0228617568704043
0.227669662906482 -0.117401587459524 0.461206097733765 -0.108909097514554 -0.248657339050587 -0.0952707362758903 0.0125915122701837 0.281977360353331 0.0230262876060969 0.00560738033221577
0.201499797058285 0.00893616520698488 0.303641840570012 -0.102365308700948 -0.235959284622645 -0.0953316025526293 -0.00991108732349039 0.232584325977224 0.158426507005872 0.058168564825806
0.0863333278235844 0.247761744493401 -0.239896943843543 0.0223655794044512 0.0762965937612878 0.0563757859013576 0.0136264179045391 0.182624148276507 0.32813492174015 -0.287521670687622
0.193648566097785 0.0858569487704668 0.445318153238469 0.0794921285966866 -0.283735439622237 -0.150321190118555 0.168143838748646 -0.0499837765087612 0.287528769250477 -0.0542381358874567
0.438247384181149 0.160180712741934 0.299421193347651 -0.0574131593921357 -0.243436134788699 -0.0558746482102058 0.00844601769531571 0.168317423698939 -0.00712357794696821 0.136686925383195
0.0703905696986249 0.173559779391925 -0.184026523013203 -0.0405444997258294 -0.0285064906877672 0.0812659515210248 -0.0249882030755228 0.275690778051306 0.279120958418383 -0.233399485978112
0.207577720698549 0.039134188214259 0.604119353481488 -0.376376040143568 -0.0776183773176523 -0.0930641696320473 -0.05992411145081 0.245483843425374 0.0446503302855808 0.00873803644625845
0.289351191252421 0.0329467324904128 0.172162634414488 0.135686424244975 -0.188982224753562 -0.189044880346037 0.0879633882630931 0.23956815886304 0.183987609451375 -0.150763584703914
0.302769217338494 0.0241735041596338 0.167397932072426 0.106101701980334 -0.21110781692229 -0.161812010492201 0.113756651950785 0.202661931500496 0.202552663990714 -0.142286563039258
0.0741825308660677 0.22522476292947 -0.250776076064069 -0.0319642908323462 0.0733418551912491 0.0614836209624477 0.0257204644265018 0.169581439029919 0.257473909963516 -0.192654183901098
0.383579211459008 -0.068873746771227 -0.0348115480750948 0.299501597784677 -0.274904579820765 -0.223687706827216 0.00917507552461323 0.0934954691865562 0.169618690967508 -0.0681529013524283
0.287692259841775 -0.103522940748461 0.443220732145273 -0.124987594077426 -0.223740154061067 -0.0584082858874202 0.0429734271526344 0.1947533261852 0.0642186608998783 0.112694474833988
0.207054984770429 -0.100284404589681 0.475768390538706 -0.099537183695776 -0.22901371308678 -0.114490559500111 0.0827565855835179 0.332527886640473 0.0166589631279414 -0.0740731321321471
0.174509255438059 0.232363356663728 0.367376029848581 -0.141535061000084 -0.209012554139384 -0.113225232524923 0.100548374161886 0.0378489866415666 0.198404387685402 0.219593964963599
0.210578909291435 0.305790078235302 0.367281215049709 -0.107642113834159 -0.34989938309493 -0.138670369235746 -0.0487783531685906 0.0503529129939066 0.0973706662920256 0.218563286059679
0.122295097568594 0.127614020054618 0.148950900549349 0.0820056002897046 -0.325676271773756 -0.122361925223118 -0.11001399851739 0.165745743804935 0.131347488830916 0.285128105731423
0.141839830322861 0.0983368130314351 0.470334690427758 0.0668966493865293 -0.257720470827075 -0.191223531907566 0.10688596217642 0.0144830458782696 0.261109516346803 -0.0567677490874271
0.0653541902058634 0.0436118929316161 -0.17949920223779 0.00898906720066177 0.069665892862081 0.0572534833833613 -0.016378742910044 0.283307184184093 0.254191235699978 -0.25157716767941
0.195031203261489 0.336572007122104 0.333604867000162 -0.132273119591871 -0.295533573514784 -0.0856612976091126 0.0865100355641243 0.14037052320663 0.0649731955535196 0.249180222522369
0.0986025484919242 0.274680827440943 0.32949005135731 -0.119106441593741 -0.347454425069855 -0.127457314716099 -0.0162816608142663 0.0324471520171525 0.0595205533654249 0.130801309926979
0.127154596132025 -0.0614960922196583 0.456555035088434 -0.142477719170974 -0.213499343678215 -0.12389426865613 -0.00985117659449189 0.306312793073246 0.120194734758016 0.0307697170489824
0.182948834893571 0.0793539229313974 0.0731846753246243 0.274249428099724 -0.193173337912854 -0.271365909540939 0.0667359667913681 0.0264832600066999 0.135741972059437 0.0818795893818112
0.23061120446544 0.213156057942118 0.23021190665571 -0.125561668936775 -0.278015854741056 -0.0997061310184184 -0.0779720894378249 0.0218141832559592 0.141361547553465 0.192841953049985
0.00095909624104188 0.188363947184198 -0.24628041124497 -0.0134981427148297 0.0251477071152683 0.0416585159903374 0.090445966381556 0.13298429746114 0.357658879500664 -0.232312357845723
0.204287392240697 -0.0895258037465033 0.474238237626372 -0.0939629653687921 -0.24883750851284 -0.0808505116661316 0.0465248710037713 0.321168085921796 0.0555144022736588 -0.015708084387573
0.0470830325270059 0.197346569066653 0.251788773988623 0.0791056708285461 -0.36426124453214 0.0154646610697627 -0.11850318890989 0.199925005900396 0.123997071499476 0.400440063412059
0.154205995196078 0.186400967951808 -0.27444398699452 0.00977713117465273 0.0897364403144504 -0.00947036131018959 0.0386967507858938 0.138698449934866 0.237465256152606 -0.267655615808672
0.153116830357822 0.171833419485482 0.143237132450955 -0.000555044343418493 -0.439834977279233 -0.0723118217504806 -0.0262350787972287 0.295938845605426 0.0741618126868964 0.270750022991717
0.10055154587309 0.113752688422879 0.142804143894837 0.0814593980661426 -0.333576817440027 -0.142491937629186 -0.0959520821204424 0.194205038556548 0.146099369785669 0.303174073245276
0.0655687155739854 0.120660906095193 0.174370715328216 0.0571611407235753 -0.363640582003685 -0.0775054889526521 -0.0673825685397984 0.137971695599637 0.101304165891021 0.31218727397789
0.291640270005244 0.153456306259703 0.405903361249971 -0.0277285382651323 -0.405515759436364 -0.0897055306090894 -0.000667728201814509 0.18272395341474 0.0656605294307301 -0.0198333179509771
0.0567146320479255 0.186792616430951 -0.206028630638767 -0.00520451982386456 -0.02622130298673 0.0899364591422857 0.020749625818974 0.319832811361045 0.213058194998892 -0.244768302619833
0.164211491342819 0.309275046787845 0.385331295218449 -0.149007481877519 -0.149868779384214 -0.217655161310504 -0.0113516020303456 0.0282560492676215 0.09706223555835 0.33120142841553
0.113273459241249 0.313800790907454 0.380106444672338 -0.102964412497846 -0.309198204472599 -0.136043410483821 0.0389707232496937 0.104169754895796 0.0861876568047659 0.28209185317451
0.0407644848078362 0.177820907108396 0.162082731039801 -0.0511685770444218 -0.452396820635146 -0.0253726765317374 -0.0456950148957956 0.262176615893905 0.098045090986475 0.284510210084453
0.0769857324847337 0.221921019860951 -0.235847243127772 0.0278556275162883 0.0587028982255714 0.0113828566204289 0.0665560514405951 0.112035109845255 0.29786606654743 -0.238577828642975
0.109237505911208 0.0610141889143906 -0.197754101987401 -0.102125829897285 -0.0506577431504996 0.189508562745989 0.0752322578484948 0.175618480133797 0.316337644482153 -0.0886341680461537
0.0775476678211197 0.210754335555175 -0.244026742416269 0.0281218338743707 0.0780528878811383 0.0232514309805124 0.0703263586497707 0.139926570853346 0.276174372344705 -0.270696051821192
0.213368705849389 -0.107271902008415 0.504237493180273 -0.0883025568162475 -0.26941219892228 -0.0906933311916123 0.025685341253694 0.264555021408807 0.0591568454137534 0.0168626883308797
0.106883462576458 0.331938677961013 0.422719357628034 -0.114700176490195 -0.3042105601793 -0.148307708252373 0.0781116629639777 0.115519720664769 0.0869472963228181 0.242804337984794
-0.00449499199536254 0.093225902043283 -0.278168772625139 -0.0212144751504414 0.0787451849992746 0.0927897782487397 -0.0694430778993431 0.198465998412367 0.330482761769967 -0.176602906436729
0.0901266549809768 0.23513863204031 -0.213034688612202 0.0224625646782738 0.0723587588034367 -0.00430077052808444 0.0710509810154656 0.137183605155596 0.285229799587901 -0.234164596588431
0.338772889868682 0.165550249737333 0.433881452222415 -0.0420853863981313 -0.319234373483159 -0.105297567097579 -0.0190047543279463 0.197669169767571 0.0486588925234364 0.0526238781841233
0.0745059371864349 0.201175317101693 -0.248997740144801 0.0111598136096346 0.0411360978139076 0.0477008477517336 0.0970544975484459 0.171359156693835 0.286158547288677 -0.261093198040499
0.221124175927058 0.321408089564942 0.356050003853656 -0.0728516428971145 -0.346871425883504 -0.163036298921584 -0.0522831313275586 0.0590523784880322 0.0891779185907199 0.202448195492214
0.0799093246464187 0.209884262117035 0.175188956451344 0.0679402053985187 -0.357647709839234 -0.0498551664676416 -0.0495992514625478 0.211988723932898 0.197670787434149 0.288170752620742
0.27277679700434 0.155203732796615 0.378554419431172 -0.0699251266900733 -0.304979929669415 -0.0820453491931504 -0.000679913683994393 0.207331879779284 -0.0472927883415244 -0.0243807260218967
0.373304996507763 0.214382539133237 0.341057505395797 -0.0625033228115293 -0.248159325292859 -0.103347630058372 -0.0426876503869299 0.157337956259629 0.0620114651734147 0.13098882137401
0.070289631366668 0.0841894398542493 -0.261201097198017 -0.0561408274931053 -0.0340030144860334 0.1617689788722 0.105026545740587 0.242147967251955 0.209806766560657 -0.159934507322466
0.0799363350962631 0.12618731443654 0.138966992130521 0.0640112674855386 -0.405169519080497 -0.0436446433642233 -0.0926132391417383 0.146740807084071 0.099492721333523 0.326945853455412
0.0330002306909175 0.144997691212613 -0.275137696956869 0.0304157619955856 0.0635885887872574 0.0333425235165837 0.0476002534421029 0.0969090147174258 0.336325186857003 -0.232276308579332
0.0548716061393323 0.204599025895545 -0.300135246835392 -0.0203863037642079 0.0371355123930522 0.0239693293300611 0.0093672108279707 0.174765556569358 0.320235660446367 -0.189337829016394
0.174187950235653 -0.0104748145085958 -0.00661698769072773 0.263561635381673 -0.210245032504184 -0.102913518511395 0.0280454930636642 0.0949982875995866 0.162029959882915 -0.00476358051021867
0.198803290182493 0.0463471584657393 0.366580692129996 -0.18146161570241 -0.130874735047719 -0.0670020696315369 -0.0180089989002828 0.235124658157152 -0.026013091136021 -0.0572511740313263
0.101954808185811 0.262807854359244 0.413011208906149 -0.13309475625523 -0.344986907282247 -0.161100380269027 -0.0296621172294766 0.0325206732200088 0.0358503199702593 0.144008232356319
0.103385614099372 0.0897881515749338 0.137728643252992 0.105367746472701 -0.340251910327807 -0.122511252794577 -0.122654078024991 0.184821651185469 0.109313896304115 0.289389236294751
0.0848254176032271 0.249916023787462 -0.33590139754496 0.000152040743429612 0.141395477562773 0.0423459268053598 0.0799007310463629 0.195083393271976 0.310117366303677 -0.301915282922406
0.292715315256368 -0.0216658635433356 0.262062372873249 0.122275484094261 -0.207502906360808 -0.129572048834318 0.0881620552666812 0.185691288825229 0.112138560654206 -0.108395340718803
0.204287392240697 -0.0895258037465033 0.474238237626372 -0.0939629653687921 -0.24883750851284 -0.0808505116661316 0.0465248710037713 0.321168085921796 0.0555144022736588 -0.015708084387573
0.10892558038591 0.261418589227452 0.427797984852293 -0.128115979310133 -0.322485309190809 -0.143331360500107 -0.00634566456651133 0.0275245966938994 0.0183803703790487 0.176197457034311
0.106238113688928 0.15888256245568 -0.16934437277903 -0.0758437707466633 -0.0451405915242333 0.113248563014581 0.0965741048698882 0.229133258855995 0.291494591538225 -0.0696866794392207
-0.00034177576888831 0.237965839894888 -0.276724314582658 0.026159441921488 0.0801488632064216 0.00489093185825788 0.0679166634997706 0.13832381170251 0.368316100782398 -0.216057146455052
0.141468842603072 0.0370154085388801 0.0684656528447288 0.255747940369952 -0.168022862348965 -0.205855610634221 0.105121025259867 -0.0178440615328732 0.0896362901195167 -0.0368118381111081
0.0773916093673388 0.0321126331096121 -0.185855609410585 0.0594380269757724 0.0770093503727082 0.0511123822524759 -0.0413661215583564 0.281927568747542 0.238102880623848 -0.264630724264641
0.136487497492913 0.243244605086363 0.315586450724256 -0.197114231352554 -0.231865799936715 -0.129569649273714 -0.0879563399377584 0.0430283417379387 0.0879232713419028 0.208195591457033
0.14823889773094 0.0923165694258707 0.476769805293338 0.0542137215614318 -0.257667713465426 -0.182596652384729 0.111623510263724 0.0260847242303256 0.261312603257306 -0.0566565465854756
0.178890704552529 0.262453571347219 0.340185123750578 -0.120966170630236 -0.196660677619018 -0.130668093714954 -0.00361643744701064 0.120068676946821 0.201247676410292 0.208474693912055
0.385585507026747 -0.0785807769200233 -0.0237647777958503 0.294126921636753 -0.225468209259105 -0.206921685245818 0.00304122473950819 0.130926225742507 0.190807828507663 -0.0703294190447366
0.146630629956219 0.264790805762025 0.361332417352387 -0.0824702725766319 -0.370581216117332 -0.131414704402735 -0.0530536194267126 0.185165361661713 0.0878917215509681 0.215569762154769
0.153555071380652 0.264842776859589 0.379492552795138 -0.157832836561104 -0.199985879388339 -0.105153909276841 0.00677755666482606 0.0769548024788085 0.15405777275026 0.227490214407741
0.195031203261489 0.336572007122104 0.333604867000162 -0.132273119591871 -0.295533573514784 -0.0856612976091126 0.0865100355641243 0.14037052320663 0.0649731955535196 0.249180222522369
0.198535278492603 0.0369887434135103 0.347381239354038 -0.134810141417739 -0.12008389508963 -0.0453179356594325 -0.0122650779387719 0.250707809701939 0.000678114250506002 -0.0913009704785962
0.192511898460869 0.230558553583966 0.306372919504463 -0.0734754842930478 -0.412467989876269 -0.181621842511587 -0.036099425991232 0.176046637672149 0.119267526500965 0.24641788182885
0.0959523290610923 0.115958874248612 -0.142931616867068 -0.0268448598460192 0.0405413512232371 0.0792653512842179 0.0336427347936413 0.247943619030622 0.15041946057539 -0.219452127309956
-0.015012209458725 0.0760750201065993 -0.234112516951949 -0.0285217772215964 -0.0377429419735937 0.118363113449762 0.109966303634419 0.197580869357855 0.290998186642848 -0.251854454839766
0.0613743795734324 0.216070789384538 0.223850518796108 0.0536096841223643 -0.31757110332374 0.026611613636414 -0.133292495358595 0.225258486372375 0.102950733364002 0.392073378472192
0.0653415483033613 0.163580604201531 0.143070664804361 -0.07629674902425 -0.461715249759424 -0.0364292434065918 -0.0477450890140362 0.260547831812288 0.109239072420897 0.278309712494133
0.183821019804789 0.240331359778414 0.30200597253904 -0.0647564206362139 -0.398939090861517 -0.187436037696668 -0.0237352241223601 0.190461028669766 0.107966065466347 0.235921437176569
0.187055026745034 0.225667356037677 0.378839981036493 -0.0954413155903408 -0.161919475703757 -0.129333189039796 0.112874828541471 0.0413514492768342 0.198338649116452 0.189760557651333
0.371277507773762 -0.0367096193534163 -0.034482746283675 0.31646016465702 -0.257137277763565 -0.210729207583665 0.0125998839066321 0.09254781546463 0.208978674828821 -0.080553466696885
0.0693790744119933 0.254853715786663 -0.237631577381862 0.00544146941119857 0.114331869805777 0.0772471026035284 0.0695193027561829 0.194233955545126 0.230100773373766 -0.174922552534807
0.368316630305926 -0.0373177047032432 -0.0431011157178306 0.306764551189123 -0.257638719591492 -0.215997741622743 -0.0112802014699767 0.0954886784668544 0.218162555045004 -0.0785752329803559
0.0887876084126502 0.205012788386719 -0.286167914233207 0.0491713782999988 0.0370878327861746 0.0155525785152264 0.0738709651920148 0.152539142990926 0.305011358057192 -0.229726264469071
0.12683957302913 0.304494204896283 0.395676552383375 -0.163645366245151 -0.325005630975898 -0.138271173326798 -0.0520746426969726 0.0509304073391806 0.103547440245673 0.199794185313829
0.327276783802602 -0.0126026112629182 0.15311930022212 0.10098599547396 -0.178395262043557 -0.17489923140413 0.0860783521354348 0.215660454330105 0.206306925232997 -0.162524903992761
0.305274597817176 0.00711085518800578 0.151934837715529 0.094037578147955 -0.173900357916049 -0.177226440441827 0.0851381158492863 0.221710190340237 0.207491805683666 -0.151489757738217
0.2319967681196 0.195582112773374 0.408917568681096 -0.0972481571447973 -0.298144206023057 -0.227331589719556 -0.00705525450482883 -0.0271929592081895 0.0470554390667633 0.171525368816473
0.0619682428523463 0.325130828126355 -0.159962015355638 -0.0845449429251937 0.0140567839294861 0.0275424391581825 -0.0176233434146593 0.279709705297437 0.40562309944539 -0.273917591630986
0.103943071611942 0.304490136748536 0.375674740415671 -0.151547155981659 -0.310834551761781 -0.146806946554029 -0.00103687879410271 0.000704862292148799 0.109967169349778 0.190077556036745
0.396919966088996 -0.0580664229845331 -0.0253869220940869 0.34536860915669 -0.264901027112633 -0.2120926605434 0.0144478228195767 0.046874457885201 0.203489455478889 -0.0948814886593112
0.2300835737407 -0.0093506752403877 0.0462908167336211 0.306509174069554 -0.196757079036354 -0.204537796390315 0.0582509895953655 0.082101863345872 0.107284412478782 0.0209559176713446
0.0353283294186787 0.142832185017299 -0.208904134892545 -0.0181802557128562 -0.00333620483433862 0.195068885900557 0.106024191090662 0.192170183337138 0.318933489745988 -0.195846792454814
0.297810136035575 0.0227040772081373 0.191975884250556 0.073427318121929 -0.150618021122367 -0.112680199288651 0.0688343126001815 0.150386367269724 0.176578963026887 -0.0935805834484968
0.124958198729973 0.340225786859048 0.391669682896016 -0.146332073238733 -0.35694019270201 -0.136463115171291 0.0264911997058871 -0.00878651069825549 0.0969565028095755 0.15461920790219
0.401258001684886 0.0824890774043763 0.306015661247194 -0.0434696604799857 -0.325473366844056 -0.0746555628175694 0.000480735417963998 0.21749632099726 0.00961111147914378 0.106445188539565
0.0828406109469799 0.100745250791847 -0.237835015921785 -0.033396668461706 -0.0501457692401719 0.162690752144485 0.082657517310851 0.282599436006774 0.213017630781948 -0.137686252337658
0.186912628264241 0.111174189633465 0.414611171331957 0.0668174634037731 -0.29924847879551 -0.242455640488029 0.201119867040683 -0.00652859069537407 0.228274918310118 -0.00886199687402542
0.232482821023886 -0.0177135735230204 0.0687265808806963 0.208329810457031 -0.227448259143001 -0.308059696714348 0.0154211448073327 0.122329629579748 0.151263265544653 -0.0285725124993686
0.223110535236546 -0.0606121971238287 0.493717618528681 -0.106883877588395 -0.269949555519713 -0.124178875187941 0.0254685690239991 0.338375517154596 -0.000980061535651965 -0.0482005873371443
0.105369220947232 0.273611730793737 0.380234488509985 -0.151631286085904 -0.306969036360236 -0.158082939350566 -0.0292440209304018 -0.0136265357306803 0.0924447879977304 0.158863307117917
0.0467233743306363 0.0898866757757548 -0.23891309416134 -0.0515941451887125 -0.0146503104323373 0.15309140859365 0.108942300179811 0.250660093965586 0.206154183687251 -0.151158564174426
0.400397669420948 0.0969104033241129 0.29161299924255 0.00480046567086325 -0.361588295050749 -0.0537979699091412 -0.0303544609156272 0.178075801407518 0.0327041230555862 0.124674478351455
0.164438013142894 0.00270522478811691 -0.00399973323024471 0.260173014025035 -0.204101804230892 -0.126184497436359 0.0389711052001479 0.111349904133958 0.139956994158411 0.0177035719162735
-0.0224579882772919 0.227792935753315 -0.322481998293286 -0.0228355319454923 0.0449812221362739 0.000380019999480345 0.060340289026644 0.158978939065251 0.3514609627023 -0.241198198670764
0.067823688480677 0.185544766810339 0.123873683605358 -0.039823637658115 -0.458401895592446 -0.025933130611616 -0.00942463331924315 0.279655399697738 0.0821225224827674 0.297528962732359
0.243197610680937 0.175315168291289 0.39022456160112 -0.0525217423082246 -0.310893008542275 -0.0931686095943392 0.0204834819874824 0.259219119402369 0.0707563560606139 -0.00334330684251664
0.219966889974149 0.00912178242343562 0.0628138553898768 0.275433865306631 -0.169445849040054 -0.280440759750149 0.0994619765912932 0.0584664863795116 0.125741466682437 0.0430879763250289
0.181404713519087 0.0549974675391643 0.422855527117258 0.0624348072505874 -0.227943177349908 -0.249721860333942 0.136571942437762 -0.00363582729052797 0.254642499230924 -0.0157504676097676
0.130359886575057 0.317183310328312 0.408657097563418 -0.130316708874477 -0.324588449397767 -0.134941332228364 0.0589131372263466 0.101593576720068 0.096915571336478 0.231061208452182
0.111536155389519 -0.0574099446141391 0.457245584663666 -0.121187531859123 -0.223593840573191 -0.0957456347191129 -0.00102040159316256 0.274849070527263 0.0937516904855391 0.074720975327401
0.198910049815896 0.0505951436788598 0.381860970884007 -0.136923947435785 -0.122932935273982 -0.0404177119494609 -0.0204032685931021 0.249940285295288 -0.0359257203362195 -0.0449315614218392
0.0653541902058634 0.0436118929316161 -0.17949920223779 0.00898906720066177 0.069665892862081 0.0572534833833613 -0.016378742910044 0.283307184184093 0.254191235699978 -0.25157716767941
0.180793825574972 0.189922515037851 0.363039726388666 -0.124290987403962 -0.37431761846435 -0.166866988887935 -0.0612734080801379 0.218072758181909 0.113926094085377 0.205049665044679
0.221898727363951 0.100478306843126 0.344225953274374 -0.148116795142334 -0.134372412138148 -0.0668593808555885 -0.000941759539365305 0.231309821929822 -0.0247816664219171 -0.0382962114569809
0.400747568967749 -0.0681094909639174 -0.00560158993899734 0.307388316884494 -0.231874916029009 -0.199175279598206 0.0588919601880102 0.140083989256227 0.131075542628496 -0.0969409857862568
0.180527820977578 0.348381840471204 0.398182736464073 -0.111111799071275 -0.307525884481806 -0.11414995808769 0.0870722714544071 0.146129822144561 0.114713089409091 0.247608895616265
0.238701550482203 -0.0668351536984039 0.469058155502688 -0.121389494451947 -0.276750400045945 -0.113687218742535 0.0460134386466317 0.321844470996416 0.0556823979218779 -0.0631924375953979
0.182970364380572 0.272818361364493 0.310915780702584 -0.108891963577373 -0.3451854771121 -0.156357697626727 -0.0159090668395804 0.116684411043605 0.136387768407274 0.256544755630951
0.308655252592963 0.173570200762485 0.413068855159078 -0.0361778239351506 -0.266931180885985 -0.108298678659263 -0.00740523056385856 0.298137814770308 -0.0302470727036948 -0.0495197072414763
0.189103641465491 -0.0107177979594249 0.0217926221156662 0.266479743022986 -0.230048021847169 -0.236900530411358 0.00414588321268335 0.059989081527006 0.130123820898701 0.0366877661430568
0.260573359340589 0.182842305646878 0.399537076424856 -0.0532927463458451 -0.220341200406049 -0.078919047207299 -0.0324600372817156 0.300455337175107 0.0363665475421559 -0.0327865928086768
0.172213478121546 0.0826022939187397 0.401122038308569 0.0731807857692319 -0.285776788060322 -0.141704289893774 0.177306357681381 -0.016061851243201 0.264762687981467 -0.0184194124520744
0.265121523024603 0.11994989414375 0.443696491626864 -0.0234941534056304 -0.341385493048824 -0.118413021304415 -0.0313466408196719 0.227494497804135 0.106876868853635 -0.0173147424608049
0.222970807970274 0.341270239988672 0.45769431701144 -0.145327504733213 -0.258396040159062 -0.156323763517793 -0.0369187956309737 0.162440423842382 0.100714378353911 0.12004146835122
0.0571571148337081 0.251637834535199 -0.291574994956588 0.015380387197345 0.102879484325869 0.0735678982048355 0.0262487439873509 0.173153878167899 0.329829911736618 -0.265629971059707
0.295907214787787 -0.109749051272889 0.462788174113115 -0.115816384332387 -0.217934799343065 -0.0638171170706069 0.0476746517924839 0.210444220426415 0.08086614840732 0.086419711989578
