-0.210659256982205 -0.0531746697249941 -0.147187740243703 0.255410416352102 0.186148569866099 -0.166843218521111 0.0100245172638239 0.0110176253022987 -0.376815519025376 0.594203440666898
-0.0405430702896316 -0.11990137257868 -0.202577385561644 0.324881693445533 -0.122168323082188 -0.0102509653501152 0.387594479421073 0.0171825741027183 -0.204548234369194 0.420947485826747
-0.214043608744503 0.0504950311987212 -0.0607387915050933 -0.111923414698464 0.256771047368811 -0.0807498776127395 -0.40565521416955 -0.154324047951398 0.212660090773743 0.1403212313091
-0.290616177445389 0.256784192652202 -0.0794074092970875 -0.00360683748437671 0.311968600176091 -0.0883751479662068 -0.268177807346037 -0.0493142572870072 0.100478179749747 0.11389956306927
-0.294954171337251 0.125356539070861 -0.0733139700847462 -0.0422213398235838 0.524432884732167 0.0326974145494136 -0.269457025306149 -0.18647222550262 0.217456511579337 0.101881361941645
-0.0731568098265492 0.0694730734994294 -0.0758684582297435 0.464341902564778 -0.0929473661849012 -0.157567601385496 0.328565067864673 0.219276174026082 -0.356856875936928 0.391406745671969
-0.339685110007304 0.223605952173938 -0.110330670970978 0.0354844515956794 0.288596160870148 -0.0444070811663857 -0.303332473182617 -0.0305269325669302 0.128367480632866 0.132797635681222
-0.203290237728412 0.00560665177549044 -0.163980130095565 0.144059844967671 0.135553008418216 -0.231448593492338 0.0877123708667396 -0.034529221255803 -0.372543046204033 0.564914291984153
-0.498072826971712 0.263794131987137 -0.150378765328434 -0.061537798882908 0.457182460686984 0.0813536998935434 -0.256752064746903 -0.0342790975914803 0.200359006920695 0.186778340075762
0.0116620492864231 -0.128008095248826 -0.138274600371855 0.327767241069045 -0.106876633625338 -0.0228610269747191 0.317218596336045 0.0835960635835016 -0.234227111807057 0.409282202247002
0.19153629502963 -0.0788575784060485 -0.592471560142861 0.107158617245119 0.604293071613393 -0.402858927605781 -0.191121752529707 0.0819833127368268 -0.0435923332244355 -0.233445927274621
0.214160509601492 -0.0664152872335749 -0.607527873291393 0.0959999691519564 0.611339320688612 -0.397867528953534 -0.258806338653568 0.0777496180214698 0.031954898455436 -0.220290932546692
-0.258879863233323 -0.0442870723633115 -0.135661515164026 0.275735403051186 0.0742937397675771 -0.34351988308704 0.186248779795954 0.0927033910157902 -0.353171718202943 0.652880813443156
-0.38503564283721 0.242412712141234 -0.160614028167352 0.10843935410992 0.380742875614064 0.00356469235163041 -0.224367740366077 -0.237926064291173 0.0448275287366693 0.0990237129044124
-0.0568639085316013 -0.105398866956046 -0.193464839046057 0.349335388904274 -0.0553917080278019 -0.0549249653646845 0.308679389618418 0.0170065592627318 -0.211267054196474 0.462146304126031
-0.0970587232656432 0.0480020670096508 -0.123269172966687 0.40027929946534 -0.102801991342726 -0.171176548252291 0.259495339059922 0.12685134026573 -0.25027088717584 0.313317120456625
-0.00283786313365624 -0.0727891807767577 -0.155799600557656 0.320461985002801 -0.0833952062162987 -0.027788996033549 0.258926471603429 0.0276604738778803 -0.220415635394275 0.43373405186191
-0.461209087292506 0.164993669720529 -0.134390573204611 0.0434467431290928 0.320198377754369 0.0413076268462787 -0.29861777398233 -0.0141063025611695 0.126557870509876 0.120866264849957
-0.270628448258833 0.271157159876081 -0.246372213024042 0.0315202777549821 0.491317381204052 0.0341414482066095 -0.139636634153693 -0.0660697919217972 0.185506174082772 0.155030909971106
-0.284893262483795 0.00297634794587531 -0.0997937556623808 -0.0454013476315633 0.454933930420361 0.0823416864372717 -0.277295124341791 -0.120708599896034 0.31274534518179 0.0751628774799572
-0.140002759619829 0.0957199314676808 -0.03466421141051 0.379091473631555 -0.0724447163254234 -0.137603250246149 0.391932146677635 0.193644773981905 -0.392256472828444 0.383479775911656
-0.021460956168946 -0.125432253693175 -0.526077481692744 0.0329083105157651 0.26388879556446 -0.4417494943731 -0.201435915915696 -0.215726410822749 0.0688533217011266 -0.242021128156217
-0.145596097809932 0.0708721217162262 -0.0764293934142956 0.426540811875276 -0.107044428381811 -0.134991823733164 0.338923762126717 0.234084211209009 -0.388998826679335 0.391894196467806
-0.232610327788312 -0.124691624755473 -0.0500199834854948 0.219550891119748 0.090973229848217 -0.276357558358161 0.324176369021162 0.0636076003652478 -0.406144681018325 0.63736144194531
-0.0765383775908281 -0.00329315222451888 -0.0704424589997037 0.37967492645734 -0.0686821618819664 -0.186058941414284 0.242896508701943 0.1978176470919 -0.395058637316941 0.474912348579949
-0.0761428472448194 0.0334773271125989 -0.0994204416231838 0.392001062803898 -0.100275712342396 -0.155466285267197 0.335913689049612 0.243282580239247 -0.353307635025694 0.462195306119548
-0.149227867923293 0.100283487019972 -0.133181806406592 0.347560487925191 0.00112486215370765 -0.201294785942644 0.0856575335606324 0.104598707174027 -0.270377590818566 0.542728738293091
-0.136862312718593 0.127536181049137 -0.0260426874197539 0.400535231944471 -0.0512422918334257 -0.138059632212696 0.369589050186066 0.199820514230916 -0.339428978780449 0.447438617336362
-0.360426691588227 0.239243635857743 -0.253611130152834 0.0661193105153434 0.361866349229876 0.0637614898027633 -0.33197075014398 -0.0731013270419787 0.158096521914931 0.157997532981773
0.114447555918503 -0.133779184170051 -0.578907380413837 0.0235472774985581 0.527066808165434 -0.406264189804992 -0.267093712462771 0.0510831861781246 0.00797291521630342 -0.183472672014343
0.181765901100753 -0.0617927385870541 -0.530554292597595 0.123608347488444 0.407214924010188 -0.399467101624257 -0.225406752864472 -0.0588531556153314 -0.0611466732543369 -0.214631183146356
-0.441679523138007 0.135765808448384 -0.0755119717148405 0.000684807837683231 0.408944786922968 0.0557291433068342 -0.286282948500815 -0.105468786188812 0.158423581871267 0.110481659307962
-0.0943373091828495 -0.0859500060307606 -0.491025646134627 -0.0501209433896797 0.313372425868577 -0.525100533415075 -0.227036831732211 0.0418482040382485 0.270597275092475 -0.0714728475066723
-0.130654265396928 0.101931673617391 0.00864243088838556 0.00870597012640814 0.255386728479676 0.0397495552556246 -0.481977027102494 -0.144074825714774 0.120280914060714 0.0170772992996953
-0.346049974779713 0.196637575557328 -0.105328076847444 -0.00674695486166047 0.398373398342114 -0.0077037683334351 -0.31672435603292 0.0234999333449752 0.157101164374894 0.0971278674975318
-0.0862718107238726 0.0461725349796653 -0.0506666552879652 0.416450958895256 -0.121499578881695 -0.195675100167374 0.37774358842136 0.242306399837619 -0.377078135971974 0.39693059115422
-0.262562084963164 -0.0667898364695148 -0.231546848877704 0.212583042068585 0.0832886689231251 -0.333825474973721 0.158813676887462 0.0132663699697581 -0.440928911088854 0.666217244918098
-0.277601351958164 -0.130030493862324 -0.252070603736938 0.235763436316223 0.0199598699069576 -0.111647904030186 0.345288056576386 0.12288010990033 -0.32984818424634 0.523178459261419
-0.0300482222283327 -0.115686197796782 -0.156067748423891 0.381500886229796 -0.0367241108425029 -0.0951251457528596 0.294062034072695 -0.0840424559853798 -0.202433375116038 0.354682836830944
-0.161024315875895 0.164970575791599 -0.0602106551072264 -0.0701570424991254 0.326162029698873 -0.00377839432705718 -0.441284008669463 -0.132294573990462 0.116550235494119 0.0349725138268012
-0.0938527847499054 -0.1413792562453 -0.184868720686989 0.358473032287468 0.0266191714610984 -0.138335832731898 0.381283210858834 -0.055065073094068 -0.221665675295854 0.40024359224548
-0.120966971855117 0.0368895708597462 -0.0465909774713421 0.414710887241525 -0.0317420543882625 -0.191162493207588 0.277264788223762 0.203543102443907 -0.334592092829013 0.433312128512263
-0.310089073311452 -0.0562128463152248 -0.0990186906749183 0.178867033708346 0.0655581604601021 -0.35487202050897 0.251473470861214 -0.0165705475782845 -0.359992787498586 0.672258064567047
-0.434802476872785 0.240464654067614 -0.124484986711621 0.0396860401097909 0.394670317117872 0.125202057502155 -0.286052511833181 -0.140633095681698 0.150868013594637 0.176719635491538
-0.386144726300454 0.152626612201454 -0.0466067155352656 0.0125422032407797 0.208903007359372 -0.109705124522104 -0.324644204765031 -0.0807884841441353 0.104302482850014 0.1984943364354
-0.318851815708431 0.232009052379174 -0.139456177414103 -0.0016939135949327 0.395551010445022 0.000859196791458153 -0.287964468947291 -0.00973641463430988 0.166705493452907 0.0974791465625515
0.104131951472936 -0.137437541599726 -0.671004503160343 0.0697743177061298 0.592051073252896 -0.422630836445262 -0.187347528406666 0.0191300683636239 0.00179561737045823 -0.232428236219991
-0.310089073311452 -0.0562128463152248 -0.0990186906749183 0.178867033708346 0.0655581604601021 -0.35487202050897 0.251473470861214 -0.0165705475782845 -0.359992787498586 0.672258064567047
-0.516739857473422 0.254300384939886 -0.136873824842805 0.0247368789522651 0.513455934499606 0.0588736023508365 -0.322960603316573 -0.150885528856712 0.188200807311703 0.139229228891033
-0.447578375749146 0.19230285737767 -0.0781805536926292 0.0953109278867852 0.40531547691147 0.0475546401759689 -0.265622638429572 -0.0614511261539382 0.0796475554872774 0.0276400469476345
-0.301165105403623 0.143511182275095 -0.199889752271815 0.111627754180489 0.414047854726572 0.0851584880437118 -0.232027031343689 -0.0630928068292411 0.160340640789872 0.127465067257119
-0.235750929626555 -0.0818449691785112 -0.21800895382302 0.232259435073197 0.0981020871760414 -0.322302525695101 0.190715741216444 -0.0130804712662764 -0.438270787987305 0.674241882802343
-0.0620271087524323 0.0965272141371651 -0.116490288324107 0.372616337719116 -0.0383843442822102 -0.192580445503807 0.257308979088021 0.200117740413436 -0.415911953697178 0.428795741408772
-0.442556991293587 0.245731707678518 -0.122756865420006 0.0659011670004794 0.391136964767053 0.112802151572223 -0.276509422093953 -0.131708827950346 0.117117331292759 0.192563244777533
-0.0918657547152725 -0.0736460742866532 -0.500878930607507 -0.049299174702245 0.308184283622259 -0.517906560004299 -0.23938031654565 0.0393387380566178 0.253359101474946 -0.0638197678422711
-0.102632385099738 0.0322383437708471 -0.0959284749808288 0.43130580633572 -0.15851998136153 -0.195629831593411 0.294300929726802 0.25185991346703 -0.339940659639867 0.421976331477423
0.183751611873406 0.0134981335981589 -0.500456998747909 0.0884617510594386 0.39888802385528 -0.403604846629088 -0.312517739988718 -0.01226906948985 -0.0666186566244692 -0.236802292137408
-0.262521566946277 0.232022626605934 -0.126054807949172 -0.0586127555334795 0.311667200091213 -0.00648176174078567 -0.200350207798292 -0.212162853151831 0.0962850494494636 0.225731527540072
-0.304874831622768 -0.0905109545715639 -0.262885962100527 0.275889440166339 0.0964009166430827 -0.0419841931710329 0.315627273663572 0.13636936050039 -0.224532251317083 0.460037233026574
-0.152251275746422 0.131147107546947 -0.0310441539475062 0.409914324595916 -0.0584504434908801 -0.134096024853562 0.361951865727519 0.210239350231837 -0.352000668790891 0.44719562093356
-0.2950710846001 -0.0892337981319072 -0.226329508705991 0.287350514585486 0.0811936942721689 -0.116224578319887 0.310780471323605 0.126332695314364 -0.274574138599009 0.480946280686283
-0.501433349625628 0.284831218018214 -0.126723581765486 -0.00306903408675119 0.532004020993417 0.0936038187041858 -0.318709757972731 -0.156576177070962 0.170365944058761 0.134398922698704
-0.0988649047632688 0.00567528269997629 -0.0647994907057942 0.379205486375001 -0.0773669951100257 -0.199331608078098 0.320921777029053 0.273487432619924 -0.348591901008728 0.442216687716425
-0.132753691408376 0.0405317503130404 -0.0617491216282999 0.437187700039148 -0.0515467449214828 -0.170245393171771 0.291594827581576 0.21388854366101 -0.365485153218096 0.460354419397202
0.0389122253751623 -0.20245106796567 -0.486680627686014 -0.0469490993166637 0.29152075762281 -0.316186699824279 -0.174936010286894 0.0124153501306212 0.272512415402587 -0.0156818854795296
0.178488627892986 -0.0163110838372857 -0.535393259105585 0.128022439504512 0.395749041557564 -0.426335996817023 -0.258176875590955 -0.0647973822788166 -0.0591567666718233 -0.249963456758725
-0.390652158884144 0.168057965330333 -0.0470503903965672 -0.00299827750272536 0.21944970707727 -0.0968334148425615 -0.289276564176693 -0.0211018658643999 0.0762073980756482 0.21004273571167
-0.181797325721514 -0.0591144346635737 -0.204307211717745 0.427916005065785 -0.00616231873327277 -0.241806351383032 0.102099526012638 0.099246245231985 -0.346116156963129 0.418551898740558
0.19994062328454 -0.0210848686592373 -0.544931833248762 0.117318685559536 0.377704000282389 -0.426843646969919 -0.22606320452478 -0.0694621373624609 -0.0431970984199748 -0.218022790661615
-0.284829888163084 -0.0983242135244747 -0.254157252233937 0.237308493744683 0.0560673599963026 -0.0768061856130865 0.345268293790653 0.169197911687859 -0.283442398908217 0.50814795423551
-0.039515344644816 -0.123953580445245 -0.456885183247183 -0.109444764204535 0.266359907935458 -0.535226133877001 -0.225681490317596 0.0167610034755057 0.173762544618792 -0.0421847712998171
-0.143855885623673 0.0921458453260822 -0.0261460238100735 -0.00749582699402587 0.255489804499288 0.00997542893476714 -0.490997332022236 -0.129258727529976 0.106813064423476 0.0228299412308724
-0.334502846658277 0.289767806652535 -0.157345932371967 -0.0226852880902301 0.441041832283892 -0.0564512156009085 -0.272547453020085 -0.145248172180698 0.244965431245103 0.213117518624781
-0.278748698821272 -0.187962360252565 -0.242897164209787 0.250912926825647 0.154297185883117 -0.0441986086631906 0.361364194402321 0.0572779703365905 -0.248896873835179 0.496601353904808
-0.193915763082424 -0.126492871816374 -0.113931753851353 0.233041933523412 0.105288568293107 -0.27625540671724 0.244381271079417 0.0753731645271134 -0.48115785900091 0.666560741374005
-0.1150320990998 0.17880382444402 0.0490928591604488 0.021908549305673 0.305444601252172 0.0221264521517736 -0.499924419372677 -0.158199895947392 0.122288195525304 0.0580351532616742
-0.313704759631524 0.284893961129838 -0.19844659893107 0.0404692805446273 0.458172407142262 -0.0254684825250871 -0.230711145414602 -0.127292564085668 0.198846973984672 0.179713598551141
-0.268781264289487 0.164574606514972 -0.104404307705692 0.0118097962495056 0.308515027556633 0.0233736501413461 -0.205628367578775 -0.149826668129832 0.173460202268437 0.213092908119929
-0.352513768342366 0.203795947623644 -0.139383204312182 0.0537654819473493 0.33941050479034 -0.0375481182953748 -0.374255255791497 -0.070696429621339 0.101765396729647 0.0280529559940567
-0.249299689468724 -0.0130254865575267 -0.246544663062251 0.24489406598145 0.106535010567566 -0.185437543030891 0.146243476181405 0.0593802506057945 -0.37260623375915 0.548353793112005
-0.188453548243261 0.0576350532443585 0.00526404611269005 -0.0154264049074681 0.338302090277565 -0.0200069558883505 -0.458690066616539 -0.162038797416097 0.152287216942937 0.0249711784254251
-0.230140347727366 0.22039339359373 -0.132330595262018 0.122936888223302 0.457822166216893 0.120601159211218 -0.257874254261556 -0.142979892936709 0.132077883076051 0.265887442623188
-0.206832505633219 0.0795706545083186 -0.0750136996677443 0.315804422381055 0.0126516261393407 -0.190924777788336 0.0636398324632882 0.0390588117807404 -0.299114063396741 0.546162243464447
0.0286433876760785 -0.00953372404390827 -0.00767881102091871 -0.109436584650469 -0.11946245042491 -0.0301904943878712 -0.441234166127964 0.0882089676525214 -0.0532781356613328 -0.165560674887511
-0.342267494471651 0.29353747209748 -0.1017003130447 0.0923120710987735 0.397108824056469 0.126346369676411 -0.300877062905665 -0.0800749654750453 0.110952809721643 0.146761767401254
-0.0314638803195638 -0.0892817782319727 -0.151673792385239 0.412839632101259 -0.0464786858359527 0.0244134204978038 0.340694343461614 0.0163717387579423 -0.212428364737025 0.411894306136987
-0.356861171905267 0.231240261756022 -0.125626629615166 0.105464870557701 0.360299281430717 0.0482852160841353 -0.274107272878546 -0.12596801997277 0.164826430479749 0.104781091910073
-0.00185187124420778 -0.0317898453463726 -0.441668723914383 -0.0898516339757479 0.257554498518278 -0.479686339646706 -0.173929734906947 0.10993319434317 0.194040008312191 -0.0914235669670232
-0.0581093177610238 -0.0927889503966916 -0.577746863527546 0.145800609558669 0.440877960597307 -0.347818012168011 -0.490747359012029 -0.0362831726190985 -0.0798959675281075 -0.316875186195244
-0.333963542566732 0.252521384172951 -0.0658872381420678 0.111278603000661 0.483978234559985 0.0947241047719593 -0.245711062141969 -0.117257883344381 0.150520429243426 0.213779742818959
-0.331803934766753 0.16827590950808 -0.0801636266575276 0.0767678415344362 0.389379043039438 0.0970765119016213 -0.294840302999203 -0.044029792318396 0.0361587096034134 0.0848499195671393
-0.473090845561459 0.233461704450489 -0.242991877642155 -0.106535604045289 0.595535364052661 0.113893453829628 -0.288574163280481 -0.0842836408296795 0.185566494826797 0.108068315683874
-0.347945117065009 0.208068075727195 -0.167525906338648 0.00109765717381021 0.370868787245467 0.0981994167221597 -0.320194826418087 -0.0326947839032228 0.160420316340333 0.111595465342457
-0.268840410936232 0.253795462013182 -0.095516616494512 0.0967313999431556 0.444223345796642 0.121771531119276 -0.253060651559433 -0.185192469921356 0.157104060464379 0.294027482858998
0.0409132614744247 -0.00965512876670574 0.0127046619282703 -0.0764075734074365 -0.178564425707825 -0.0546182939922176 -0.408447669016381 0.120891856545644 -0.0824005322069449 -0.139736690043827
-0.0314560497380475 -0.207495935101055 -0.445116023580812 -0.025265412547714 0.235752852348993 -0.258225837212876 -0.195071197438488 -0.00229662394629058 0.246827767765831 -0.0510402674935178
-0.349101166830954 0.192571439566404 -0.129125318384454 0.113285982504974 0.480798006168796 0.0648357814918501 -0.210057594723083 -0.128496394777338 0.160841670366898 0.211032368583425
0.00791867291150518 -0.0163600079427108 0.0157361623141474 -0.122799405906037 -0.127154366020065 -0.0230199099085597 -0.386435908692746 0.0631688405806074 -0.0672006239242599 -0.174339460466871
-0.453308127615997 0.181057772526451 -0.0254831470370562 0.0744475366837385 0.432185446090496 0.0371949457584865 -0.295119760580345 -0.00374442569110475 0.110090661428673 0.081366404643657
-0.0428659488206889 -0.137109844156606 -0.52104354102212 0.069307560793837 0.445537430118171 -0.392333119436444 -0.471094624468246 -0.00550197482604192 -0.141654886146612 -0.349212846245941
-0.00878389809038618 -0.229364542593933 -0.455635423642314 -0.0198347155878677 0.247438146783215 -0.269625762912764 -0.183768955000048 -0.00857682037479261 0.247616133560548 -0.0351102474105394
-0.300114789566423 -0.0819454652634715 -0.0528566393039028 0.215413825541921 0.0651070684813495 -0.383509881358425 0.290511462020753 0.0672634631123152 -0.36220438012645 0.725540313915626
-0.338491226798398 0.272164641610632 -0.0850976209045015 0.0829001525542822 0.458878398430216 0.0954921765266895 -0.245702119554551 -0.150434875801287 0.180328323631592 0.257268501508445
-0.214287269928599 0.106863882811542 -0.0584047919027533 0.345698630650485 -0.018098759529505 -0.214417023694804 0.0403357567030936 0.0765628997836815 -0.294601282235764 0.550675058910531
-0.105798384870004 0.119822446825851 -0.033173627434946 0.3852799539004 -0.106009516675846 -0.154062507951897 0.287278282298261 0.183751625316936 -0.365366038746793 0.403841208819298
-0.395207616143178 0.171143781259919 -0.0197700136077923 -0.0170925300631802 0.236614544799987 -0.0719407600707155 -0.304769706916611 -0.0662176587200028 0.112477139900202 0.181726294821739
-0.115881977038766 0.0896065602675077 -0.0126980353381523 -0.059211932818635 0.313889358317255 0.0206543496724403 -0.46099196733083 -0.130937259465244 0.118071316224427 0.00925990220668883
-0.42572009941339 0.228013918857533 -0.139031567462346 0.0741442462668158 0.415230749631902 0.121573031226219 -0.271931827246032 -0.127804695505838 0.108258174164254 0.190216564715103
-0.303928925971783 -0.0831561106771129 -0.21951357276173 0.280601841930687 0.0720498247529139 -0.0331394646839624 0.308887635264096 0.149622407191141 -0.237133232930419 0.482990334833596
-0.275951681884535 0.207723462041092 -0.0947845176457635 0.00670128287354225 0.355690997907054 0.0760892291625349 -0.180236945316459 -0.22043992579028 0.109527391932288 0.240710261981851
-0.403774387364919 0.146549728839678 -0.0378648731352071 -0.0546066949095222 0.208515113088285 -0.0956039635498524 -0.319709350167206 -0.0667129932948172 0.0815022369404804 0.21064726662314
-0.273805871770186 0.240962493153842 -0.104478930723057 -0.0371619995073511 0.364588770799327 0.0432382298269132 -0.212149155465824 -0.199089981687642 0.107795677032019 0.202271306136867
-0.112611546359527 0.0791121359282509 -0.00980667588216212 -0.0477024985440337 0.295277389261327 0.0124431150756612 -0.459632521445171 -0.134521727080821 0.107877590992029 0.0067086972974567
-0.403314656530525 0.158417459907016 -0.0271099445175806 -0.0397540871287113 0.22494169786723 -0.0981910562201088 -0.29818914497647 -0.0609300087809649 0.0970740287077669 0.196313774079509
0.177800671824309 0.0183020418281135 -0.494290441914333 0.0920901299080848 0.405875761982486 -0.385426958656119 -0.323207263387746 -0.000347605935482028 -0.0640865548644897 -0.237692107493265
-0.239259936373833 -0.0707121960482321 -0.224089193002862 0.186660123491538 0.0932117110512285 -0.298636376889884 0.156909420092083 0.00779373484384783 -0.470231953058896 0.626831029409246
-0.127136315031053 0.0643005518958333 -0.0529999250380714 0.407094453191777 -0.033596873668506 -0.2088744394776 0.287665689896241 0.203771214096492 -0.334158962019994 0.433742047224433
-0.100024443250807 -0.103101886805461 -0.484104794035855 -0.0716753103846047 0.330738236953438 -0.52555479046099 -0.226499183323812 0.065210257662168 0.25495062479652 -0.0746276463503367
0.195642197811072 -0.0332015686652076 -0.537624992754446 0.104022371115152 0.391985327846282 -0.402468339745723 -0.222849513740678 -0.047950801619364 -0.0533685371267688 -0.249437532405058
-0.350105734476446 0.168418088250698 -0.11524572966947 0.0637467909231437 0.269857744783072 -0.0686926727194553 -0.396937832577198 -0.0654618071017532 0.124485803504648 0.0762452192248835
-0.237827201663946 -0.144799070517021 -0.048266384424016 0.299423085886851 0.089408766284948 -0.317025832313714 0.281627204010728 0.0787436591977799 -0.357346825461709 0.638376701754205
-0.31759643211603 -0.0209919023865688 -0.131443256708679 0.0450522378943196 0.479339007704454 0.0979713162124951 -0.262940193522272 -0.16132680345098 0.29591419902122 0.100755758655512
-0.0183187265965728 -0.0394993461258188 -0.543171826667308 0.106502070101186 0.501622895823595 -0.300261437176877 -0.459382028515314 -0.000507499704502954 -0.0648008436005098 -0.254519040454285
-0.396842696316235 0.275178953347004 -0.127075334300247 0.00373181602169101 0.335905529174556 0.0946668116326511 -0.272484928262139 -0.111968360441471 0.166530640355124 0.125636136125206
-0.0312291778732603 -0.0582204323310891 -0.114145167165908 0.356020072281237 -0.0114863338542699 -0.131501010559493 0.196110702928314 0.129636545222717 -0.334654422294701 0.382578106753832
-0.249299689468724 -0.0130254865575267 -0.246544663062251 0.24489406598145 0.106535010567566 -0.185437543030891 0.146243476181405 0.0593802506057945 -0.37260623375915 0.548353793112005
0.188661952110614 -0.0793040818507106 -0.58898240503571 0.0842498931550161 0.649339935751432 -0.406349006324226 -0.202950691819117 0.0986731159653612 0.000614900723226703 -0.222878101404926
-0.238130018585622 -0.055700093461475 -0.179945878344453 0.25439008685144 0.127718325036684 -0.228895913261571 0.118774642306695 0.0206918445947996 -0.404775850910895 0.617879438241251
-0.177040111744523 -0.0216968891563646 -0.197135500694822 0.170827383916659 0.0968066411691655 -0.247685612657682 0.0827705339052273 -0.00873230348418368 -0.343236306248554 0.51289493822068
-0.346785086461954 0.0460170532204414 -0.0386041722727972 0.00342198488923561 0.501007370110099 0.0652761971403102 -0.332586368408796 -0.139107526363306 0.297911299351275 0.114190402741699
-0.0488335934918517 -0.0128308442732806 -0.21719237789518 0.345779687174982 -0.102091995749188 -0.257058013513298 0.2580475429195 0.159889068168495 -0.342903289886032 0.390941842871225
-0.286274129133298 0.211662048318691 -0.0745560002111151 0.0124203142425245 0.294077503004302 -0.0198044963133818 -0.341114168646256 -0.0287208420759329 0.125097310185482 0.0972491877395466
-0.396805500242471 0.30880709178907 -0.052573115567 0.0547348092596197 0.274106627373646 0.0284339842887956 -0.278355064102704 -0.164664153770927 0.243776673517045 0.0446111775675188
-0.245326033567323 0.0389336039565151 -0.0960316545452161 -0.0474858445179155 0.513261362735763 0.0684089721914975 -0.28339244368635 -0.0909768202012904 0.26592146788141 0.15083419480869
-0.423340000568729 0.277483576761507 -0.045848046623221 -0.00228891498961244 0.480882489025106 0.0929001784111661 -0.249639664503323 -0.0707962546980739 0.141774790995472 0.161457678172311
-0.468388697256077 0.22897770203365 -0.0277771148253658 0.0214732778557176 0.457262585327539 0.104208551281498 -0.245343320738778 -0.10519802893848 0.167624477099441 0.0855622081709994
-0.2530549200581 -0.165946593137685 -0.0566273751012084 0.278617072083813 0.0957476946549512 -0.307478667314823 0.278278722204931 0.0718149828135715 -0.37802570459594 0.628162951641485
-0.0568639085316013 -0.105398866956046 -0.193464839046057 0.349335388904274 -0.0553917080278019 -0.0549249653646845 0.308679389618418 0.0170065592627318 -0.211267054196474 0.462146304126031
-0.0621690009405439 -0.0985363926206717 -0.161267802136034 0.331859630906632 0.0277167214773827 -0.0654938001833717 0.442276091173341 0.131442530881506 -0.216814390235164 0.44892215562288
-0.446707555829176 0.282507347393479 -0.121553127943404 -0.0177723623232523 0.378301483519297 0.106846482431962 -0.233114476784548 -0.0980224916175582 0.207687918357114 0.147978310403254
-0.368646255442282 0.295670892132159 -0.104277528476214 0.0601090453680634 0.265249643746119 -0.0261821939370542 -0.244286226852279 -0.113203133310113 0.0864706375235018 0.19940984228397
0.180721905040595 -0.107178250729348 -0.632968745304995 0.124148769461236 0.639183732028584 -0.427572946436512 -0.286049776079689 0.110821599272845 -0.0280342896856002 -0.257658679136704
0.163026985550105 -0.0695477284147735 -0.616904671029257 0.0784694252233352 0.625603263280005 -0.434360164388903 -0.227988980811583 0.0878300421117505 0.00553459769554721 -0.239261810297399
-0.0913104571930671 0.0169866233437016 -0.0825038022868282 0.394423411433881 -0.137487058448171 -0.160001636256353 0.216386661604876 0.113460137058976 -0.242026115835012 0.315845849322111
-0.236473106101806 -0.217908130525372 -0.149236753923183 0.25937392980829 0.115997031449503 -0.0367253360409162 0.262736728410385 0.115034379487566 -0.250653501652431 0.482627797408279
0.139255660308226 -0.0293755856071635 -0.500793702443071 0.120074931817551 0.400495157357661 -0.40785642288037 -0.26222531166356 -0.0225343047192311 -0.0952381922459441 -0.236218033952271
-0.305936443003619 -0.0750080002835993 -0.178339968205359 0.19055630493923 0.164852499994634 -0.296333010808289 0.205721833731837 0.0162288544249202 -0.409627268652871 0.564293053081919
-0.269251548284806 -0.0183352336910965 -0.150195572331037 0.231006532418101 0.115227527041372 -0.307787754255402 0.153809067842539 0.00318275467626141 -0.382554169476704 0.604814553412516
0.152912871183466 -0.00651723091054109 -0.53923394732117 0.0951193877397007 0.39652211742075 -0.438666803204928 -0.246631604721645 -0.0182520627057375 -0.073637677516484 -0.244307327993113
-0.285516638272677 -0.0433663090419526 -0.147694817250059 0.322730553812493 0.136665924223934 -0.295130784170498 0.183756629000458 -0.103102654985619 -0.379556217052302 0.594933412087708
-0.180724614658882 -0.0889475723252998 -0.199306335847837 0.433566175460153 -0.00904781675468287 -0.237402920779378 0.110675104542929 0.0867408816002593 -0.339563956826043 0.417628734252263
-0.306439543128599 -0.124473545314895 -0.276174837491518 0.257204668877672 0.0397583600452165 -0.126537777579558 0.330244767307289 0.127379235090659 -0.243646348723591 0.476515461076346
-0.0179542126308691 -0.101662783516187 -0.516066892858026 0.132936591723079 0.449322978300102 -0.379644994679344 -0.494227215787899 -0.0501367930627399 -0.087421396486469 -0.303930268799456
-0.195183866315985 0.0789492872253588 -0.0872398838632925 0.286038505494995 0.0112010596645566 -0.250406314299294 0.0567174229033531 0.107876753771993 -0.290806563756845 0.557677269033136
-0.38162246845406 0.303429610523867 -0.12116469213984 0.0855420891268703 0.414861839655128 0.136958839402722 -0.316250129593153 -0.0756759902647124 0.115638503508713 0.133706760552357
-0.427206958891561 0.198870375620875 -0.100664909100377 0.110885603432407 0.38075220207368 0.0498454430167697 -0.295086217709956 -0.137307896723113 0.229676166779486 0.102038538999003
-0.279138835992433 -0.113333743237402 -0.222300557148131 0.261508156039364 0.0593533173001451 -0.0170465933587338 0.354068525073837 0.135248893840762 -0.312623756142405 0.458377011908056
-0.232840924091824 0.00454791134723932 -0.159879497773867 0.392125386733153 0.029241955820329 -0.26471426676113 0.0650155366581898 0.131402412458568 -0.336215686853418 0.4747508302825
-0.273024321711399 -0.0531303381562902 -0.269027075762878 0.247569888842904 0.0394945106245414 -0.0619734937674521 0.386789989997201 0.123880467022005 -0.273116620498883 0.487478935762057
-0.478004588268525 0.241991703607883 -0.0600431378534597 0.00455032261781165 0.547735276040889 0.112333114169667 -0.312537988336104 -0.0370347114132679 0.119867895462321 0.0532824356124349
-0.347351737391676 0.204408764241212 -0.103932854601204 -0.0473436629696046 0.292835733208274 -0.0140816655073599 -0.322757514972035 -0.0745697120363586 0.11857994523088 0.12272750815213
-0.271631388290529 -0.0453731685144008 -0.242587151142319 0.251174156525636 0.0483944819064141 -0.0288578847927937 0.312694610447689 0.108053212093689 -0.296608312038477 0.482320536502327
-0.264774770447429 0.0773923421395952 -0.0881382335585596 0.2855948787259 0.0180728136613461 -0.287644684393472 0.0531670257373401 0.0839592597853979 -0.307747037098001 0.546132611396162
-0.463668309508304 0.259464704432719 -0.0424888481707427 -0.00216215361807913 0.533895542884948 0.092845512306713 -0.27675303879557 -0.0471656487721843 0.131722350640163 0.0908450916499905
-0.276286948337713 0.229621858478018 -0.13471747059904 0.131082998755375 0.38643091973865 0.0716082442421615 -0.162791799421108 -0.104607423560427 0.117161738427955 0.191803739849631
-0.164826500850797 0.169123462788301 0.00758017847619557 -0.0339349257494984 0.281232705909833 0.00743778761891801 -0.44182124279079 -0.136982994483957 0.151051402163281 0.0244671669255144
-0.39102632288522 0.215975290185108 -0.0508893228927351 0.00787468491923159 0.359932355114858 0.126633945272745 -0.250488280253461 -0.0677373618814898 0.13643870209476 0.0872577523976636
-0.186423535125226 -0.0683520150877277 -0.198346648207465 0.145628263109328 0.134026867429647 -0.233654160301048 0.0843743086090499 -0.0661100490250821 -0.306172252984365 0.591461833357481
-0.033295013412419 0.0158043944063686 -0.0817228636376952 0.300461706878258 -0.06153038780227 -0.230805197901 0.218755902969032 0.11005670694896 -0.272252923723569 0.352305919456982
0.03318070863403 -0.0335507819523791 0.0113203982619106 -0.105154899424776 -0.121229513312599 -0.0101271782831165 -0.384653461776822 0.0622911307546787 -0.0587359780729789 -0.177760001009601
-0.102677335733232 0.0393433293103336 0.00834008156604521 0.457739225387705 -0.0424456294484277 -0.185604237277535 0.317465809446608 0.205936364524711 -0.426709254886628 0.51358193276099
-0.270960948488713 0.249560812719913 -0.16016342928879 0.131711400932996 0.391900469748562 0.0981862976170718 -0.154681822703922 -0.113143560604506 0.132340114066997 0.196148156169164
-0.01482883863663 -0.042076214190063 -0.184698961874091 0.3761437106941 -0.0706305705417472 0.0180236325149865 0.336285995538071 0.0408782064150913 -0.237963009669061 0.392137605394791
-0.311419117657468 0.246189447833139 -0.117436052432647 0.104349991137095 0.459194789319559 0.0878744263705233 -0.244022941881137 -0.122450483049919 0.166964060827003 0.239185776658781
-0.325438905251615 0.262294690231345 0.0184798998667722 -0.0105153875651929 0.33912315861128 0.0437628442259844 -0.286001128572712 -0.0857090437777482 0.228947411356912 0.0332123668740291
-0.391871248953286 0.189769714222335 -0.132956053032261 0.072945166945974 0.386721469595878 0.093809352339833 -0.307881061059646 -0.0596402746775242 0.0694090694934562 0.122215503804765
-0.295356385424174 0.21705295525812 -0.103752062731932 0.00383167971132349 0.372360676590799 0.0524899108745955 -0.326426579678118 -0.0769347972085027 0.189953275347098 0.0960848889646654
-0.344774166771537 0.229299252919699 -0.116458702555286 0.0110235205701585 0.270612903169257 0.00997408643314104 -0.370673880921662 -0.107078227567166 0.139938175486751 0.0879846835665
-0.414645018389631 0.233314352099694 -0.123492975847466 0.0348537997411834 0.399637872521396 0.116503355597517 -0.350520753036185 -0.039256854011178 0.139961843474682 0.0952335236280867
-0.41614215703733 0.239334525087287 -0.0971554614457802 0.0487430961430402 0.411985377686869 0.150645498791351 -0.247969885655711 -0.133691847356561 0.130420584773761 0.178495872897219
-0.388031247763357 0.232171398160311 -0.110357986417756 0.095300255909486 0.404664400448613 0.0517504573574566 -0.286573101632156 -0.142387543125065 0.195187506693455 0.139754921949024
-0.337092476193021 0.226319572309281 -0.0848787523555651 0.0441469820111205 0.361173125306424 0.0142828265821185 -0.321013303629665 -0.0824654589785233 0.140201055072227 0.0922434708715666
0.0213364049802293 -0.0833836736835092 -0.186449122936774 0.379516836680092 -0.0666850904539946 -0.0607647089547524 0.278898502774694 0.0158247700803651 -0.281781150748004 0.443588205267378
-0.310810788886996 0.0896367151609746 -0.0815304674637856 -0.0943077966722735 0.418578364152177 0.12034260041197 -0.277974053232057 -0.0899499604947037 0.316533254669127 0.124022038420924
-0.341150465186713 0.199664773550509 -0.079133243531412 0.00246606482264105 0.310058428303773 -0.0656745656964451 -0.306329847922629 0.0240812054564244 0.132042642661483 0.0987718894365067
0.15785821566536 -0.0434283052518161 -0.628592404173181 0.00781651504989167 0.682618036789288 -0.358452485748998 -0.298787397723503 0.112712456275804 -0.039404146732227 -0.288563994544441
-0.318293324040268 0.230129345277956 -0.0343076053898688 0.0268323869524754 0.277452053607704 -0.0191264646026048 -0.311879733836356 -0.0568839113756887 0.0707298620745546 0.0813816762573902
-0.284703462119304 0.252081593364497 -0.111833734687654 0.0645566404536496 0.319347605277613 -0.0522086817450218 -0.374530364847827 -0.110070127737907 0.105707737389247 0.0845340553997915
-0.401948189054721 0.257283545685561 -0.0623455985638879 0.0162741670088753 0.432330521590406 0.0831059660543277 -0.302045338242578 -0.061056642194291 0.116581488171233 0.157656337813876
-0.411344442737543 0.245007110263159 -0.0563326474906275 -0.0508596407389739 0.477405099340313 0.0462783741520622 -0.274467792311437 -0.100371442378434 0.145299485270219 0.146606650702924
-0.265698150273301 0.206662286608075 -0.0929392981949696 -0.0421635130358365 0.283304078700702 -0.0489362264142503 -0.276158659724822 -0.0593194961699329 0.139039406830303 0.102578848098135
-0.182770191124976 -0.0197551411175087 -0.204724507735177 0.193450835208093 0.108692575528506 -0.216427718933124 0.0593036385108552 -0.0236101832918951 -0.357774478699097 0.545144596411271
-0.0445239754209997 -0.117926833066535 -0.234754357025743 0.354141207043859 -0.0903794455040376 -0.0259769864749129 0.34905597137782 -0.0383944722680105 -0.229097334815525 0.492306831107442
-0.452534011778414 0.322184492635479 -0.10294724852598 -0.0799710550475141 0.456116605891486 0.121147849575176 -0.305765746390647 -0.0889380163338538 0.146732199672615 0.0874584853858139
-0.126796278611047 0.0816184886666067 -0.0353870619191339 -0.0443915385215725 0.387249529803634 -0.0407370203155057 -0.473271390841212 -0.108923690912547 0.10454189460417 0.101471270173662
-0.211993866361217 -0.0368465130373745 -0.220146276376952 0.243596091731936 0.0308798503801706 -0.193934695377636 0.0436025192602315 -0.0851343016158992 -0.45717225161545 0.634228865857938
-0.281998146850961 -0.171595308823315 -0.226834463334781 0.23241444753605 0.100397761345925 -0.128662196672579 0.0952742130078793 0.0181214993141982 -0.411455492694205 0.624508499432582
-0.298013859787271 0.245681522790737 -0.0638274699967135 0.0256318790586248 0.345327399108742 0.0142537217775738 -0.404145304599214 -0.0429746936219085 0.101892492590079 0.0852784417401255
-0.299589889205711 0.104201584788696 -0.0743592147533991 -0.0556623263886862 0.521871797034784 0.0354975805287966 -0.271225744376486 -0.180776698874406 0.223392936160383 0.10005934174644
-0.288251701506982 -0.151826239565221 -0.180394592426796 0.269518032346264 0.0928655806275525 -0.105821457212445 0.295901721152193 0.0840576770751014 -0.248861970680392 0.458945202292609
0.161334245139341 -0.0834910200414501 -0.604297236205457 0.0956275756419364 0.551647298698018 -0.434921632809232 -0.248059476012804 0.0876652898005163 0.00964811532472161 -0.267478577922416
-0.288585132499549 0.14001277644101 -0.106663507290334 -0.0218853819307335 0.325494632742512 0.0219503929827745 -0.191725825608784 -0.182642252300424 0.143977344643339 0.211732215670641
-0.349373267603949 0.194153470729051 -0.105009939935824 0.0351575659050131 0.270138944486974 -0.032553411325914 -0.245561448832738 -0.121165756673042 0.115711252376873 0.19050663288838
-0.0185813745656712 -0.0660936326477004 -0.438486650992585 -0.134692679954412 0.241975672631556 -0.495070826654129 -0.225336736146003 0.0167801530276365 0.194342909840704 -0.0177713957013958
-0.355254838055701 0.260618188448999 -0.179268798922758 0.0816657097459389 0.46377392120448 0.00235027944508418 -0.248065878248721 -0.131316068163562 0.210831091784749 0.159282508687569
0.0130239673946492 -0.0765113099325619 -0.109165037861219 0.460592772086534 -0.000760952431191219 -0.148944423117405 0.1921417840361 0.132191486323185 -0.331201187070605 0.348324650613922
-0.358372025665191 0.174050023496408 -0.119345728660829 0.0224406815621097 0.345995412874018 0.0265828387688523 -0.245896666772421 -0.0889399605399427 0.168815634247895 0.102676898983431
-0.219308536525072 -0.090571791698544 -0.0859787020707103 0.221498719915749 0.0924764999837142 -0.280280613562991 0.30577050120058 0.0715908660472352 -0.394710743217469 0.667226790489743
0.128347753976086 0.00171146053387553 -0.51559174893472 0.105684023129621 0.439673808701268 -0.4303493643743 -0.166016691934623 -0.0838663301234342 0.0125711360010605 -0.285167973486306
-0.233819448720137 -0.032368636305644 -0.186208682755914 0.41688599267093 -0.0565866494702682 -0.189812275649835 0.0931105764766822 0.0869600509774421 -0.375103498030149 0.452289189532834
-0.364396735161727 0.284593607478021 -0.156902363049165 0.0106453028338343 0.42086185353278 0.188424108932803 -0.282800580495426 -0.11810030355597 0.144450732985509 0.196026442318169
-0.323192552156164 -0.0743780560501491 -0.240692773267888 0.237306828869338 0.00989406208428826 -0.0548398260420678 0.324819655870057 0.116613490181806 -0.253613111264736 0.451467095155823
-0.325520257933599 -0.116054512759111 -0.253549161166547 0.257024023638099 0.0619704064906658 -0.099924987774084 0.363767459415349 0.153501636464955 -0.272002255570858 0.490652558250056
-0.0217089258013248 -0.0759763598053748 -0.420511439612989 -0.0588716046150778 0.251206250932824 -0.488999480966809 -0.304600112000401 0.038060740512606 0.204694916550841 0.0285665263509419
-0.42215688275206 0.242816577732931 -0.0754373026764094 -0.0326687928229582 0.378491023765705 0.0518393219225498 -0.212282789631113 -0.145991360602539 0.115375657276035 0.198938611650623
-0.383868908316117 0.222146900322466 -0.104013445792355 0.0334076181089963 0.405377713113296 0.142580143767889 -0.375223638216499 -0.141867491049241 0.154992756443256 0.214383039156415
