-0.189012782497471 0.0255617509363395 0.382431489285133 0.0393926001254261 0.0982073798194602 -0.173969283029523 -0.285740755099971 0.512463088803383 -0.113276862411758 -0.327205238658132
-0.295097989096742 0.577947603604517 -0.00812185625996517 -0.00850101613722515 -0.319260347802977 0.201317950269712 -0.637905529999645 0.40315059840198 -0.258808397086265 -0.491866019060757
-0.7933833548903 0.45660401991186 -0.0935430326721574 0.0955159448382483 -0.217494591771228 -0.00686192809538231 -0.435338718586857 0.325567413823799 0.00347949197985641 -0.671500203003261
-0.66505297838863 0.107869133967209 -0.0330378022337084 0.109229766595052 -0.289543557602402 0.0429961034440296 -0.42841539827297 0.419613309971597 0.0105250621106919 -0.58597374660704
-0.200785241425372 0.0181512265796877 0.418333602507569 0.02189998176138 0.116624843375543 -0.216744806265318 -0.302154816117807 0.504987412805992 -0.0886392332981408 -0.36313400294056
-0.387651887419472 0.44328968320984 -0.00912874023578149 -0.0587679893688249 -0.409888078346826 0.232189085547381 -0.668786051309984 0.43688853383181 -0.381629102900149 -0.297194629310139
-0.500541005429578 0.711489053708928 -0.132979698555754 0.135383628062907 -0.156840204438913 -0.0105805733481168 -0.505250827803554 0.519740606146088 -0.223003050941985 -0.374686072397646
-0.37473197852863 0.451604569231217 0.0463917255714774 0.0447785534689331 -0.275007185087837 -0.0905468719260856 -0.603380883083902 0.354250410402456 -0.258209578974495 -0.276370965525581
-0.377540017916592 0.662202868135814 -0.0638239394597852 0.147645636283605 -0.143858000301996 0.0767037692713229 -0.660262819218903 0.400342093697378 -0.160834816179085 -0.407648363650251
-0.377652900030439 0.498154205056278 0.0804637252635505 0.066538846401669 -0.0630072198526673 0.0796086747562332 -0.626525987565555 0.358564019448115 0.0752176464563713 -0.414228857970746
-0.209605228619421 0.108891026378461 0.35568519636837 0.0939691019982792 0.180611291780919 -0.207421636940212 -0.341188238083005 0.374999355673243 -0.146718000649171 -0.322081410498276
-0.287121240882527 0.502256982079957 0.0831671384709902 0.151914941608841 -0.0790995061355618 0.00351019689660276 -0.631590750732328 0.355830742320748 0.0508922746716371 -0.291721188918224
-0.295546490752368 0.394600920197054 0.101206651165375 -0.0399641161844123 -0.349287456449415 0.153966543643345 -0.430545000727042 0.252665745156252 -0.0814545235031413 -0.349841314540944
-0.269013211811582 0.15940475889794 0.110196545513137 0.0361718959876839 -0.215294492513655 -0.352707162008295 -0.363113047711861 0.411856884154714 0.00102173645200881 -0.570194085382136
-0.252356610377904 0.439629694915929 -0.0650736101714349 0.00393888669317885 -0.258843506906226 0.24991331721684 -0.584102461011894 0.374398105634658 -0.015816873081381 -0.389538965441446
-0.361350488425432 0.6000745193373 -0.00253489043426281 0.11053135473505 -0.0979709906376708 0.0768824942628608 -0.677773365781756 0.356287141261521 -0.000671766130321039 -0.38815232250361
-0.434923664286469 0.55119287175433 -0.11371453317356 0.243116046909791 -0.191952546865254 0.0469604092643512 -0.59328873647074 0.531825370754314 -0.169509719677874 -0.390021714354027
0.389795927992484 0.293816514380985 0.0837540913340677 -0.00861126898110093 0.239125570312481 0.0894217905985734 -0.165395397607849 -0.221876540232068 -0.344746687473774 0.00707274432839564
-0.360709042901055 0.641776575699612 -0.0546487875587381 0.215653824323155 -0.190586934873808 0.0502398869552245 -0.641628157016933 0.449452113393051 -0.192718460685212 -0.332606082512582
-0.469158003440306 0.655447848632074 -0.0259363873378934 0.117467706260312 -0.144570940281787 0.0488323017880707 -0.577735332556608 0.594687047679325 -0.202289392575697 -0.413663937175632
-0.289869151821723 0.539461189486232 0.0553830640420262 -0.15018467438094 -0.376458178041656 0.268007663598282 -0.742745205338527 0.499168624150085 -0.362639458527029 -0.402036284258531
-0.289501351349926 0.436615467878266 -0.0827602655649774 -0.0769402585977019 -0.332772056056669 0.0825937244146701 -0.63010142779773 0.440158857536601 -0.0157308401584504 -0.46185665654027
-0.434110950346471 0.483178927150302 0.0309207549119383 0.0913112144669746 -0.0424513613672508 0.151290866784886 -0.731792437053915 0.374856764689507 0.0396426172609363 -0.290023672089921
-0.414164686841543 0.464504970745932 -0.169990538759125 -0.0856668685218798 -0.327441479405713 0.0992323786473195 -0.483160363689422 0.421696853144578 -0.0866625816029201 -0.562318202053904
-0.644444284335309 0.546513705747786 -0.143986886347468 0.089219150815209 -0.224124027345847 -0.0958295963052071 -0.422709850601953 0.32035445736718 -0.0418074042088688 -0.723795664551972
-0.315465849472436 0.532794254052027 0.0460945463350781 0.151504028790814 -0.0477223956593117 0.110318188090365 -0.592995627263316 0.371027162510573 -0.0338994002471292 -0.407610717543049
-0.327453389910645 0.422672037692338 0.058582378027285 0.0339600011242549 -0.308212104705167 0.223949243101111 -0.665976776774787 0.333864393501038 -0.0544588414354039 -0.423368112058813
0.379801341403751 0.591265954367238 0.079273537744001 -0.0272266381306549 0.120955654461626 -0.0238461807838603 -0.0878276771991429 -0.262302508662284 -0.193335644966426 0.138261699632891
-0.369490086895976 0.443711995320451 0.095374842001147 0.0277614827216264 -0.162239941066003 -0.0656756013361487 -0.627140699952188 0.483827195063468 -0.268177608560016 -0.175093658317732
-0.355005436720327 0.481955330585188 0.0512209148191333 0.020934680541902 -0.149891846056588 -0.0953605642900764 -0.630002749441156 0.504406354091064 -0.291755525145177 -0.155060216433849
-0.40963174187252 0.732404986910919 -0.0982128723668552 0.227690996333864 -0.175954883260658 -0.0321470175200296 -0.565999062341892 0.43059135041241 -0.135719194444509 -0.3700918888845
-0.338418125783735 0.567802953833982 -0.0145380574558089 0.0266612941251142 -0.340697778023064 0.17940376373729 -0.642683402259012 0.514782514069376 -0.182306445526043 -0.466721820030407
-0.323233887792009 0.533193048228371 0.0552569754161837 0.133300961927466 -0.067243752028114 0.121316754977071 -0.581380335580756 0.348500122050292 -0.0166107404536049 -0.418756066308785
-0.368015982026229 0.525864451807913 0.0343855349262453 0.00562605352568465 -0.36174193501974 0.160427396914411 -0.576510470832652 0.464612800439609 -0.164453500043692 -0.563631755348362
-0.380446195088874 0.568828199268433 0.0606380899210837 0.113526177247658 -0.0609927158815538 0.0627320355773889 -0.69102093520232 0.371086440178269 0.0470906739052962 -0.397055373993952
0.370806914704043 0.326675820456614 0.124314507709959 0.0497981445530519 0.23690895005987 0.0802982428612006 -0.140391236032294 -0.238697933001112 -0.261616919570889 -0.00815832370315658
-0.398338003233455 0.468693079818863 0.0725006952680469 0.056264123194243 -0.357098966095063 0.301791700097562 -0.573048193315671 0.528818915062716 -0.171061941613191 -0.576058431826513
-0.323128880089041 0.588535100398139 0.0467481295352628 0.0479241996513815 -0.345046314264118 0.193465849520613 -0.594179570078331 0.47783146946549 -0.218233083898214 -0.466854897121906
-0.393600162010744 0.505827294321744 0.104770166730145 0.0664986591577381 -0.0519594343357549 0.0455658556502904 -0.671790816132775 0.379979380648701 -0.0377177781071094 -0.430492120072514
-0.391065744204024 0.320763343614716 0.0762449337872202 0.0227324614635532 -0.352036174271844 0.121520694296311 -0.553272686458916 0.380764630834505 0.0717727083595852 -0.375851804167071
-0.282032141758806 0.427418951865395 0.0110964826198174 0.02040287369282 -0.315736948396361 0.180173891532397 -0.487850002107254 0.292307331203425 -0.10522387205228 -0.302524976872974
-0.394364028275881 0.513247018968916 0.111990675595356 0.0672870070965982 -0.0570109600464559 0.0471158149122504 -0.677167361223519 0.384549901414174 -0.0293403286733494 -0.409021809382942
0.37373342066562 0.591089598043303 0.0515827484266283 0.034169990689708 0.125185344326013 -0.0241742431627061 -0.0448095765997435 -0.261846699823913 -0.1780849991066 0.175256159377684
-0.372187145801332 0.316083248169047 0.0753543004242978 0.0308648588661842 -0.338209424305314 0.101264528410177 -0.542522511274151 0.380272654966751 0.0834861204064658 -0.391154524361775
-0.642409355845077 0.488058358999248 -0.169209020819768 0.0945431084865433 -0.194394866975328 -0.0645494072828616 -0.444588351649114 0.309607481592915 0.000926222410646002 -0.656870128208082
-0.598659237564956 0.118535513299641 0.0167557619281451 0.157131068974638 -0.278997909912764 0.0853731042750375 -0.47316226434638 0.412213640972109 0.115479968930427 -0.663582146816239
-0.480379129300318 0.447652971661578 -0.074362024173046 -0.041068065585445 -0.31880257013933 0.0444333263676358 -0.596070211821608 0.365122055606522 -0.230390497423079 -0.576218304794597
-0.367412098907955 0.322346453912473 0.0970167075064801 0.0397559917997491 -0.339098410618773 0.114534484856757 -0.526610977057325 0.382432698119781 0.0775127018932406 -0.38223033577498
-0.291204756768732 0.42525804882665 0.0085870856711902 0.0107990325585182 -0.306019910712324 0.181552062620532 -0.49356648599559 0.289724373980338 -0.114818691398755 -0.313518109386517
-0.757345515750245 0.482477959663495 -0.0928311582571446 0.0874039978453592 -0.240755677619345 -0.0902240158560954 -0.455197665258388 0.312482453357179 -0.0207201308927318 -0.695559307890901
-0.361984112112946 0.426578776678405 -0.180700061062143 -0.052067137392306 -0.326664405385248 0.139489186901185 -0.525556518575077 0.464290908476835 -0.0530330135991823 -0.560823177338668
0.428159492773391 0.494138907335234 0.0586573863757306 0.034086484816776 0.265891710226029 -0.0339590236929399 -0.0500539444165945 -0.294459161005762 -0.126163589424582 0.128376704929337
0.33753599123363 0.560199091091655 0.129843713775695 -0.00516651642226144 0.125457121061608 -0.00767689343429667 -0.0759772345896404 -0.260552180758577 -0.167178739498968 0.192823852726527
-0.366286681682294 0.578306404443029 0.0633406795673619 0.113677877428624 -0.072063721489717 0.0779342000103366 -0.675057250747678 0.365502403928057 0.0488208658217034 -0.411624760438311
-0.331009264844395 0.553399236965361 -0.00827230439098943 -0.114445000667454 -0.390103142086316 0.304428535777247 -0.725955773204049 0.420727398572484 -0.343258687240286 -0.359477277762424
-0.748844037891958 0.476963987948834 -0.0946914517352692 0.0807450141155568 -0.246439482339498 -0.0810822249106505 -0.476207766308046 0.307400835835508 -0.0446419479272958 -0.696750681176614
-0.750834651313444 0.510331616551549 -0.112205740739023 0.097669688375434 -0.229712418567971 -0.0898584851434102 -0.45183629651748 0.348738810272099 -0.0525481261666716 -0.769548162292037
-0.667652853686343 0.534591417214679 -0.157495227245444 0.0633598466776372 -0.264809945768119 -0.0735811695389034 -0.442371436588855 0.295572931251434 -0.0290193763850445 -0.738598284736556
-0.373753492794933 0.361593310053634 -0.0380933836209502 0.0116398788973146 -0.330623679045431 0.195956167172625 -0.600526096865194 0.371905620903923 -0.0870599714408077 -0.430407293325993
-0.3401274455864 0.437908743045842 0.0894311512336395 0.0168389063453681 -0.283219078654429 0.176224550701274 -0.57330437578764 0.329562809482269 -0.0643598283786879 -0.47347676157238
-0.303227198180026 0.519631563701084 0.0449939635297123 0.0898708891882933 -0.366696798427823 0.273210156072888 -0.664890774557416 0.392521657495996 -0.211158736184837 -0.419020622412947
-0.683611106048885 0.193261834619017 -0.0343276838403146 0.174392230195816 -0.283528805229829 0.0185315097639839 -0.378342856226569 0.392741584089918 0.0862271281037897 -0.62862092381859
-0.313619514217532 0.435185093510399 0.124430026120991 0.0423106189252781 -0.312414892333116 0.307937607407781 -0.537849668971748 0.522102610257216 -0.160618349806562 -0.593957063345363
-0.666625771837102 0.468524665202776 -0.188974920667177 0.101919896482564 -0.205618705977518 -0.0573629174044519 -0.448586772964561 0.304945064747912 0.0250283382259521 -0.662750186064496
-0.317531429313056 0.514936591157754 0.0982214851571675 0.133249574520649 -0.0495368229931884 0.0776649736171503 -0.584697888287943 0.369702772669657 -0.0131256059634493 -0.404262699871068
-0.447844944815949 0.502048986168696 -0.205165194174688 -0.0710323147080901 -0.330636581467637 0.133874547081262 -0.536308787127212 0.402451334877749 -0.0211061742080444 -0.506494899068216
0.339735197604674 0.503901549940654 0.030372921761869 0.101158559694968 0.286432453327583 -0.051386851778304 -0.00529961944166251 -0.249125684393037 -0.114662140378299 0.17481897208159
-0.323128880089041 0.588535100398139 0.0467481295352628 0.0479241996513815 -0.345046314264118 0.193465849520613 -0.594179570078331 0.47783146946549 -0.218233083898214 -0.466854897121906
-0.279957924726324 0.409156532771334 0.0219999093704721 0.00932350518096663 -0.287260213946416 0.131061839217737 -0.467653229743229 0.335183797489686 -0.139419251055255 -0.350247066567175
-0.393274294461006 0.535856732594233 -0.129512660706629 -0.0623912254840255 -0.356382408383875 0.148671175026737 -0.527242542862266 0.41093121404363 -0.144260892735505 -0.516769938299475
0.3940289890083 0.331371289731029 0.108007717826908 0.0738986247111411 0.219852369360409 0.0679160710430322 -0.115003953050141 -0.196854973788587 -0.317053105244367 -0.0138505783347469
-0.372623919921836 0.42007456662033 -0.055861678459688 0.021518637998506 -0.3035096242637 0.151186807020016 -0.60304632849342 0.318202544173947 -0.0804423231204795 -0.416736981312211
-0.423795757813135 0.440939187892784 0.125898290175257 0.0817287421010332 -0.278241327001143 0.110927824640478 -0.602438459071247 0.275129149285561 0.0647865824938092 -0.332306782704873
-0.451632085075597 0.636484755037463 0.0303654614047023 0.162036492382272 -0.104629869514654 0.0687145888689619 -0.618030446327322 0.535252656611621 -0.179917964688912 -0.464820996299115
-0.429773958397603 0.585925636293313 -0.0195353407056271 0.217825069747618 -0.258768437841291 0.0266553047077052 -0.622972967858254 0.595002467786512 -0.170095712276529 -0.401665588624103
-0.288945535682819 0.176316697099458 0.0665090079929503 0.0237084541066056 -0.204533045073177 -0.341620860658803 -0.353952788269192 0.400984684484316 0.0370274336912386 -0.569533287081508
-0.277590083112753 0.538047490953973 0.0626185724932617 -0.147153202576488 -0.380872433777017 0.27759766829013 -0.726612011748937 0.484239663758568 -0.356676752716293 -0.378072910448776
-0.207588153298221 0.160888127654369 0.292032226372125 0.0333958519074733 0.128001077831302 -0.282252626814368 -0.309856454383316 0.403413943776495 -0.0768316704717337 -0.293143338591721
-0.376312702390888 0.565130891106337 0.0803460560488428 0.13085947363354 -0.111658988748548 0.0326603722161497 -0.715999521279341 0.408335622546034 0.0901147374503794 -0.309763115965253
-0.240300443254576 0.464865222821698 -0.109718993992191 -0.1401582911737 -0.298596152673519 0.0619464075053329 -0.631339016370372 0.437074378126907 -0.0423835636411751 -0.401680021173391
-0.335722223342485 0.465863371130504 -0.142445739772785 -0.0373620401989957 -0.232505114847684 0.198641733044 -0.494924863445848 0.444934565162119 -0.0751470585866214 -0.556480360002434
-0.318752695155749 0.467260262281736 -0.170139730601001 -0.0436940600593822 -0.370220786204024 0.21911764346722 -0.509452605699666 0.506824406289458 -0.0677744068553464 -0.511541942244957
-0.245874101049851 0.178174535665646 0.323253170391319 0.0600422149045491 0.111432447126705 -0.28431476322551 -0.250467067371103 0.380384493464522 -0.090464469863416 -0.284067080776046
0.422530889234677 0.350698981173686 0.126855050261978 0.073597262823393 0.209001657098251 0.120807161566155 -0.122487723448782 -0.191691357605967 -0.335866918737182 -0.0638821268949459
-0.299623308834387 0.415040781255796 -0.134505598878827 -0.0520796938268694 -0.357597109976509 0.208944717854677 -0.56298903776787 0.495678938533027 -0.0864734469549161 -0.498577297612239
0.370976477023046 0.29367641937171 0.117373200438932 0.00941009763639728 0.245098637604605 0.113161904736865 -0.194323953615369 -0.205321004135308 -0.325174461319176 -0.0443556687502786
-0.652838958009529 0.206929757530828 -0.0242872809035335 0.172910266397661 -0.273480688311803 0.0257600830399787 -0.44068354661502 0.405893691170187 0.00611833405154603 -0.653748207904368
-0.387101885236336 0.472915045494924 -0.202924288712731 -0.0639038800873666 -0.350189790362334 0.182556437112051 -0.526098294446149 0.397182522352024 -0.111839881127014 -0.531168313503042
-0.356630331019714 0.524924741043533 0.0657714319433808 0.127190671558922 -0.128140983777578 0.0416695373406379 -0.642755396752087 0.319207126872913 0.0221140989575392 -0.355602429236239
0.390317406051352 0.309965380049357 0.0905620427774499 -0.00134836970235151 0.24271509722934 0.0983065080713312 -0.102160279027737 -0.264259449939812 -0.315279401195081 -0.0196554968490619
-0.491700740647677 0.412146615027642 -0.112207487734596 -0.0286196740092817 -0.253918535753253 0.0676150189176791 -0.663024500876243 0.358032036552265 -0.262851989108578 -0.591985725566008
-0.331874331798869 0.412688926176194 -0.0410114590296515 -0.0255463238245284 -0.31632842407238 0.204882616044184 -0.600018895417075 0.275711805922931 -0.0502372749443684 -0.4160509664379
-0.498177532155404 0.385555295611375 -0.092869468766006 0.00357137158812999 -0.277635991931392 0.0535808405955811 -0.653608406336187 0.386184718216355 -0.261600472023521 -0.575516041999525
-0.621903710024674 0.401558960181918 -0.0143388934747975 0.125875383465552 -0.321281319051419 0.0101580640688605 -0.420424731356886 0.390956410697939 0.0104463366136465 -0.673982342044001
-0.691728791041977 0.521259935156133 -0.169899950131231 0.071735988887305 -0.201513120625748 -0.0447481443702996 -0.454969708246282 0.301948497265521 -0.0237028764195401 -0.751246244008922
-0.205150593124393 0.144614564777463 0.296097899477333 0.061623399758091 0.127072346567694 -0.226641924660625 -0.318996227951828 0.446879220238607 -0.121767887293158 -0.301718909333946
-0.399787894197709 0.430754652324965 -0.212599028334683 -0.0627173156732536 -0.323765576424253 0.152161741308875 -0.539348034850907 0.414433732331582 -0.108547693797869 -0.53072021523741
-0.386555981096188 0.627072369469041 -0.0738135150014346 0.173796079963286 -0.195272200749693 0.0555320161670413 -0.609364261105256 0.424306303062327 -0.193446223940529 -0.404808814299879
-0.360244603155879 0.564375601635067 -0.00752700458036855 0.0905187150369773 -0.0268941276257726 0.0773426734947654 -0.653279024569819 0.361457505314308 0.036512283110987 -0.350538633077325
-0.279919538682101 0.447662853796776 0.0542827726739921 -0.0294661176101775 -0.275828612368354 0.147660146342619 -0.47474736973871 0.268433554586679 -0.0638041049288148 -0.334962754067865
-0.281554138927561 0.447152638199919 0.0980248397469526 0.015586487031012 -0.32296602787288 0.162942243926641 -0.462332050966595 0.277998042523722 -0.148340764062953 -0.385587202319564
0.409119475954826 0.359524728348042 0.118685654500527 0.0788720191835025 0.213590204106319 0.122112106013808 -0.130647776133341 -0.195773986709338 -0.323896562527502 -0.0644589255118345
-0.340273687871851 0.437843081063001 0.066076856771911 0.121759984225203 -0.346077534531767 0.216617732865089 -0.654577368733826 0.447963704723578 -0.226588986001995 -0.424163866762635
-0.360244603155879 0.564375601635067 -0.00752700458036855 0.0905187150369773 -0.0268941276257726 0.0773426734947654 -0.653279024569819 0.361457505314308 0.036512283110987 -0.350538633077325
0.275230568333006 0.36469315882186 0.132367036019322 0.0412597526447322 0.228479459234903 0.135961333004458 -0.168127484299406 -0.228985744790574 -0.245543941470292 0.0279477565368476
-0.294303172593009 0.39061424187541 0.0338086111631762 0.015979762834933 -0.292358490503401 0.128172774839328 -0.474179815732076 0.324688824515726 -0.126787071836807 -0.354943356526358
-0.336987504193163 0.528901230171962 0.0192061462472643 0.0985465617012632 -0.313494320137688 0.229072327761606 -0.622247575855196 0.427201901543063 -0.212548520622226 -0.406866364306293
-0.20463101363132 0.148677574596331 0.228396756724758 0.0557794275268544 0.103933371138045 -0.20307143290744 -0.275156070242698 0.342834383010812 -0.034814094769858 -0.319039461588009
-0.346550558345225 0.444038893044168 0.117746506192738 0.0322119405479798 -0.163405574531735 -0.110930675886555 -0.659760793657548 0.483326273742369 -0.246722488585512 -0.161319740860301
-0.329110930596238 0.521818819633896 0.0314342167102401 -0.121992889353539 -0.326862564317148 0.193942340996084 -0.702965551157101 0.446956307508157 -0.316318569733006 -0.370193984557845
-0.308515891685681 0.403661302532365 0.0906408227393439 0.0176347279965008 -0.271087146973761 0.146356160161584 -0.472311644209709 0.306478695693375 -0.0755469222813234 -0.352612164278771
-0.351464725304313 0.553598355233002 0.0835165125292278 -0.0401976389365008 -0.288375718262858 0.25722718985639 -0.621826966215232 0.37695480398388 -0.185904929664887 -0.401990126923035
-0.282243985057232 0.518790588672189 0.00520002468924051 -0.16694846149084 -0.344256786733235 0.144514533989953 -0.67712294067979 0.416980982931012 -0.293581828941067 -0.347023455542234
0.431103433001802 0.276961623353928 0.119939293853032 0.0593697993836385 0.200153179930629 0.132363604103231 -0.109004612421898 -0.225255172998338 -0.298241252552687 -0.0512742195864819
-0.258695224064417 0.571095525827826 0.0519484325958177 0.114827790617114 -0.0871814129748097 0.1061078941106 -0.654233439600473 0.330436327055096 0.00570050810656834 -0.449699483771168
-0.687754943400759 0.466066916132605 -0.160937609690758 0.0641040904313436 -0.220573461251285 -0.0389379367629102 -0.460928667345335 0.307074873794102 -0.0667269077273561 -0.726797270688095
0.414376808402576 0.487653176458431 0.0681180489058245 0.0357446203200952 0.254477737176112 -0.0104902612124558 -0.0347745967677271 -0.292765449005525 -0.120296560676681 0.151883515012464
-0.701381992394238 0.474188436928385 -0.151656089730894 0.0562061172701704 -0.275716555618177 -0.0964333333062582 -0.475382241844937 0.321873587182413 -0.0127595104992601 -0.696635332854176
-0.329073638285594 0.578832181553393 0.00209831465243121 0.0191190572619331 -0.380954155193804 0.231762007881871 -0.581421321381495 0.489382094167733 -0.199805984087229 -0.462870324132304
-0.333252322647564 0.556618875261628 0.103976269634533 0.0819464732320388 -0.0550367654736741 0.107837886488517 -0.584035246911559 0.291235379966678 -0.0162023774651859 -0.390373197492236
-0.256746859476457 0.199133726568219 0.0728845634659248 -0.00660640947651695 -0.201939314677445 -0.279781859467765 -0.297556966690663 0.377598851446496 0.0207644886447915 -0.519611240987763
-0.366511195489774 0.572178785436476 -0.00652051523886834 0.0757097320241661 -0.0711539465542781 0.0542108563463854 -0.602839914154573 0.344881098275287 -0.0156150147909586 -0.362259465022319
-0.373572840245505 0.457378170962756 -0.0524550661908166 -0.0470181148589526 -0.372747294120741 0.220817754504121 -0.629093072942003 0.439207120113176 -0.193904492722598 -0.367731071500988
-0.371732248389778 0.632216928013816 0.00464208143454662 0.107732501122144 -0.0814786642026452 0.0619685319630898 -0.660999057340778 0.370023197455198 -0.0325503105926046 -0.383863246650739
-0.36955141920056 0.555662987000275 0.0715201094134833 0.114110568554499 -0.141582819761241 0.028572106829085 -0.689402029536192 0.390753979705555 0.0903775823412256 -0.291415876395898
-0.205220504319889 0.121560509194007 0.0973139148704138 -0.0419372855452676 -0.251227017724644 -0.371803608646857 -0.330696770219132 0.485136614612977 0.0270828592328283 -0.605130956834945
0.383615478876654 0.454200650471953 0.128572683428402 0.0844818691651439 0.261942576719967 -0.0152451459418941 -0.0462623097254343 -0.304015127998748 -0.242748339379371 0.119818696383954
-0.68406524378479 0.124452038493297 -0.0832969174267394 0.172493960843024 -0.268881570174043 0.0141172600570942 -0.446432010902401 0.460700023782857 0.0669551292157946 -0.610190556545319
-0.402527014855408 0.516150233174901 0.0274021741677307 -0.115505002459631 -0.32884979672358 0.257733972894469 -0.63004816754167 0.458814018530185 -0.28034943468335 -0.314968190912731
0.378589420778451 0.318160598855316 0.109208934263908 0.0623579821862157 0.216574305758824 0.0985003694914482 -0.146825506789212 -0.0363245971485081 -0.239902126493419 -0.0482554555205309
-0.671606954354488 0.0970081281657608 -0.0415330065470545 0.11444235791185 -0.289014410587572 0.0345978415786798 -0.446673721534459 0.423455902242372 -0.0266204266054492 -0.564341586234212
-0.416688748575529 0.548396003137332 0.059137660675974 -0.0979338718107483 -0.35843296513588 0.268696453844383 -0.63482422963409 0.431391184772388 -0.228031982550896 -0.313460567265156
-0.423241027096795 0.360363107594428 0.0576775331593215 -0.0144572274063046 -0.226537355951731 0.102454203855629 -0.599994565328696 0.343885063085856 -0.107986033860756 -0.37796849208068
-0.311433049486389 0.598881205832112 -0.0424001926769924 -0.0747998484132602 -0.363102212294323 0.225826745148412 -0.684409169868343 0.380851218414068 -0.329775868885087 -0.415188821796034
-0.422713890234838 0.481187739061044 -0.00525083339343033 -0.0959617707094636 -0.336933685821805 0.242125924775823 -0.669769960412303 0.410749925307846 -0.278919321751373 -0.283714705041781
-0.198521475046915 0.165859799904218 0.0501251523615983 0.0124792692064457 -0.271958987977722 -0.463866344065766 -0.399388694158631 0.423476811097813 0.118951329816999 -0.554260978217534
-0.34050090131408 0.640781178112921 -0.0336309504548324 0.210205697219304 -0.182356084181867 0.0521241709170094 -0.635256176479322 0.474116992877378 -0.188229419487334 -0.3396228799803
-0.25542417821454 0.43778697689545 0.072767505386501 -0.00627428367235119 -0.415505803688909 0.112507021765896 -0.507116281943754 0.265513947702407 -0.108722923344995 -0.403053990982927
-0.439736174092184 0.431293413362124 -0.0588401559998446 0.145806894219217 -0.129714146582616 0.126520040170473 -0.685277612286229 0.285968451332533 -0.109649814738124 -0.273711060850208
-0.289267798677114 0.3898958079808 0.066097912131836 -0.0331975403127881 -0.350343432178912 0.146101341194576 -0.48515590353152 0.34093853739345 -0.135833732456078 -0.335358310089251
-0.46784876303507 0.641285293911002 -0.022552274099731 0.126226051669318 -0.15698278840117 0.110395605437258 -0.5826650274067 0.567310820927577 -0.195056449615669 -0.414518255614462
-0.356750419318713 0.637588472494034 -0.0329460602126862 0.1883612667427 -0.191106234731629 0.0497680792985332 -0.650702703291753 0.48036838956955 -0.180483496722187 -0.319281248718993
-0.429773958397603 0.585925636293313 -0.0195353407056271 0.217825069747618 -0.258768437841291 0.0266553047077052 -0.622972967858254 0.595002467786512 -0.170095712276529 -0.401665588624103
-0.373260684347451 0.617016869856197 -0.0148053149711377 0.0979942623055551 -0.0980901770074009 0.0884242881596579 -0.695306470595134 0.356942583231538 -0.0302538172921036 -0.342470245075606
-0.326206289740542 0.408859774005578 -0.0775838206829322 -0.0650092605268186 -0.293040848839924 0.146068852331019 -0.538400146806391 0.405614439926055 -0.00300613904913082 -0.409026973862059
-0.262887863104311 0.456805956497375 -0.140473832570005 -0.108504220783217 -0.318659791718067 0.0649562195978259 -0.611152119046526 0.464848858970066 -0.0619428892812725 -0.333068112291388
-0.707441171346827 0.47122419595091 -0.181787079047096 0.0577271657786834 -0.202902392274459 -0.0498140963188839 -0.472243779167695 0.326045488795708 -0.00416886810101551 -0.730311519289783
-0.358352728628489 0.522005880146457 0.0677696429986944 0.115032894339466 -0.0433418969492838 0.028760315034686 -0.631612504127949 0.371410713339756 0.0789833229725686 -0.426591373891929
-0.330033141077763 0.564161876226692 0.0994642005242141 0.0787630751105185 -0.0392455284838667 0.110286708706504 -0.621876580649043 0.285545726246476 -0.00227762351556505 -0.384203367443912
-0.344762614955356 0.496589714593107 0.0161197539062369 0.0279141089283625 -0.294352801883002 0.218457828652624 -0.628035892329931 0.465254517206491 -0.16510805231 -0.374711178926333
-0.36149738065262 0.536469777963874 0.0751150942008825 0.0907801128587779 -0.0601928774001581 0.0572848474189656 -0.653134143534284 0.353110882572609 0.0462866819917138 -0.388146539025973
-0.375390384315348 0.559647753454628 0.10211522025462 0.104994561796465 -0.0719693998665521 0.042924307526588 -0.658516850124092 0.387036307533307 0.0508582779112528 -0.422947374487067
-0.33419186688742 0.525872133078584 0.0489248303496702 0.131481055030761 -0.127067146302719 0.0421895085009566 -0.63869942419186 0.324779957878003 0.00195659677918351 -0.34016201332023
-0.34848205572926 0.456629914544502 -0.20659137871246 -0.0842817836285532 -0.339719200323373 0.124041016755829 -0.451287596784356 0.485209264222959 -0.0712136740513497 -0.554472334892346
-0.646138447199057 0.192547379289294 -0.0235841987631822 0.162813087452475 -0.265087064809752 0.0363124226327376 -0.431855525408573 0.407635744103383 -0.0135959703245739 -0.630663780413769
-0.340336895132989 0.431209255903725 0.072599241790771 0.110886763196528 -0.331943995098759 0.223900381403424 -0.670538643950535 0.447100582720861 -0.221944371076759 -0.431673114039902
0.3416761313686 0.575036365828382 0.0430450613573957 -0.00403311350957906 0.176168580913272 -0.0844325839180758 -0.088816113363738 -0.267342983349021 -0.173327876017756 0.114403532047368
-0.275174399177836 0.161117723900304 0.100438662244597 0.0177807415338082 -0.220410829180368 -0.41591435546889 -0.341281086490746 0.481752917897344 0.081284649465201 -0.527757720235422
-0.327836296363198 0.476255544229534 -0.159943299322581 -0.0821660129685973 -0.315691410431535 0.193512981606351 -0.511623580196723 0.515146205551792 -0.116674945541456 -0.618382799155287
-0.297030459199708 0.516894552972846 0.00493211109914932 -0.102860672507734 -0.261399424200122 0.236872699355823 -0.677498172329311 0.418807803542372 -0.311870668755705 -0.334796144098157
-0.237010801329833 0.450414526986712 -0.102470502539968 -0.040793405861923 -0.323213904134952 0.155451368575184 -0.445033327109839 0.276420595204551 -0.0395643546915079 -0.386972978485109
-0.293368644485982 0.459908289468937 0.0991003224232632 -0.0327137645695859 -0.383314050951306 0.0756269770287145 -0.477614025543116 0.263474037946038 -0.126151056029537 -0.360643986379533
-0.248808739625608 0.10960129877585 0.382677621573607 0.00272378650608704 0.175042707765947 -0.270549952328392 -0.344993398464047 0.435847671914437 -0.0573543319238572 -0.365634779761936
-0.471605787031248 0.510765921232485 0.160952797075525 -0.187720463194347 -0.0385567654735007 0.0309661860935448 -0.776253114364075 0.394415727864993 0.264664531903681 -0.648606301148775
-0.337288856821965 0.4752387145444 0.0738946768317708 0.0802265847465724 -0.315900721691695 0.196802927989588 -0.623148673882167 0.47453459641974 -0.210702485779558 -0.46304398553881
-0.646371761695593 0.400632692603637 0.0193938159634851 0.0905480339792348 -0.311888793281039 -0.00203658744091004 -0.460067624572841 0.406081535180902 0.0186671939167271 -0.676411035450629
-0.378546740248076 0.47485731654874 0.0495897980957895 0.074958324272349 -0.335921120950856 0.225106292079443 -0.607447748914567 0.462110038398173 -0.184645409373541 -0.446562399642189
-0.268192765166673 0.445805811062188 0.0815300859648876 0.0655913924633724 -0.198538255272407 -0.100985280580932 -0.553429135927049 0.479496823335873 -0.378179542111034 -0.163214558672828
-0.273943370265003 0.146445642933854 0.110144887384536 0.00164118142326416 -0.187445652612001 -0.416637124389426 -0.352672187617934 0.452756139231384 0.0562781198370552 -0.495256907466557
-0.464580248389595 0.522983585922716 0.171118678981659 -0.157006553320438 -0.0578953599590267 0.0317247725672173 -0.759041607617588 0.398107246154423 0.268744581250279 -0.630146680550206
-0.254466021489821 0.352171852050424 0.0348336176762424 0.0129104168608221 -0.314433741906623 0.12390876454866 -0.462454814037262 0.263255137825572 -0.0693696194368686 -0.400334125787153
0.453159005830954 0.308375711702619 0.0817330288834556 0.058043348816108 0.233311211822261 0.133407591193207 -0.121781590568551 -0.201399986065112 -0.228555588008792 -0.0551009618700784
-0.335722223342485 0.465863371130504 -0.142445739772785 -0.0373620401989957 -0.232505114847684 0.198641733044 -0.494924863445848 0.444934565162119 -0.0751470585866214 -0.556480360002434
-0.287816259484016 0.456054476450816 0.0292238562527103 -0.0348521892932886 -0.263374826149199 0.118877997200952 -0.478683838868412 0.264220834344307 -0.0605280416462516 -0.342172630025727
-0.274868068368472 0.101652912995138 0.398017843736325 0.0618666472867466 0.100813816142128 -0.241680752505684 -0.345059380781208 0.37724165648469 -0.0942649301202264 -0.288633843403308
-0.453896509913556 0.528773587224361 0.161420965291157 -0.140469722823213 -0.0352095744629539 0.0494474650550453 -0.752761271864783 0.41351670377897 0.286352436451354 -0.655285208859717
-0.3724133972778 0.472703501394258 -0.163672532587463 -0.0448772007398101 -0.271380749481823 0.195056745408981 -0.515619346155863 0.440885392566194 -0.0839869763646549 -0.548972758150535
-0.644986810101115 0.146564998718014 -0.0451107320016645 0.169020471510337 -0.277252760552814 0.0336931644190418 -0.423818654277854 0.410548059098619 0.0140299304467502 -0.674829050859065
-0.275867596910414 0.425157338138532 -0.0395073603915808 0.0193263751497322 -0.350634237848859 0.194452814848028 -0.449629602709713 0.303393134032123 -0.0287153847363441 -0.408192678689934
-0.290066787208041 0.538258828360122 0.101061513994281 0.160473211244769 -0.112058751012828 -0.0227282916912295 -0.658499845389502 0.341514679600456 0.0658223219109363 -0.323529778062284
-0.32458261615919 0.513075134211816 0.0341107029760665 0.0975785227832312 -0.160174865195034 -0.120362103405775 -0.578473890541092 0.411328393719658 -0.257119344395081 -0.147696970304029
-0.286344828111292 0.154413359678623 0.0791910246646241 0.0268212972523117 -0.227728230904098 -0.416314827469242 -0.348365451513605 0.455918889107515 0.100724739234211 -0.539681236001151
-0.301453133667576 0.458562750979362 0.0360008674419315 -0.0201713973311639 -0.268572945580783 0.125692134927285 -0.494983268616427 0.26988590153978 -0.0506644384021831 -0.316047312130568
-0.234797903999378 0.354920426924044 0.0424377950046413 0.0109880896903361 -0.339617354952546 0.119655021491692 -0.45175614876808 0.275008114142702 -0.0714571202963893 -0.371344167179101
0.311639174995961 0.375785904660432 0.245818885307239 0.0389789507093345 0.220357239451039 -0.140920540345119 -0.0766505810735433 -0.126574098174427 -0.273886037476701 -0.0300382172928276
-0.433629359726039 0.644038482461315 -0.0995137883564478 0.0859520181428082 -0.187834604055061 0.0292398907882711 -0.627400011466016 0.52480770629986 -0.198293224009369 -0.422612811485534
-0.245766418753696 0.503156876028855 -0.0161763593578916 -0.0552224547335537 -0.299642361212715 0.194741902914969 -0.71615543322976 0.464710027387964 -0.304856568890827 -0.390842931047919
-0.351231024196307 0.385637512688472 -0.0842772683362641 -0.0695197463546024 -0.400042837590217 0.0496161626104642 -0.614641852596406 0.416876639238025 -0.0238918417291848 -0.430354880492797
-0.288187820395102 0.526812467473205 -0.0884497140956129 -0.105225941068284 -0.390894927085391 0.236512034557612 -0.609067873178251 0.402643801939465 -0.348273565961555 -0.516549309922759
-0.373497613646828 0.397628618997001 -0.154613450331257 -0.0233640773522576 -0.367903774655293 0.132121549108534 -0.58463271413831 0.509109497135438 -0.0315031791842433 -0.360830128181596
-0.330962745484211 0.447731074613329 -0.148971971713528 0.0116352277695557 -0.325386152842429 0.0750146092395607 -0.535619716315109 0.48391874352487 0.0135901740157735 -0.407461400457397
-0.317941750455669 0.613973476848197 -0.0666296131404435 -0.0298659876760265 -0.349653926990052 0.234711495276002 -0.669259262031635 0.3695475493827 -0.292810841926234 -0.41532042176061
-0.299132081088675 0.557839545720928 -0.0459516967461706 -0.0265914329987191 -0.311291081341098 0.216589638986219 -0.613300762096701 0.410682649102306 -0.313330055119094 -0.482996712639977
-0.354366170052817 0.465627860761935 0.0309319993114083 0.0247714004074669 -0.273835827185246 0.16014436073715 -0.575187065461944 0.322027363906555 -0.0575095455901971 -0.364530691739765
-0.38794602091443 0.438972111345766 -0.0517086450257164 -0.133242798431406 -0.253760450741616 0.325075513916839 -0.721373404361031 0.451533217384416 -0.250872399224653 -0.275427059248468
-0.335514583811243 0.488134840862517 0.0410810475362921 -0.0160194596906043 -0.297935684222216 0.1627626130793 -0.623633051857728 0.436407539826475 -0.35886240559311 -0.421616740672448
-0.371328499161618 0.46972703137993 0.0225651504796924 0.0360764488633346 -0.277773655181893 0.132081857127078 -0.535562277178731 0.32357886813594 -0.0830004767353155 -0.33556595925349
0.327520641707501 0.355006455789301 0.273790590978235 0.0322604803565785 0.1717993517202 -0.212877355807554 -0.0479947084519153 -0.102186291593847 -0.230967448720927 -0.152512642732152
0.464359811046513 0.501685184574129 0.079463380057764 -0.00864280211327032 0.283919983113474 0.0519431894600593 -0.0118315089401222 -0.176890892186647 -0.0760621098102442 0.0903556234193303
-0.236663257049336 0.19805445887407 0.228089232244816 0.0581797159848511 0.250258552260022 -0.172857186198157 -0.26491957781766 0.424120807825195 -0.106345401682355 -0.429814365174543
-0.239418299437436 0.414442393364202 0.0468441713564099 0.0150711723230573 -0.303015367443253 0.13074788186303 -0.479034835249326 0.296923633314313 -0.0433911190446611 -0.465891218432699
-0.357817241224396 0.385239904362974 -0.0857569440752574 -0.0348171893434881 -0.312895223679013 0.206136067876179 -0.530789431176245 0.325209877443128 -0.061359272752135 -0.398509862816541
-0.270976767008068 0.398218521872539 0.118843118831472 0.0104825777000826 -0.275949330018305 0.244555177789727 -0.423229949002655 0.322191538052026 -0.133967837365735 -0.330040108702141
-0.498801293457798 0.621294108827908 -0.118665814301654 0.255558607480765 -0.223252142657085 -0.00381541647448677 -0.648300729192445 0.536810342966522 -0.200242806856882 -0.407421603310786
-0.444138688992761 0.692523083285795 -0.0210372890811977 0.115157164361007 -0.104114630291574 -0.00834239971315938 -0.617655200139172 0.499828610052839 -0.109180517135882 -0.2904966335887
-0.434523682580297 0.653607077909081 -0.0017995422836455 0.167815884709871 -0.11434631006174 0.12648532515222 -0.587983878253977 0.568826666067492 -0.223107241695449 -0.484831801038196
-0.473544112197996 0.639194297814564 -0.0158293266477377 0.143541291731012 -0.106847260629832 0.0613585768289351 -0.605751404049687 0.582589131894931 -0.175241770438834 -0.411114598471119
-0.21104849020361 0.139131258378881 0.202552917615058 0.0165175299940428 0.17765451711386 -0.248185958422253 -0.240223730292518 0.371649760782602 -0.137627451860966 -0.32119162405895
0.433363666083315 0.348298791699911 0.132997831415686 0.0697517831419831 0.216553806952252 0.134932795867371 -0.159543419485294 -0.220759335207339 -0.335899303919253 -0.0573710670800068
-0.310305434345524 0.142915404120537 0.0908486238682176 0.0432055007523925 -0.198577067880772 -0.369233391368795 -0.308804318178571 0.36149220552959 0.00205508707680065 -0.497765295777496
-0.372793538564565 0.486656610868498 0.0545599919417552 0.0488092146854822 -0.293592431327207 0.197733992628591 -0.575315525153112 0.455026750178754 -0.203673596504419 -0.455372645950453
-0.360244603155879 0.564375601635067 -0.00752700458036855 0.0905187150369773 -0.0268941276257726 0.0773426734947654 -0.653279024569819 0.361457505314308 0.036512283110987 -0.350538633077325
-0.149943773947312 0.0993660635631766 0.0961461573520369 -0.0289067664436823 -0.334480358273168 -0.428061118367617 -0.343002660755346 0.457426520229772 0.0124500353921954 -0.587077904198813
-0.287332101631532 0.446118517308231 0.132684730310911 0.0814042220591202 -0.183983620731888 -0.0697532265469399 -0.569904696187923 0.425436136525621 -0.356567090048934 -0.213580973512077
-0.327836296363198 0.476255544229534 -0.159943299322581 -0.0821660129685973 -0.315691410431535 0.193512981606351 -0.511623580196723 0.515146205551792 -0.116674945541456 -0.618382799155287
-0.233800140515916 0.114688425680287 0.363121096923164 0.0616900075468716 0.122025409717412 -0.268779123591133 -0.338052661722241 0.417902869565662 -0.0962037686581258 -0.262491370168716
