-0.241038663048261 0.215202241807058 0.541087010447965 0.286952940659503 -0.187345551724023 0.39467199609554 0.195578489512548 0.238073764853519 0.358371334096208 -0.14890164029449
-0.2849229534197 0.280067553489466 0.614732206985877 0.250959099181044 -0.162630521797205 0.293311677227367 0.197221963865976 0.201730611119025 0.36813133724929 -0.0824538680684652
-0.44341148771143 -0.227075165039263 -0.0538216217196867 -0.0608312011961251 0.152318221964641 0.145839045703624 0.462313746003964 0.116770823662961 -0.151482242481866 -0.0741670049915923
-0.590209595331206 -0.167486072823775 -0.0912972482917131 -0.167461167699387 0.230062641138637 0.0714330514337453 0.481879486029724 0.0547110975033767 -0.141770878240769 -0.109418341406155
-0.557367908006693 -0.212176375848286 -0.0660720311444992 -0.161495746042033 0.224582824164396 0.0681715004367715 0.466318990700572 0.0214815178875008 -0.167577201927414 -0.117984808329292
-0.186363453720522 0.132671065043194 0.840814141274794 0.298079134774131 -0.148220149973932 0.247929682781625 -0.0920890356594088 0.421070049913135 0.195349667578479 0.209831930482575
-0.386826900059941 -0.29423192574979 -0.0613447726018183 -0.197901972321364 0.148544177479079 0.144666022351258 0.450095774459792 0.0432561361247199 -0.179298608432319 -0.00104426041027182
-0.561694350128545 -0.0831404439302018 0.0580078775142129 -0.0134139252918371 0.0310786061215082 0.190577727982335 0.372307446367389 0.127618963672752 -0.200605440824557 -0.105295418100273
-0.55103395418786 -0.213884668325576 -0.1040363023989 -0.156694648418812 0.136631185232734 0.0640241667659373 0.493935869189418 0.02155161459063 -0.134950770681082 -0.0948892271033951
-0.245613325244298 0.256544955894534 0.631958160184312 0.33273128028654 -0.080398841132092 0.300214901753644 0.0552066732086211 0.142660456713833 0.285202715305921 -0.0863713267560877
-0.556869277124324 -0.163692996878022 -0.0508333250020847 -0.236250176391499 0.211666456922643 0.0693178130364711 0.525424083384697 0.12673722010089 -0.153519200718488 -0.0599432036647244
-0.559745536765849 -0.179384036047015 0.0178246340666965 -0.323252032561162 0.237799804726414 0.0963955869137351 0.370957885656862 -0.0596865004630951 -0.12903749529191 -0.183048699240912
-0.221436531449282 0.179802464792683 0.593435816267152 0.336270871227168 -0.0799495768413775 0.305544123758287 0.141034159858086 0.183489134650519 0.329722186593281 -0.0537993516588291
-0.271567732969353 0.168160232018064 0.650319802833905 0.331708350242229 -0.18490232727985 0.355773159000164 0.0683407676066921 0.156365809425695 0.368982918188814 -0.0352034496266267
-0.209913244107923 0.18689126767481 0.777693375498448 0.35865930656073 -0.128388524675547 0.327589469755248 -0.066997470705119 0.376648425723393 0.299178921892662 0.298208209071278
-0.177829222061369 0.356830177624522 0.890414156996232 0.281254585748316 -0.132982293713618 0.33068170225654 -0.0944610212385186 0.207244903687422 0.124657611991792 0.404348446690003
-0.218938283384185 0.154450312984032 0.840729613437081 0.115953468044447 -0.21661393604307 0.240993131599674 -0.260534345674958 0.352126444409657 0.207513838606857 0.268520144573221
-0.249501911920592 0.0495188883264135 0.727634583364675 0.282923446099249 -0.273534212013461 0.301085661818255 -0.0784515024192693 0.378549713249792 0.275806673156525 0.276565996230983
-0.523560483193302 -0.0907445548430023 0.004920451517841 0.0131250598407435 0.010865524925228 0.105658070914147 0.297746069567183 0.0684062631975175 -0.157129703776281 -0.100965525841257
-0.230676460117967 0.0961546845078887 0.707064404151113 0.334127049863195 -0.22430804138283 0.275765586068596 -0.0591559978355037 0.364416613010553 0.205662777558992 0.216996140707853
-0.561868958159633 -0.177588232846731 -0.0360462643547381 -0.2160093065707 0.173415341455073 0.0656738585794345 0.539755931108748 0.0943153023123191 -0.151756922560793 -0.0610524906110941
-0.511701242848086 -0.133221155897175 0.0101206316506844 0.0163070062371496 0.0930579651587189 0.110441160025279 0.27757988810212 0.0277085287809425 -0.223176869051074 -0.150160346098563
-0.530755836681377 -0.20058753588645 0.0258156162111686 -0.29644400514548 0.223190610003859 0.0897388929342313 0.415868627707387 -0.0900751673592202 -0.157805434429686 -0.214517249201049
-0.226535885458348 0.165646750405354 0.765808134831845 0.123225422049751 -0.232799571089516 0.266456139462951 -0.27091130282137 0.436432087308119 0.181653317258313 0.255000579309136
-0.192443429600881 0.23700908260085 0.670829831851478 0.297751027603936 -0.142506897042725 0.271832660768182 0.157519904958752 0.198772566019985 0.389202079236232 -0.0641909365102575
-0.49804788799388 -0.256976756818826 -0.0853942827256385 -0.202452036818615 0.193825486219232 0.0504058474194622 0.563295357854467 0.0767219128735699 -0.169391626709597 -0.141751852173869
-0.599073060659681 -0.115915280206863 0.0513664234545498 0.0964370579604475 0.113268361530418 0.171130948300956 0.342953315597266 0.0582990687057999 -0.176492174877055 -0.173080295126307
-0.492824541100447 -0.109988805918218 -0.0109551052966126 0.117270180312233 -0.0430068871039863 0.155947754882927 0.320337084304907 0.0856098172774356 -0.133985764807467 -0.0882305008190195
-0.447009151447099 -0.201590756221188 -0.0312800335733256 -0.0660437061924519 0.238103770213313 0.056646458312634 0.5257387158582 0.0330617524653337 -0.0605971281728011 -0.122056159830268
-0.135741686958219 0.355714123788359 0.84959110629145 0.183919663412696 -0.136156084506822 0.303497913300987 -0.067831169655764 0.182826797615166 0.165800916204147 0.335249696796855
-0.600495896753221 -0.146666054129904 0.0514103776504595 0.0949915576986704 0.117264719648606 0.125781624187261 0.367365654010131 0.104344387154533 -0.207903072915524 -0.184628730755641
-0.15484334458428 0.297567216454526 0.71884917122965 0.0849632388653369 0.0873945340485761 0.350211889278676 0.127670946258129 0.272150723260984 0.282126677875209 0.170864422885644
-0.112042842735523 0.32045748359308 0.822460113837279 0.185629481757618 -0.131071518212575 0.287837464386235 -0.0874394694953272 0.177021461226331 0.196462771172232 0.40027869665966
-0.25708507511513 0.117010349406668 0.518805979280773 0.354789779089889 -0.184876538453795 0.377530590133182 0.0508515928576527 0.187002686357368 0.354276370040263 0.0165635130854754
-0.186387045821679 0.203872930445856 0.765240842497729 0.116366481619096 -0.240332958872311 0.265838226704322 -0.2557191546159 0.267372542127547 0.220420192956816 0.257577984223129
-0.304699940759949 0.34549350680444 0.780528590583213 0.034297978082315 -0.0928757192577036 0.236399924096624 0.168159126064353 0.229420526157926 0.0417776212180793 0.0439444662266117
-0.453450383039088 -0.238468374030413 -0.047071124396406 -0.0983007350470358 0.211524395647801 0.0137281153108777 0.505178598864256 0.0167604728713477 -0.0541366690003764 -0.090143421977391
-0.180291664169372 0.258961751243997 0.72615432634212 0.130918380508427 -0.202705354295045 0.246757402993225 -0.206858557396513 0.321044704756742 0.212257674222167 0.194337668962297
-0.154088504149054 0.313104684499754 0.7384269509487 0.0844678929721529 -0.280789323332044 0.30869321757237 -0.242936946841469 0.309165740143021 0.206458275311704 0.273936554953172
-0.305158435079073 0.259978156195847 0.684287179910877 0.0483728234739522 -0.179018918068014 0.277725196713811 0.213540212751021 0.217028346635653 0.146652180476527 -0.00808173214024639
-0.494126948709623 -0.276993930740406 -0.0418126637300107 -0.154638626171774 0.215038801983936 0.0335503628676655 0.583093770532225 0.130777152828484 -0.187309634447528 -0.131851746029392
-0.192443429600881 0.23700908260085 0.670829831851478 0.297751027603936 -0.142506897042725 0.271832660768182 0.157519904958752 0.198772566019985 0.389202079236232 -0.0641909365102575
-0.325407426760396 0.148774724899936 0.731474343619569 0.450175361723531 0.0253304036916731 0.328468345102092 -0.0723724560044488 0.209910193178901 0.295314720185807 0.416300132514979
-0.566345493918327 -0.16736013812892 -0.0205054469607845 -0.214365399182209 0.133102532716554 0.0709008617666724 0.502414795830316 0.103582341896341 -0.174631653243564 -0.127742142215021
-0.234169837164164 0.196505984422174 0.599798796536814 0.390902306849289 -0.16267315096173 0.354882778139698 0.163231077423868 0.202440105804294 0.388487010745997 -0.0474804388196045
-0.258985510212179 0.177203449577519 0.722441953020767 0.137031476623864 -0.132987524289362 0.325796270206072 -0.023297059918878 0.378206572624613 0.157495955024176 0.328897928558519
-0.547658801422125 -0.175939213689282 0.0155324575833552 -0.130831418973904 0.191538056216457 0.0121571114412655 0.528102266834009 0.0591787172486846 -0.157478575840405 -0.0970628434108503
-0.245677630315805 0.238901473354176 0.678233687518039 0.328362226869053 -0.233936887751077 0.253756764793431 0.157887935839659 0.165082098489695 0.398426991074268 -0.0262847057367886
-0.208703454844919 0.187061220212264 0.716271350938152 0.168327212852376 -0.164497642600006 0.381408934445939 -0.0154611068281628 0.338959356692274 0.178308429459841 0.320436315699847
-0.219285702986988 0.22989612801829 0.650947214668963 0.331124164643684 -0.146042109585754 0.346032009604532 0.153904984160821 0.154513545000415 0.24960580237184 -0.0914333007342048
-0.246114899204715 0.219583939785097 0.635296142558369 0.30741010091664 -0.149248244724128 0.326925846317689 0.097254064865094 0.207573244780297 0.280225891639766 -0.0852257707783161
-0.47725623673716 -0.186664015070254 -0.00222928246075651 -0.294789982452971 0.177949478512276 0.180937469512364 0.422571532236007 0.0186021780688165 -0.299643967865859 -0.0841698140665637
-0.332058446615139 0.337778714381098 0.773572923048197 -0.00479371512207342 -0.0858049496480592 0.271051938360894 0.174971397605003 0.165713638898093 0.124161030254624 0.0152246937743611
-0.149628722190888 0.344137527928325 0.989478422424062 0.24488350853881 -0.185173109728481 0.313845035680051 -0.0550985108434006 0.190973355308591 0.166649991164192 0.411589205777392
-0.604777227136859 -0.109503225626273 0.0648620188100306 0.101401570327575 0.10256274149102 0.167978222856423 0.35840144369709 0.0670129707547801 -0.165883882316934 -0.210699485557746
-0.155333312585869 0.347955501483812 0.830890396035429 0.19563963629949 -0.207657384638606 0.274374943236318 -0.129438024136311 0.260386377557515 0.154802025423077 0.391955366327549
-0.486024279128335 -0.0251169218056751 0.155136376804464 0.089098191963708 0.0654474878874668 0.120566772892423 0.403011860212352 0.110919233903609 -0.269491439167421 -0.130635314659618
-0.0802394313102122 0.387002979803062 0.923761068919256 0.240788329290646 -0.152994112328175 0.29254148770154 -0.0368181243353897 0.20829252707414 0.158821397103205 0.425246347162987
-0.489592210239022 -0.147068568379689 0.0511195237181305 -0.0698813495632148 0.159558698907736 0.361830817069832 0.276212903469927 -0.175359639638742 -0.0345168347978841 -0.261167118337764
-0.313851593961102 0.335502718056772 0.516532148998454 0.0709116137804782 -0.109864667028577 0.224881768937749 0.12925869072186 0.3392127762932 0.28903936794207 0.0583678540424772
-0.128544521958668 0.334966648557691 0.906408278654483 0.177823530489432 -0.0734025643502586 0.303780554621372 -0.0540983920643511 0.228095601691558 0.183134742096597 0.410998871845556
-0.489033338502504 -0.248745620679741 -0.0459376874015204 -0.166181463788438 0.204380489880424 0.0509056639288432 0.571985412335651 0.141155652606471 -0.192002228175939 -0.134821176245804
-0.197120374179468 0.245073237947894 0.666114199484508 0.385146140516517 -0.126832146044296 0.305416459804888 0.141838977441276 0.163464359989113 0.247955647579891 -0.0864164880477247
-0.177927685510665 0.231805404471032 0.650830275898237 0.288757191344975 -0.159130194969309 0.349389935194657 0.111596826906189 0.12651129808518 0.289803976230208 -0.0766639528701481
-0.219431448032283 0.261558446906882 0.634966551728232 0.292207548826475 -0.1915389443211 0.25699396090562 0.11650784132983 0.21234914880341 0.409054198123612 -0.0273848573679707
-0.235794031463496 0.0867644724354363 0.757021689327493 0.109128728390861 -0.0797335387112277 0.323165639733502 -0.0771988630411713 0.347829086071626 0.171063681193448 0.309223722491828
-0.231932048938837 0.233429094282137 0.624136688963078 0.272289945228686 -0.210407398937599 0.273096968746408 0.134424432579143 0.150558159730712 0.39021760118246 -0.0497611179068604
-0.227993410014617 0.171689522746176 0.730443881881684 0.000153096634759084 -0.268808928707392 0.344533426796173 -0.264307018847739 0.396525753773262 0.170337607180019 0.268358319684295
-0.525365665511046 -0.0738865901801286 0.0364609724838663 -0.0243789155051948 0.100201545159085 0.097833533636863 0.273593096519719 0.00061717759769846 -0.204720074747384 -0.162441502907009
-0.208840332241389 0.211808154274687 0.626104014106867 0.378296703054618 -0.201522634925842 0.3594058729646 0.119692903606295 0.17582671836674 0.355926099972835 -0.050970112409172
-0.561039773436306 -0.0649194675108942 -0.0607644843934787 -0.0166647845959979 0.125105912760315 0.175356699980353 0.260103658820226 0.114807383593086 -0.185394074511847 -0.106138994973877
-0.139661097945028 0.279354604467632 0.704533259451472 0.116960166005746 0.094146082274246 0.369134977411678 0.100869176150551 0.33622614353389 0.306218026293295 0.169962482633493
-0.473277548142554 -0.213957340564758 0.0782926556570802 -0.0286134372847185 0.233466343540903 0.0690980393601577 0.566796091136735 0.0199508338193928 -0.0552822282949212 -0.0927371837041257
-0.188005630267511 0.124303513954817 0.822570477680714 0.36842913836395 -0.143369628264357 0.311310806150446 -0.0860785854589055 0.360575782051608 0.25632568244685 0.255607389310015
-0.244402333922671 0.24491677079713 0.781737154172497 0.0771393347641109 -0.219430771579561 0.333544173613398 -0.203428648589727 0.324893760558548 0.159397549611518 0.248517105149541
-0.222501233586162 0.197085679041002 0.744097138211719 0.143644757812995 -0.177174719808523 0.326043131748537 -0.0237598291515021 0.393511888895388 0.192074582540901 0.403846729350128
-0.44909307614058 -0.129826210918317 0.00386931690260289 -0.170609240708002 0.120328506008898 0.32185671145078 0.363828062840154 -0.113404012707129 -0.0548887072223589 -0.327370331732952
-0.475659385752373 -0.117209199303082 -0.00409196895886871 -0.186637424162827 0.0769965179075939 0.344563846708904 0.293084839815081 -0.0859159910050134 -0.0267671433472768 -0.288918158434427
-0.19318876183185 0.170977973057192 0.74469291067037 0.0643568020623773 -0.225682961002945 0.258450603528397 -0.246763986781058 0.354781696069524 0.236217712704828 0.311329028644803
-0.564704683182045 -0.257963208678347 0.0396444512548469 -0.33733745371087 0.193624507730123 0.11807399813909 0.411373140385202 0.0149496732575014 -0.252347248339636 -0.1315947679618
-0.560296318847062 -0.183814738488638 -0.0113234985332152 -0.151360313510857 0.180388842376979 0.0262242699776633 0.497192826185708 0.0700940130231679 -0.113182829411436 -0.0795487355640239
-0.272530705045187 0.181310621586673 0.702590554798323 0.0249545004031397 -0.191893658406307 0.32148920065298 -0.0119374624510659 0.369634708062026 0.123126963560213 0.361059344543362
-0.51803046324377 -0.0896214961150522 -0.042328761963844 0.0331389612267105 0.00898090041161756 0.185948474995328 0.31700255461082 0.0461503822607599 -0.108510773055315 -0.0959767371166
-0.235460043522069 0.127834795279817 0.7491539978359 0.128904164897748 -0.148941402637697 0.372378486674601 -0.0209986393389996 0.352897137532588 0.140027302542252 0.309718009264744
-0.532745536726783 -0.047972244683445 -0.0637894448349739 0.0546337306359689 -0.00668355719234221 0.194536738821727 0.355885319782407 0.0624319480689459 -0.100780566881885 -0.0562035553411175
-0.450976071639963 -0.181877279314686 -0.0220803098896536 -0.237884183758464 0.225761727456195 0.0550955244419943 0.55430821979846 0.0872505964137938 -0.149085851749167 -0.199635797855337
-0.0937593942944809 0.0833353041078596 0.858003574058969 0.240762172759424 -0.181133122058629 0.366150116485766 -0.120130521046679 0.418351791418346 0.23723440887475 0.32574861012548
-0.208192833711201 0.170857207972734 0.588196558838376 0.401262494414687 -0.181124553885255 0.366095776136973 0.103636919727672 0.189556007896162 0.391668300358995 -0.0590867270041349
-0.441549683645935 -0.226897922367571 0.0227153494863616 -0.252024554896277 0.145181492336919 0.0852834139676683 0.442721691972208 0.0733967856261255 -0.246008300885287 -0.119106031003902
-0.461488752251839 -0.232700099808365 -0.023537083256684 -0.278699348327225 0.210746677121731 0.0669554421484993 0.432051759417196 0.0488061287415983 -0.282642691490041 -0.115177663423289
-0.242821122946758 0.242051507976829 0.774856247884215 0.131698930156795 -0.253481794645634 0.27254463713693 -0.27608419642034 0.2733940488634 0.209911652745658 0.245289323779196
-0.486270107888904 -0.107368012824566 0.0298896315860401 -0.124506245867555 0.221581809049537 0.0590203024681275 0.480087833332168 0.0306775312524865 -0.0961578256552395 0.032094344329208
-0.261007900187463 0.15920234856275 0.759086950890783 0.0950300756638033 -0.118316996846205 0.301693259455678 0.000765236140575713 0.409166409173827 0.175249274017159 0.357350483997
-0.543797724755712 -0.179442796838289 0.00698398564939175 -0.150935638447861 0.189735088423811 0.0287462712727424 0.542420183505564 0.0659626167319316 -0.11464459956015 -0.105938496924418
-0.249039385560636 0.264309232312386 0.669229734684335 0.282469852140524 -0.159361868394178 0.298157885001951 0.166031699914823 0.174333516910737 0.26224645743213 -0.0521178219405347
-0.509129693673591 -0.124222262922403 0.0181005598694487 -0.108484330817988 0.221313067288246 0.0783413149590555 0.505083439376236 0.0216015785575324 -0.0925443525876649 -0.00662242394957972
-0.497153188668372 -0.0397350976672147 0.108670180374149 0.103940794745072 0.118595891185431 0.130022949299792 0.376058135280093 0.037288995223729 -0.267028876924581 -0.118111273527688
-0.313767661541124 0.238859035693345 0.64012156262667 0.00738961871500738 -0.162382184825865 0.246814153784062 0.228568744554098 0.244331271858611 0.129137965471953 -0.0733776641107713
-0.466599184227605 -0.0907805318117668 0.0504056861160775 -0.105093800551333 0.184033408995069 0.306645187872812 0.312814413388223 -0.1240577720994 -0.0468159759037161 -0.293186942977332
-0.290901247889979 0.225881992020879 0.657800445204781 0.300588924344271 -0.12407882406708 0.277458108113462 0.129135034295847 0.201641644815257 0.293123277047782 -0.0559868079636708
-0.52747202720418 -0.139665537190069 0.0117170586310666 -0.0321711462125058 0.199619473460572 0.0642579690737912 0.532627561777567 0.0543242020171177 -0.108526420013076 -0.039361963302107
-0.263096643996518 0.142451322949098 0.721830842420602 0.125880648588046 -0.129174479936074 0.354748112142465 0.0065344022911366 0.406862779606906 0.147155204120021 0.344512715962567
-0.171542926991391 0.275824771440067 0.604660680040241 0.310996623039473 -0.129173462670839 0.348903860369579 0.0557273710191743 0.13630960418867 0.278570142932806 -0.166367724659985
-0.495551405011662 -0.16483407534966 0.00897107382700447 -0.0823564991856768 0.208891394386064 0.0507302752775035 0.519248729210555 0.0528095784958664 -0.110562084997992 -0.0317118784504593
-0.187105149525577 0.30309054754935 0.707762195802003 0.0933493199020936 0.067832886699547 0.379884090065468 0.118074342310322 0.278431372680273 0.267007293513991 0.153111534125578
-0.252394219507679 0.217992471995707 0.672197104128743 0.352889346357413 -0.21694573458982 0.280398915503732 0.133417598085988 0.14588500911582 0.397797098361233 -0.0339180956390254
-0.145990302571157 0.376715351415981 0.926522251602791 0.184192798647537 -0.0985030238352234 0.325574079433582 -0.0345698139990502 0.214822441038773 0.169537946735873 0.426560456196452
-0.105776693322433 0.278544337739032 0.717819474234527 0.103763958783312 -0.265043438174947 0.253953746204113 -0.278537106132406 0.226681729164387 0.198669519323502 0.251849330291445
-0.25708507511513 0.117010349406668 0.518805979280773 0.354789779089889 -0.184876538453795 0.377530590133182 0.0508515928576527 0.187002686357368 0.354276370040263 0.0165635130854754
-0.485612369340502 -0.0535832539067469 0.143185959396267 0.100220250858875 0.0767762081869132 0.154011164289904 0.38206836600437 0.0646578456140351 -0.277577502490611 -0.0835605219141325
-0.149799693586706 0.329392601265059 0.99168121282925 0.252842270822128 -0.157314003057052 0.315726241014763 -0.0616140659369444 0.193245432486355 0.174629686854035 0.416508766129081
-0.120954061391427 0.0927360588665867 0.782730880972476 0.237930830666742 -0.153604678334863 0.280787416294826 -0.0710914291221808 0.39688413756105 0.237734615313971 0.370066700418446
-0.25578843388 0.248035850511581 0.648470472372693 0.327281378919583 -0.167122144808451 0.352958768828776 0.189849760606623 0.164651016902203 0.378569154191049 -0.101359792177441
-0.484775896498115 -0.277095034023111 0.00941013638382375 -0.238829436785361 0.128187604830273 0.0779771407170897 0.564724255038374 0.0332110017938974 -0.213813543214903 -0.164311272521194
-0.513777547597375 -0.114358308189357 -0.0299570312686976 0.0795971104212115 -0.0198883496334225 0.153507855008969 0.341919104366098 0.0928799840318411 -0.153789041382978 -0.0948556924038637
-0.524618869668406 -0.0607227909696641 0.0226971182348663 0.00396620747388976 0.113089800987826 0.109972080409597 0.295322748318319 -0.00923898857645879 -0.195195457395037 -0.147984403713134
-0.229588327556322 0.219923738248606 0.616163610501694 0.375457290230282 -0.191561075103592 0.364301351438248 0.106933795204542 0.169646735359605 0.359918546313135 -0.0509590979495146
-0.232698079231639 0.249924867029392 0.614259342499108 0.25300126884181 -0.239926919932978 0.272732188548621 0.127835312372195 0.14697852941297 0.385821927388158 -0.0467816808715895
-0.467089171103339 -0.176135217842502 -0.00950686906794752 -0.290512596742545 0.180760331066655 0.170673737842885 0.433277968798832 0.00720339485853244 -0.313524358056779 -0.0766274001267227
-0.208694230409129 0.277217135584099 0.691631202398797 0.281015102081696 -0.179402108395761 0.333424810231762 0.186358485834385 0.188689832967216 0.374347585195528 -0.0546780937723377
-0.238805052475724 0.136905440396222 0.769798101013028 0.152374846830322 -0.146899871839169 0.365969729413061 -0.0714753105957206 0.337211037659786 0.224653386889416 0.366970109002358
-0.219384963148469 0.200573996585661 0.763938896693471 0.0951931492614467 -0.168622147120409 0.348496372009124 -0.00561237118549351 0.379839307969359 0.192627154823174 0.384004178228945
-0.45689381976063 -0.217548194233084 0.0745955351161648 -0.286544260789767 0.242088902580106 0.152970465756444 0.439499860390108 0.023376343964863 -0.328470882621946 -0.108508217519795
-0.530300143273249 -0.177850676509446 -0.0256859060749824 -0.259085112655519 0.269539314268313 0.10574480742928 0.5647096418794 -0.0274306815383305 -0.218295736828804 -0.125603377158556
-0.51962276708338 -0.0848324800803903 0.0199251850517891 0.0520793047977346 0.0864671601238763 0.0606219652029614 0.323984451796731 0.0611250958469335 -0.155884498360783 -0.0609308720103186
-0.52995548432829 -0.142833091687996 0.0381555247947865 -0.245123696563993 0.249412071174322 0.115202132342063 0.512538788262614 -0.0777716813278497 -0.164994788517895 -0.148755813887026
-0.176166382316613 0.252549907291557 0.597836412879842 0.341298827541936 -0.172104268139303 0.281607968374318 0.0592961206923954 0.196108197882179 0.306916131074977 -0.0806699187195477
-0.244976814397612 0.339727382409604 0.702672169809082 0.0100314286281278 -0.192394909595687 0.235427124235892 0.20207645405329 0.273287524473521 0.10328431004906 0.017507931640912
-0.279905063786416 0.216021544541877 0.561160493170805 0.274388342906587 -0.151098533561003 0.382488218499211 0.16060695116414 0.22890473116477 0.340128338372285 -0.137479012745661
-0.263883904037278 0.161265258659406 0.508344668018212 0.227825331860645 -0.175024844014473 0.356033816996961 0.11300192036556 0.180768849344816 0.400401887448995 -0.165661397394976
-0.403477103165124 -0.25821134357176 -0.0270423491753428 -0.0652231805042296 0.22766559024567 0.0800816069162867 0.461651106861231 0.112654908371954 -0.182976615724849 -0.119562568246535
-0.311957629945638 0.308915382013827 0.726407180262656 0.0889825298253291 0.076550670084879 0.323524729011764 0.158453149435992 0.204704651022911 0.215932951623862 0.167107598725827
-0.300457871242456 0.153032357444043 0.559778751249397 0.232604320712688 -0.157552419049737 0.402888282297338 0.162447820744398 0.251460218445089 0.333571101194708 -0.167800556942634
-0.150511728963297 0.0602161207757229 0.78760097875177 0.34658631244573 -0.155916738157917 0.378266191835142 -0.0621264561091308 0.303734978289805 0.237950417391618 0.160127660814075
-0.257197481125584 0.210343787079886 0.522267735941914 0.288371194264026 -0.202602025194187 0.378919797067694 0.17676812293729 0.235347704780807 0.310107953679235 -0.150656584550428
-0.416306458048776 -0.18760165087575 -0.0524495087379769 -0.0782049118967293 0.148881250923829 0.143214289610857 0.417426916835284 0.107993316896485 -0.117004345516535 -0.097728453427063
-0.207604329735665 0.149018685500528 0.783266471834551 0.117997290632183 -0.240548572582517 0.226602262660591 -0.253308385899592 0.413692659360209 0.227464738803282 0.228090911955868
-0.317822492593703 0.242080203381146 0.690024408704186 0.319253354398644 -0.12908425786093 0.295740089744619 0.0531529014789973 0.166582818970192 0.277658672352143 -0.0803342540808823
-0.513395514447966 -0.116043838335007 0.0365139652034565 -0.239704785208634 0.254702200763981 0.0975621863244761 0.51277232748438 -0.0830633904790187 -0.14416435771833 -0.152853492028847
-0.577761516359236 -0.237782546428296 0.0070265687563804 -0.275383187344925 0.170124053703882 0.121452347708026 0.474658127109288 -0.0347069737400525 -0.209863435328138 -0.136271874308245
-0.252123864351212 0.207959798527426 0.623144565210627 0.311680962230299 -0.109693346764393 0.265675529810885 0.124034988251129 0.235071155314877 0.461610394340599 0.0626821038844207
-0.177923980409829 0.34086719084451 0.899909208143459 0.277537040031159 -0.145265096657411 0.31603431772636 -0.129603537258725 0.196251125249674 0.115100208680348 0.39359233607754
-0.239893843534718 0.227661042487915 0.611919031812338 0.359243362583271 -0.14057419999481 0.302597317557349 0.0456897383922188 0.211515882759639 0.363221771466013 0.0196862676547353
-0.543714597048626 -0.125291357562624 0.0228511457612724 -0.21291510515087 0.170485074666341 0.181007715385975 0.527537781584972 0.0128346182929207 -0.142286771483458 -0.173025212631196
-0.235849414490759 0.244153477852685 0.697028183522169 0.312120985790137 -0.200532817823488 0.312316542926358 0.151762263775395 0.222726108129646 0.344623858795386 -0.0314332957492477
-0.455099300235326 -0.197177360929928 -0.0330914892110005 -0.0651626445174926 0.210217352086091 0.0312186178170794 0.503347077201922 0.0418957412417777 -0.0677664619169191 -0.0807479807236286
-0.177124604791865 0.186296037350892 0.693033719051819 0.152107399454791 -0.159351340493229 0.380549126574675 -0.0184678899428717 0.336020788221118 0.180537061631112 0.317599144440481
-0.427441068442425 -0.217799793312276 -0.0176952826954809 -0.0881714894686603 0.229086444126475 0.0652424569687413 0.531930519660674 0.0579672182798918 -0.0874219581558614 -0.113621368418558
-0.549358893425392 -0.232121321603205 -0.0102828238751883 -0.284345217763286 0.154981054851388 0.0544001679391973 0.535468099824336 0.0433602050049486 -0.251235368650372 -0.138267742424775
-0.165242695191236 0.151977810476134 0.749468549614303 0.148749513109547 -0.158249143018825 0.358322821408088 -0.0511636679612771 0.34844835368261 0.148321868885679 0.292954802918912
-0.216036725822264 0.306334594397752 0.716376394427797 0.323203518253499 -0.167318339880931 0.382166691723033 0.15487747717906 0.196620590202117 0.350524098490578 -0.0904234809403078
-0.31924179382539 0.141035744325891 0.739778428882247 0.456102077982543 0.0318103470377048 0.318696277173983 -0.0823128534411102 0.218421525536226 0.319400089054863 0.434772137004263
-0.459107975448868 -0.220027847878633 -0.0745587223888093 -0.174491979723485 0.205972160444412 0.0505492937592826 0.567336487704243 0.0921751237651392 -0.157287447379097 -0.156362920258338
-0.213863958423127 0.175991803017644 0.623003516689037 0.391165957864611 -0.12991916767198 0.264293328849032 0.0965084120644006 0.263097489662188 0.369415642914493 -0.0375792536981557
-0.443189061184062 -0.201195175226077 -0.0502608744371967 -0.203684118622507 0.22055676389436 0.0352545713969643 0.540293948697978 0.0578863663173492 -0.16149654271742 -0.162583533130237
-0.320176841255698 0.0958188677298529 0.50132969361958 0.345778776356768 -0.203704645054111 0.330449906304072 0.0591866068414091 0.165977852615542 0.414376259857831 -0.0054664813623447
-0.277903228339833 0.16727849212629 0.711138803040848 0.0366901085883274 -0.198421750292246 0.339733781237644 -0.0296416164492587 0.375813903846763 0.151670198157969 0.386087888441588
-0.29183614620381 0.234063783515378 0.628867956299306 0.241907897912455 -0.206715679342099 0.264121172782191 0.122717285999947 0.159317019231739 0.374322200240883 -0.0880203278142852
-0.511232693391946 -0.241774220493434 -0.0381613363617528 -0.13128152165631 0.245343537045371 0.0432127825345566 0.583509936286701 0.115551926709468 -0.191748552819622 -0.156436547882734
-0.254796801386516 0.156539141172278 0.756793098464982 0.134882064691276 -0.168867579521571 0.330725230985856 -0.0578983699230154 0.412070776180985 0.167815691577234 0.336632141341353
-0.556753059025759 -0.0507898125513041 0.0183883044009714 -0.0357921551792544 0.134441950133647 0.139521339080991 0.292088114728059 0.0548248714499223 -0.160976506310278 -0.115753714974132
-0.260916870651725 0.165968593455583 0.767333659213935 0.142932693816133 -0.180926722970263 0.316920358431992 -0.0584756918564702 0.411571282802254 0.146692632829823 0.332740526111702
-0.548634509424225 -0.063501538736119 0.0251730419455668 -0.00531412964034859 0.136326012021774 0.152350233199517 0.275843403148822 0.0685102659389991 -0.173199182789749 -0.124074564940887
-0.217538977962999 0.104990136567241 0.736205426771669 0.0941939391384606 -0.215732428741461 0.371739557353832 -0.0331057495048861 0.316038075253771 0.173180677307367 0.35834434194025
-0.229084271492652 0.222623313740214 0.761278693268598 0.122170131091599 -0.270312923067426 0.288548374482933 -0.241445459533116 0.291458644030605 0.211954782615523 0.254935684971466
-0.512834456631034 -0.208139468076403 0.00781934833000652 -0.00912732160026823 0.283107504094032 0.223631050081569 0.399684408135269 0.193774809834043 -0.245762877605156 -0.403335423058478
-0.526558874889702 -0.207936129476928 0.034184928101642 -0.0366557083392285 0.278395921717038 0.232591421212948 0.411243302546416 0.184205083657125 -0.231689032881889 -0.428834418846062
-0.186314691895334 0.146844994652481 0.690448519956754 0.100645018571591 -0.152159504914622 0.331794513363026 -0.0275675078554908 0.389724477375633 0.175195839984018 0.320796962251856
-0.264975654431604 0.158335187037739 0.789055775597117 0.358449116486106 -0.00886591284694961 0.269309852902117 -0.134225223760911 0.166916418210496 0.349586832772459 0.367573355887723
-0.57649166683174 -0.236446667649507 0.0284896019059527 -0.222728018174583 0.149601889223036 0.105811966416031 0.505041935317127 0.0665732187318784 -0.103057754052399 -0.129248758061625
-0.295785307898797 0.24712852387077 0.654912768361205 0.0143976025673265 -0.16064056346255 0.261390194445398 0.225512986590401 0.209242801634168 0.128208400024195 0.00979914886563785
-0.132994685048584 0.30950800171077 0.830529412979204 0.214374040764596 -0.156230367055898 0.308686014478274 -0.110187498214514 0.193001550895743 0.128772231236596 0.265123050336029
-0.274663133079863 0.275329736001109 0.680736627434828 0.282439529097891 -0.210550641768276 0.276078065936006 0.101097281508878 0.173805990085385 0.407196722391214 -0.0516117712238655
-0.064012948699938 0.353869701046806 0.917031831240684 0.243719537850681 -0.123315179850739 0.284008552904125 -0.0565543322550302 0.15689885101776 0.155161664438781 0.439169703282223
-0.22508041568945 0.229877630397146 0.659401426743797 0.0153653744854443 -0.126729892532598 0.228255934247909 0.254313114969461 0.252148075244364 0.154535640964681 -0.0188026946669882
-0.325554577019798 0.253001570231003 0.642472873045429 0.0252790368856592 -0.156834190865018 0.267648775805409 0.251878398199406 0.228666837228588 0.134154443118326 -0.0391603195623206
-0.0400203068196951 0.0918861681755438 0.802435799870077 0.257574028164076 -0.182077791888824 0.348349743168536 -0.0849904139027774 0.421122704100415 0.223882792325845 0.348687177202824
-0.231012284441831 0.25374271649765 0.69588551885588 0.285410014174262 -0.170998705078854 0.324629106060304 0.178739568876073 0.232370581734589 0.360449779365588 -0.0993005739667187
-0.271390305345365 0.178553036261734 0.779346074737007 0.375059681314321 -0.00622529747417269 0.278587583360185 -0.104342079023085 0.178262273406784 0.327036074141856 0.360048255466231
-0.348245612808539 0.275471552276029 0.544716586869356 0.0981850342669262 -0.0962029503317701 0.161066087944082 0.0584866734418461 0.354443739829899 0.306779026176141 0.0682313960914405
-0.204161680473386 0.17981335822423 0.736458766592021 0.155048365777695 -0.148535734199089 0.310957907499459 -0.0306166010114089 0.350580411427138 0.155685084217119 0.326166027208155
-0.331595326296488 0.101867936787373 0.775363810692428 0.370819575403389 -0.059119244005155 0.370455026134322 -0.0903283405505391 0.190886220504011 0.227586414691019 0.480316596782703
-0.298326608519681 0.135450460061614 0.489988557592316 0.288423815422466 -0.188685168229204 0.37526314480646 0.0650210677159867 0.156183621007649 0.375245137056166 -0.00467386711245786
-0.543953233977819 -0.280897089867201 -0.0357677403763017 -0.282916173322267 0.126803958826058 0.0769014138107445 0.52837584522221 0.024879359271236 -0.233351732395482 -0.147504519805079
-0.56330898681199 -0.261207831993184 -0.0131714813583752 -0.132569596105148 0.137392623969159 0.221283231932202 0.448755529623754 -0.199006658286522 0.0243064543666212 -0.162708465130872
-0.391382222601599 0.362363515223577 0.73682522725183 0.0692769916427315 -0.110740858326988 0.25192021649391 0.199633596892908 0.186171022887624 0.214470846930875 0.0424008436078596
-0.407028841948949 -0.205635599831602 0.0337588492519401 -0.106464524788848 0.215870632776512 0.0836341106894384 0.439004055854261 0.0852716980999864 -0.154342065471025 -0.176467867740896
-0.599500752972735 -0.161383576693529 -0.0889879935337687 -0.174114099485731 0.234731803217635 0.0774075471132113 0.486127332522882 0.0437072266422613 -0.141185720983721 -0.0993522768278957
-0.553932030338236 -0.121073454015003 0.0339850097222181 -0.0160275176261839 0.0347066768430974 0.157173927913425 0.355288543642331 0.0616471308410213 -0.210242843086591 -0.101984169902792
-0.340967764018055 -0.327457238399236 -0.158936694281111 -0.0717494671869262 0.187312380751377 0.102995364197481 0.38930603562399 0.119707311030064 -0.183130429597099 -0.14644853069028
-0.310413337477568 0.195046837056359 0.528710953024725 0.256813095908934 -0.16947229075775 0.408134887307299 0.107927211763352 0.277538215708398 0.329552051284133 -0.15861857032701
-0.171324665966962 0.174897725949167 0.60812452014837 0.24068412058321 -0.217363320968885 0.287414570649136 0.0112689868219227 0.156750113241325 0.219994086327037 0.0156307812318503
-0.187272932961752 0.26056413148754 0.66345882258685 0.24780251972101 -0.175011398565138 0.415416025461712 0.105316581850295 0.227054782342495 0.410436782082236 -0.0414055002976449
-0.399761087824674 -0.294411858189745 -0.0717966582171933 -0.0940539800238678 0.168203097765448 0.114036609562455 0.373600923848388 0.120932564503953 -0.174387978697993 -0.178350521977575
-0.139368390406848 0.204769191716425 0.654221993047762 0.234874072713537 -0.182528857265617 0.22855589033682 -0.018376998481338 0.0952000998395029 0.182820609777707 0.0626913744019328
-0.486793230940201 -0.19869116253365 0.04266250149609 -0.141284952544211 0.252519839093625 0.0851430018776023 0.442804622977663 0.0957532154677927 -0.159526724586674 -0.0855710285455814
-0.298096089806106 0.232595336727906 0.561075477067957 0.284424009557364 -0.165980182096409 0.397784274622372 0.149640307361321 0.206808875600251 0.319257070383366 -0.101875005869385
-0.619897360510149 -0.091096132461302 -0.0578016231765919 -0.140070789614579 0.210662423878691 -0.000448342538690416 0.535551918593898 -0.10593952570189 -0.238142362853712 -0.156773607564572
-0.508642049590929 -0.199078241977854 0.0348136019423045 -0.139587267396014 0.229046245621554 0.0757110876813401 0.435885314662455 0.0913709758321248 -0.171531446026774 -0.0866740300918038
-0.556970317737766 -0.0798348868910598 0.0507516972519936 0.032655018671668 0.0308104309424565 0.169080204470373 0.368095929626538 0.099921148796747 -0.200564890466872 -0.112593278479646
-0.122064762740331 0.360452769614408 0.655446423909677 0.0780382910020264 -0.0124118785544416 0.355640121097881 0.0299942916552195 0.243840548395383 0.243988658852117 0.139629286056549
-0.553212126624962 -0.19608029497832 0.00730979270639308 -0.305073162391141 0.22990332398216 0.0915902387066735 0.345580201867579 -0.0809595966259456 -0.127980949227691 -0.200710696348842
-0.574246086696553 -0.160406538129892 -0.0100555539139974 -0.332846532989407 0.300574738743376 0.135876837806872 0.363498306199467 -0.0365060757144484 -0.151340756871927 -0.136619922602431
-0.512607999087171 -0.14527032466406 0.0402298376880748 -0.250428110913666 0.264264833967732 0.0838591289664696 0.514278601291837 -0.0882183388509066 -0.185580200210467 -0.138978962485464
-0.190932593655089 0.228789509057431 0.737774509020207 0.110271640263995 -0.244024670673015 0.290931804169568 -0.20577891079677 0.280851625389307 0.178523702285465 0.247319595463756
-0.521237001893073 -0.133610047050032 -0.0436937181216639 -0.347945245745808 0.240611879936675 0.139224759964348 0.497200039969875 0.0632879113224627 -0.278558298376727 -0.158046207897515
-0.349694351095483 0.190869190712768 0.727566688896825 0.317396233093183 -0.134523988277669 0.301841033014133 0.0813944076762966 0.173368891581954 0.317970164295372 -0.00967385916272485
-0.293371759627704 0.201009506744621 0.498071488273777 0.347368124614551 -0.193035664870042 0.401874475108636 0.0804888515596308 0.2229068756108 0.442951010417592 0.00293077776847934
-0.313922219823623 0.108170715885741 0.740094558658521 0.45496871246988 0.0158828441828217 0.353801792182001 -0.0905900147368878 0.186252995547694 0.304184703658155 0.43660830976262
-0.52815669874424 -0.0746512767231108 -0.0108307270519158 0.0371091439866677 0.0996628145134188 0.177720820574324 0.285010725449549 0.0531612948406894 -0.158473955893031 -0.13487253286535
-0.134832028330502 0.294236908888589 0.936742373099204 0.273817601732403 -0.193192121103453 0.296835458762591 -0.094158032638577 0.245988990127949 0.141583040903392 0.414209254630676
-0.229631370988846 0.211840019616434 0.787478598858615 0.309484956590933 -0.16279578670208 0.295078513294182 0.0167878953227182 0.222808790828473 0.388019449358775 -0.125819777219765
-0.58200767682665 -0.214914612033168 0.0326270086751334 -0.244672752233045 0.138799707438754 0.093459871547979 0.492208798973881 0.0608464114710979 -0.119678010977924 -0.108332424342539
-0.464923582184375 -0.214643471571574 -0.0243128531404773 -0.206147107059108 0.19639885915944 0.0675910999997711 0.581602982637695 0.101871174330414 -0.166885742389652 -0.165301247875091
-0.145459464511779 0.34100796964551 0.897390334368714 0.191563350661556 -0.114335604884181 0.281486401144551 -0.0489701274040901 0.252790834788526 0.197669574019908 0.411888825886981
-0.477377712087761 -0.225047562662416 -0.0227667402560071 -0.200025915867145 0.217567550230717 0.054240778473771 0.574655054549893 0.0980939102994128 -0.174724611053865 -0.161896936803837
