-0.22469965006135 0.165818600983795 -0.570099543961554 0.18138704057735 -0.0584335735606073 -0.0270108614181859 0.297983480052166 -0.267520256197577 -0.137408634011632 -0.0576911177661009
-0.200231690281897 0.154747749799667 -0.562855450102249 0.186439083510981 -0.0553187445121578 -0.0221732602356281 0.334000143024254 -0.249553059169659 -0.134279699859391 -0.0729948200350463
-0.32736853443571 0.122715556131458 -0.578681173665467 0.229024065020751 -0.0730632997851801 -0.123398777154234 0.243851895522871 -0.175172446477992 -0.112578237664897 -0.038464140433461
-0.00899688684765805 -0.2097766496679 0.0906308344862805 -0.144536976535009 -0.0935814713321246 -0.462745660220276 0.137950763601913 0.093872143161791 0.103339409772897 0.43674849400634
-0.452218153433011 0.0177837789168375 -0.53543652623214 0.498361234580418 0.0110138448629967 -0.16063665336336 0.29455219070982 -0.108913989193234 -0.0749817273526782 -0.122173936079574
-0.464926665725316 -0.000917301415737926 -0.51743858897757 0.509407317856526 0.022809406384976 -0.151947334036129 0.288755791209445 -0.0985806341503466 -0.0678599041316266 -0.117580294387928
-0.0823123970380923 -0.0512404739696247 -0.187234652816409 0.540948124303861 0.166191806180449 0.240356985070495 0.376354332795921 -0.167703337515907 0.0209257748598326 -0.103937685034829
-0.309656147261366 0.130262547140141 -0.595205308278702 0.214130879882672 -0.0998327019392736 -0.0848782519432387 0.288200457964656 -0.191840643431892 -0.104146765643282 -0.0319508278911266
0.0722454909942162 -0.305218464435559 0.314665077863153 0.0874039437868533 0.0452516484770543 -0.286448644052269 -0.07606895575019 0.0294136176538929 -0.00204230178332689 -0.00754295107642544
-0.513543376042861 -0.0114116291792977 -0.447505910986195 0.294803715055819 -0.0396805625138066 -0.195006140714831 0.194143557640857 -0.0779558628519005 -0.0988628530888427 -0.171258793779179
0.0359521111139497 0.0539751416159959 0.127407015232297 0.0381133304563489 0.107376578517302 -0.260168339757427 0.061888319299855 0.00650446665372654 -0.161947919357229 0.0977929287009639
-0.332443891340117 -0.0844290871385835 -0.53013288764553 0.355868869634762 -0.0531750862354336 -0.0439168088714351 0.291179539424259 -0.193431130803164 -0.0422385059545462 -0.0741624466759181
-0.451930433615479 0.0172995119408282 -0.339945255675775 0.334457705270099 0.0772362885402651 -0.187214917749647 0.264851071279575 -0.196227694888474 -0.0955625311217832 -0.00712036652500613
0.0305816353789098 0.0605776817523738 0.124297070229914 0.0932385462273932 0.155600149008545 -0.295100531239964 0.0184430144416217 -0.00580347238517369 -0.186487406821332 0.0362474570070001
-0.429694686421451 -0.00993412789242605 -0.311255030397259 0.238316872618777 -0.0911008853367456 -0.0478820350239643 0.288243965705655 -0.105941106818113 -0.118209395472621 -0.0648363955600593
0.0675559062633436 -0.294098395637087 0.286106579370536 -0.027161103760061 -0.135922620587772 -0.330897851538249 -0.0316303063875509 -0.114311987711691 0.0284235128413449 -0.0676934139304056
-0.345642476994675 -0.131520831921932 -0.49027195007185 0.323445348232479 0.0256929341896008 -0.0397888596189849 0.309435987728246 -0.186772053047382 -0.0034585331028002 -0.0682702489284885
-0.122538190920682 0.0912875097413046 -0.207000226199645 0.469620372282059 0.191649207010878 0.329503590991246 0.265250898999878 -0.197636088113006 0.0477526009240737 -0.104543805688394
0.00517379463867092 -0.291187217068904 0.13397762112337 -0.15706083142837 -0.096554757740093 -0.466926416108245 0.100742639430407 0.0703055214513551 0.0967200383157558 0.393597929304794
0.0351546828401408 -0.125766939796623 0.0757114274576715 -0.213262803625938 -0.0496273764002922 -0.45354883329998 0.046648484536837 0.160306945527605 0.114916706785926 0.343816393018935
-0.384113837310578 -0.00721505311644016 -0.468165970479063 0.326105757495755 0.0720155274462986 -0.0621675866892192 0.354535152006158 -0.101723275073291 -0.171817840252762 -0.0015927656045404
-0.0363905038960619 -0.0132378630949244 -0.109985880384362 0.500176937919919 0.198205903497846 0.217276980240691 0.40632700080689 -0.125247412683153 -0.0673412761144836 -0.0522433821366057
0.0240771044190744 -0.312912139275442 0.384628453347826 0.110184819305156 -0.0470588996158467 -0.3142349669789 0.087151668068005 -0.0573194935931518 -0.0211924366662067 -0.141909225030232
0.0430537007410176 -0.331115991878995 0.356991335300582 0.0627603195762802 0.0327754945910506 -0.239850273734786 -0.0218051760443263 -0.00369812545640438 0.0385195109047699 -0.0976486001689542
-0.060975426449607 -0.148518450481946 -0.249946243894792 0.646742668686153 0.104979932977614 0.390389268472267 0.296042226135886 -0.138844209395261 -0.0812851493303218 -0.0818525255332422
-0.278305559623189 0.0109647436684277 -0.297124062903831 0.498761145227135 -0.0405660527362088 0.337625374924692 0.49524546223423 -0.203168135552638 -0.117317351028364 -0.120666455873846
-0.106470069863542 -0.0377103470623912 -0.300676763118762 0.550323332509405 0.000250791395243921 0.407183552157199 0.359754500154727 -0.219433208972162 -0.0940086381446883 -0.0428918070990615
-0.524923371906047 0.00580009874797316 -0.390707263127104 0.250795608759625 -0.052147949982167 -0.0883664611738175 0.271011356407115 -0.22997204366808 -0.0217428925963654 -0.0365995090703936
-0.0532927705359676 0.0270466138767361 -0.190809894576645 0.519976124591634 0.189735969601735 0.324436998226329 0.368522911505865 -0.11355187418896 -0.0168539844277087 -0.0960503857526166
-0.352976206462688 0.117238640885663 -0.335339690029973 0.236319680606917 0.0618965865565743 -0.102339009861184 0.26694176818178 -0.170985075768824 -0.0735012008513699 -0.0446938259835063
-0.516899272318908 -0.0200639781213724 -0.333269462197848 0.225399280101003 -0.106117948677494 -0.116506046328325 0.274694060088405 -0.205708006976481 -0.0535363547410317 -0.0136054054269497
-0.125869965094527 -0.0163472922676978 -0.149536538129252 0.490676904186835 0.268180861964826 0.314634240146579 0.278291949366172 -0.261193943254359 -0.0882361834560972 -0.0538502571208689
-0.362963528610909 0.122056878302767 -0.352345755091701 0.230459212146266 0.0377928015986834 -0.116412853599827 0.253489992102615 -0.156241481713264 -0.0722426961431737 -0.0439107041349119
-0.409259678469041 0.0616145418688687 -0.389261720855031 0.323010040554846 0.0724753241560639 -0.107971775619458 0.230165940178813 -0.187165551510581 -0.134013101402909 -0.0784620853922526
0.0770756988210264 -0.117503586501904 0.0909370636301201 -0.216187110074016 -0.137093218614679 -0.411086294918829 0.0950820493916252 0.0982559380551894 0.091596757412332 0.378616565672385
-0.356920952383902 0.113231383413194 -0.357785302374747 0.234074696160234 -0.0340671906999954 -0.167778009678713 0.269305840047819 -0.108639344068055 -0.0976613894844551 -0.0616664401442739
-0.448385731022627 0.0476528676958732 -0.38915288085426 0.244847596120576 0.0538871011040267 -0.0918091318175045 0.149861911711516 -0.122523793523778 -0.0389244035147033 -0.0214690111127536
0.0492562899168206 -0.174492409736514 0.0671628990164637 -0.232897217416092 -0.0554785833910084 -0.493234131733055 0.0337015356782317 0.163824664107704 0.0927522568415359 0.370052790983434
0.0450732100004125 -0.167875991749307 0.124517560851284 -0.095407851039414 -0.157199263112186 -0.472086587427938 0.00589828576045536 0.202454728294846 0.130147569451816 0.431982437454434
-0.334715504659982 0.0622622144999913 -0.389957109270307 0.266167594324948 0.10329267822462 -0.0140877252687686 0.0934051417535004 -0.100335727725663 -0.206844316772507 0.0128101600877731
-0.268721194913439 -0.0386207718709191 -0.565857988854351 0.359755546216205 -0.0690351311228746 0.00925297859485404 0.298327867985093 -0.252988570289255 -0.0358750569021725 -0.0702465567414987
-0.304371060096702 0.114675721825837 -0.547546395865804 0.164733696255745 0.0444748829314334 0.0204889272470621 0.407981082688217 -0.207504384994142 -0.0742235771297369 -0.0276349962106078
-0.409512520597715 0.0253777227567241 -0.381482890540054 0.288145032320375 0.0875842789985115 -0.0889998959241574 0.262752822668418 -0.14747976202041 -0.119174469415199 -0.0707317647286712
-0.52222652549713 -0.00239252927345966 -0.403953713100723 0.237769256731538 -0.0586531906108509 -0.0836371403020669 0.28166418019836 -0.236561578346759 -0.0343797910916825 -0.0247934845155844
-0.272549007760528 -0.0733441982147698 -0.530413559476845 0.280089864864153 -0.153131137696771 -0.103883121047474 0.259217026956743 -0.158131251473937 -0.0699868114712229 -0.0646538514912742
0.0635631725154491 -0.168666369201646 0.133873497410429 -0.145134683128407 -0.144377408459192 -0.465557279134122 0.0120963688113985 0.177242270935466 0.124170700996518 0.425164827971342
-0.264645733524942 0.0853098415544805 -0.460366890128176 0.30752898045036 0.10385387412067 -0.133149613740377 0.262808252458646 -0.0985246157020558 -0.122693005392683 -0.0822754574555219
-0.391266006193005 0.0909018498109264 -0.417187481148812 0.286971387436432 0.122187830549478 -0.0367423610177962 0.106061431876725 -0.0958132581468031 -0.202567678349304 0.0629080369487132
-0.345918091852057 0.113333571376308 -0.506733673974732 0.23731802082254 0.0925398380850405 0.0334323458584535 0.404102596537847 -0.180603293432766 -0.0999992114009809 0.00383223216843485
-0.314255160541124 0.123536014453849 -0.537911936644515 0.183432593279974 0.0598898420358454 0.0055781977344337 0.377742356200888 -0.233699163244998 -0.0942462629913865 -0.0228152688310691
-0.473658512620566 0.00902062764487373 -0.364197316750904 0.305965417779308 0.108575193647617 -0.210079825713625 0.279132460651724 -0.207829842572099 -0.0841442550632134 0.025772674052568
-0.367287207174913 0.148061740674781 -0.351369885002297 0.234102596478941 0.077043326577967 -0.100882679564402 0.2385198302615 -0.157903511786403 -0.0943243889647713 -0.0637614282424858
0.0731636363349032 -0.136750664886106 0.0685226237410994 -0.217509763168215 -0.069227129132232 -0.484322714836872 0.0440542490046299 0.161773935943908 0.106269041772203 0.384349324403134
-0.264188818350277 -0.199549965517241 -0.313462183206701 0.781056698045543 0.160668557801265 0.438766455831989 0.172217602494765 -0.130314789976108 0.0453890823603101 -0.21089449874324
-0.0305018269816015 -0.0476922561566652 -0.176992711157193 0.493099927885679 0.191132395876534 0.279480536000562 0.358776534165838 -0.120398035576135 -0.0230312258815006 -0.09846315193107
-0.195449779481035 -0.268426065557441 -0.249723478671734 0.795888840561073 0.0597311933612909 0.479191538743785 0.287441915098368 -0.136548310738027 -0.0994123016851019 -0.405580582753659
-0.266378010815806 -0.215846723225103 -0.289954500069634 0.775516929212553 0.186329952095761 0.428125714146002 0.180706081863005 -0.149549296218113 0.0325322184984001 -0.210881637750637
0.0493774460625089 -0.302139081423203 0.371028897671101 0.0110661695576289 -0.114246698271749 -0.29670619157707 -0.0666983634181796 -0.0401318177158421 0.0573025456217631 0.0191981173146542
-0.434148979234378 -0.0186655508593607 -0.305607041872053 0.282828432915248 -0.105803080219818 -0.0125749754068251 0.293023613224436 -0.134553286312755 -0.106589801766681 -0.0889017389708256
-0.266870948512738 -0.21873397469207 -0.295255542602532 0.774053826836719 0.177368321420811 0.449934069511352 0.206433309948256 -0.187806050033444 0.0331440766834715 -0.23525875914344
-0.157472761018853 0.0291660468211162 -0.169092217113767 0.517744553711548 0.22478030930863 0.224139968486104 0.247841253901886 -0.176267534753688 -0.123798411201563 -0.139371366251547
-0.360832441285225 0.131151803121611 -0.36320150000082 0.220990666049692 0.0911140766169815 -0.0998072337794325 0.246107391888382 -0.209209640213604 -0.0851703609976353 -0.0909159803130433
-0.342168369176132 0.0298302618133529 -0.370353705168114 0.262182804214501 0.0490508723602704 -0.138126476694304 0.300036972699392 -0.231655378821081 -0.128168185720134 -0.0623887395702733
-0.0332305801683818 -0.0886557530166372 -0.244580728084387 0.529879576495747 0.0193931492986495 0.442624863464055 0.297466130225105 -0.163613955242088 -0.0594976795403366 -0.106824488992629
-0.295713192197545 0.107666935078783 -0.535724507013745 0.177562762643533 0.0800157031751279 0.00786964149340337 0.406601464518215 -0.226294089567365 -0.0884108112659865 -0.0380583079837121
-0.247767131021528 -0.202834203564824 -0.29981291933431 0.79174296818452 0.193917365484402 0.424195646497561 0.195066978130021 -0.142219801282776 0.0319653909130363 -0.212280604391831
-0.49153216452655 0.0100798303860953 -0.37403973990294 0.221699041701308 -0.0462455551700646 -0.0784053046674082 0.280422814810748 -0.246971717779209 -0.0144611735600665 -0.0218014474497817
-0.0691434866356231 -0.0587071589632615 -0.192734005078086 0.510563707323776 0.151347444010889 0.308654618544607 0.370069415102385 -0.146257010014189 0.0325659735410709 -0.0905322219269301
0.0699000464421481 -0.319447400216337 0.32630969840704 0.0817354668688104 0.0156104424835913 -0.272043272017107 0.0173105745103765 -0.000184004226669041 0.0127599936141113 -0.0662213614285634
0.0557141547835941 -0.320879198456813 0.368835727364937 0.0426604973150758 -0.00335766300179789 -0.228201057517548 0.0139954340096213 0.0432110706212154 0.0790876154400214 -0.0559282712175697
0.0385155329582296 -0.379929476991904 0.353443407127141 0.0171108688395896 -0.0860513806479405 -0.380500105244985 -0.0250720814089925 -0.00490161753829569 0.0165786685521244 -0.0426184268427307
0.0602086870535321 -0.316824905899088 0.34216851280574 0.0808551945711436 0.0114188519477234 -0.239108586304789 0.0218381505746104 0.0455487706406576 0.0366048676785366 -0.0822165293276402
-0.0934847775606512 0.0292252867820651 -0.186899954160997 0.545759438123189 0.23061315709734 0.262034763492948 0.260405526226214 -0.240317513631419 0.0505069356449402 -0.113387387933383
-0.371699548755864 0.0781794668627014 -0.420218691465871 0.236364685361405 -0.0178699770198866 -0.185633408335716 0.268675687147639 -0.234350017037798 -0.0876252710420686 -0.0338444867079935
0.0510203776967288 0.057362752287387 0.14174716634511 0.0704160017031598 0.178178030221655 -0.32095462033655 -0.00274529074087478 0.0183184640723894 -0.183455453547361 0.0296586331993393
0.0557066891704562 -0.314370807702093 0.357584073279941 0.0744222149276559 -0.0147327942748163 -0.247007840714975 -0.0139374972428259 -0.00179333966302986 0.0236299827248737 -0.0244362073483458
-0.373080580042107 -0.135846330847269 -0.354780460791599 0.311599107883393 -0.0095677512474761 -0.0469193739322248 0.275852289429581 -0.166882653207217 -0.0478115479564925 -0.0699067292724825
-0.386719254864306 -0.169272405612386 -0.440189834732493 0.334578262679376 0.0307496467405142 -0.0392124644111063 0.194744893765439 -0.194404344780249 -0.076601908023173 -0.0635923018085737
-0.354059834798047 -0.134659666664292 -0.482351796227517 0.328093316472842 0.0274260924549322 -0.0437621319697156 0.313858546025685 -0.183094850255759 -0.00840349734177232 -0.0941380170917554
0.0184081005026057 0.0397196573943464 0.112588602830498 0.043619318545112 0.154399519886096 -0.25304831322433 0.0197553638340581 -0.032503955987482 -0.181748105774379 0.0298191115496694
0.0842515400654835 -0.3088686152077 0.374429322930113 0.0350892021945795 -0.0291360269106115 -0.264111212592557 -0.0203465066393901 -0.0182865603807322 0.0733058849303243 -0.059179035491021
-0.150841981745911 0.0485063629447585 -0.243670076286264 0.539038083155472 0.278212064730161 0.25165473546287 0.256136212564966 -0.194049294861315 -0.0942485950249392 -0.164934316765694
-0.460907243593896 -0.0540530156152025 -0.313832437461384 0.26581499702912 -0.0384384761566742 -0.0131927113837919 0.285316624490079 -0.116206151211706 -0.0986668326776111 -0.114194026451981
-0.0689471837664432 0.0178824073682344 -0.187283329373056 0.526688845105292 0.219641922183511 0.254055393217114 0.312104812205452 -0.214984079037051 -0.0237129397149487 -0.155032081606269
-0.170621094186321 -0.0361043772873431 -0.249964108420575 0.511176209542223 0.228404528788182 0.48561150550183 0.322540308156843 -0.113916011146773 -0.0396277764205866 -0.0552801647173378
0.0417693657527456 0.0441225992940086 0.0934914232543088 0.0782710162317474 0.1724275591735 -0.247495432184755 0.00786703581382003 -0.0371874766257477 -0.14211085113727 0.00463671190224169
-0.348600822806016 -0.0954417234900538 -0.473200494066924 0.312463054334959 -0.0330559386525356 -0.0639771396510972 0.301254806362862 -0.148134987035572 0.0156069359784481 -0.116191650970407
-0.101532086557027 -0.0534959652226104 -0.187275673085606 0.507905703979335 0.127881570856362 0.28658638448808 0.406216917780589 -0.107475752408065 -0.00623087118910301 -0.0792353998354572
-0.116425375853083 0.0105565569129491 -0.16102909313598 0.495602383900083 0.24782162156638 0.233504908095124 0.305519964386265 -0.164762355976275 -0.0905717271893923 -0.14732012178858
-0.453760178429049 -0.0176287030956227 -0.489215415022728 0.406745075032441 0.0691011233469982 -0.133112117800264 0.295458227430353 -0.134987866548671 -0.133732716232183 -0.119506153171814
-0.0686822768371225 -0.0807359287383327 -0.253577672286824 0.502569773858951 0.19189697665564 0.318785703149095 0.392503619538277 -0.191276109222746 -0.038555738546766 -0.0199917537369421
-0.140256388895727 0.012192538320807 -0.178519725044234 0.512502874962036 0.226290348466269 0.257151899454193 0.264445299685067 -0.16663306297161 -0.0883423673321279 -0.159584869455615
-0.373639550193768 -0.0991915166629262 -0.444019661188017 0.368289506056953 -0.0581235628304881 -0.110000910956871 0.256881020546854 -0.229881406295711 -0.0677303993005273 -0.0646548656368607
-0.306891065023534 -0.0973934607507581 -0.472471976628743 0.309511558834572 0.0299992476265755 -0.0563740860318486 0.294923494862593 -0.176389978941543 -0.0410525012653653 -0.114892460207342
-0.278452546504232 0.110941944854121 -0.511233552308677 0.161426486681385 -0.0674113580377108 -0.0536799371492765 0.314744912346657 -0.244958746661997 -0.159099501600038 -0.0162411752356639
0.0333592269149933 0.0295885064738558 0.100561536963349 0.0730093592916888 0.126009814352767 -0.318503935276222 0.0130404050446176 0.0297216063546042 -0.141714440651708 0.0344977656345659
-0.448418104036818 -0.0529059549075503 -0.287190631358274 0.218946517505604 0.0192457504817523 -0.0868631704042593 0.157340875542264 -0.245814903314171 -0.095295860758579 0.0514847372037582
-0.00437495690216734 0.0289416484524265 0.06070305021895 0.0560134757163158 0.215823983622493 -0.310941597852369 0.0680854329393921 -0.0137304559521149 -0.14140799099383 0.0484267539744005
-0.0368328952521113 -0.200094235414375 0.152620284535667 -0.152271229321305 -0.200471856128813 -0.321335103335052 0.092918230354455 0.150006282338199 0.075658980035366 0.430424277150607
-0.322754428645372 0.138493218695536 -0.370368813097171 0.368376246465398 0.0686434890776892 -0.0770860336422441 0.260105440729727 -0.146451643997055 -0.115310053763056 -0.113808918929866
-0.0241865427576306 -0.19813457993505 0.173041503035207 -0.166909867058516 -0.190877077307588 -0.322342692561574 0.0929482874811551 0.133880912405479 0.0774813482934501 0.447173957738997
-0.284559507702907 -0.0126688628014962 -0.260538411403701 0.518588132652726 -0.0270977840549581 0.341588712205272 0.524494729045289 -0.198523209417544 -0.126140996400866 -0.108002015925521
-0.130335239266731 -0.0343199735507018 -0.204685815155665 0.514928262057649 0.153466249402189 0.283865190411647 0.405553065101526 -0.169383937906048 0.0262043087189217 -0.0782612831091257
-0.0868276686293102 -0.0498359546093842 -0.226504000905229 0.507358070421044 0.15450578261308 0.30935939468831 0.405649398505588 -0.0855293552751597 0.00204155569070444 -0.07867157974637
-0.310733270516273 0.158468849470979 -0.509449092109505 0.162987398885056 0.0191079372335395 -0.00293088306121539 0.382421019637579 -0.234015710563825 -0.0965947027629164 -0.0209141825546482
-0.302652947356672 0.152368775337075 -0.517444110299816 0.147594933412926 0.0335635387913947 0.0457503194709869 0.39832784114653 -0.22782881181719 -0.0876284507335492 -0.00183410420474639
-0.357766279323215 -0.0724792905287901 -0.494098263691541 0.287030673177158 0.0268816476014136 -0.0726648863289174 0.300168424563021 -0.210906569602575 -0.0652200540039592 -0.0988591341603846
-0.136886756381041 -0.0226643278698372 -0.176723096430336 0.462690566804863 0.227161920875287 0.239903717847328 0.252474722579292 -0.256178374929047 -0.114865180862746 -0.0832649726718198
-0.167498512468427 0.00585585796256058 -0.155496751222353 0.523016720654955 0.237900561336231 0.242015425994624 0.264671724008278 -0.199572708006559 -0.116159203995828 -0.151018735258285
-0.0791377784450564 -0.0142105537475928 -0.199847914096797 0.501305291550163 0.155534487772052 0.274316018426684 0.36540149093706 -0.116041970137071 -0.0364117331723511 -0.0781658971568298
-0.478132036646307 0.0503859648196032 -0.378213360288017 0.270661274899499 0.0691470595116318 -0.0807675823124341 0.156215346751069 -0.121099327395771 -0.0228066721142898 -0.038075155556308
-0.24725901819743 -0.219004360202832 -0.329993413697408 0.778806295494474 0.192162186158924 0.407390670491623 0.190988191230582 -0.180089123131402 0.0194165162657214 -0.2123399721026
-0.0774245377068168 -0.0520550631752263 -0.229686118662381 0.543005410650408 0.0245293094355923 0.385217659753024 0.348512354269989 -0.250373350668403 -0.102473350837067 -0.0573447017165459
0.0703177369455961 -0.197837891168958 0.197100186339592 -0.189442503563398 -0.11312687668243 -0.41077992887178 0.00837578424999396 0.220019886419078 0.164944002446755 0.334460241483061
-0.239879567947034 -0.0686247765092312 -0.505426385024889 0.287622336634552 -0.108051344658496 -0.0973952431584739 0.297041921421404 -0.164013682871355 -0.0470828787269332 -0.0488535347539142
-0.0528741071999441 -0.0744966746459041 -0.155785403293167 0.496173894429331 0.186828417290997 0.287207021227687 0.373736507439614 -0.162531716246582 -0.041878810466591 -0.11332050295142
0.0621581213317361 -0.349295058182796 0.323844252191429 0.00446133199966821 -0.104437924407778 -0.343918432483763 -0.0250446121034159 0.00323019519857772 0.0298009957979779 -0.0179432614295671
0.0747834137577637 -0.174030621565201 0.0729630609583442 -0.194506915722616 -0.0842641341186193 -0.468154754446142 0.0421388800093567 0.159024996778367 0.126788887980118 0.341678083400079
0.0481855239514479 -0.15840481220342 0.144483036202257 -0.111762774218744 -0.154629363740043 -0.498935270690528 0.0164339698811235 0.201655449268148 0.121713044327198 0.431360035244607
-0.341109178361796 -0.0988166048587425 -0.457022793863405 0.370895999766296 -0.0158012264597931 -0.0845392387692318 0.170088549112027 -0.173469650854745 -0.0630749101363486 -0.0339994983245018
0.0773771474014454 -0.121886656147516 0.101013602290094 -0.215930936315948 -0.0677853227423119 -0.503637520209266 0.0706669832204083 0.157962091901388 0.107946539537957 0.35685956945276
0.002845608227295 0.0429814472082968 0.124876270121405 0.0534110017608048 0.111626884252363 -0.273133193392095 0.0569403794902631 0.00687453556698681 -0.191012178490521 0.117781845432902
-0.113186806300327 0.017595799083358 -0.171230683350996 0.521526627226715 0.24230510675237 0.240240203216078 0.259862745258154 -0.143803389170478 -0.0492064614398248 -0.123187526629455
0.117489621668965 -0.166903713680396 0.137621400279504 -0.238305774701208 -0.123190677670887 -0.422102027808773 0.0557101707938936 0.0778789347102835 0.119702138868797 0.403007214296923
-0.45030209646384 -0.000249334244730691 -0.354127159152615 0.258315730822475 0.0247395722540625 -0.0978092756416729 0.200156688712391 -0.236755645175991 -0.0635872728513058 0.0734394753242125
-0.20655288664847 -0.103514099615703 -0.535375510248427 0.323288113752578 -0.14270532138074 -0.0818727825990908 0.267975433732927 -0.189124996704069 0.0150038143082841 -0.0890926521862631
-0.459753397946484 -0.0984540601926247 -0.33333391416587 0.22832198085878 -0.0411565517794656 -0.0149341928301467 0.283512440964758 -0.133735076383605 -0.10337819534062 -0.115509962758144
0.036497533188534 -0.357188090689006 0.340150921594296 0.131540608405528 0.0144402770121115 -0.303228367615059 -0.035284809334256 0.0338952214755471 0.00605828611136488 -0.049964681217901
-0.399020602300663 0.123278638208375 -0.352354967768794 0.259443071469427 0.0524405994916588 -0.139438648192035 0.256022936081213 -0.151461182784758 -0.0330006003717703 -0.054991761222633
-0.383354407283077 0.00353127823006377 -0.373051373253624 0.293076283242445 -0.0755934460501622 -0.141028998384506 0.282510731762762 -0.158722506640801 -0.163990876063543 -0.0735429446591014
-0.381841327438089 0.00946998480781128 -0.496254563952562 0.307388020219881 -0.0475485576906728 -0.117707352387375 0.251609468033065 -0.198254456871646 -0.169844611126908 -0.0769323532235702
-0.330840242072504 0.117390997354827 -0.628228540632148 0.196731962598533 -0.0481976496801059 -0.0897822973177436 0.290110053313794 -0.212688813823066 -0.152057356587581 -0.00277805617864144
-0.397880081155777 0.0375548258139422 -0.362478892764955 0.26427626333498 0.0258483131735632 -0.164214357013357 0.208759798019857 -0.148604263942349 -0.1730811160463 -0.0847045391665529
-0.0952815109044072 0.0803001807265468 -0.290502774798522 0.481520960874232 0.21180936772834 0.251251486903567 0.280320494780123 -0.222042176120197 -0.0183352313852989 -0.107356992439299
0.11067287702146 -0.293611000686253 0.408658290602119 0.0746191421159477 -0.0308948612456773 -0.354899631842584 -0.144076936515137 -0.031841617235446 0.0495589996632372 -0.054601764362897
-0.408518991733839 -0.139997203112218 -0.53799209167272 0.34928386763807 -0.0403953987819781 -0.0482070329537565 0.18898608420698 -0.208594847398262 -0.0166849590549477 -0.0456077181245275
-0.338151678294132 -0.0928177455645208 -0.546940663187336 0.338063349553437 -0.0597742543523796 -0.0521923357472759 0.30388610836106 -0.196862830193126 -0.0310548705041998 -0.0553249555280208
-0.306654483039814 -0.0250168603512877 -0.487739792416325 0.323665539269456 -0.0965424650921604 -0.0716277247924185 0.337512335471628 -0.213904196304722 0.0200989408633561 -0.0774553359675208
-0.296192962616574 -0.131531305354995 -0.593456670063984 0.368211205948679 -0.0909068387986349 -0.00769698998200272 0.29293574568283 -0.191024127940431 -0.0544988022248177 -0.111348842104516
0.00976669100848992 0.0550253718599615 0.118371757520472 0.0614423442398942 0.175150066490454 -0.291136782221053 -0.00858606806349135 -0.00213568015910587 -0.132200840718213 -0.00653380549847064
-0.0966982933312035 0.00170613611478206 -0.158025545927226 0.527792600081135 0.213311487125081 0.240547789143126 0.270074132437178 -0.226083426216446 0.00931007008595399 -0.104398618861451
-0.0365273589131462 -0.0375527496072322 -0.235597278153031 0.542194107427639 0.168329768767939 0.283399487562883 0.390735406108575 -0.104174326611202 -0.0361391390379929 -0.0932032174894935
-0.0613527591116263 0.0103169556955823 -0.365198982827919 0.454794228124391 0.0491482636534293 0.382219792464694 0.380249190830858 -0.216071686223997 0.092772027648992 -0.106234822752635
-0.425441058533978 0.0220679112052892 -0.417989003862448 0.327930347941456 0.0807051590836085 -0.111686949088266 0.228234097754074 -0.184090930958541 -0.156362829737771 -0.144108266269707
-0.21317187036277 -0.23835218355678 -0.299632318105529 0.781696568020751 0.216983056917355 0.397921008287581 0.171417334408241 -0.185038902124037 0.0372011492203144 -0.23686052960216
-0.366283568062256 0.0399109791282373 -0.39260019632432 0.307918960938585 0.150108407962253 0.00275012667563965 0.14396143546488 -0.0934690143357381 -0.221468299921015 0.0584841396582323
-0.532519614787483 0.0210603961123196 -0.379798741371485 0.228954802800233 -0.0438024688298937 -0.0668093849564358 0.277553977925769 -0.219857616604434 -0.035294621483833 -0.0506925970771478
0.0747834137577637 -0.174030621565201 0.0729630609583442 -0.194506915722616 -0.0842641341186193 -0.468154754446142 0.0421388800093567 0.159024996778367 0.126788887980118 0.341678083400079
-0.395462668585876 0.066510973255617 -0.423866416559954 0.343166205698151 0.0365689365307991 -0.115152231213691 0.256889491931647 -0.161050349433281 -0.173571102825766 -0.0669842082439634
-0.271926037153978 -0.0436253684671084 -0.563283940469706 0.363586378922918 -0.064271648782416 0.00902039490492611 0.309784565646155 -0.235075612592219 -0.0487325138865699 -0.0481570865838733
-0.270272322441534 -0.115598313433008 -0.342346592648698 0.721379128666696 0.189580257382289 0.465708693023029 0.180769522959976 -0.179741771284263 -0.0290388990565356 -0.235295373963985
-0.238627535337358 -0.229308554984314 -0.31588795727239 0.769992005337353 0.198689247331878 0.419118911870181 0.1872403389865 -0.198112082131283 0.0595772071289512 -0.206914911651369
-0.476330290515872 -0.04770220496119 -0.358393628407238 0.256655916085654 -0.0582069129864316 -0.0912501571038462 0.2891749607108 -0.0892307870501138 -0.102400362843334 -0.124790706225967
-0.483004620689623 -0.0972753635633946 -0.302586031359044 0.268704010814538 -0.0798815936866837 -0.0338632662027328 0.281446740129957 -0.173179937229789 -0.113044378627699 -0.104829056381063
-0.359538887324276 -0.0543412698536992 -0.495241916656132 0.327415972748357 0.0416166618486267 -0.0294153734777598 0.27812722916384 -0.117843249679341 -0.138223447472957 -0.010142512179619
-0.119236374241394 -0.0501858126403972 -0.298412798817266 0.552028780760863 0.00246514909191169 0.423836300308056 0.347210504434832 -0.194775379730859 -0.0784531210834509 -0.040909318207469
-0.079975132784913 -0.0660250844968346 -0.25615732951687 0.513634435427946 0.195526386356013 0.277467278589028 0.41849294442896 -0.189593564652496 -0.0237981083296064 -0.0196589570656835
-0.437025256353079 -0.0192267160997299 -0.496872462995491 0.401587936033982 0.0755919442553998 -0.147670095623847 0.289655703103671 -0.121568245235901 -0.12403494842065 -0.129470931536046
0.0881108202798901 -0.345084160848519 0.331113459726078 0.0394181405581504 -0.127134192886174 -0.327375780894143 -0.0668303201579194 -0.0473239681763553 0.048769107529409 -0.0650420313210648
0.0423349775087474 -0.36512926217315 0.276572381515851 0.032411792328661 -0.153182910241324 -0.284065525259037 -0.145990547682486 -0.0346134619183858 0.0119119895795836 -0.0707364435708376
-0.0330838034436827 -0.202032657277146 0.160110691774385 -0.157447666552186 -0.195992532947984 -0.309647746206469 0.0987233478800488 0.141254956366399 0.0702559833219103 0.4406900420744
0.01910125446629 -0.273323590675044 0.289644328343361 -0.0190002667078782 -0.185562738679084 -0.363573986250622 -0.0995660166040863 -0.0319286167905045 0.0876165996125288 -0.0413578812037107
-0.530356962586813 0.0179761030952011 -0.377125695563093 0.201290364312527 -0.0663453124917953 -0.0734745250925647 0.271158675035326 -0.215380587261922 -0.018218463790424 -0.0341302090709864
0.0431362284400247 -0.288318793725102 0.346024587039893 -0.0134725593300997 -0.132846638449972 -0.378588370669851 -0.0737422104938283 -0.0600634303064183 0.06259019346727 0.00565749463272051
-0.405551169415332 0.0483373019086257 -0.376088086946946 0.254251524934156 0.0109828475526034 -0.139062651961826 0.256549222900626 -0.197844500944292 -0.065814419998827 -0.113701988340841
-0.311237547677627 0.076402409460611 -0.507387127503832 0.191116687494319 0.0285738260353574 -0.00604495907338069 0.375966700050327 -0.209754877777694 -0.0588379678577334 -0.016073055962635
0.0760739667063902 -0.3506468270007 0.403715340373682 -0.0130916299841715 -0.103480395392937 -0.334768168283045 -0.0745844212819999 0.0103288165325113 0.0121662633456702 0.00578232375359268
-0.268859647555118 -0.074918976050996 -0.544909876577465 0.314970415478944 -0.128492114483935 -0.139309268773134 0.23597802759064 -0.148268322104003 -0.103071184801362 -0.0367848577803322
-0.423715960941514 -0.0615406893142454 -0.313564875918466 0.271775227083036 -0.0521279548650037 -0.124023826409346 0.277240990266054 -0.23586721968731 -0.0875067332972374 -0.145693395878771
-0.338248255209483 -0.0878570944093232 -0.442325912806904 0.332665584709268 0.0124787936120606 -0.0797191352338113 0.302234832482131 -0.148615400053503 -0.0780135649806522 -0.116914057852486
-0.121213419495722 0.032022430641227 -0.213945839631163 0.554582975263868 0.258341906587652 0.206637997290717 0.239605126263153 -0.201056350905251 -0.0524728049755683 -0.14340181745768
-0.448229597069067 -0.0258488196052536 -0.340292861783222 0.250770509034858 0.0157775121765836 -0.0946194626972338 0.196868873253421 -0.245601709813569 -0.0468346866104828 0.0742325938935713
-0.373502203415696 -0.144084927521121 -0.485324759749687 0.322393303012518 0.00241430672760231 -0.0654667379476874 0.281942180852576 -0.143108653908682 -0.109478706940034 -0.0405601845786266
-0.14271245384722 -0.0578111688786367 -0.264144773429624 0.534146383151875 0.200674082321964 0.491156872493881 0.327019008914072 -0.118360996221247 -0.0610706897825846 -0.0500848713274705
-0.369421472801072 -0.0305224478297727 -0.490262162057795 0.313733633623148 0.0629163929173855 -0.11442812944235 0.385098953475288 -0.153863183457195 -0.157332887625976 0.00554533861779578
-0.0511944447006055 -0.204808769893997 0.13626874652423 -0.165647273742491 -0.212212692994937 -0.324651560244645 0.113475284598547 0.12224425421341 0.0953390285419829 0.437796285258796
0.0518883041976317 -0.340244262481405 0.361297530889594 0.0422453558673196 0.00417109231507155 -0.298053560863709 -0.0188114715927827 0.011883174656737 -0.0109070047005178 -0.0685675115709438
-0.0562690762890925 -0.0792548519871767 -0.167511283566397 0.51679759142716 0.199919293099447 0.272489253095177 0.413173676436763 -0.207172415807598 -0.0290476981044551 -0.0137739312027
-0.0674290427193625 -0.066157904658392 -0.182454720197145 0.517968572046745 0.19999701473755 0.315281785575519 0.377104654078514 -0.129898374467556 -0.0648904390640295 -0.0982448880325375
0.117481336927921 -0.17712008053723 0.106312334034418 -0.170879404489586 -0.192880765072096 -0.438143222708719 0.036212592223603 0.0882685706930742 0.139263793986388 0.350926117479073
0.0762907070116537 -0.366466594202393 0.361822870785111 0.0359089300855753 0.00110928541789998 -0.306101637640627 0.00492836817947287 0.0112370390442578 0.0153627698675176 -0.072467221809321
-0.423057794160306 -0.0616750834238242 -0.305323631442449 0.224658861158707 -0.0561972663424639 -0.0236323893940108 0.270140672996107 -0.14636030280626 -0.0465973857872432 -0.0849614835298474
-0.433136854276641 -0.0629410647415105 -0.297266347822686 0.289357941190294 -0.0445766427973823 -0.0925073021855803 0.280339972447986 -0.198618153644391 -0.0991849206691455 -0.109423494355462
0.0657728578879749 -0.325933254070173 0.30581177895577 0.084721724247684 0.0153038942939708 -0.28215246943263 -0.0336587761445607 0.0273123071504805 0.0142012573218573 -0.0447266176914856
0.018081942586763 -0.183296914801115 0.12022711455974 -0.205352763820894 -0.186338647982927 -0.416900513132395 0.295026873721832 0.103589321880437 0.117277913413419 0.353036073709184
-0.30579147208048 -0.0351190682494651 -0.470588521475482 0.322182304004705 -0.0417464673652849 -0.0771756459897836 0.299348656118297 -0.134067245533964 -0.0422513172108464 -0.0967097343004786
-0.3594832282538 0.0176973546698027 -0.5076531312141 0.208659732690935 0.0800370286249848 -0.00967895820040853 0.228567644261091 -0.0927725684107314 -0.0959672869198366 6.01704983541722e-05
0.0935255794976059 -0.325664621088638 0.394372503094656 0.0468741807185778 -0.0446684820353094 -0.348387158735526 -0.147977284290589 -0.0447365901720393 0.0275501169985505 -0.0219012292924997
-0.262602797439239 0.0993817773394717 -0.52304633132575 0.155008106439776 -0.0487677569457367 -0.00469563449133237 0.271448446043937 -0.297683142487675 -0.161306956282013 0.0138721737053353
0.11123291164721 -0.320678558228015 0.320420458179264 0.018094236817456 -0.0236044480463155 -0.23855766146649 -0.0311830686789679 -0.0273591271704631 -0.0194307343008238 -0.0765158089241399
-0.318962210691098 -0.0292542721694096 -0.485676254199708 0.329502584369528 -0.0672951494501933 -0.0655711044434589 0.317432367022846 -0.113149291002877 -0.0314224372267541 -0.0999612761429493
-0.221260642968221 -0.179851768500494 -0.342139955176221 0.755767368611413 0.0782559504260929 0.423936819146737 0.314494961535037 -0.284873604941184 0.106831653348667 -0.232445067112238
-0.32251155016594 0.0445817569493456 -0.380157154060352 0.209349655853125 0.00394271711956617 -0.116912178020247 0.341080457275717 -0.192613092776813 -0.151309975001806 -0.111016361047386
-0.279963587367245 -0.113992627282297 -0.536976957069862 0.360679769787553 -0.0250936651806884 -0.0815659980513248 0.267628318668837 -0.252300875645472 -0.114623420794169 -0.0401765294643328
0.0634033386459058 -0.0888002652081898 0.0426906213512198 -0.242353248912716 -0.108206314213222 -0.45630260436393 0.0587837463616854 0.115684077383417 0.101399619812526 0.380107870085327
0.0602380674661287 -0.0940127998390989 0.217405912397812 -0.221791383589358 -0.087059569221246 -0.360008820482103 0.11726597326148 0.0787204094710614 0.127385211881915 0.510121443459791
-0.00337719415280385 -0.230694093794651 0.177071630210425 -0.220842841258364 -0.131878362607599 -0.397112028387193 0.00258708430567415 0.143428400841934 0.148850663726917 0.337588010009633
0.0437097138308813 -0.00550620537879348 0.213291760592863 0.118857186194714 0.134758047434928 -0.31953839119258 0.0412149569940149 0.0290606934526666 -0.179039568246382 0.0301614601613929
-0.406262012381397 -0.124991251432324 -0.513868060098994 0.37017888694185 -0.0753243599258847 -0.0358761134455174 0.186674443963563 -0.217896162493578 -0.0356763882511072 -0.048072942911309
0.0526442360715577 -0.0638607667608916 0.0615652240202802 -0.191421162485889 -0.115794637440057 -0.476184497652683 0.0434010937114869 0.145150777933946 0.0983971755468819 0.383572310243721
-0.363201462940649 0.010936171232948 -0.495826858664593 0.340929880174176 0.0644034777698514 -0.0901215946313735 0.374297886042177 -0.0928614310225504 -0.148054791537156 -0.0368971043343058
-0.286230519048495 -0.0638086248053497 -0.556387613598134 0.294938113329313 -0.151694915692726 -0.129862248972279 0.2878007126788 -0.162502596854897 -0.011814516955632 -0.0827960323008104
-0.135244388534749 0.00937445425068742 -0.236071258320709 0.537527737598255 0.191511394971477 0.216662088237835 0.285080871021788 -0.263371018125069 -0.0490979102008307 -0.149350113600677
-0.102265855899022 -0.00666016423903568 -0.251759672859629 0.546989558777618 0.188857127581802 0.236066558392224 0.303879176467986 -0.232217821617667 -0.0493182298711745 -0.154507857250527
-0.396363794182988 -0.01171359918803 -0.333140011288037 0.278953611150102 0.169135180913018 0.0401372337576031 0.181465876857444 -0.133037312204228 -0.244690663582659 0.0431306905066364
-0.0822947995242872 -0.0490436153328836 -0.131836955015573 0.591779643442859 0.149074534240432 0.360574149073917 0.353406560950846 -0.161914157286299 0.0308062889089173 -0.136521058054151
-0.116248734252238 -0.0618012476661094 -0.309308439591116 0.503366315993454 0.0148347331820466 0.384441710061269 0.337782769370166 -0.2615469570613 -0.0916822222267862 -0.0994634871237633
-0.426459190803368 -0.0160393782302827 -0.488650466535715 0.41880483587425 0.00638563839015727 -0.143331229708657 0.291781609562581 -0.137303791221506 -0.113296129427789 -0.146659152897766
-0.257675102721168 -0.0492339618976901 -0.489980105707595 0.299030158175737 -0.0455821701626254 -0.107580820507062 0.250124375147089 -0.226074081255966 -0.0319748928873896 -0.126127141054989
-0.0769256277422705 0.0576220670777989 -0.175581383197118 0.557787551226636 0.217875844822897 0.277075077131067 0.283760355488775 -0.228970260448228 0.0320652015456497 -0.1229923106522
-0.0709663579702442 0.0288568910070053 -0.179396526786247 0.528355002245252 0.242091832299737 0.25368578970735 0.284578200098678 -0.227809935630531 -0.0107740318913417 -0.195532814088745
-0.337369272886795 -0.0851319588413369 -0.477933602449997 0.361311957204441 0.00477328800300852 -0.0604728587070854 0.29540102248827 -0.154927969873612 -0.0351405887525126 -0.0766310359473389
0.0349104320393397 0.0502880621704654 0.116236976819657 0.0760901386670892 0.170327831360918 -0.2403214985661 -0.00704531654185707 -0.0413918108479089 -0.136850123520624 -0.00124831668067006
-0.450616072123874 -0.0115443178876913 -0.437715629480378 0.282461577693361 0.0669381244668354 -0.219683540744461 0.268627177373021 -0.223229482780563 -0.075144904697985 -0.000617402569558347
-0.0895594637132346 0.0414831181900771 -0.18549500321574 0.517279561732782 0.248196783688075 0.253858084016595 0.291029124389274 -0.201816230898916 0.0532623278534244 -0.117705957640094
-0.105261031563968 -0.0183794628874023 -0.167531823956459 0.506616626604206 0.193189717961176 0.331596646228104 0.412683512321381 -0.132121355504944 0.024851645009358 -0.0876099266646364
