0.0402817652459644 -0.157871008970332 -0.0392590955636553 0.0981520078958161 0.102803769689039 -0.176341962090835 -0.331207141296796 -0.197209780311444 0.103011447253178 -0.106628539127797
-0.104578279857869 -0.18899617728998 -0.0319091337497402 0.0686037148036156 0.186136348878115 -0.0949728492114864 -0.302838189435153 -0.177616847470574 6.16518816621281e-05 0.0960915175486592
-0.0368306801844966 -0.0108665926341474 0.0963019743690786 0.0813404450872027 -0.0184514915401339 0.223619230258606 0.36096669307206 0.152460484117403 0.123085851340953 0.0496508896848395
0.0497282313782827 -0.00420784280679072 0.0575843762572331 0.0435188510259199 -0.00644286196112229 0.210284104452078 0.39031975665875 0.162944261227651 0.206174451905533 0.0440784140610294
0.01968889880169 0.161284363192221 0.0209454255799783 0.177860394541188 -0.0621532507843549 0.235353281895896 0.381456234491276 0.102289510470417 0.147230782458659 0.065827580876346
0.326520864303937 0.0207379056508923 -0.300005881191315 -0.0274507990097581 -0.00784194275870013 0.0263187269431369 0.287831669990052 0.163978502338605 -0.0240550822563735 -0.0593593177490786
-0.180244825547848 -0.197794783890709 -0.0367828595291254 0.0880891638020224 0.216666420062379 -0.138695502263345 -0.304984362872389 -0.229544821709686 0.0657468086194868 0.109800142474971
0.0933837296680707 -0.184557625506276 -0.0681635095686146 0.108816772340244 0.0700432367449312 -0.150074746104422 -0.285121398696838 -0.206128225801731 0.0999982625103722 -0.130905108729698
-0.00292556479856061 -0.0386063403531372 -0.398568393107992 0.105763728647651 -0.112658125007593 0.0715177088631141 -0.0767497283778217 0.0157835971860033 -0.362344130294537 0.0875881327097638
-0.103539052597852 -0.0951028722537167 -0.0715022371802655 -0.002043132974538 -0.0223680967417472 -0.100256312922557 -0.241431242175138 -0.206903135265501 0.0756052392849732 -0.0246325172964256
0.232923890235271 0.025988532396719 -0.232996607665645 0.0259332583856869 -0.0190481639468992 0.12812393471646 0.237890858385436 0.148045631443386 -0.0292321830447251 -0.097395324879734
0.256559761051978 0.0372155212689432 -0.0889111836802754 -0.026015121892377 -0.119534949780002 0.135693133186414 0.298784090288626 0.0212813913675414 0.0354572294061418 0.0119155083256447
-0.160490341952475 -0.211665336007178 -0.04119271056865 0.108963045395787 0.154417222304899 -0.0709275141312971 -0.294499894812509 -0.218756856521909 0.0644410833723546 0.162840132302917
-0.147140906533897 -0.124737686932834 -0.0707715137813832 -0.00993588195655558 0.08477434573807 -0.0446600820247958 -0.233623183583984 -0.182916196413463 0.110510413650874 -0.0541114216986592
0.060223850072522 0.0908724045508184 0.0681168393300578 0.139526543326679 -0.128213787082003 0.294709930263435 0.512318552001222 0.173001130559717 0.284521863231729 0.115112333061439
0.0864675637490264 0.0229183261370572 0.207456106537744 0.109356623692074 -0.124888948072512 0.18033785671227 0.376348599684827 0.0912404739617198 0.230427709887307 0.0798726617817856
0.223154222238527 0.118303564374148 -0.256958378782163 -0.00160028584702291 -0.0134423969125813 0.0948226424511496 0.100865293045702 0.0891411531565318 0.0521523082184343 -0.00608168347692799
0.251906769605738 0.0224579884997561 -0.147663959832465 0.0130492471971879 -0.0676406580193311 0.154277899673794 0.29950971248581 0.0415628348239007 0.00910472296433576 0.0449789465634379
0.185984210803603 0.0989155405380291 -0.253168965800137 0.00510772763356276 -0.0333537101530081 0.105794666321507 0.062484457575886 0.0821715429560401 0.0339537604268245 -0.0444462369499152
0.0832681221788108 0.0516025335490235 0.0741683648042748 0.0960090888617682 -0.0941006164792376 0.317813233138727 0.383894394477437 0.161234459195732 0.310264568954905 0.0873769457306422
-0.223168905768064 -0.176523640458503 -0.0985259267853395 0.0353658022692615 0.0703105090787908 -0.0316031789065092 -0.214810207908809 -0.24164289876938 0.0678173395241193 -0.101545569359072
-0.0781130605767381 -0.218132526246501 -0.0056400193815876 0.0780917167798028 0.153713548757471 -0.233335323429139 -0.232544081575065 -0.272227994234553 0.0184697116928815 0.0989086735418867
-0.170399344879475 -0.199353747170137 -0.0327411862350083 0.120030015158885 0.0667255994741789 -0.176489824361946 -0.294292348563684 -0.266725652221853 0.086258916505332 0.0537506286382834
-0.106418657503932 -0.222835630224414 -0.10779740615793 0.130115144500076 0.102257051428059 -0.162895776065894 -0.231129042412788 -0.225167676948137 0.0274701228159103 0.0848356786599508
-0.204781965629931 -0.221890093733624 -0.122352682178991 0.097662012898392 0.153634975433298 -0.172402896941008 -0.264372544813811 -0.20402301307126 0.118190354118435 0.119321097161546
-0.162353660869495 0.0153721672898774 -0.317610398435901 0.140042462239173 -0.0748419932717256 0.126514956245944 -0.0564357521480006 0.0137480671870009 -0.31726690454689 0.032075818798829
-0.228270255323751 -0.0149689711236965 -0.428989153594191 0.289869179981429 -0.296647605749865 0.0198957419757987 0.0176609731216162 -0.111721699909917 -0.333154898465022 -0.0414189067832094
-0.185281424998964 -0.00593751434473539 -0.420375016637647 0.331522782354275 -0.270277723984498 0.0039505801897865 -0.063772652992281 -0.0419116746039801 -0.301476662380262 -0.0965793358905515
-0.109981595848693 0.0228250422399179 -0.232754285925819 0.0183258999393371 0.0188674210493467 0.0951158348264682 -0.191086176052865 0.0160522973721495 -0.398795910792828 0.115272038322761
-0.023343658154111 0.00800830376519294 0.142888013570837 0.0909284712534916 -0.0921677393283698 0.05095591933993 0.346594912353838 0.168229214248095 0.215224631702637 0.100104950704731
0.212398846903539 0.0778392095933831 0.0546954868989274 -0.083275672776189 0.166851144172089 -0.211592062320867 -0.0892484160421494 -0.149544490508967 0.280665157593478 0.0677282412855624
-0.112185905557568 -0.0321001811114287 -0.22317621507143 -0.00547144164190448 -0.00778493844622326 0.0224459882481296 -0.111378629616786 0.0120405592864665 -0.351671783671272 0.0519693459805618
-0.090509808189329 -0.0285003865805266 -0.222795715303239 0.00312836489931151 -0.031682856713861 0.0993423836975722 -0.069294204702397 0.0283117936947175 -0.365415217575977 0.0773923774952837
0.0386158863126209 -0.0389046122136966 -0.0353273641616064 -0.106488348146626 -0.101005057630656 0.0826478948871821 0.0031361113208746 -0.261611615216144 -0.434772817704192 -0.0121428931518862
0.198181033736089 0.0930472649878465 0.0580903651021196 -0.0921525343978646 0.147235190195292 -0.210108915493089 -0.069786003824339 -0.160609527206971 0.274969737857993 0.0755461582500511
0.0609574965885941 0.0592027128681674 0.0966495176290474 0.0247831564438709 0.0765575399821006 0.2239409451362 0.409261327482671 0.147724544103405 0.0936438212517105 0.0872953616026271
0.0607978918057532 0.0627965445241788 0.0419256053054601 0.206556266875646 -0.102315610473742 0.202775046527413 0.320182393538885 0.197390763456121 0.243416947182919 0.137329934942591
-0.116596789740692 -0.171163493163365 -0.0233866228153219 0.0764269299311391 0.21954753768979 -0.167933627123737 -0.382053831364859 -0.252274680541229 0.0268753171036133 0.0795644482783538
-0.178893648766118 -0.0566047723359609 -0.380827505937296 0.28432682213353 -0.292147322119245 0.0218326211573505 -0.0583635477211361 -0.106841874484587 -0.322498675133319 -0.0538351639800343
-0.192820718469548 -0.112374086985001 -0.0249163437432087 0.144523263563287 0.0592322913231144 -0.11741690176651 -0.314601690368514 -0.268118013242767 -0.0145594150034969 0.0769720388996879
0.212178506305259 0.0332362459392693 -0.262286945711756 -0.108264613160941 0.00873822824401724 -0.0247472079693326 0.0814366898984765 0.0992540439455955 -0.058088871193182 -0.083946503334717
-0.0308585479797071 0.0684661420365632 0.080114112978834 0.1026828942047 -0.0542393109790599 0.120826049604232 0.384106383502223 0.0975875014198883 0.131027340154355 -0.0268591199247239
-0.0597055226898802 0.053148952541927 -0.244754097714838 0.0653126397657912 -0.109539624169121 0.139606828538947 -0.135217369058051 0.0652409971316473 -0.261886282486324 0.135659027780508
0.0845313571256104 0.0339700623455094 0.0740624411736511 0.138556197961775 -0.0915649537721562 0.201038213025741 0.341240794189929 0.174897950258758 0.267054062880766 0.0619887240611618
-0.13971346005653 0.00416346649050231 -0.315011036233217 0.121780396104181 -0.0806148718322966 0.0673994911488647 -0.10776805253632 0.0325842812230784 -0.282034768573621 -0.0402873788787066
0.0179014642241605 0.0468879215089705 0.034886157721627 0.154139607236562 -0.0687285347327787 0.217732530651282 0.422439145052169 0.166864838804458 0.259667076068638 0.0716273170944012
0.116382810543514 -0.156005014102145 -0.0792175360257462 0.132437302330659 0.145287984649085 -0.149950929483521 -0.396337961874384 -0.280161624791505 0.00775453681928335 0.0482106590980307
0.257401130648288 -0.140471546050157 -0.0976517912144732 -0.192414123814448 -0.183604753459989 -0.138481574121891 -0.448259208082282 -0.313200628012098 0.357678824242484 -0.0154354132187649
0.0934029899567286 -0.148186639332871 0.0222784071637624 0.115786008936927 0.126476732890724 -0.18999005142119 -0.32953804799126 -0.242757517511336 0.048363704897286 0.0295502955328645
0.0254271395537437 0.0462712581047741 0.0457849093072444 0.197122988276112 -0.0744048444543833 0.117509357805732 0.325904685598229 0.135600376699363 0.290365941163057 0.0620977933270705
0.226707568779366 0.131000954992832 -0.297629198228771 -0.0971601106940995 -0.00393841806787903 0.134381485962058 0.240873055942242 0.164407105010688 -0.00622601189199058 -0.0261881354013569
0.0958512415073932 -0.170872850077225 0.0215085824543076 0.113420961976234 0.11912043890596 -0.212090559904224 -0.334612885909866 -0.238596434761459 0.0584731118494245 0.0282422561963868
-0.190106139526753 -0.177231862467362 -0.115214015408306 0.0558745849378025 0.109077670490425 -0.202482776365274 -0.233726590649436 -0.189375003485395 0.0801717485522286 0.123043809432488
0.0804431848545562 -0.176290348722232 0.0410193875055404 0.15594943721913 0.064537968746059 -0.189997552344892 -0.349478886673938 -0.259786617202267 0.0359774613454851 0.0214475304373173
-0.0934027334680588 -0.0142265244828599 -0.25084849234394 0.04275663919901 -0.0415159783496372 0.13899274767971 -0.138447545019091 -0.0637074413036722 -0.332925454824963 0.0957612217498251
0.0696001053032913 0.0552485793620962 0.085219426830155 0.117421007411586 -0.0908524458091005 0.186878722458342 0.356806413423022 0.154854243474984 0.304721381961485 0.0545676977281229
-0.139524457308548 -0.014176102436563 -0.29130851476102 0.116928428583152 -0.0954020837259544 0.0837398409870882 -0.0830747862870084 0.0210297599417296 -0.323986967503197 -0.0527305377191377
0.102333477093878 0.0332731146035598 -0.0492894092449529 -0.0333444360456467 -0.3022855431813 0.0531885373135792 -0.14938936108527 -0.165935255538011 -0.290710592136837 0.0940796871511068
-0.0473167443743573 0.0522533599541622 0.0410660808873862 0.103620523928932 -0.0865396818440367 0.145232715804889 0.380616494934806 0.152403160239719 0.112712447656414 -0.0459811142569512
0.224134951857489 -0.0576909272335998 -0.0365383691734163 -0.0959559555243495 0.187197703466884 -0.139405585517359 -0.0946934006357143 -0.141351986663478 0.204762103923206 0.163408231493683
-0.179023512571729 -0.183791583371607 -0.156524150241113 0.0968155815594812 0.177903450089829 -0.161955314184339 -0.278417521073347 -0.21042339731274 -0.0539183895120777 0.0682799837769161
-0.00461990326180697 0.0384920303435482 -0.00205381625321935 0.165772074862586 -0.0909887240355595 0.258227218398932 0.420418629115197 0.156833079556031 0.28010747963781 0.0748107961363554
-0.182244860625999 -0.0583612074824703 -0.386283712950095 0.322531967003614 -0.324511460824177 -4.26757423877813e-05 -0.0282706773202779 -0.0816962413252054 -0.353859265299094 -0.0551650934992643
0.318557089978192 0.0999468066349493 -0.124967848392252 0.000558437799909148 -0.0928988208126388 -0.0749351346898138 0.311573052444644 0.0234439691976904 0.0161905267381821 0.00481800152547802
-0.172731416273372 -0.23116045678901 -0.131163192179491 0.0893401319957877 0.121939586271939 -0.160798167746977 -0.305959124515478 -0.230974755569014 -0.00792379501537691 0.0557307391321877
0.140332816084104 -0.200833552801305 0.00462912181281121 0.14304701036249 0.113277414466722 -0.14739724318464 -0.375975752930912 -0.213380312757365 0.00606954635851493 -0.0301260444284008
-0.0726805421623882 0.00520249868675289 -0.298642511029349 0.21012789809449 0.0188923501756402 0.0424509606892919 -0.13308028155168 -0.0145517321934926 -0.28895576182715 0.0620273236405883
-0.0398833062098139 0.0587473289525028 0.0678006472181158 0.100447580940933 -0.0589641845852604 0.160549748449274 0.408783669588892 0.139111509060221 0.147028906010979 0.00343401348980421
-0.133318819602558 0.0415293120228494 -0.222932368256085 0.0694838398790688 -0.0874945408192444 0.133812194928167 -0.0886255993571618 0.104068507569595 -0.378786185166359 0.0251195517045759
-0.0721032954149505 0.0238542530680968 -0.253688262658761 0.00392770972333161 -0.066107319044913 0.0857044183194587 -0.105957466865062 0.00799250816181024 -0.372648463570368 0.135791114052398
-0.0897107134091629 -0.000786038418554041 -0.237934691904703 -0.0290008722230634 -0.154034278676351 0.204595381877769 -0.216672913455452 -0.0168038875751135 -0.342798752408108 0.101588831911205
-0.213270727129314 -0.208194704424841 -0.16564478478865 0.116500056916366 0.173576910428761 -0.189937026276646 -0.311728692485988 -0.205915426167067 -0.0220599058741687 0.0795732163981881
0.0679924112574208 0.0010663281609019 0.060107258103714 0.0365449963438979 -0.0158423371561267 0.211207581655769 0.445856995278517 0.164576272673108 0.139554024195976 0.0497894029568197
-0.0550051759357848 -0.232202350806455 -0.0876749205149129 0.0371213972070132 0.105462560218492 -0.222778260798633 -0.231462318130058 -0.157704917293857 0.031828601385082 -0.0684601198740952
0.224830333806358 0.0123395714589852 -0.173960340839815 -0.0102701384293466 0.0282703359842681 0.0768884113375559 0.258925903677603 0.126680180532732 -0.0654689847461689 -0.0483341072692167
-0.0988364122379191 0.00683409183074177 -0.231967393927021 0.00775210005273407 -0.0510760263527633 0.141958527657711 -0.107996737920336 0.0441784845077559 -0.401995893208085 0.0932398205943693
-0.161623436556735 -0.291604961357729 -0.0279914874173407 0.0631724072033346 0.094855600043902 -0.178779126702251 -0.3179363300093 -0.323561970987539 0.0917303167853975 0.110907396807499
0.22545393263234 0.131390081430863 -0.207976526163797 -0.0207550485489078 -0.0975877706894618 0.097559626850343 0.0403015480620018 0.00511154703692116 -0.0475975170170571 -0.0781790599713034
0.184320648469265 -0.0649524159692795 -0.102502350869539 -0.00277197412047969 -0.159793499258219 -0.261781940110409 -0.504882879484577 -0.279704589284234 0.338027113498079 -0.0486542719528975
0.0134621918558229 -0.0954182592411854 0.0340229550705948 0.0976287223188017 0.123367121922362 -0.136886178350749 -0.177870386149127 -0.296674022223902 0.0305537941863137 -0.0100627209556244
-0.0262305400321588 -0.109038762309376 0.0161864065156647 0.115566537824075 0.0221937445159578 -0.188285942318536 -0.398829954365174 -0.318574375395606 -0.00939506828875222 0.0957829482661416
-0.0453244303918785 -0.151259521343754 -0.0617117878623265 0.0770288689680735 0.130321695437173 -0.130762038116997 -0.202863432725437 -0.331941205370933 0.0420827660181986 0.00708000108360664
0.239760290849199 -0.131526207490255 -0.0319047620695632 -0.1465323263263 -0.134377175103341 -0.0951946943915392 -0.42137407369858 -0.3699339286692 0.352764696329514 0.0123176599692183
-0.13586897631512 -0.198930307947853 -0.00296173094767242 -0.0552676181884874 0.0321784807408404 -0.173303620801894 -0.187589669162629 -0.248603022206474 0.000252159831229087 -0.0557117474187206
-0.00517504498217416 0.0721447390774251 0.110029097234558 0.0643778870811461 -0.0228331074708074 0.176918229103972 0.348298301926737 0.149168098320839 0.172622584847148 -0.00876257067413455
0.0198278406961305 -0.134060143888147 -0.0603049707480006 0.156467385885581 0.115900179351994 -0.0671123931920095 -0.345234200193717 -0.309068318633747 0.00390212402447393 0.0573755005824243
0.13886942658127 -0.170767522922366 -0.034894638520574 0.155675429095873 0.0937314242820105 -0.0908164281939221 -0.343546366697131 -0.314764673906575 0.0380751503174226 -0.028185773936547
-0.0689800782835507 0.00773596903135749 -0.327696530439405 0.284950207831025 -0.220558719273405 0.0156119058831866 0.0698609965483341 -0.210668681941209 -0.386499166977838 -0.0771830812030007
-0.188620988310896 -0.125113958801992 -0.00958230383929225 0.00452952493466046 0.0742535657620784 -0.103272373326744 -0.222969570900801 -0.184229362877763 0.0560970183443016 -0.0744756778419046
0.162063758390652 0.0101118589973004 -0.256476752620826 0.0228058902275925 -0.0874191668661658 0.117903587960823 0.130220356736891 0.036056496747479 -0.0210472893415445 -0.0717545377319504
0.124274548311288 -0.0414161311663673 -0.284936145415383 -0.0223590841482131 -0.0532234712513591 0.105455129087551 0.111756654075353 0.0526367887414084 0.0322103075089938 -0.0653451126714631
0.242931231877306 -0.00182399580714595 -0.234565324116357 0.0252239950013867 -0.0741069100338942 0.0692378350257881 0.0327480839356249 0.0762676518700394 -0.0445327124358006 0.0150849290394116
0.0802169136452414 0.051076245944316 0.0662678403899699 0.141118660678923 -0.10945345460621 0.220436990524274 0.362706380518698 0.179200236890337 0.234101198748442 0.124484487820102
0.253125658618567 0.104095639207643 -0.0329930993245416 -0.0492476303454734 0.151971129457178 -0.160424859722882 -0.12431779394634 -0.176574061074344 0.180007497627454 0.168873482767388
-0.183224383266085 -0.00221557501612126 -0.250161856664459 0.0921085908781114 -0.0680108021392572 0.124337328448213 -0.205686281391946 0.00376107904704168 -0.297531369323311 0.077948467977871
-0.159183532240786 -0.175184270259114 -0.092951983418772 -0.0145005312320461 0.163157071799223 -0.0789663430555325 -0.223858131176795 -0.214707980119154 0.0359766429545236 0.0740152266433957
0.0285064069117121 0.198654153639678 0.0199385899622793 0.270520499935809 -0.0277865172971935 0.147721188027038 0.335988547917362 0.0234202923856814 0.110668720963299 0.142219669949627
-0.0944489384325975 -0.142057249537851 -0.0410181508991618 0.0749763552382034 0.261629583306233 -0.209149941324722 -0.199551757994444 -0.190377490849275 0.00950640971444044 0.118822473765382
0.0322620296953706 -0.0126321010231928 0.105105108040493 0.0738212191148088 -0.166726749698463 0.105170962944103 0.39875085942828 0.155992483303611 0.174122190743162 0.127199051666183
-0.0801074083678135 -0.228622136505332 -0.0640763717804337 0.103310471126149 0.176580189734701 -0.157319352389044 -0.268872602229583 -0.173872169502351 0.166214632942533 0.0742097524744681
-0.0363533859726072 -0.143664360787097 -0.00746937759707487 0.0416103524962164 0.148218070028893 -0.160771064507634 -0.228694925378515 -0.310718503881753 0.0229627795899663 -0.00674722890278292
0.072681561679269 -0.161328102750334 -0.0264355292820108 0.127212932508067 0.110464678065194 -0.0965918317915113 -0.305128708582445 -0.340576607618723 0.0216998894766086 0.143330023871907
-0.018582552995586 -0.000537643018054194 0.0351150626803375 0.216264406398093 -0.0793682796146711 0.243274157501282 0.412060282749463 0.134927983822778 0.213123427924725 0.0387286836681654
0.298203172401164 0.0244348925927208 -0.370124434569557 -0.0604740041380979 -0.031951181453024 0.0823077446635516 0.124282898518877 0.0527001388270229 0.00805800735286022 -0.0782727144583083
0.196104815824972 -0.203871716574706 -0.0173436024928319 0.173526113697602 0.155050953118963 -0.110612338984278 -0.315980425629511 -0.30440555709867 0.0445067277001774 -0.045565942977081
-0.206835929775691 -0.217178607167926 -0.0408640025300507 0.122960032045802 0.149714253769068 -0.149139964017016 -0.24954784367153 -0.262549278876284 -0.0244945261560365 0.104183543316872
-0.0748982868767888 0.0459526144705692 -0.275834885777478 0.184663106321343 -0.118024476659071 0.047813151999121 -0.161982527661069 -0.0283723831358131 -0.43027611031868 0.133773835139176
0.244127113988058 0.0480912033665921 -0.214610107071322 0.012814210923675 0.0178812545964321 0.0412666021648664 0.253259746659589 0.192389058469409 -0.0340559539075821 -0.010202088126129
0.127425863589323 0.0178673717714788 -0.0314021043321442 0.000742686720787859 -0.276239373149309 0.0732716817427339 -0.164160040958084 -0.218664701663347 -0.325124919503393 0.0673410064264997
-0.215230462802589 -0.241421388936633 -0.0999939654393252 0.079080548605014 0.183612585582875 -0.191920707686928 -0.206580970984248 -0.238198843377235 0.101747358158365 0.00140920011308607
-0.179841924585447 -0.193156060941679 -0.0409225548013768 0.114620584857498 0.104114994757968 -0.199042418445793 -0.266800410556597 -0.190451987624644 0.0810589779621066 0.0917673171812244
-0.00571410723227323 0.0590059986621265 0.0436115654341213 0.10548838554393 -0.0409920694750725 0.151860556214287 0.353516275335556 0.168792806865437 0.131989108851172 0.0472656281500606
0.0589426531018059 0.0730659029096846 0.015041014403869 0.12707181561191 -0.0486955043330018 0.201025343728978 0.39370587265916 0.171591960650363 0.0662566649481661 0.032910731684753
0.0337797396727819 -0.121570891722608 -0.0291960470829894 0.119335069582692 0.0457890943801881 -0.0755276803794123 -0.300300879529081 -0.24211868380476 0.0696355437005399 0.00185198156698021
0.236043064714054 -0.175922913867059 -0.0419917308193846 -0.166947214942749 -0.187358914932484 -0.116566846361784 -0.456615692855638 -0.332696566521518 0.350215369102278 -0.0473617988828955
0.106266773850199 -0.0954649759695758 0.0210139941607824 0.150678793629948 0.0789080062435852 -0.226934163165494 -0.374469379785992 -0.273344174313765 -0.0120695066548265 -0.076804710162687
0.256846367643731 -0.00420725893465634 -0.318832443368458 -0.0265413971849812 -0.163220672247564 0.0642667587014206 0.145682404750709 0.0770805407003203 -0.0259277769273088 -0.0607591289736264
-0.0795894626845271 0.0144387508941116 -0.269231821731179 0.124629201023102 -0.121811699527181 0.0245811109046063 -0.133672722713348 0.0619369073117294 -0.409392876736561 0.096191267944858
-0.0535801241014826 -0.149052434241926 -0.245413732039743 0.106593914552176 -0.105555942800077 0.102432634320424 -0.171057752148015 -0.180081951481004 -0.363533197321366 -0.174742255048226
0.259505963829707 -0.00826791950860216 -0.300230824402988 0.0576752349918932 -0.0540722332340007 0.0250264884637868 0.10404224953464 0.0711472439923007 -0.0427332024626763 -0.0722893595349902
-0.182520312225181 -0.201046885172547 -0.0511873786160089 0.0783497131563811 0.139206208231751 -0.195069573751756 -0.349725036320206 -0.124691293292226 0.028186173990931 0.0600105928252912
-0.203453929646009 -0.269168130416256 -0.0555694691221888 0.125132181871454 0.195983802903093 -0.126694140108045 -0.261786013462346 -0.186557877896451 0.0571846201628059 0.10432956128463
0.0965929553993871 0.0645959405347353 -0.0675279287580843 -0.0322111264476647 -0.33030939160694 0.0970553971187548 0.0285355258797834 -0.194691489075885 -0.321815136759973 0.064753566600228
-0.114471420389596 -0.122684451339256 -0.146611289792704 0.123609086126551 -0.152098217778773 0.113599393501857 -0.160631417395656 -0.196685701284928 -0.297027352022807 0.00859061298567138
0.0312632261920046 0.0613597100396748 0.0495577827661542 0.125890963319622 -0.0513934404395643 0.0842460932129506 0.366670758269563 0.170507160486619 0.103413496490033 0.0825033957833099
-0.215501550882372 -0.106923947336507 -0.0200253074409215 -0.0183639888027907 -0.00686065788944368 -0.0757068039646895 -0.214354301708428 -0.195611340975503 0.0641229565351212 -0.0392851774731941
-0.121721022718341 -0.128154725853516 -0.147177001865635 0.103648836115694 -0.156755827810891 0.107334401674641 -0.167191424059828 -0.174325230855387 -0.302069722894787 0.00732720261115896
-0.121721022718341 -0.128154725853516 -0.147177001865635 0.103648836115694 -0.156755827810891 0.107334401674641 -0.167191424059828 -0.174325230855387 -0.302069722894787 0.00732720261115896
-0.119292178471268 -0.181662552096345 -0.0537629792427586 0.0751878607770663 0.116286657872531 -0.165862839458925 -0.267930095506323 -0.304939597074967 0.0498571318124361 0.0496675689371167
-0.083390354681894 0.0914730978909277 -0.215270683579792 0.132483998957159 -0.0179951807538824 0.20271256550533 -0.15522168153274 -0.0352743181629666 -0.408720551404498 0.0654394187647772
0.15019213458087 -0.1386865245383 0.00953794485128936 -0.218436941683643 -0.181234119797597 -0.239564352340373 -0.391599305803854 -0.221276649560184 0.308549987455462 -0.0617750892123618
-0.126894368054257 -0.198514834680351 -0.129054333945872 0.12021511708202 0.14461280819107 -0.157986494760688 -0.254964767369995 -0.19211409904404 0.0882038883807719 0.000277499823105945
-0.0319640304470361 -0.00375277155152504 -0.013385144915988 0.00689713050153463 -0.0728414654689914 0.182126878857103 0.319214139997124 0.228673179861794 0.171323623339606 -0.0469772650903186
0.239447159842391 0.0369931083226877 -0.186739238825271 -0.0405120209766718 -0.0823734112807092 0.0794587440004991 0.113383584481299 0.0560385523859584 -0.0119862924764996 -0.0670542971126427
-0.0390784301257631 -0.198619508932036 0.0397606612207495 0.0629543586330386 0.0363517310798551 -0.0931824887193826 -0.376896790811417 -0.341753334649226 0.0510943663646948 0.0166696941168556
0.0514018385564238 0.0212694249325778 0.0399030420370386 0.0168777401539436 0.0232517084690483 0.216919526555982 0.336136756936573 0.202668246988427 0.0657382375048157 -0.0334459851570609
0.228387345346426 0.0328372963907132 -0.200358412525978 0.0123693583420428 0.0185742045721245 0.164627295657664 0.278107398630809 0.196482059491742 -0.00229541916813013 -0.057131481914743
-0.227179304264217 -0.202114150133767 -0.0683978198128353 0.081883993072204 0.188033936273096 -0.158363768108595 -0.357875887317471 -0.128933180797253 -0.000624616989211031 0.0744261369767073
0.0135003256070548 -0.146441403084766 0.0711262538796353 0.154875189052883 0.0366192743435584 -0.271426159916496 -0.420693393460303 -0.335024011601222 0.0680579247216159 0.0560005632289109
-0.194358692263225 -0.148038302786908 -0.0164691079517489 0.0500276134367602 0.0517414839413165 -0.107766810501252 -0.255068124326987 -0.239316422987397 0.120685954417765 -0.0565402409435196
-0.150581494023398 -0.0924347734540786 -0.172539892994353 0.109648226640458 -0.144583142918312 0.0565353125153705 -0.171974612816133 -0.191448226540209 -0.299113428170466 -0.0339618818136577
-0.127182710176133 -0.0795436649058604 -0.161965038098295 0.110013988639183 -0.152479203740331 0.0480212652109362 -0.15646068109815 -0.200972799978536 -0.327447826882799 -0.0556747180660018
-0.069365826779602 -0.18621095288193 -0.116053920553686 0.0827320445440512 0.163918981679187 -0.112660135444724 -0.254656665172454 -0.225206891410959 0.0265577061673516 0.0560943663522231
0.178483754781513 0.0585686510153037 -0.217846801161373 -0.0403890406401528 0.00435067532514433 0.117896181733922 0.13535143189691 0.031291774832315 -0.0517260272205953 -0.0404018597688373
-0.00640018066224824 0.0616035792338245 0.0398639686715786 0.102317591658732 -0.0433628815121257 0.162147904895677 0.368101799390763 0.176344908048958 0.125904182525993 0.0347631468486654
-0.162293920472728 -0.0125585163312031 -0.341096284673001 0.321541483101432 -0.33211912876657 -0.0247528562666614 0.00234201000339773 -0.101233075981282 -0.335120089091304 -0.0241824253665633
0.0503119448961593 0.0302952571038049 0.128022315735185 0.0836213476145101 -0.00358080808737796 0.183095544290496 0.347697352705559 0.150275569213647 0.0945960589979347 0.0689335524154183
-0.12190929703952 0.0402524155281658 -0.282227282017674 0.144355314310727 -0.0616436046253043 0.0802543881795043 -0.109051511082657 0.00628510710200949 -0.313564769475426 -0.0130272158171257
0.281261297358922 0.0462027648635151 -0.260888802861508 0.00249979802045459 0.00649356404963763 0.0394416646243456 0.265756842276802 0.201104083878993 -0.0726745752438973 -0.0127201023109874
-0.25367532025691 -0.150140232805029 -0.0422110644836858 0.0876807596235345 0.1528421327977 -0.202463019677469 -0.282952488310588 -0.30476625725946 0.0151781264343372 0.095232474687111
0.265511550295143 0.0246544521979504 -0.233508317054745 -0.104385680352112 -0.0389269032208834 0.0380199984166875 0.103896849858141 0.0473512127974041 -0.0244854175762208 -0.123579245037837
-0.205093497540048 -0.228443982121461 -0.0234297828065685 0.0859438505031571 0.164997070277914 -0.149264980121496 -0.258643287436603 -0.243152614201028 -0.0124542730723126 0.0943744032641158
0.25598676988161 0.0213583149709377 -0.142161032984 -0.0609640401782889 0.0343307780299231 0.114668654027684 0.341660227881212 0.197428898605073 -0.0194793899874775 -0.0764023661269132
0.114246590386326 0.0362554928737114 -0.0347333347248841 -0.0821792092585327 -0.327283811160316 0.0265232546265964 -0.0853815017278975 -0.154228867707494 -0.264360993293064 0.0327003847114038
-0.148501381565122 -0.0129019557217396 -0.216782916058326 0.0702829818674706 -0.0620662638502935 0.140388353713528 -0.220287455521256 -0.225253118951548 -0.392580668754998 0.0113092259449726
-0.00576401012247173 -0.118791299482923 0.0560122590603392 0.108283516508156 0.0151608221096889 -0.18859021579994 -0.38695920532974 -0.269253297062677 -0.010756257540577 0.113838451708431
0.282858772929859 0.0465568272883343 -0.0976765856656471 0.0270263525438729 -0.0769521768086408 0.135162530584198 0.297957862036445 0.0526645130667724 -0.00023497061224494 0.079693213910877
0.214213900069814 0.0627082194261361 -0.0936900251706212 -0.00367770634509051 -0.0308455558291316 0.100223642275868 0.233009295534337 0.0922076595511699 -0.0436884626681036 0.0837094425455622
0.0146561267864451 -0.0361184373969768 0.135762110267568 0.0430041165007278 -0.18569281467819 0.10817448032467 0.412549748503652 0.125083508417413 0.222205506140646 0.119100863646925
0.0701307523986357 0.0214158872824191 0.0601119506908616 0.096253276386951 0.000836110830170147 0.21045376994173 0.341602062397362 0.0686346988885041 0.14071938964121 0.0030242663304586
-0.0868370949244992 0.0472530635871432 -0.175134876566735 0.0438656283436414 -0.105577231229283 0.0756624536199595 -0.108708767048957 0.103721146415115 -0.349280722641234 0.131910995701726
0.17488134910485 -0.0041189816674695 -0.279121390452812 -0.0510734209078243 -0.151666515122652 0.0510358144496129 0.143356794855503 0.044089231804323 -0.00108181650921936 -0.0639214680163722
0.103267685496157 -0.0457614891430002 0.0360072238469366 0.146532795291426 -0.153306148852715 0.241793964709944 0.375633184401685 0.129950711860866 0.243397807806369 0.0861837535503638
0.0160919844720915 -0.0664987640275929 0.119362033084017 0.0334994466194049 -0.156076415472306 0.138600475345519 0.422033926053683 0.149759264700077 0.215703967120958 0.142640589854747
0.0701307523986357 0.0214158872824191 0.0601119506908616 0.096253276386951 0.000836110830170147 0.21045376994173 0.341602062397362 0.0686346988885041 0.14071938964121 0.0030242663304586
-0.0586323719423635 -0.124454801438622 -0.091962803060527 0.0585749336690125 0.247488449826111 -0.205746505062849 -0.232851673333964 -0.202217603957305 0.0313486495331287 0.0927093632023393
0.0310251003320623 -0.0770962209798854 0.0704118279511602 0.0745611796253705 -0.144867131077081 0.114932805671499 0.447753330694248 0.138002279146117 0.191069204799438 0.136095344095216
-0.132266742657599 -0.146167073404301 -0.0781155228848234 0.0463885808217926 0.107997709107652 -0.209662558267128 -0.205454078573784 -0.295176421246334 0.0169297467333657 0.0845731211087912
-0.0221317222495719 -0.0957142366172017 0.135483573469984 0.144579038726366 -0.11055809704218 0.125824533376637 0.466067025117591 0.142514824678495 0.203813445758078 0.131312055817373
-0.0152080667662291 -0.0898949727803756 0.127464824593403 0.114599517787786 -0.11675780437653 0.115217037109345 0.456512731335734 0.130743335950953 0.216550650958464 0.121548089269411
0.0717971063871402 0.0873603131343487 -0.0450860415283408 0.0128405921938101 -0.35214413403851 0.0298681503802494 -0.147507754138514 -0.206112344503106 -0.2375687539653 0.0247557257747418
0.173784740672819 -0.0475684530565582 0.0393654064382894 -0.16464563765669 -0.21560469678554 -0.19278241849339 -0.4719045406549 -0.29454610698386 0.304856391495081 0.0371353524786833
0.213300286118479 0.129068340204474 -0.129172985244559 -0.109230016255992 -0.0180111563832931 0.106220295271593 0.405968550930478 0.0469723175491554 0.00428707565809873 -0.00205357803536853
0.275089936894947 0.0118868420609884 -0.190960567273829 -0.0614638336911 -0.0160087744159099 0.0399251279072287 0.335723641447937 0.163204735755029 -0.0219333353966076 -0.0141339527074782
0.266554198955841 0.00424528071721359 -0.173552894449028 -0.0636732328219341 0.0355336668376119 0.0514974431671409 0.301835763454252 0.160109573484914 -0.00943763994159436 -0.0570299820811849
0.283687973216747 0.0764643721740175 -0.115543142847941 -0.0145499429305512 -0.0826956842387548 -0.086740932174515 0.360405457204964 0.089428894463255 0.0592884398385146 -0.0196941327561938
0.25463333552294 0.0112097612427198 -0.145365397188498 -0.0563614558402485 0.000623341619974394 0.0426549832944247 0.344285007085837 0.190840343419242 -0.0414642557133733 -0.00622067488353525
0.28512901878514 0.0662027961129826 -0.139650392210112 -0.0418256255625397 -0.0754657749351292 -0.0569159148185507 0.348910267971023 0.133255156599135 0.0310879419505225 -0.0261537264562512
0.200130201408731 0.195241599303053 -0.0419879131693307 -0.108551452327418 -0.0751050675895812 0.112027778762815 0.321902310644754 0.0493955756986852 0.00163169714824074 0.0406339640529545
0.32093466350311 0.108388746595611 -0.22251887355958 -0.00127216538429161 -0.0587565903298471 -0.0582564712412255 0.356059437782449 0.0949066457901316 0.0460174146381965 -0.0482425476254234
0.263116119192294 0.0352181043080913 -0.0755597527039528 -0.111379321855972 0.163498544414233 -0.12247408214086 -0.117158852270128 -0.14644780413005 0.225511936289142 0.141699641268471
0.136228202298954 0.0452160830389423 -0.242933253036541 -0.0318133895496343 -0.104805806957199 0.080286180668618 0.113160767849694 0.0453660091751003 0.0101525713741648 -0.114430532242664
0.2860277865989 0.0747897955597954 -0.136801392632921 -0.00500749191730735 -0.0922908095106096 -0.0655017103547523 0.3361407939602 0.0936538117845462 0.0473990062814548 -0.0276897457723064
0.151613372850094 0.0427470200308294 -0.218400165493518 -0.0782022703632421 -0.120153414562147 0.0553798602550497 0.11362606455935 0.0676712504824938 -0.0164831962020737 -0.0736749899193514
0.151137285608137 0.0403077312451578 0.0851882676581406 0.163644199559084 -0.0631227867179323 0.347261363758795 0.390566441157137 0.0910595546288266 0.180060088891672 -0.0313701723977015
0.17211410530439 -0.00356455294549536 0.00241368116589376 -0.0211940080850143 -0.361677335304312 0.199631301889205 -0.00597368883519758 -0.163334529362748 -0.36209143211181 0.111219890263724
-0.177234486478872 -0.189872688730399 -0.082285341844035 0.108481404523908 0.127426989074594 -0.163425212754237 -0.312075901752908 -0.229691350773715 0.0450681513063663 -0.00869537166941796
0.184064459458598 0.124757062494659 -0.0237083278818545 -0.0504213023031138 -0.453033421800209 0.216515494190697 -0.126178042140571 -0.2520389622792 -0.348187247369508 0.00798535463768909
0.21597377831218 0.063049940546207 0.0179974064754545 -0.0341774359305228 -0.39116848854197 0.120606501471884 -0.141763958130178 -0.238920787475022 -0.310516663012229 0.012261663438143
0.193058384493648 -0.0119281342909233 -0.00883349629277498 -0.0263982935199745 -0.287436623216157 0.241322657201274 0.0140913098078809 -0.177631454478789 -0.364651864683643 0.0597878927298129
0.15752256169426 0.00386814257369665 0.085165061859279 0.111366129893045 -0.115422746288348 0.364994885120603 0.378780964262845 0.0712045622218627 0.190808462376574 -0.0733997768911309
0.282040076142507 0.208451338734133 -0.2029420603814 0.027264299052014 -0.0772784177510897 -0.0363676453443607 0.299437170424041 0.110701185416534 0.0400588771529646 -0.0821597388057089
-0.086330671528409 -0.0523754300810102 -0.307148386510864 0.303790469723347 -0.30000337482506 -0.0577894180773127 0.0659912876519392 -0.102496352487541 -0.347998047062427 -0.103325509998045
-0.162322694977939 -0.249336028347527 -0.125825322677634 0.0763333553266842 0.104150777137023 -0.185831052035369 -0.249590194402504 -0.145346378968223 0.0561710545326456 0.0960669559310537
-0.115059148805159 -0.218855458067071 -0.058675522932458 0.0590629530926512 0.165635568172236 -0.196052531547305 -0.237198592586813 -0.255942743209209 0.0436587372897064 0.0629247807940345
-0.170360538755916 -0.198967331277056 -0.075502217921 0.138863333388093 0.160137065879194 -0.117167134456498 -0.334040239180684 -0.215798184003658 0.137418493985714 0.134375918960752
-0.00555999547623667 -0.000696684649754406 0.0117176657759643 0.137370031233593 -0.0111179860898633 0.201851113801743 0.450553622556373 0.182973527454481 0.254225929632018 0.110223897044385
0.0436041291428857 -0.149297421077658 0.011494147458468 0.10570863880542 0.0874296311693968 -0.155124828422887 -0.287309766800135 -0.343855819712762 0.0695005510332486 -0.0471907283196988
0.17963976692642 0.0165106943868588 -0.0476975207703313 0.0134194627193314 -0.515711112617785 0.111449294021817 -0.138934510335836 -0.286125521511176 -0.283670199096583 -0.0105281730248971
-0.166570341593924 -0.215117662093146 -0.0590484037518047 0.0632641767226023 0.0842208219413699 -0.178260199233961 -0.261355180789671 -0.283273424555199 0.0604006353823053 0.0886272543138209
0.127857971404627 0.128315910690794 0.0602483928623615 0.127027208641577 -0.0872970989866913 0.385295958160171 0.377628807111772 0.167161645845917 0.319000718096928 0.10176660666314
0.103687521968817 0.121717657348728 0.0685603533139341 0.0171328195031199 -0.103069370805981 0.336571070597503 0.385701454450873 0.17063954310548 0.188681384852196 0.140776222578569
-0.0319947180062474 -0.135443934256237 0.0417236242160412 0.0471466436724026 0.114514127260979 -0.171769536690572 -0.241897433733946 -0.257449738677411 0.00416268666947381 -0.0140934258580788
0.12579063152535 -0.0445172765450042 0.0918152196059363 0.163717476376636 -0.0678533317089815 0.292962224632663 0.385512158530868 0.0595548551703217 0.183440571113774 0.0257677230313755
-0.084860368384895 -0.122883925988498 -0.231479726052566 0.264818210117963 -0.297951695247774 -0.065616882466502 0.0545983074169199 -0.144060023702413 -0.300799641557997 -0.0880109295176681
0.114245164129906 0.112134525046235 0.0563741104182824 0.156934948652579 -0.136947059530003 0.384824420808437 0.396842352352425 0.162478984709667 0.314060402149312 0.121711359125022
0.287412464893523 0.0339283571490835 -0.255057996753075 -0.0197184191323233 -0.00606604962459543 0.096013125872498 0.257984149831382 0.164197292597799 -0.0122959230574052 -0.0751745836174925
0.133917724030482 -0.0290134212842854 0.0506977768896751 -0.150726613585259 -0.19330708208378 -0.119236286580871 -0.367684151290674 -0.289625601989929 0.192895333857318 -0.0560757351649388
-0.0977218180395106 -0.133736936609809 -0.0500224351505116 0.0942271549450555 0.219817392366926 -0.19108026280547 -0.202182699106496 -0.203067732564936 0.0597176715917134 0.0948379352223383
-0.0111390024573386 -0.118918967925464 -0.0312367693908988 0.0430688135848091 0.164498163842032 -0.107495624797232 -0.276666434416013 -0.29432143017564 0.0288656161836037 -0.0298759973113556
0.258859179723676 0.0237091529270885 -0.130068588558514 -0.0457896879456994 -0.0820410985040687 0.107669149915931 0.286527368697287 0.0964116698063676 -0.0918641589345332 0.0422248073730454
-0.160450913233584 -0.180241274127606 -0.101448684025884 0.0857921938728828 0.212189464404336 -0.0798975100647189 -0.266289587126239 -0.266265416939574 0.0595222262469458 0.036097725956435
-0.0608674905881933 -0.120611826197937 0.0359634508612915 0.0925449503317982 0.0590647883797491 -0.163197625140175 -0.425542733825372 -0.281486515385338 -0.0317703810852466 0.139786080386075
-0.0380148366390021 -0.112536199641659 0.0254059272959731 0.0820214824458306 0.0174733658994876 -0.124245591479325 -0.366437328920372 -0.313324111444011 -0.0125310379980554 0.0967250554295721
0.072681561679269 -0.161328102750334 -0.0264355292820108 0.127212932508067 0.110464678065194 -0.0965918317915113 -0.305128708582445 -0.340576607618723 0.0216998894766086 0.143330023871907
0.119482302613848 -0.179674758025601 -0.0263568374637405 0.134095332177847 0.0985423450177092 -0.156572108236404 -0.280695040684304 -0.125765734993634 0.0540048145610157 -0.0523461659196261
