0.389803930097179 0.0249130980056295 -0.322979533755707 -0.0774705777462832 -0.608251334062422 -0.276809985010028 -0.447169172676178 -0.237153105644363 -0.268005317036343 0.227969621957162
0.0536948418897487 0.044845046706913 -0.193800802026032 -0.104646686575197 -0.357156434756334 -0.107890923091856 -0.123832499232532 -0.237127357271337 -0.104894475256822 0.455118540882276
-0.154025313247607 0.0156197342019559 -0.00484755396723744 -0.00789903082057021 0.317757770838387 -0.166978400346759 -0.258639699579442 -0.237764686794832 0.3012647498061 -0.378322584334331
-0.271702950051189 -0.0285585008114715 -0.0593093481380489 0.0213852437764687 0.284953427204791 0.00219381178756873 -0.233956257447416 -0.281910129876561 0.224446828767945 -0.451710320948182
0.49713109492573 -0.041266837367745 -0.302190496346626 -0.194859391220907 -0.6472004421664 -0.151397516984412 -0.342380005990115 -0.286577988884542 -0.243729158934954 0.32252931350718
-0.161266539484996 -0.00904607810829303 0.0196326525508928 0.00905847183400931 0.277827999264455 -0.0309725879545756 -0.235513113519911 -0.254769321062602 0.33551949759737 -0.372766886958412
0.0375776798015673 0.104467705245437 -0.0860569844757309 -0.0245808643640391 -0.486373134052394 -0.0409178574888023 -0.0706977530864907 -0.225497086291276 -0.0868416976964124 0.396784196597631
0.425403348783711 -0.00110212365166228 -0.287735921864193 -0.142828212299511 -0.614561295722559 -0.145492484080518 -0.392637160298601 -0.292288204146706 -0.105952086641646 0.314282890040561
0.135705919723546 -0.0529117416719421 -0.174433726529902 -0.071576045099217 -0.462961909283739 0.0660755481901445 -0.438935597285033 -0.273306120161718 -0.221428339619509 0.182742322993159
0.212402537967778 -0.132443480021235 0.0589868181620721 0.00519797908751356 -0.619497114874594 0.221089407466879 -0.188515757404979 -0.314277952373793 -0.210424605118789 0.452852574736452
0.134356352356992 -0.058769897753819 -0.218222677902152 -0.0801789748970688 -0.485928825627616 0.0510397827447549 -0.428764056704667 -0.24734268646566 -0.238089186602867 0.194403632460102
-0.0887648929783303 -0.55721734908973 -0.262085211080997 0.359276710619546 0.166011076002284 0.0726257554509099 -0.261764577984535 -0.298946556051185 0.138243668806313 0.116621052851969
0.154417658080236 -0.0114512562434656 -0.175657590557653 -0.0696295538150098 -0.457313485277152 0.0647761357579838 -0.41106645913482 -0.266737908257455 -0.220580617296847 0.207642088646907
0.22964477729061 0.0260514294182314 -0.411900556709524 0.0671993371545494 -0.456483846741285 0.101187300112092 -0.349903060585348 -0.277187703831643 -0.148941040279133 0.331907511583433
0.2434121082813 -0.0570165445703296 -0.25780979917392 0.120618154945314 -0.567066294242213 0.0426293945522367 -0.251100042097371 -0.214177277034647 -0.240373542087855 0.244272855280538
-0.140946764847491 -0.559257551552317 -0.264977011610065 0.102186556252159 0.0418657261284883 -0.00189179769792127 -0.320905553948385 -0.361053628280097 0.198072782809496 0.131485420907534
0.236366320024246 -0.0835042808471644 -0.185044152054794 0.0430818205463416 -0.30814122863313 0.237159497885438 -0.307681528028994 -0.201243520250655 -0.127766514312638 0.540044339178759
0.33281977814749 -0.088437746084538 -0.447135050152903 0.158663646344785 -0.431474534593945 0.14111966000856 -0.382411944576088 -0.155143762538796 -0.184816244777992 0.471726164551031
0.288746434990435 -0.0511921362464647 0.0259771398092622 -0.0784268238473184 -0.354169466162645 0.00807095365838111 -0.30496000196352 -0.442651961650047 -0.239879227222524 0.126176763479315
0.331604996433938 -0.0476118787522281 -0.455106458322339 0.153259899372728 -0.419847025941236 0.153909986381325 -0.398382083059294 -0.206582043079557 -0.201847721837809 0.453746964936877
-0.098625451009077 -0.620431309658655 -0.209521210021898 0.109352754285452 0.0674513998924075 -0.0141058847539036 -0.338371010244312 -0.435577494909411 0.198648804285796 0.113622126504206
0.261404289971081 0.00312441113420892 -0.188979354016413 0.13353398699537 -0.569049275099673 0.0945352520124469 -0.379969140768252 -0.176983005670225 -0.283701759802379 0.313402076196248
-0.145928310285975 -0.50612711166965 -0.356722511946508 0.138351353493416 0.13187549023225 -0.0344593298806681 -0.221904217349641 -0.440845111581448 0.280572479170803 0.249138588672057
0.301118689493354 -0.064738696902657 0.02529395461841 -0.0695313890455228 -0.343072708126845 0.0099800176907826 -0.323177849338677 -0.411302634832504 -0.23238389927938 0.15349666091281
0.000806318592441287 0.119203734148053 -0.122511330659247 -0.092975129272164 -0.402061216752458 -0.0305043494839936 -0.101111577316925 -0.175969504743609 -0.126834625006811 0.415400917635593
-0.203813170201931 0.0228555342333399 -0.0647740312658142 0.0252007770564401 0.303244281963642 -0.00275109615548113 -0.266749632741976 -0.277260713466245 0.243914884991921 -0.442646916051348
-0.271916289882534 0.127938256703076 -0.0185834921352151 0.0678377287088485 0.228748354308563 -0.0927548996919524 -0.262374711184004 -0.23850726667514 0.248285160487955 -0.395887035200078
0.317591986075166 -0.157390790408702 -0.407047368508049 0.0803826976135997 -0.676419096286986 -0.21862782452977 -0.284724064414207 -0.357078138514474 -0.176180098819443 0.225227078343962
0.239759926787937 -0.0890758479775725 -0.513049032665497 -0.0479286565661541 -0.684777412536977 -0.293145706793082 -0.3057953873421 -0.415825688395989 -0.0937680279125376 0.387656543521148
0.200898625507 -0.0912903466901133 -0.496799610318717 -0.0331831155440069 -0.696762790005546 -0.306055585496078 -0.29764332039222 -0.427098355214143 -0.0783040606433978 0.395214167174425
-0.191338354694136 0.0348038453309825 -0.00414202819588385 0.06382544813892 0.3037718463889 -0.00651805435258857 -0.299005755447287 -0.275522565327407 0.259272518215353 -0.487651893530893
0.314895638400175 -0.0622775813046239 -0.321953192341383 0.00383089545516226 -0.685022535871667 -0.169040703500797 -0.285844589205075 -0.29878197027144 -0.233464262306413 0.200603666945863
-0.194125814424021 -0.170684059466025 0.154030256847329 0.0671639626031942 0.52124228365493 0.079383496922392 -0.371573860639902 -0.146224806882249 0.436334362997344 -0.437245223491317
0.0494216668625435 0.111500446415677 -0.110828843038127 -0.0592176872328006 -0.473155053417184 -0.108352236017159 -0.0703460277593502 -0.225536129249455 -0.124999245050834 0.488765033772502
-0.293060340136841 0.064496840590855 -0.0705115081605107 0.16081631502172 0.229837388190594 -0.0685837421937059 -0.0819556608182001 -0.258911897558528 0.343197398274623 -0.448566760833133
-0.0491192641516548 0.10403680677062 -0.0840455027058253 -0.021659470564193 -0.506207579789146 -0.0138885174154523 -0.107122003362344 -0.253983479323963 -0.20113307935332 0.391170346332564
0.0515349812536909 0.0193322143752818 -0.084276778276128 -0.175769975456666 -0.39672160815886 0.0853733595747556 -0.348910057213069 -0.197765322169179 -0.00998216226728669 0.609224640123433
-0.000402375787614921 0.108582546264887 -0.158616424078955 -0.0504633153278032 -0.524160483132367 -0.113069328302112 -0.127798123948475 -0.234210719213366 -0.132270299901144 0.447554354187339
-0.18661743773517 -0.165500203123651 0.129656708599456 0.0699861451455097 0.497310173391518 0.0945275555981909 -0.387177776227982 -0.136970415133596 0.43387959789252 -0.466950340655443
0.0381160814959952 0.09918034896947 -0.118719247916625 -0.030144388807042 -0.489540172397903 -0.0858937439707955 -0.155464826206835 -0.257601946598561 -0.167191866062229 0.486751163751515
-0.342667700594517 0.0860300539066242 -0.0617214778064509 0.185332907424281 0.316185425433669 -0.100546133578108 -0.147727066100571 -0.259557108176319 0.33959187667397 -0.462469359429148
0.195383604844362 -0.117918253822188 -0.466188522037253 -0.0522816472431908 -0.662224194661376 -0.345445116566263 -0.258089988514437 -0.424370696218873 -0.096256040120238 0.418511223033005
-0.266534860373782 0.0259465492917073 0.135004382389817 0.120068589755256 0.418679365719307 0.0569920309737856 -0.3742016925082 -0.270471003461403 0.298057881459771 -0.3078623861183
0.434880675552526 -0.0342786617639997 -0.284060573156675 -0.130687018411025 -0.634925319609116 -0.0653795710967334 -0.339528708371869 -0.360602258016987 -0.18487395884205 0.595211388468155
-0.190057786661052 -0.181311146475087 0.0707921236287203 -0.0292351418274794 0.250032755818981 -0.0363817726905841 -0.211109256342197 -0.25709975454206 0.334852724217228 -0.299524716233335
-0.0716115089835923 -0.0768978714429546 0.0492071530583205 0.130299471986661 0.47599794332309 0.117010952332848 -0.432919766129816 -0.107377978745032 0.366751589799377 -0.440661788065909
0.175949930703638 -0.112017367633931 -0.408609289105475 -0.00617058748638099 -0.687167841583938 -0.32318858940152 -0.258658461359997 -0.407791075103335 -0.0756251096051369 0.380457456888441
-0.00172295527865718 0.0978120586099629 -0.135423149911253 -0.0591696641726527 -0.410745084222269 -0.0357021478497302 -0.135011530115966 -0.184118877614191 -0.187230622836562 0.386775219895759
0.499179074768892 -0.126755246119341 -0.295264133563946 -0.105322506952956 -0.439422338237787 -0.192392218260666 -0.339203579224512 -0.157030310855774 -0.16266285847297 0.273589363924293
0.0477547101658695 0.0571129395720282 -0.0162297207651498 -0.111991385739615 -0.384042089015625 -0.0644525780437094 -0.212368154867684 -0.310505720886681 -0.185913704445457 0.265771088790219
-0.0745727452683456 0.117733396940547 -0.0952827993718125 -0.0151849162751467 -0.497544783885945 -0.0738611405122487 -0.130605972462407 -0.284828984920276 -0.198846194478446 0.39369052090521
0.0573637783944583 0.012926928107629 -0.0377850478373758 -0.114666376658228 -0.46247415587732 -0.0819921971221773 -0.207803620203675 -0.306376557507457 -0.193981531967813 0.287304763359366
-0.199926604902226 0.190706686475196 -0.0178672523179556 -0.0211676743580649 0.264786543559277 -0.0828099608207297 -0.355541172082712 -0.179624428517622 0.258182205590964 -0.352076325934617
0.308708204051019 -0.110577581904814 -0.396294852790672 -0.00808696524220076 -0.661650127068508 -0.171215871665963 -0.371331244884355 -0.287207415971025 -0.181020341332797 0.220321208375211
0.426115199442935 -0.0119296567297948 -0.22018833424469 -0.132885676461506 -0.634766641233827 -0.0773253721888104 -0.331755805155972 -0.346868393817471 -0.148137745287353 0.527150475325267
0.31608382492203 -0.15283939609635 -0.436923670329341 0.0743207836418947 -0.670779913433724 -0.225512723384475 -0.29090357140424 -0.363864887802308 -0.176672190170664 0.230557407349904
-0.211882554710538 0.159591050910314 -0.0226786328303041 0.0704048916726919 0.258332493494936 -0.0487755188723314 -0.30714027838419 -0.226036543792655 0.311602873703619 -0.361644986626887
-0.270121650790335 0.118956535200738 -0.104364719040936 0.111646444912399 0.239288851503599 -0.102204192528676 -0.107532917953628 -0.29455259950003 0.346348371031263 -0.47035183227074
-0.15632723968725 -0.0970958917258588 0.091699488132788 0.0781322667601082 0.532980182815296 0.215260976631379 -0.195546485806995 -0.225616771959137 0.405931509465461 -0.496874038621399
-0.087599365980912 -0.184574878649849 0.0943640619373518 -0.10735465351461 -0.359256450770256 0.128470026748805 -0.392484424537952 0.213895129358509 0.113394030192068 0.0692943298966619
0.0295803269829452 0.0723872390213544 -0.152445139413074 -0.0937650229058763 -0.491735309078179 -0.117338990169728 -0.0967417773836255 -0.234781100608997 -0.190853874585862 0.466997810985248
0.0283167097876693 0.0806831502880338 -0.17163557495234 -0.0751717508408964 -0.481459301807166 -0.0963600354039109 -0.128942153320619 -0.251790712172386 -0.141602649342107 0.466246589006318
0.00282036119188699 0.0529953116655396 -0.047323638942193 -0.0296867885171008 -0.510025238255881 -0.0694711725427653 -0.135004974533958 -0.25294624699108 -0.119957108775195 0.407249674272267
-0.306160297676355 -0.0131803533243957 0.0329497049097124 0.0344852590023192 0.316103791782229 -0.0162201965124047 -0.157130266189829 -0.251258282365536 0.133606324208168 -0.335499253096575
0.457408164456137 -0.152043593553937 -0.306197554836529 -0.110504483034149 -0.423688193504335 -0.210505373204356 -0.36899239834389 -0.180302396985236 -0.129108432395182 0.220007623824243
-0.337017928503451 0.20627664487187 -0.00562722174726406 0.0869598349982516 0.281221699883175 -0.00520550593717935 -0.258259513153384 -0.236581946745825 0.288123152546023 -0.266522920470385
0.238220419250332 -0.0623776441685301 -0.487895875801303 -0.0653795866384386 -0.629913273035796 -0.271658184558649 -0.192575376522558 -0.410224437070691 -0.038021580580824 0.405479491335626
0.225495529393238 -0.111934320360265 -0.474244060869719 -0.0366916336572081 -0.691491537471115 -0.301580894858897 -0.262834117385921 -0.402265559521959 -0.089396371877563 0.425624055151436
0.460716745506924 0.000404819424703006 -0.241012782315382 -0.036198606473184 -0.617945726277007 -0.0342120562482725 -0.344151378530247 -0.263791951442285 -0.217467685752102 0.429572052945896
0.321216924159575 -0.0510350473190888 -0.318685058613796 -0.00729372877892909 -0.686411275787224 -0.174480116721646 -0.278808345320071 -0.314635208947685 -0.205720861267553 0.202236120696752
0.0477547101658695 0.0571129395720282 -0.0162297207651498 -0.111991385739615 -0.384042089015625 -0.0644525780437094 -0.212368154867684 -0.310505720886681 -0.185913704445457 0.265771088790219
0.0556731286682204 0.0375119701874605 -0.0410979855163894 -0.135760075091608 -0.473225208697845 -0.0606684374819458 -0.199476981261741 -0.322959049742895 -0.186909108075949 0.294391127106961
0.478711225424604 0.00819593461424875 -0.271320240906541 -0.142775883348817 -0.633490268725072 -0.129033157590473 -0.270658307373513 -0.299298410444647 -0.233176494937955 0.35439542912878
0.459324460774224 0.0891240841062143 -0.289435081897549 -0.173392574418258 -0.732021279978514 -0.220208672630223 -0.38580457750855 -0.272480475157339 -0.227102691403872 0.423351861290982
0.507707094687614 0.0605349749986178 -0.305735174250239 -0.113485423336591 -0.816445189406732 -0.195905750985139 -0.389236763792681 -0.265396413993622 -0.156949779408794 0.419157262595571
0.493897896729134 0.00364295808182388 -0.22438614938031 -0.106022739129618 -0.664669805663988 -0.0686437858965773 -0.277464200158567 -0.369349061841942 -0.184893489985246 0.360586712627268
0.04464709653622 0.0466131593252462 -0.227021241014857 -0.0941258012476319 -0.393958301039471 -0.094592608823599 -0.139631177938017 -0.276790265710612 -0.172365309629635 0.427277119834938
0.468815259941071 0.0669811509904588 -0.283644708259717 -0.00702646173360339 -0.704501263017596 -0.110031274720273 -0.311374334874446 -0.229351308926628 -0.230557787288432 0.27986883917142
0.315280325589128 -0.0749997853197018 -0.294394751800069 -0.0145860069194781 -0.662304335182535 -0.258265139924666 -0.178856698104976 -0.266507143995823 -0.172077984763133 0.337226712715293
0.5192350745988 -0.0546960777139504 -0.330829177595456 0.0189731150939726 -0.621859944156266 -0.0648170580068286 -0.382017191375457 -0.307615956446587 -0.217338702017571 0.365481695745097
0.342940462170819 -0.0254890529183051 -0.167223946465895 0.0480882194440678 -0.468695785474314 -0.0116505293425291 -0.50823405464192 -0.17171195812682 -0.16425026209414 0.450462796572973
0.0731352490682827 0.284593479969353 -0.0915559697020599 -0.0615584554211543 -0.469531884896394 0.0684359548482351 -0.127813326332366 -0.407170524918306 -0.184464891339442 0.0403178263286964
0.306732659424555 -0.0912938175141219 -0.0526780991895299 0.104274276259431 -0.509149140266432 -0.153732472819608 -0.695326101450843 -0.138045687718141 -0.112954029230516 0.446937857373732
0.273622814161384 -0.0960080000830758 0.0423596238083979 0.105391411958288 -0.364212504294446 0.0250052276699608 -0.630495451599284 -0.0871884236784045 -0.131682789585341 0.462522958473174
0.212086677258599 0.272745846490915 0.0624454566459847 -0.0471252435829768 -0.513498599475569 -0.0649021627538676 -0.184154929667751 -0.441688281854089 -0.167911748049993 0.0324992884215291
0.0332529062205816 -0.114911978449567 0.025810771398587 0.134428087659272 0.0110103762164259 0.137130611243621 0.20375840380382 -0.552866530400674 0.0201903695532456 0.0193158044379045
0.245939584282272 -0.0218268881398381 -0.127426365101087 0.243102725535589 -0.412635559978599 -0.0387047349317813 -0.517296376172164 -0.110031149277231 -0.135511246275861 0.397168688667614
0.0496332130138458 -0.0228929540963511 -0.148092527017855 -0.0622549547950906 -0.406986527192835 0.225444357805588 -0.401497695796134 -0.261886438303615 -0.229092800301631 0.532781430670673
0.10486846688102 0.341166567313515 -0.0822051589234379 -0.184269343562134 -0.410963181750032 -0.107070980668973 -0.231188107634462 -0.33949691434299 -0.192398589098976 -0.00786902537882372
0.333137790067097 -0.123590200768075 -0.0263087964666226 0.1225336375563 -0.492506152557752 -0.0560954181312298 -0.714969758373833 -0.0370428411456135 -0.160518959179972 0.543943993713581
0.357582946499122 -0.171863087782016 0.00401087763332362 0.142183820729554 -0.49664160151479 -0.057003181770282 -0.68886962730174 -0.0785133144577924 -0.120043253423966 0.508915276089492
0.366678807792176 0.0643933947539592 -0.137847961257611 0.14191789196153 -0.43203603193551 -0.00247364629994606 -0.378741011122866 -0.186187304505623 -0.15177220951712 0.470313167245672
0.197991306890695 -0.150898440935984 -0.260480165776089 0.0823158018685681 -0.345858390062454 -0.0475342115968133 -0.491547537187884 -0.204646925573214 -0.0267942086520418 0.415840480260891
0.146785243476897 0.277711246116896 -0.115488800834706 -0.14758533040659 -0.43928395476826 -0.119833190674332 -0.189504322641155 -0.380168115479971 -0.222522021983494 -0.0778462550511126
0.319237919092948 0.0369553405881185 -0.118746423318003 0.303459330894628 -0.482155654365524 -0.0200994474778666 -0.50469025063281 -0.165112241918851 -0.180431902437448 0.406802106916404
0.0394414627102034 -0.0172755355536209 -0.144324820896179 -0.0421649464396763 -0.425125427981343 0.21032787293702 -0.404672598287377 -0.263479192901495 -0.212544041232264 0.531805318523974
0.0356049048567757 -0.0396806428047842 -0.245497953706329 -0.0670952959882595 -0.548134067899668 0.00865272863230455 -0.397282507521374 -0.404649963046026 -0.0650566035282692 0.558867807832003
0.217293118433982 0.198461936881907 0.0900916440738379 -0.0378049821187383 -0.28642244443407 -0.0648815096477606 -0.195851297336172 -0.383302737241735 -0.185430661982067 0.14985471297221
0.313813498986209 -0.0841670960314686 -0.254456639114761 0.0745401532462705 -0.387145781513018 -0.131128711139872 -0.592244463254098 -0.167804139306171 -0.0809031111572353 0.396005338371405
0.346285236787252 0.00179047559017163 -0.0107174013305431 0.179880917783809 -0.436043850620281 -0.104344492893098 -0.558445033534846 -0.108510722816872 -0.103504762416383 0.342229651198804
0.225347414789931 0.302405455628279 0.0675084729176183 -0.0688584188048924 -0.502448499008839 -0.117756852224374 -0.146480587829993 -0.499984459843898 -0.309721059298401 0.00236951345207848
0.290595429897062 -0.0215734231039208 -0.242799483818497 0.0435622870198556 -0.385392831422005 -0.0317262131812092 -0.649838346296622 -0.13440352557124 -0.149829810974581 0.493029730244442
0.245037034462069 0.143425521031293 0.0435497984636799 -0.0179490847822637 -0.295341200071605 -0.0830697821850188 -0.24145408721606 -0.4438479639401 -0.22301715174428 0.284380534855981
0.271418576805218 0.120589151252616 0.0657666073407262 -0.0311475483543346 -0.226077319957326 -0.0850938946276573 -0.212655502471228 -0.389138886477757 -0.169293879111688 0.16238679343775
0.0868117888838215 -0.307499678079652 -0.102627238109394 -0.00851337531148731 0.445542584549401 0.0253228907161872 -0.187481937627693 -0.446734236737699 0.234506475739447 -0.217209302431153
0.240935426393607 0.166932640888854 0.0762167234124074 -0.0835153839468604 -0.26937317781734 -0.103098622646916 -0.259044535748946 -0.304100112804457 -0.173457599806666 0.205877005639149
0.0902746440005631 -0.28503197030521 -0.11605999139777 0.0017399029401336 0.451291542760943 0.0103834592102514 -0.184732528110827 -0.458571264290937 0.208839736438248 -0.225291172884345
0.106349631824115 0.0122916773359337 -0.0152498646041133 0.0924578830697731 -0.0466788347476547 -0.000549917309555597 0.124709001669217 -0.4109603575122 0.00417734905542815 0.107339329131373
0.0365109298081161 0.274880599049927 -0.0242700319755767 -0.044407048476434 -0.488647152519982 0.104890760312041 -0.0622078925876014 -0.380105532287655 -0.171119806385562 0.0734900952999051
0.302284182061333 -0.201892770848673 -0.211213717709617 0.146551558225256 -0.334061109562947 0.141248455868477 -0.600941964078531 -0.263294462719044 -0.0774771362554609 0.555725760068952
0.206324110519548 -0.0666714081207331 -0.0368891016904227 0.129929032872276 -0.481540728724368 -0.03550528149686 -0.568992690149902 -0.269829116231173 -0.166835367785186 0.360028645151155
0.329026082734375 -0.207449972178893 0.00979978134222882 0.124467408575209 -0.433213243912952 0.0119689710302853 -0.5832993362719 -0.119684983905165 -0.0686530297714598 0.425621942158211
0.0663457414308873 0.02827127832055 -0.136706331859687 -0.0912028423999388 -0.408339869295229 0.139466567707329 -0.370533920561988 -0.323181454196761 -0.264779353219459 0.57248355042624
0.0709832504998947 0.000319819104946238 -0.11398917787733 -0.124513472849312 -0.487348923763382 0.0588123645925869 -0.199606910073535 -0.287466065668477 -0.273104218544885 0.597506898950054
0.255751927189132 -0.151175177336346 -0.139393968828507 0.0549583645688101 -0.420384733229495 0.0171829031637857 -0.593497828187221 -0.180347004744781 -0.130918904150472 0.451505090979077
0.0771294300147508 0.00804980288711965 -0.0815007950749745 -0.152129914893512 -0.457737039033421 0.238993680450722 -0.333108025183324 -0.308214903555129 -0.19667170531443 0.631895456512076
0.329890617791657 -0.149740295286373 -0.211514125315425 0.16990828051348 -0.421850189586696 -0.0547591476740268 -0.617441311588615 -0.150990722167049 -0.0886608363935936 0.508140722793488
0.341906320499037 -0.178319875305236 -0.120275979214563 0.10631255941748 -0.449783393810363 -0.020724860985327 -0.540956778853563 -0.23552192469806 -0.0934947215864784 0.53180622168129
0.181018046840828 0.247881978695154 -0.0327082771319761 -0.139301283962036 -0.37832473017386 -0.129935659537831 -0.190510053718829 -0.403157568404397 -0.183042855016572 0.0789595992636695
0.0101889515141204 0.0260389889899197 -0.0673349714462423 0.0413282342737936 -0.0231689288437126 0.0361380989350349 0.151724389971689 -0.379359406016747 -0.0101610636584268 0.0513570760603935
0.47560731634648 0.070721183996204 -0.271494418565681 -0.0251813654686873 -0.683828911101514 -0.0963665938211634 -0.302166038485358 -0.242210636019701 -0.205872541897773 0.330095545110579
0.0479522681895322 0.0319374320557331 -0.185100660335578 -0.0623226062253586 -0.409178970329104 -0.0979024208278259 -0.114176665369432 -0.269139466781835 -0.17626870581953 0.42128826982382
0.484926553820659 -0.000608910409576103 -0.270661059672382 -0.0920124015016173 -0.663626337523172 -0.084681126505587 -0.320670735859561 -0.352642058888204 -0.201717302641782 0.376374376006538
0.45797152219657 -0.0011635618307504 -0.269147209518846 -0.0352771466708865 -0.685037561739796 -0.101923279269208 -0.246091255605251 -0.326469097429733 -0.174563428006583 0.394007730642615
0.472883853025569 0.0206970185380746 -0.221346465753981 -0.0443863584794021 -0.612826063002836 -0.114148110472291 -0.269654970325744 -0.363429529511868 -0.165152316880992 0.361993322400618
0.48727887748154 -0.0958795397762112 -0.280183549718433 -0.0978146212649824 -0.525496043413016 -0.177684146285325 -0.306412971058389 -0.174730103685204 -0.0861153345186536 0.235137204088421
0.454519149916548 0.0543447330925961 -0.298638154149021 -0.0450983640003667 -0.70354129097499 -0.0887957382238682 -0.303174206661339 -0.234876246353537 -0.220103483210593 0.335819572764627
-0.215370503090394 0.00715028722815016 -0.0743097877430692 0.102907129143984 0.304079687537324 -0.056823341993496 -0.200319947235931 -0.335331014948864 0.197176271956062 -0.250337725380295
-0.199717241340627 -0.0807737810201738 0.134992366886252 0.0496166450880672 0.414183369177525 -0.0926194610852058 -0.282422986532658 -0.182457674294884 0.425622727576905 -0.285012857121499
-0.054466804764251 0.186841772643509 -0.115100457065613 0.00284115882414961 -0.447925423401552 -0.0762569821772751 -0.114662636779183 -0.243605996915543 -0.0816929801878953 0.366614671910808
-0.18108552979175 0.0123929247570604 -0.0626203621754133 0.055649311231199 0.174399806798467 0.0671271026248935 -0.351972051422823 -0.275613394356919 0.356323401756274 -0.289601660757124
-0.0316614062826535 0.205270483142993 -0.130259406976381 -0.00287353047806482 -0.433264058157962 -0.0790462447708315 -0.110218772762621 -0.243693711965024 -0.0808572196482594 0.355732081274767
0.393838237635037 -0.162870175272315 -0.289756958038761 -0.0656044492792436 -0.47194745490959 -0.155343315255905 -0.282152999363148 -0.218545248514356 -0.0471698075775667 0.177397962112575
0.213013619621704 -0.0116549168785731 -0.379609038303367 -0.00597851637782019 -0.506975944874473 -0.228502129786885 -0.524344422963516 -0.215462984115359 -0.237122395992486 0.252126417095155
-0.189028076604715 0.00365376400380037 -0.0722633916652857 0.0626378837124293 0.17207507078915 0.0681025782411488 -0.328873688041271 -0.283579308608461 0.342048578104266 -0.300315952603369
0.456070951180926 -0.190944761168858 -0.234495252045025 -0.0880426932774405 -0.517929892124385 -0.255905709408099 -0.226842936287919 -0.162321906259215 -0.125759619014193 0.196654224945565
-0.263475515985823 0.0566862039549828 -0.0655406389033851 -0.0263079003226239 0.275590125164998 -0.0166270857325915 -0.119005971017871 -0.192767869401543 0.35415550996436 -0.387982385311041
0.428574042204657 -0.0331972059190896 -0.285506076319167 -0.110476308493442 -0.502201195544485 -0.158648162609453 -0.296501544611822 -0.127720506373309 -0.0871821570823643 0.231920186237995
0.43850590765298 -0.100469152236597 -0.276547685797453 -0.0865881457098225 -0.497858199165254 -0.161358155751848 -0.321325860174105 -0.213303541510003 -0.097201506742542 0.259077533146016
0.486814988621181 0.0499973627050314 -0.27787389071686 -0.0257747365092519 -0.696736962602542 -0.0314464863859727 -0.284757905189288 -0.217885027368274 -0.181457992615427 0.399295719868123
0.48160186623224 -0.112002795854616 -0.26148511882032 -0.0923803575423838 -0.444286521485423 -0.292594820895926 -0.267320903615669 -0.122094455005025 -0.111582311703966 0.257848887895871
0.406254513343776 -0.132838904359536 -0.24893729097398 -0.0865647717127556 -0.483754115241703 -0.118943786431614 -0.286649739741251 -0.13186614930037 -0.0491046731320689 0.233341619968676
0.566568588891303 0.00150551640934779 -0.216949626539029 -0.100625489901545 -0.733802837471763 -0.0895593569209618 -0.312622754111561 -0.273711724589175 -0.232975430233057 0.421742795982805
0.455153370886375 -0.0656050312790332 -0.30161829938936 -0.142896022483664 -0.501206562275149 -0.229299497650993 -0.316167347598699 -0.194261067954658 -0.105702191439673 0.240707009160879
0.119432620786593 0.0672360248656879 -0.0818604108914846 -0.127574961303375 -0.434678706756304 0.00532258788271207 -0.344719840138114 -0.258592940563701 -0.0546526285040681 0.479489343289387
-0.275903619373046 0.0528400236226906 -0.0739277688365292 0.0265087232118107 0.246538416526634 -0.0554625609037025 -0.173826280303853 -0.265452670657567 0.172379055516573 -0.419487848772354
0.462520502099246 -0.122996721635531 -0.296504317956554 -0.112937717776502 -0.449634842154672 -0.179071872482196 -0.302693565957379 -0.185516895467275 -0.100424930915675 0.191044119094518
0.279523407012734 -0.0422317554459756 -0.349238366516265 -0.00892576011569339 -0.656929055407903 -0.309353848530393 -0.167955693024899 -0.259197653847512 -0.134660340245351 0.291349370634486
0.130174574074946 0.042651096612627 -0.12425898524341 -0.185024900138013 -0.427290348970376 -0.0125852520331296 -0.377866970687705 -0.257578083575746 -0.0785602834773107 0.477395190274318
-0.223853688598504 0.180580071667237 -0.0187374887297081 0.00775654181405117 0.256884729536742 -0.0392686385874503 -0.209317842888262 -0.223515803621383 0.277335092913697 -0.275645712053332
0.0321313308128825 -0.00871026875592609 -0.0732400340677136 -0.174456484223056 -0.477408086568498 0.0359239943283744 -0.315871267613981 -0.286808871173459 0.0643400158121555 0.576087967760814
0.302348383487806 -0.058206657857129 -0.361219651033459 0.0202030496930139 -0.644550186795176 -0.307524781591709 -0.16569125279577 -0.263403295031859 -0.148434566306507 0.296565113937183
-0.292448039474573 0.0436004921161316 0.120115833577783 0.0858849227337121 0.290287665900935 0.0143641847082112 -0.31989910226593 -0.274838940614586 0.381153714188266 -0.370727953877214
-0.0226470610757402 0.0552738363085774 -0.132424131333529 -0.0968399740154341 -0.384310180029952 -0.0477668472449907 -0.161103543989886 -0.165570157605444 -0.0776840791049648 0.435911106857055
-0.139202062964432 -0.12434958417979 0.108489394773782 0.0791361428327139 0.475560838392929 0.158285761724169 -0.300480889363536 -0.184961857905911 0.406540444054118 -0.512023073453833
-0.280068071030681 -0.012842820953582 0.0183502709956229 0.0817465236607525 0.346630746630178 0.00322226459578525 -0.196335692082613 -0.406323701805071 0.248375165290815 -0.247624094420124
-0.283072127514378 0.181885239927908 0.0148947700665328 0.0405795355535904 0.223537459474966 -0.0365313724848392 -0.29159861982701 -0.167751848221386 0.261374556045021 -0.315965454970211
-0.139202062964432 -0.12434958417979 0.108489394773782 0.0791361428327139 0.475560838392929 0.158285761724169 -0.300480889363536 -0.184961857905911 0.406540444054118 -0.512023073453833
-0.247805635092395 0.190905825722103 -0.0341984673382946 0.0550190327017416 0.257608955265077 -0.0687616409109526 -0.337155961464579 -0.15395949614367 0.312184117993371 -0.391051691833885
-0.186737452073346 0.102834579961697 0.0339891611957221 0.00991008118445959 0.187288003507715 0.0824080447971034 -0.283521107186197 -0.410524475315395 0.418696875693678 -0.455972141568756
0.218864447050958 -0.0625185733941869 -0.434229180171505 -0.0494797733038394 -0.706085694321357 -0.327845528515894 -0.294700319165935 -0.454475365225872 -0.0432120963007901 0.387264734770541
0.462520502099246 -0.122996721635531 -0.296504317956554 -0.112937717776502 -0.449634842154672 -0.179071872482196 -0.302693565957379 -0.185516895467275 -0.100424930915675 0.191044119094518
0.259477141092174 -0.129300342654623 -0.434057033655677 -0.0127285488308646 -0.692168606224587 -0.304403445044935 -0.189385654484559 -0.384987384613491 -0.153089718780882 0.424816306907995
0.0837592820872444 0.033962337591778 -0.0841054260345914 -0.141822059991537 -0.464503364610985 0.0147652027101244 -0.471872789325377 -0.23993574342738 -0.0894000071186884 0.541214528513969
-0.192686774463455 0.114391130808086 0.0371938106638676 0.0212376053834612 0.337165485416023 0.0217919645608239 -0.257846849761181 -0.196522907559129 0.38150471240719 -0.349844824180567
0.479102759129051 -0.130668320880793 -0.318292520176774 -0.124561882157857 -0.437352298781948 -0.197831191320158 -0.314941136051087 -0.16496026385357 -0.0966843034611281 0.200665672600191
0.444261216328155 -0.13601412753301 -0.340035198663693 -0.106057685707438 -0.488056857117109 -0.191893640208597 -0.36661117129958 -0.13468818719522 -0.0811523816260207 0.264674418035309
0.235054211067168 -0.0709125993112208 -0.462108471440143 -0.0373598248283199 -0.664173399903623 -0.285105093886215 -0.201243554740258 -0.358695107540292 -0.133391403476335 0.409570566878629
0.113801085027864 -0.0791006862416463 0.0807571949356668 0.0694472110276076 0.0875179770975024 0.121118119368125 0.291124348936541 -0.652209763309043 0.0593054956450513 -0.0855543126582304
0.160870917792451 -0.0258031495754171 -0.118722412866158 -0.112547310217281 -0.432895910983852 0.200475032779 -0.378674949435464 -0.310501940183416 -0.236955637741908 0.576309924639744
0.340905881275007 -0.0345543325207879 -0.053540392563888 0.270136362596808 -0.40853621290427 -0.0457893703888234 -0.41576075166782 -0.114535811229922 -0.119025715760751 0.435842998386029
0.208932014554853 0.207287200530669 0.0750722766793363 -0.0287965987032415 -0.218418222220575 -0.109570590181227 -0.239989011462306 -0.366857369730454 -0.135662049896925 0.180713076955302
0.189612948207974 -0.143825186937263 -0.1256299839491 0.12700425674262 -0.481909018182306 0.0637634172740298 -0.535747020062691 -0.205957242271221 -0.158066320072406 0.533383034009248
0.116357100096456 0.0695146240383685 -0.175859696224809 -0.0455595800989312 -0.479268126374079 0.205620978289682 -0.412076872482267 -0.246343815382713 -0.0887725217660716 0.535679938980882
0.19311977669652 0.1823397297374 0.110442189142492 -0.0132846773077369 -0.296265158995982 -0.115793215073784 -0.181031768823367 -0.412860207161353 -0.21039185098391 0.111745322851914
-0.0125676034544826 -0.254633777894262 -0.0308830985586944 0.133945431014922 0.367865965213209 0.0735900979064261 -0.186665052156325 -0.500832506989719 0.355881853491641 -0.316666517633848
0.0226911689364036 -0.143607338832051 0.0880074611509856 0.132952903634969 0.0290959606962442 0.109935087338122 0.185118206734377 -0.561532386191234 0.0234648334612261 0.014773245359547
0.188810658244694 0.216449808276167 -0.0410056560128905 -0.0621407642336215 -0.55245818773003 -0.0724988931713317 -0.0908409280552984 -0.529487478697104 -0.239751627607544 0.083910665023486
0.156296521379626 0.17783422254444 0.102372940695078 0.0105864588100755 -0.381377763915786 -0.16395277282162 -0.250193826997812 -0.384271942286999 -0.16353919685155 0.174118239094963
0.326177116362283 -0.188617182250537 -0.116820840148854 0.195185197598418 -0.427275530662261 -0.0218699530308743 -0.542021582007212 -0.169120433066906 -0.0645177681945013 0.647455062915391
0.400428855634499 -0.0530237568937461 -0.122462274656791 0.294944270545533 -0.432035242297102 0.0132977906554846 -0.426667066267653 -0.155221786432958 -0.127506863293448 0.429182681586903
0.267886318614839 0.00583216368016537 -0.256179440669727 0.0240916471647225 -0.363654231448004 -0.031642959871574 -0.651933674432577 -0.114119214305731 -0.170292063658986 0.504774034285732
0.116258216313203 -0.0454595311707701 -0.121001077658261 0.131478418072526 -0.462717491214788 0.013042277704423 -0.556884086427861 -0.26009736147274 -0.0586078152324307 0.539007458523534
0.0604370890160053 -0.110483843442703 -0.0494054808786189 0.119526067080557 -0.455598945772191 -0.0897005752191457 -0.593524649492711 -0.268986809439616 -0.151559033944615 0.338864837494121
-0.146023685985425 0.268599036126724 -0.117868594095159 -0.0128568048766421 0.264509311057981 -0.00974000639827896 -0.245068868027984 -0.196878120480528 0.29912169435171 -0.241820529170265
-0.169193772823568 0.260980548651592 -0.0852493175459959 0.00304936233298619 0.262639417957664 -0.00172015500148441 -0.24977684676687 -0.191422823669279 0.317662277343053 -0.27100305694143
-0.255339517637206 0.0244897993674383 -0.127127086668089 0.0835319456899165 0.300632157679306 0.0929461063928906 -0.35109881311034 -0.289417207695324 0.267265740667077 -0.211393682345276
-0.126621004310374 0.0487639225971424 0.0522681755569484 -0.0308300027401955 0.445262315424696 0.146234811803109 -0.307266570302467 -0.222780509717485 0.34896996081196 -0.50431958139869
0.376008617677888 -0.112405181463485 -0.272612724133355 -0.13538134048969 -0.569216804824339 -0.278983475312458 -0.29755606739082 -0.0841325302744686 -0.0467712019842579 0.257780893232737
0.409119284871528 0.0765170429409973 -0.270051586319912 -0.0481312823275905 -0.6227388782129 -0.0863357697901666 -0.353139639523989 -0.237347762429146 -0.194278110282267 0.372128598905304
-0.313085797940097 -0.0333628537137301 -0.12667993676569 -0.0453084741504613 0.274488280631014 0.000853324424170002 -0.240472776024204 -0.318804988058559 0.275922267073832 -0.421258964559739
-0.289224400514907 0.172995307647141 -0.0149082872829393 0.0968705920572626 0.309000661782741 0.0332162827008395 -0.227372226060378 -0.179560573778815 0.26840650444545 -0.439020581023683
0.0475896441968312 0.0107680753308251 -0.172797433165143 -0.0426377047003017 -0.363639915292007 -0.123134582823131 -0.124287777382839 -0.222133965060587 -0.0974298083420175 0.501481493499324
0.0337965953621102 0.0453555337739489 -0.163870292519031 -0.0519796932846951 -0.379381357765285 -0.110947688669034 -0.125387742338699 -0.207012635689213 -0.166519145325955 0.45957059344945
0.341111350046101 -0.106321715903692 -0.264467847120199 -0.154991670635968 -0.478441566084405 -0.129757319535707 -0.323590763605114 -0.207755028091125 -0.165887989275669 0.189849569773762
0.362485649782305 -0.121059918115922 -0.327075700009573 0.0160860014392043 -0.509079354699057 -0.243442863864697 -0.286259580444123 -0.289771843105533 -0.0858345132337055 0.333326979239992
0.0600808574085405 0.0726001162941318 -0.188884570678848 -0.0428882940420708 -0.392874743016988 -0.0994985980343464 -0.118167275544322 -0.252286639253762 -0.0506194104326646 0.44572078112476
0.436152477819178 0.0607249596699583 -0.195055151139323 -0.0869450777487471 -0.517433338522813 -0.228801359376464 -0.392372629199385 -0.331209189992206 -0.291569270289181 0.319390338422552
0.238128874669449 -0.00051302077194227 -0.279028287239835 0.0589138304773171 -0.563877355899232 -0.203792114688994 -0.496357920549761 -0.254585120363806 -0.261884011718117 0.25391547580225
0.0158415855129671 0.153471175339427 -0.0494928740471026 -0.0950080886368992 -0.55424385183227 -0.0481418218052942 -0.0770088762032295 -0.227354519208148 -0.0991943824554487 0.366023263946242
-0.226021725145732 0.222323366751132 -0.123384722248854 -0.0210279272523913 0.209232985108405 -0.0557341366194894 -0.235332723749702 -0.193719052391068 0.314139697886027 -0.310005788098596
0.00588425157664137 0.17647289091355 -0.0598142813319614 -0.0793689670613082 -0.5011899752593 -0.0151107249562496 -0.160730212199768 -0.197075882229653 -0.127985107028033 0.294938453067331
-0.285858917489053 -0.0167524936865931 -0.0934650583883899 0.00848575270183808 0.268797993916815 -0.0215677813083778 -0.238796822625731 -0.353771870333636 0.25848385019016 -0.377905176228154
0.377932045855596 -0.174882521389411 -0.321435761878334 -0.00961125985907901 -0.762681896699507 -0.314090716858048 -0.240846477421766 -0.324668917724769 -0.225380140168864 0.375416752712592
-0.288712457395689 0.0700308450456604 -0.0309894272886573 0.0232503714895211 0.245135373846217 -0.00253621045675086 -0.0476680567258947 -0.211499680462329 0.297072417910737 -0.404108649114809
0.478030814737187 0.062211373524228 -0.310903724292383 0.00301524625545859 -0.749175839209199 -0.131594783002293 -0.309108990438638 -0.298286301005018 -0.162087946591262 0.436870087069317
0.403231490050798 0.0980391562612626 -0.361423945214942 -0.0117460977030656 -0.654942217574221 -0.302007959513394 -0.499238889396655 -0.227137264981092 -0.230429556270267 0.205289677520802
0.404471339733022 -0.0587184868055331 -0.286551172203387 -0.106372244416915 -0.469837771340727 -0.147305517692476 -0.251711288409979 -0.141775813173224 -0.206063042170462 0.16984744605449
0.135036870776631 -0.0427230668164474 -0.208440038522063 0.185891275481329 -0.56716977554356 0.0719909982624818 -0.628520566378571 -0.201557495043609 -0.158154573527715 0.504111615125427
0.278986410625507 -0.143631902986634 -0.274067703367587 0.0582451195395308 -0.402712838355425 -0.125234618301113 -0.562893643606167 -0.165631800281803 -0.0564797258094906 0.410455304755146
0.0727074844067645 -0.157618715832284 -0.0631707917933648 0.14467638839479 -0.396398992596326 -0.0874837647389195 -0.576885842485622 -0.280270029187767 -0.104153273385351 0.30037445245983
0.0986978654576238 -0.0314801944746257 0.00322708079162583 0.113445266832093 -0.0756296381288598 -0.0465682025840394 0.165669794511192 -0.392766029664158 -0.05118540441754 0.0529151250894445
0.362402895652182 -0.0297564907019424 -0.0932913038913402 0.207007193474913 -0.387253127475865 -0.0581916297538984 -0.386280182618942 -0.099234863247901 -0.145940408604088 0.36373168870751
0.144635977213109 -0.0660804900422353 -0.184413938648994 0.161629108640075 -0.564167770263907 0.122066091048303 -0.530029760099166 -0.163461414251331 -0.168345038728469 0.528098712949234
0.320457064680636 -0.0152792647037629 -0.246426156375778 0.0169193143404702 -0.31434717591538 0.0360183645776929 -0.623997754521686 -0.147984036185624 -0.143168138933253 0.426194110986448
0.215632403192896 0.308590012947279 0.0643033486389261 -0.0950873568468883 -0.499239007569325 -0.122261027447818 -0.176385129784058 -0.492729189081006 -0.283318944244094 0.0054702947402758
