-0.546864435694428 -0.304230476473975 0.181088875560936 -0.495042851851111 -0.18696911858492 0.302319261766283 -0.000563619956603858 -0.0303031567336814 0.258054004071785 0.445013177817093
-0.736717144265151 -0.286482982910243 -0.0897009203939292 -0.211761152472518 0.15104564372929 0.305681884931694 0.309890103967575 0.00811940610385709 0.324609927524764 0.30242581101608
-0.603196153057243 -0.197358780724437 -0.100912948118054 -0.352761862582386 0.116336921733481 0.104377660443764 0.17345864420963 -0.0301361203870379 0.0280464129206685 0.159603900550075
-0.519298473232249 -0.168404745393331 0.195106201856128 -0.387909730919967 0.238244360667209 0.0544619383453169 0.201099776827744 -0.402241606635564 0.320629292698066 0.205069263586987
-0.645107050051903 -0.318752687552756 0.16679268345203 -0.255562889180559 0.141077174001066 0.0285789010406271 0.176757558621006 -0.27062838180589 0.197034488092993 0.217864031778438
-0.663867986357602 -0.280561770916107 -0.0861588837342142 -0.188482880759626 0.164075646640047 0.23494318400647 0.310854431475017 -0.0748097927971962 0.276320812690777 0.297807366936331
0.154882223399649 0.365892518088441 -0.0831908713654031 -0.679157588096428 -0.126663652847791 -0.613431264419802 -0.0589791343087208 0.16220067991522 -0.0537532436235315 0.214520058786656
-0.508364522511976 -0.143823290332689 -0.106422513741082 -0.405142989570414 0.304737521215055 -0.0500289327960723 0.301021220029463 -0.377976722770301 0.118898617715777 0.430623012960096
0.270810280566245 0.34023514590237 -0.0125686974628877 -0.515274526106254 -0.161013619274826 -0.556948172000744 -0.0468669831732404 0.0648643993867292 -0.0828394868538244 0.203022987698323
-0.691842704841939 -0.138354768967987 -0.00715246513421777 -0.283540696278542 0.110587943722156 0.0731924772263024 0.323358415499529 0.0986483083367742 0.20819167196417 0.185938545983083
-0.562945955836615 -0.116194592390056 -0.103907733168053 -0.327570536330464 0.119174881247772 0.0826721817000552 0.258064667131638 -0.0438901019875888 0.0676324582427989 0.194589621047432
-0.474846129993189 -0.247882084524303 -0.0224627150851113 -0.437535034710071 0.368290617953373 -0.0112356981559682 0.190843256418911 -0.344347366457412 -0.0272082353544149 0.430013263157594
-0.708066023038124 -0.127852055408848 -0.0212756577275055 -0.285471763066199 0.128953972600508 0.115980493812759 0.305396921557114 0.0516240328144344 0.237088139915278 0.181778903823065
-0.731441117437051 -0.279005111195785 -0.143268846833275 -0.213899895876086 0.146243908327805 0.349273807642194 0.299008639969598 -0.0292144392409467 0.282443392133929 0.307666850981386
-0.65622676346324 -0.140226916779047 -0.010024193520333 -0.277498117126126 0.173611149193314 0.0701875213593737 0.296944736033048 0.0566782175796706 0.196745207926737 0.131119578202688
-0.494228009952403 -0.205318506947965 -0.110091415416135 -0.423029371292144 0.296338817702935 -0.140332160913374 0.334695727555776 -0.295971174276427 0.0217813266866362 0.357795566803705
-0.623744885608713 -0.311242952934261 0.181125264894168 -0.260301031728174 0.133412079226175 0.0202952410936685 0.155451283467572 -0.311215113685401 0.17492612483104 0.21543714259207
-0.651610594063948 -0.383213463968702 -0.0487993665721077 -0.528040210425183 0.093219908822442 0.40150368506349 0.0985975361926638 -0.168142488954444 0.191109032545984 0.284267391451854
-0.658200152310754 -0.265442734109476 -0.0454151804932715 -0.16594746495726 0.179743638079583 0.233742427604414 0.322856058975488 -0.0478780313309072 0.209592389074734 0.296154223672595
-0.650267417867752 -0.21827444647344 0.29162389890871 -0.316520634045977 0.273386229907099 0.111861623344798 0.210334891939547 -0.413771515831513 0.329295501474365 0.245404068501748
-0.614267172689836 -0.34845346190303 -0.0315218973344808 -0.511349359171932 0.113427976656872 0.374963431655918 0.138629920860943 -0.147448866046509 0.178225329585762 0.330557213978323
-0.64382444651468 -0.33528248622222 0.109471105016593 -0.401560384186529 -0.21388340384685 0.274531771468166 0.0601438297795575 -0.0541207591039342 0.208881792715922 0.28998786995143
-0.641490658550582 -0.356919367623285 0.0587581822933248 -0.487379580476695 0.117215358401 0.38944640277776 0.111262591680633 -0.106075841894989 0.255991219499694 0.351271078029731
-0.706664810309349 -0.31196328715211 -0.0290633424908439 -0.385915374014753 0.0032875098993507 0.376985580556763 0.0753818506189058 -0.207834520952518 0.161375847889264 0.360505862635015
0.400423742260415 0.321630450772507 -0.0958805294964459 -0.548447620113728 -0.235936377896189 -0.520120368493619 -0.0943209218904252 0.157062897929355 0.0819981926841102 0.319009560744988
-0.711724840601312 -0.220024507947638 0.0757131096234925 -0.167316476550674 0.213148802078097 0.104464194394539 0.350772008586173 0.0697585317858219 0.218182304343324 0.305236488917468
-0.634363421549682 -0.368729163275017 -0.0107140626688004 -0.507953901469164 0.142618069450419 0.382982163404714 0.139822022394765 -0.0878527200212174 0.259430103087376 0.320906717564036
-0.679726141235282 -0.323824055339724 0.143369524876596 -0.441634525844759 -0.173599669127046 0.274847055553242 0.0812363549492941 -0.0550638551353813 0.185159466101649 0.31361901031746
-0.535460209828776 -0.0796091852771842 -0.0929074060352237 -0.238111820180946 0.0608299410483805 0.151036871777668 0.198176088488596 -0.0420035897197222 0.147049347832874 0.238984178428952
-0.578076831270042 -0.349941715692694 0.0958950656014578 -0.461209495343873 0.124837656739185 0.387850887976351 0.151237402105548 -0.137383359030987 0.280713022549846 0.277749899059607
-0.535945572734213 -0.281300736808056 -0.120966967283918 -0.457071554761993 0.40983402523178 -0.123146009140311 0.365324564570165 -0.164908804993696 -0.0661873598988715 0.283988158511133
-0.662370617000338 -0.293269988538905 0.0377639023839048 -0.498720774347141 0.0853235825960972 0.436028687958462 -0.0529831196239162 -0.270277080183874 0.209681713297896 0.268006312672013
-0.519422612670913 -0.242494724208964 0.0274878187938667 -0.592697269434331 0.418295841181556 -0.0109627679725314 0.413718340719634 -0.295631077920747 0.135078702116921 0.209439388048088
-0.614606413626016 -0.309396645756087 0.141960975563172 -0.410893406328026 -0.212286543551638 0.284336974934759 0.0841607060655682 -0.0413401774163166 0.230453547491891 0.301535534948555
-0.679910743605557 -0.325722322254202 0.0979733736469562 -0.450611563810105 -0.251304036242972 0.270089843493956 0.086107655703601 -0.086584387306072 0.239061330839293 0.338609535588405
-0.755028669017292 -0.237309982672676 -0.0396674199884269 -0.233383329196442 0.0773919868882148 0.299891910234035 0.330435333074357 -0.0274589849642213 0.323557246449995 0.300748069168664
-0.648904654724148 -0.0978810033541037 -0.0192787362262903 -0.28663245675985 0.117352038316389 0.113272372574521 0.320662575341072 0.119709539156028 0.20185139812633 0.132494249121158
-0.65202917827698 -0.346142956836417 0.145422473926479 -0.49073992369908 -0.246582608223769 0.32550583878571 0.0101894196446737 -0.0540494327837154 0.231256813458831 0.286339333851261
-0.699961473296072 -0.0675686400150961 -0.0670380112986121 -0.284343939549559 0.000911649404101678 0.214427180087378 0.325440293001711 0.166451835475714 0.138470123875512 0.297506597999118
-0.594767495057113 -0.274780304342182 0.145436206555937 -0.478359368957909 -0.176370395634746 0.279074808790793 0.0461173209738771 0.00525986357832334 0.199468656057813 0.399694753868701
-0.674020089176692 -0.171190633204845 0.00373663519756329 -0.337452828724555 0.206564197527894 0.0666915400970234 0.312302181524413 0.0421014951132944 0.284049998624601 0.213924948043541
-0.67648569855787 -0.284505172773361 0.000700384462774217 -0.356848496335459 0.0700627079968734 0.32833701575252 0.110420290576403 -0.136096093378441 0.190488768959355 0.26359397075819
-0.5819962022577 -0.253754598348473 0.0185300297101444 -0.55281678385478 0.0535364677677573 0.361165598146819 0.129363564863625 -0.181687912889576 0.22437451556851 0.360996519431481
-0.673120633852119 -0.285687537686753 0.0324896491531296 -0.496928522999487 0.0417706951613484 0.448082990013362 -0.0275626176293411 -0.26358442793816 0.224005720998247 0.223423422824302
-0.571884490844949 -0.0901443565053343 -0.118977983678245 -0.244603571806941 0.0613347873401627 0.187710788756359 0.210499949342232 -0.0801647856832009 0.138344955739608 0.216489769996651
-0.466883454023327 -0.24598514500156 -0.00110865350416553 -0.450961020769045 0.302088507097837 -0.17414159585964 0.321521818109095 -0.253077073140395 0.0645804168474427 0.376573195602916
-0.702642916479848 -0.128711083443983 0.0103203771418264 -0.301005264451454 0.156771226354197 0.0797792313825165 0.30037572610742 0.0472772474668741 0.181517094880364 0.164011496382364
-0.596428490647624 -0.275410431295958 0.110384064866038 -0.421710363274006 -0.224198573597518 0.291497926776145 -0.0141130758582314 -0.071348368260339 0.209624768123354 0.437612527935998
-0.657469311127308 -0.289251535948847 -0.0377318092531342 -0.497788195436499 0.0627840567421045 0.403983979562178 0.137569263987774 -0.166921002602322 0.232028726447039 0.322720928966156
-0.675471539441079 -0.325964784319663 0.0105390619896036 -0.49808523248156 0.0885681635433071 0.373241333681248 0.163010532329381 -0.0906170120809104 0.284019319113292 0.335402787626476
-0.659174907081427 -0.0775404087203802 -0.0743581292293637 -0.335767716662467 -0.00295604265526762 0.231051016072128 0.301264115439722 0.167487225834229 0.179339877315866 0.28273513255056
-0.542434578898187 -0.258451814727849 -0.102993434610032 -0.460964032158604 0.413632791326316 -0.125298149938319 0.399631649815563 -0.178208473245828 -0.0860258060603806 0.279356147904477
-0.527801657141101 -0.297214214794178 0.143415618658335 -0.42458155007633 -0.18558547674544 0.303827828982346 -0.042516786902331 0.0160522772620886 0.190166931374963 0.41872413758763
-0.579360798403348 -0.29699142007921 0.137161894489558 -0.469807777447737 -0.167268415084271 0.321702359883143 0.0129172824219053 -0.0286518459707305 0.221901923520705 0.369960016185069
-0.612145146342139 -0.323581267726729 0.131098486429822 -0.530214303585258 -0.21662217492306 0.438173530551634 -0.059089231944006 -0.0912274445571721 0.265483550386904 0.264564736067358
-0.627896257576973 -0.314402977949444 0.123438093302919 -0.518677544068381 -0.221176200295782 0.444126401959688 -0.0699532200520791 -0.0865436527175058 0.270612779104156 0.267692050103367
-0.58107452779368 -0.288442747323124 0.135796798124008 -0.451444176594955 -0.213743052613087 0.286889428680392 -0.0303873648506223 -0.037623367560585 0.168973103477276 0.402922862276633
-0.602462174437961 -0.261045340784556 0.21732085676842 -0.278723311537518 0.177687592135788 0.0109614128339813 0.161437356901003 -0.233102868974583 0.264545091182209 0.234563501516879
-0.654352941724931 -0.341995237315624 0.146728125243404 -0.48290435147561 -0.241342382501869 0.330850421924594 0.0205466336545624 -0.0499226099423161 0.225231245164723 0.289325226836066
-0.605165520873595 -0.347102704963436 -0.0060845569734643 -0.499280465344292 0.144268735020123 0.418049044124697 0.115739940049632 -0.108420022335881 0.310276229951723 0.378497346598988
-0.651855002498587 -0.377236682020208 0.111249374804566 -0.457924784130114 -0.135314386007366 0.248688157828724 0.000319305194698966 -0.0989495511432118 0.177180036569619 0.490526188752607
-0.67899797176842 -0.146000322754558 0.0170648326798164 -0.313455368665669 0.0695564458918236 0.0776671533868943 0.302945588593379 0.101075558430257 0.209936413665795 0.161325370913712
-0.584257061578231 -0.269321989420001 0.132679600738431 -0.481823634392535 -0.196969796097822 0.273342928225271 0.0265169711653796 -0.0239745183896163 0.205022193845185 0.409914912754288
0.158279312825197 0.366755527991987 -0.121390250572262 -0.668902618080295 -0.174446746421219 -0.608425022702374 -0.078906446307323 0.148051212014629 -0.0483109655795249 0.211978153433919
-0.683676273786744 -0.215909978404605 -0.0267197782227648 -0.211820652615548 0.0747451361528663 0.271133592005888 0.297683977730118 0.00810233584710193 0.260939557525584 0.311548967767086
-0.597394690305539 -0.28404101767205 0.12761079606898 -0.42032185684871 -0.262815172593129 0.275095208880483 0.0119241697878464 -0.0772370722633995 0.214023767763402 0.250278407342381
-0.613067038681665 -0.386808181508432 0.234841727259351 -0.306832669656974 0.0603593718100908 0.0862135675132972 0.246949941145308 -0.231220186324872 0.358641441030794 0.254592034263585
-0.555655382295635 -0.297373159594937 0.151786125072496 -0.431628865666881 -0.216271833016459 0.274773399274631 -0.0389543219594576 -0.0168168477161153 0.19005296089503 0.430529269898702
-0.653429581163912 -0.0925330230625465 0.00524731766558481 -0.303479422001221 0.116077301113817 0.115074430435419 0.310236919248241 0.0714115763664024 0.200525513222188 0.139086422976048
0.363386868225977 0.299783303314528 -0.0745872443457051 -0.623804995131667 -0.170197946057509 -0.633664688401241 -0.221112864775183 0.169475607813162 -0.00153988125640325 0.288746623590813
-0.541769363553404 -0.117463959437161 -0.10555317216621 -0.308839748402285 0.163728371610051 0.0835920369594239 0.157321989286554 0.0174092494094728 0.019403907691185 0.133209314826216
-0.488262927154195 -0.238039446196376 -0.0856955164069518 -0.425204728165047 0.323373571240847 -0.158551684740423 0.328506875424773 -0.282799265940359 0.0670027655124487 0.374197198241272
-0.48190182395317 -0.154363819721468 -0.0678968726974361 -0.480592856006841 0.261327888263058 -0.134576606917391 0.312371146041287 -0.309542926190822 -0.0175465463245395 0.412795675810704
-0.700383620925918 -0.287721886495981 -0.0287109622654459 -0.39602167144012 0.020190132882255 0.374004757285207 0.0766721924548012 -0.193123327589821 0.204672898936542 0.363241592118551
-0.523774074423863 -0.220095741112711 0.010297567632031 -0.518075761429179 0.40596982071778 -0.0348179986160573 0.445089193702529 -0.306483247114534 0.1419310538166 0.223371936820487
-0.624608085787157 -0.341524487173633 0.0833641565745104 -0.440339247800949 0.133319690063392 0.331563776997445 0.116592238182158 -0.161202940308665 0.211362929298545 0.234373893547605
-0.737889350579752 -0.305157798745083 0.0166504739653715 -0.522868247537725 0.0750296766551675 0.393189398470521 -0.0493266504316277 -0.238442553887455 0.200839842975944 0.314033347372983
-0.6769079059241 -0.338507386133521 0.00807043986700315 -0.53384916065678 0.0603635788747097 0.46882308073862 -0.0289513492593102 -0.266522952886257 0.221942258847056 0.245237233110953
-0.64382444651468 -0.33528248622222 0.109471105016593 -0.401560384186529 -0.21388340384685 0.274531771468166 0.0601438297795575 -0.0541207591039342 0.208881792715922 0.28998786995143
-0.682934905271492 -0.339896624132655 0.0213294474630071 -0.47691589800113 0.0587146960543551 0.416340565242865 -0.0299378312499427 -0.23876055158742 0.229049877620203 0.313284961659554
-0.617631856534975 -0.199631273496282 0.175534405672573 -0.308451742171678 0.226898481623862 0.106054072596847 0.265160386093326 -0.468190355356174 0.281042373425923 0.136189458107955
0.337826085437197 0.292444532025297 0.0401342167842709 -0.594774577278651 -0.158164936037998 -0.688803728609237 -0.0719722489142403 0.0160269739182284 -0.0764049781382083 0.236481769411247
-0.670376506385532 -0.317947773489066 -0.0170843134818837 -0.512627522526838 0.0940523546441389 0.319477031286485 0.170980003640776 -0.103194497557682 0.20609595013396 0.332843326725719
0.24941305223306 0.262323644440908 -0.113378682583534 -0.573364880902781 -0.179101009964719 -0.546664452101408 -0.126193263029629 0.146586246977235 -0.0279643703310619 0.237255271385965
0.305008202101942 0.415724505602809 0.0229244786451139 -0.49961026260509 -0.218824322513568 -0.616540251781918 -0.0207822860865991 0.0388758097504408 -0.152587710051623 0.268314288333396
0.284994532627804 0.356349715120427 0.0232514033343409 -0.504767592089059 -0.159796694416084 -0.603680944855548 -0.104103573600002 -0.0346092824063254 -0.0975073742110856 0.24982557853202
-0.506419160012965 -0.195194971971137 0.17075661305717 -0.324332150015173 0.154384873949449 0.137578018856328 0.244735107299552 -0.363558358164147 0.340682509267986 0.1904697771523
-0.500369109236473 -0.140080174908719 -0.019848224285765 -0.544860967290808 0.333898885588937 -0.00166757617311964 0.380887792755939 -0.239725263405484 0.0879448178039823 0.219860567754385
0.302662513972598 0.267972037350909 -0.11865943832611 -0.665952802998127 -0.306105977819507 -0.542850533613932 -0.113055420965833 0.181972712749889 -0.0174482498686198 0.299576041051521
-0.522351243525689 -0.109623456962227 -0.0508550594016497 -0.541472996838063 0.327796414750576 0.00619395106249698 0.442657208448116 -0.237304830825561 0.0658770347844826 0.186901301910801
0.269665020941577 0.274683148703617 -0.192476556993604 -0.602819342779732 -0.219419002090373 -0.545375523275907 -0.133382227441022 0.166712226970953 -0.0540764873847138 0.236570489134895
-0.591936671375683 -0.336861193614082 0.23864237290274 -0.323218673045865 0.128099523210868 0.037909141708525 0.233407800076395 -0.281116249273228 0.19796941299695 0.195689732304075
0.257531395071787 0.317340265584314 0.0238800404924961 -0.574344295060322 -0.267909521896871 -0.563563931327521 0.0105121779328738 0.0604439157663082 -0.0493188204484357 0.202795694254068
-0.779569680215772 -0.193374814382284 -0.232166333976147 -0.0827749339442316 0.380807426303245 0.395207399051974 0.330332892885471 -0.231661981481536 0.188014413870907 0.360579811949842
-0.502728353419564 -0.211483596309778 -0.0428989878977768 -0.48291116823778 0.309124064356578 0.0647970324886506 0.381872285408008 -0.474956278947189 0.0860252642413035 0.138989685418346
-0.66725659750314 -0.278397169642416 0.220576288902804 -0.384914656032398 0.186700344668532 0.08532503282871 0.303104550853946 -0.377135283433483 0.344063669269132 0.195441479436444
-0.755573304424934 -0.334842170535275 0.0281018709301236 -0.46307365527447 0.0560226152267592 0.404409929954909 0.108437307360602 -0.141149676523025 0.224606039940843 0.315824719944099
0.278317791788236 0.279802299595432 -0.113854164941873 -0.602213861109148 -0.191177254348816 -0.55956976144307 -0.0638173929255573 0.11461743357245 -0.0552320363457667 0.185116575170552
-0.711698549481256 -0.331198912506518 -0.106127719623328 -0.208115932203741 0.332166799668098 0.150920508784842 0.0968011061104616 -0.234795017036056 0.258778998373088 0.347215014012429
-0.603363039821524 -0.105490949154473 -0.0112916032207301 -0.289152323319611 -0.0540886175343151 0.0261589192634757 0.182344828432688 -0.0214686869768331 0.179184363218972 0.166950495100782
0.304475969725831 0.282355610024172 -0.086583640809501 -0.604456688462653 -0.204849159960402 -0.527891944882916 -0.0971700057935598 0.121585352608524 -0.0609615646382951 0.169100861533333
0.300650492322663 0.264813373996591 -0.17910994034666 -0.61584287917341 -0.201500347174022 -0.507475653835862 -0.103783278134168 0.147774311251692 -0.0585427063967886 0.240928601204307
-0.685535706597137 -0.136464687880903 -0.0440698085126817 -0.305984047550587 0.0133258424243847 -0.0176707086509139 0.218683313609229 -0.0454895395749373 0.141919362938858 0.158933906237025
-0.519107783143764 -0.153871375314455 -0.0236530424619579 -0.511299387169748 0.345318155372655 0.0140692240774632 0.379836157979369 -0.226573448860212 0.0767142438442618 0.207518812894763
-0.586534129710207 -0.308641362871173 0.165569925360625 -0.258339902804551 0.15615254405233 0.0406587673297453 0.13962638663132 -0.273185899308557 0.20808005267497 0.18816674592073
-0.643603183327519 -0.371464738599195 0.0893765284841966 -0.47965804178994 -0.145078717603335 0.305154994361018 -0.0148350599209739 -0.118306326866781 0.182982570600254 0.463335825840935
-0.535629970990604 -0.067141496458967 -0.11607121398675 -0.275011693420305 0.0727106653389707 0.172410155554944 0.194838203365706 -0.0801045401720802 0.171540173274624 0.232002149504175
-0.591621337026264 -0.289593614205477 0.122586064796017 -0.423368886370524 -0.241886274546093 0.261435351713798 0.0174269827493955 -0.0807070828128641 0.232024503875025 0.24798640381806
-0.546359720087888 -0.161105439843493 0.214053525585121 -0.312268966431619 0.283185906048061 0.128152859820534 0.176952676292135 -0.367699186253974 0.267806443535963 0.195260410289918
-0.622266107510116 -0.345110238902854 0.247936288033887 -0.287471069063563 0.127734759187651 0.0777862151185714 0.168603376123702 -0.238264465903591 0.257911429644515 0.198544710810477
-0.640729077517806 -0.355148402505554 -0.0203575344295271 -0.454554078457163 0.116054020686763 0.396701805614596 0.111630885383696 -0.0705231952255194 0.223571009668102 0.310307746045493
-0.517877375669384 -0.207242842128453 0.0795972658448162 -0.548289352270015 0.413109421938044 0.035258167878324 0.489256813639889 -0.28835600398658 0.0595513408668175 0.173222588595772
-0.550037392825016 -0.286870234574255 0.14689626998493 -0.479159296010545 -0.183279985495868 0.286474433752015 0.0121136408706439 0.00150411166714417 0.22671961434714 0.425104653452251
-0.609305525582709 -0.323284316603912 0.0127387091280608 -0.53368790378755 0.0816356397713038 0.384698743594255 0.163119318864083 -0.155558060045486 0.231462928268971 0.286979321705867
-0.699900573033862 -0.142310199273235 0.0169040640218124 -0.306194576435938 0.180218452368663 0.0870245769072406 0.419821912455458 0.028463432411307 0.246531786894481 0.168514269939521
-0.572369601761605 -0.316145885443847 0.261675757283771 -0.295625411394606 0.0534136399935925 0.00381824822991921 0.112613967376367 -0.205766591794504 0.23838004164452 0.153283842153149
-0.598373458453615 -0.212194771393592 0.177238003643736 -0.373940410414578 0.324173832504749 0.0376611644573162 0.0659333413540349 -0.266277570888728 0.365001383686983 0.262686434709842
-0.670285266203242 -0.362221099229899 -0.00610993516720157 -0.464816961072648 0.131439991806784 0.346524613897871 0.101897991458177 -0.0991266409330497 0.241537795658497 0.383165427394347
-0.605346033720728 -0.28230840404408 0.156926389529266 -0.481717081474641 -0.154150238217513 0.298958927098191 0.00762061612942421 -0.117238873199624 0.216669005463261 0.402127537839571
-0.56724350068534 -0.316581931712677 0.218972119556189 -0.262887145740857 0.0720689667782913 -0.0148085938297748 0.1108006219985 -0.249829489952436 0.217013725045635 0.155620534722961
0.259982789248661 0.363707616527574 -0.0131759067629054 -0.551154833504687 -0.169450554130472 -0.612786098773987 -0.182498099816338 0.0891465107631851 -0.0737483728046915 0.211901449794399
-0.692841496833951 -0.321381634174711 0.0140705461585157 -0.492441702879909 0.0668802225025305 0.406839079557022 -0.0480942033183468 -0.234471709760334 0.201632858696125 0.327090282695012
-0.686910750877632 -0.291775351363271 0.0644252633892032 -0.522051406947548 0.0717652698402897 0.408894959531223 -0.0767069459436308 -0.250925526861453 0.225890841616084 0.277690587465633
-0.483279885243325 -0.301502297010718 -0.0133491587107246 -0.356490497616995 0.37066727196271 -0.104858069185403 0.320608444247066 -0.202749327808937 -0.124858852935294 0.350513682822806
-0.691574717937147 -0.14763831874287 -0.0547902653758164 -0.287611511652946 -0.0148940769900883 0.218109411582966 0.331925895814051 0.158494013978372 0.156025575128714 0.228364598821544
-0.701390634093665 -0.0655945453343952 -0.0685050827015051 -0.337103574832278 0.0408698852878891 0.205379587583621 0.326315022778563 0.194767570676195 0.105649055241951 0.269906872235686
-0.565748453467444 -0.267128807140018 -0.125421588743435 -0.441039572622816 0.443304608177151 -0.116962318063826 0.346556693859818 -0.1747733790565 -0.0605086888987386 0.267773421601641
-0.684830222700094 -0.0624344872795455 -0.069598744181841 -0.331845183863139 0.0420103813366217 0.196110182325305 0.322025206753021 0.193819148202254 0.104922275955602 0.268219867181515
-0.440371019152723 -0.216156963957446 -0.0527909743171999 -0.457784662884627 0.463453212959885 -0.0127724171685822 0.234703742163849 -0.288171474072819 -0.0561252842052674 0.43317582323508
-0.61603944877417 -0.274752257565763 0.197317969197069 -0.260569653473759 0.0759956932803451 0.0597132361596838 0.146255703174994 -0.198607713074568 0.27357049493652 0.221273404055091
0.228903439812316 0.314235029460851 -0.0581121240892765 -0.54405397827971 -0.197294171217852 -0.625109072709043 -0.158506448538163 -0.00289908474279282 -0.0836342684093156 0.208761689211121
-0.734169759670666 -0.290104391746467 -0.0956376018047666 -0.211250232617461 0.149757610004032 0.295513433025932 0.304828269224032 -0.00574037758686347 0.319685795713168 0.310930359488901
-0.691842704841939 -0.138354768967987 -0.00715246513421777 -0.283540696278542 0.110587943722156 0.0731924772263024 0.323358415499529 0.0986483083367742 0.20819167196417 0.185938545983083
-0.52574580223608 -0.18507998331776 -0.0179673817706513 -0.542805074873334 0.401175487710004 -0.0942381036970195 0.489507071772208 -0.288834395509633 0.105259594090279 0.226994611685373
-0.646664921167938 -0.276203802501055 -0.0611860462463072 -0.171954545658843 0.17929900106736 0.202507007537333 0.328173068881084 -0.0404665886203418 0.234791623099219 0.312928789618604
-0.656314227373618 -0.257339721835234 0.225151379384979 -0.313866884080237 0.0759623856120363 0.0322902715126412 0.158745854265606 -0.222015766067689 0.167672227627863 0.104741473983384
-0.691842704841939 -0.138354768967987 -0.00715246513421777 -0.283540696278542 0.110587943722156 0.0731924772263024 0.323358415499529 0.0986483083367742 0.20819167196417 0.185938545983083
-0.511644349573421 -0.170707697059965 0.210374525172462 -0.378868458823878 0.219320337644736 0.0403168366149937 0.156909968625927 -0.382740153038456 0.331417160837279 0.218620568344316
-0.713414340850647 -0.131159570317104 -0.0258378355628566 -0.303016356466837 0.0941109768547562 0.0928693910568109 0.353348496817107 0.0894477414752808 0.197489180469046 0.161511659104974
-0.727446363574547 -0.17277212456203 -0.0790988706898235 -0.24997275031401 0.17243710633853 0.288941258696163 0.362713701147056 0.0166962622280146 0.301371541762238 0.371783958702589
0.190621240054292 0.369027019511177 -0.092993745537466 -0.680283207547752 -0.162127737901594 -0.598164323462304 -0.0839165011582042 0.156451620636075 -0.0594691912424332 0.22359562144385
-0.570632028327533 -0.104965660308333 -0.123307546504345 -0.347011672084248 0.124477423284381 0.120923023330176 0.214393491901333 -0.0409322029167869 0.0450588209511744 0.126638783211571
-0.571551065889232 -0.132118946847628 -0.139282188392347 -0.310513504985231 0.0673351414077202 0.103543394709015 0.184422699544112 -0.0101577584232369 0.0584406414814781 0.15529362257648
-0.565513544284358 -0.176271523747897 0.00403821779846754 -0.526679712733531 0.373585143693477 -0.109787548625863 0.468395764057933 -0.319998770602368 0.147816421154058 0.25749071952863
-0.678503553144591 -0.32313427840851 0.00401515369482525 -0.474367970377041 0.134225194550304 0.381902803461267 0.12231870745729 -0.158930690169306 0.232569037206311 0.377523255009188
-0.597818621069759 -0.275738163204404 0.0115627864210315 -0.541900033496532 0.0619369679326852 0.36430864876378 0.130865812877849 -0.171425818267623 0.204999022487254 0.374222686893069
-0.69374243887937 -0.33744535731916 0.0877001562892992 -0.424036381389464 -0.212611635801414 0.30919306642492 0.103797101514728 0.00810242214908499 0.246272834136025 0.318453730122077
-0.690927954761295 -0.123521676890529 -0.0349298949395224 -0.302088298025263 0.113472506174942 0.10132117781366 0.337558918827207 0.0602184057443747 0.209391647028307 0.154312289075648
-0.582773979115948 -0.285185404647363 0.167782855663412 -0.491537585975439 -0.163859726582895 0.290712889985825 -0.00425192740996695 -0.118161590092934 0.195508371277661 0.413246070910821
-0.68874357198055 -0.321061722646976 0.0474673407068363 -0.512506565740642 0.0386570854604484 0.400440868653037 -0.0198048847386063 -0.251984601510056 0.203003292853127 0.27730834910381
-0.587226935216937 -0.301016109045868 0.148259625207932 -0.283158422778339 0.142791712380442 0.016445104812425 0.124078385472204 -0.264696471160846 0.187365544338781 0.183822426789428
-0.546944486129122 -0.118207833583014 -0.12294863410631 -0.31627868206686 0.166425079576363 0.0850429465942199 0.17164021857343 0.0155733938337425 0.0343337497476406 0.122034077423086
-0.522508887358793 -0.129541237944868 -0.137581474493339 -0.353261860095516 0.109168840530729 0.0936092711978752 0.180625654489067 -0.0456194377590002 0.0128116659605133 0.156108132638664
-0.61857403350142 -0.33377483033638 0.242139080254382 -0.255686029997663 0.105213306255884 0.0711033810440561 0.180670875307256 -0.232189907683675 0.25816417054086 0.17361954634118
-0.396532147297607 -0.260922183474253 -0.0523285776718886 -0.396347961885095 0.388121163993109 -0.0530552776977243 0.30852000866708 -0.371629898818567 -0.0297059342797506 0.396163843212439
-0.668269773237871 -0.326659876890354 0.0125190694036935 -0.485133804055536 0.0783421961206326 0.376050341595069 0.173351330728187 -0.0774831004783839 0.255804331039886 0.307906781160395
-0.674217656825684 -0.149209701174222 -0.00734967578995447 -0.285622573090138 0.211028682190284 0.0926009585956325 0.396397360217067 0.0452074019975783 0.229025934142432 0.166797271694935
-0.718550759564725 -0.140511181524974 -0.00333602466573101 -0.32285492223529 0.130989703610326 0.13860461437875 0.340719880714167 0.0846793973431826 0.192761784823153 0.157894630625657
-0.577589139595152 -0.284065625315486 0.141366902409799 -0.438088517014756 -0.184896188830961 0.327995261973222 0.0554618351601744 -0.0674733313595815 0.169059998531713 0.468760654581363
-0.696791177643169 -0.374879722812785 -0.00799470725366429 -0.488002903368444 0.143280991276482 0.339195089771511 0.098445947176169 -0.102694726918374 0.241434613304156 0.391015089954228
-0.568973064310739 -0.157820780193773 0.207193840445264 -0.324919041641252 0.285805243409403 0.0802933568823811 0.175023703068486 -0.402055290639497 0.265205640384023 0.234168088268812
0.259120167481192 0.317129884305623 -0.0736714026986333 -0.52698342264029 -0.224781082950057 -0.610969791283169 -0.170012551813853 0.0124857004337642 -0.0595938109478843 0.243408917252334
-0.466750458614653 -0.225815378938155 -0.0964630063002149 -0.425884245508675 0.383791617100454 -0.0168468345327375 0.292944253699538 -0.338694316922131 -0.0998789232932445 0.4462246890842
-0.699026359873064 -0.233644072842791 -0.0294219674904877 -0.180085197869803 0.0815124386472992 0.203212506594871 0.314843202428544 0.0016394585760843 0.309672932616344 0.27554935760684
-0.623190131843531 -0.366725460249373 0.01790224420978 -0.506394449110622 0.100737896805498 0.367882390085345 0.10477649107847 -0.125055904529726 0.250451999354627 0.341533668138119
-0.408182812754987 -0.22481083735896 -0.118981267104037 -0.453932105662858 0.417105042178794 -0.000228370909139072 0.266708690599204 -0.357588678902195 -0.104018513663828 0.432010437944702
-0.664598478532631 -0.115700475090947 -0.0627739509469202 -0.310428265453644 -0.00711411818959024 0.218825074058696 0.290750253189491 0.162889502854827 0.193777730128067 0.247746435693772
-0.539933108146367 -0.110790754139512 -0.134495625652116 -0.303588775665712 0.130122791963984 0.0776480418874882 0.17169564213507 0.00698264754950287 0.00112688183784129 0.150299104932964
-0.557134013848776 -0.320417541952418 -0.0549680032041916 -0.432585258698371 0.334933480249677 -0.0196394127722041 0.319588356523414 -0.167125763170334 -0.105500650258323 0.314408604664117
-0.636234848202556 -0.449825771281636 0.0226842580363857 -0.394497207465334 0.0433794912593359 0.419220295410923 0.00851932962060539 -0.0870520943933336 0.26528194561318 0.36156750620105
-0.717045565358482 -0.308337375911066 -0.0929380082624336 -0.254665333928658 0.334468269015087 0.144950125385101 0.127877882381402 -0.262787057284233 0.268484532270944 0.394452186963947
-0.488720676795677 -0.211485314380877 -0.0344539170618708 -0.418158940145495 0.261105396358431 -0.1179293571249 0.320871612363324 -0.350737039759284 0.0828249429930053 0.389709071429271
-0.637305077958277 -0.3625750171669 0.0127182381932472 -0.441369136909457 0.0650684381353823 0.393962397845613 -0.043611792218492 -0.107615325378377 0.243325202226723 0.352607878562319
0.291658413313267 0.278192226966058 -0.180149728384484 -0.60162830706594 -0.194304603712109 -0.487437911466492 -0.0716751047278194 0.157596598189269 -0.122222447455225 0.258945944113254
-0.665167056004508 -0.1624350713947 -0.115853463606571 -0.155191910483688 0.0413494114515859 0.217288830419429 0.238247369532953 0.11123733372751 0.112393366616878 0.35210735949631
0.242578679669254 0.285286495960879 -0.0262654174277873 -0.635532381825237 -0.207690778916542 -0.512214354078799 -0.00653656453518738 0.0842845745026817 -0.0608988615153087 0.275700741683981
-0.606285430614808 -0.158681632578078 -0.0236093894272324 -0.326592858573504 0.0250877573754428 0.0754417428917299 0.239617612156858 -0.0531114241809728 0.189022030875264 0.167528874307894
-0.682254211008196 -0.245144318581067 0.19205846102356 -0.396562810983644 0.20964844365444 0.0920889358331245 0.300536701415716 -0.411721075985042 0.308170800108313 0.219291162155323
-0.553975432078163 -0.109634211815458 -0.121606684568128 -0.279633761452466 0.0800227159897876 0.184654215162007 0.22223069777982 -0.0902125788939655 0.0322012987993906 0.173410399183283
-0.735372884107072 -0.305724485403146 -0.0996927763210076 -0.255916314738175 0.354437725747944 0.161644265226635 0.126130295643328 -0.274269578455412 0.259960306190891 0.383361068839874
-0.549043399030889 -0.24150518755294 -0.0228076523186345 -0.426536373410127 0.389332197412317 -0.0545652939755484 0.291797395744538 -0.203175257434311 -0.0457915902994873 0.373146706280182
-0.645739290419259 -0.106551644535992 -0.0503451787626711 -0.313957920109606 2.7013374208032e-05 -0.0102350968230285 0.21162294126959 -0.045355188384509 0.130764392519525 0.189738469911123
-0.733655095915353 -0.282543482166639 -0.108103271824025 -0.260421259569036 0.342559106642011 0.179115926691586 0.116486928052023 -0.256661779740402 0.267468956627306 0.379736798782616
-0.642070697868936 -0.312185875232576 -0.0306155324613887 -0.391056516445079 0.0715162402110323 0.38798222633716 -0.0205224981129 -0.101080308251551 0.209277859124147 0.308066207994385
-0.659555541209166 -0.182544088717195 -0.0272669708563531 -0.345858659781229 0.167223801313023 0.06173961141102 0.317149082245283 0.08405114113551 0.282990648716129 0.214361089106621
-0.582089278631452 -0.240751389300525 0.226990725482024 -0.445709994138854 0.261105166687249 0.0889832603269223 0.159144660619386 -0.437816770862234 0.264058798724956 0.307446902129118
-0.639341967515485 -0.242878626305324 -0.0598870320497597 -0.170577341848116 0.103240553553046 0.16832576694111 0.299386412033984 -0.00690329712714233 0.259652514782997 0.299431935212026
0.272615919048826 0.312154795280361 -0.00012049191471968 -0.49889307241208 -0.165909108701639 -0.632418751903019 -0.010809075589814 0.0748694643778227 -0.109147854023776 0.212338838365542
-0.600302426665411 -0.273470377663092 0.19779030625991 -0.280297599044152 0.124272976651371 0.104669657288532 0.158881563017378 -0.20015718998139 0.282487242028507 0.244607159705417
-0.573249143283758 -0.343119568775223 0.143083547838211 -0.40756183622411 -0.248135150834327 0.28100497413993 0.0667400576045555 -0.0114562185930166 0.226496674119698 0.252335136374594
-0.521137124750968 -0.237415733257942 -0.0279824150780834 -0.356880826196023 0.36343700303405 -0.104414529063247 0.354124132669344 -0.217398232411995 -0.0756881691875417 0.350576751760618
-0.607228321114092 -0.270619802538849 0.159847418534322 -0.469748816532765 -0.250273235314841 0.334699381272726 -0.0239130552907436 -0.103687634885132 0.206312932027191 0.253151889319465
-0.683533994911468 -0.364716929772729 -0.0403301039365491 -0.488595668451574 0.0711065106679484 0.407493051401965 0.139653052533324 -0.164087164593768 0.23448419487703 0.324714519101263
-0.592099061860178 -0.24519381657508 0.231817874315687 -0.399489893562973 0.202231424466169 0.111680998007976 0.165963471422985 -0.430861737735306 0.262149984170662 0.318813472483974
-0.532017841361898 -0.191882363984806 0.00932776253397184 -0.550340011281479 0.36552772750507 -0.113317786747399 0.480874077542445 -0.280722437391515 0.108850714501898 0.225066337760242
-0.666702488683227 -0.360558532292407 0.00974970686008303 -0.473391865812222 0.094961022256959 0.367167391764428 0.142912123157332 -0.105944007342339 0.28489752449748 0.280734486880066
-0.555614604897541 -0.183250598498354 0.0127680264295243 -0.571680925793551 0.367738845893398 0.0268802720476738 0.389934991738269 -0.282306648688567 0.0456353385544693 0.227938490459016
-0.59403813674879 -0.23443973761017 0.219391402597852 -0.397198886379323 0.182296733022648 0.11527642726693 0.156053102786203 -0.443610309418991 0.257946483487225 0.305080755631702
-0.674605834943774 -0.310062341155809 0.0171814188891542 -0.492184189946123 0.0628433952264829 0.417363347450451 -0.0383408666367634 -0.251384384815326 0.181596025361469 0.330654333959341
-0.698059815851787 -0.306964577956893 -0.016362129507032 -0.416225644622139 0.0321575880835672 0.398446410736292 0.0778357694836607 -0.197840639366996 0.184086011263274 0.350863065922083
-0.600437961153163 -0.326342730832154 0.00302757861010383 -0.510723730053255 0.0686676745609865 0.402880319367382 0.141008262751699 -0.165799619300518 0.22471479150718 0.284373554814224
-0.627031528529523 -0.244989927132728 -0.00771604979972849 -0.130922198276627 0.120214980719898 0.279227230048037 0.29560749124866 -0.0366273966315669 0.292593660615769 0.304705142021908
-0.682642351691173 -0.0956637311497424 -0.0561157063735812 -0.311521855366234 0.00399505528432234 0.222786215333587 0.298505182690092 0.163358808244543 0.199736142566613 0.267102516629217
-0.610783328803614 -0.31397291300557 0.167290262841223 -0.495744949671965 -0.163778004868127 0.359832202389043 0.0367035395515654 -0.0773208324467787 0.168556734849843 0.434231970512494
-0.593890723784598 -0.253589970034171 0.0308049964228725 -0.541674690784396 0.0605352018804859 0.355161051489613 0.152320906457092 -0.14984346793688 0.23058594412478 0.370191968595488
-0.706709649725596 -0.0693309620425494 -0.0512152130746268 -0.306345143402381 0.00618417870102016 0.226902563820244 0.342924382127679 0.160997442492449 0.14617794538217 0.289300266323818
-0.553606814671577 -0.2699282631303 0.252051356253424 -0.413769902583981 0.259914504296551 0.11576342955558 0.179140734340092 -0.425310940516002 0.263994419463163 0.296232429187812
-0.662564802230251 -0.351092036886533 0.0842121225568754 -0.455078754037719 -0.128405818518726 0.294922960346345 -0.00712386421197073 -0.092885574604668 0.181838098289811 0.488171501000101
-0.671865977987198 -0.147697107148501 -0.161677254260089 -0.268377704178903 -0.00560283191934825 0.156183922724058 0.338844562013321 0.00620354768787407 0.135301976459637 0.261565465315816
-0.660766324322146 -0.144549818412766 -0.1120179958962 -0.210341590554643 -0.0142610999684867 0.171280801782522 0.243533980594943 0.128447578149073 0.11712253114931 0.333166023017167
0.294660300342331 0.424980465025383 0.0779105570618614 -0.439245396745141 -0.248742616551752 -0.654118951060961 -0.036770942713869 0.0263157213033997 -0.13587280351904 0.306739871668971
-0.651195034928161 -0.299046010192396 0.196207886501723 -0.312848429494191 0.0784344476141494 0.00438577404654816 0.207143286533103 -0.259627643136004 0.215207904245682 0.0984395206729528
-0.643518734921578 -0.391802760390021 -0.0402201722593731 -0.478444770371849 0.0278648246167057 0.415649191718285 -0.00362993201093458 -0.0702879103787779 0.272062792716242 0.305506439314893
-0.671341893080284 -0.193112537815863 -0.164592711664467 -0.156311462357284 0.0330887654447506 0.149151378400914 0.291702891088394 0.0685986618180968 0.0863094198119893 0.324788685828083
0.262606507759816 0.2508856539225 -0.0456126405887078 -0.504328307204164 -0.119171413102967 -0.543210870024264 -0.0890493126884376 0.0547935323534237 -0.105816992824698 0.311916981809679
-0.560905620494166 -0.27272525884612 0.211566581025078 -0.291574849866259 0.165479905060872 0.101674605020631 0.282051006310236 -0.416815590931979 0.417926690667981 0.201153384268372
