0.475349775446729 -0.281528719548666 -0.00049696608357834 -0.406606937842417 0.130722250280523 -0.0595858851069622 0.0450761304917111 0.696826028661845 0.239258855852786 -0.173367655340088
0.779572524473574 -0.0789861591974588 -0.422587954818533 -0.593393992285887 0.0434210787015035 -0.239202581685286 0.0367138374344079 0.733515624335794 0.120502824351481 -0.00277309113276332
-0.268665025388064 -0.386638981806784 -0.0360892092583465 0.115543092845196 -0.298113611769545 -0.541370864848719 0.0454590721910583 0.190382051599129 -0.264992866408727 -0.253945057325268
0.662957966757077 -0.376707682543171 -0.0811126243051442 -0.620424325450864 0.308174873345493 -0.357501135438055 0.16579494855402 1.07066664561579 0.148150301823114 0.247468109241065
-0.162015191107227 -0.44014933849097 -0.181991294455468 0.0177596662256461 -0.42490181108452 -0.585366846805168 0.190234818633928 0.327681031334254 -0.366846530439806 -0.115392799298419
0.694738634055925 -0.390766144510476 -0.0186477182627425 -0.566461646417618 0.287628227991937 -0.277930566964001 0.090665210327953 1.09539317393043 0.0961673581701683 0.279484467752869
-0.161816999978492 -0.433078578161298 -0.0431141266355986 0.0532114227218008 -0.379227313528635 -0.566636682483038 0.0287727035108383 0.214282185012924 -0.256800718641438 -0.237813907541991
-0.159494111488362 -0.44603415704519 -0.163987212659614 0.0208929926649342 -0.400622030288129 -0.608447433181695 0.165116361712055 0.323882730621275 -0.349621009176403 -0.123919133774798
-0.196410619766632 -0.484130769689464 -0.0510232321402601 0.129618405472215 -0.452713548842385 -0.66485509433723 0.17209781725358 0.219314665623944 -0.408732493108925 -0.0400891382238606
0.536786361972897 -0.246493173983772 -0.0310219413430111 -0.347604860756549 0.142741803115307 -0.0100431547634242 0.0452566923634044 0.771496377043717 0.167358951177315 -0.178388031328244
0.824346601424552 -0.374416795980042 -0.125912427880607 -0.61034943222347 0.150835795493455 -0.262406604056274 0.0731733018080372 0.990091072261048 0.0939831197841908 0.155300490013092
-0.111682606748277 -0.313521178487472 0.00259924566160413 0.0860287006185494 -0.4712014511462 -0.635070833947731 -0.000369837043918311 0.137952559531271 -0.280841291209631 -0.110626976911029
-0.195513397721975 -0.530638437406794 -0.0222322746829286 0.119242755731858 -0.42111130339333 -0.622063274874222 0.221157361170615 0.227391239552177 -0.472895491038968 -0.120863093735255
-0.186403819813852 -0.368001027072953 -0.0456560816896945 0.151156463041398 -0.618744407259988 -0.752894171614754 0.0958760777170944 0.138643235870991 -0.408564473762577 -0.0244377130744152
0.496159700461755 -0.29790840675453 -0.0286699871003607 -0.410725353608 0.181010084760002 -0.0154956190709251 0.062899470994721 0.757607390025458 0.246491433192359 -0.151860256948516
-0.221542503195597 -0.374139032377515 -0.0460094415389568 0.20028581187977 -0.579570933417474 -0.777882066948529 0.0956935491212355 0.141280541022348 -0.437123791862607 -0.0766258854247424
-0.117230464177559 -0.275190092206029 -0.0715482583574358 0.0855157330537323 -0.46832777728043 -0.651836374915938 0.0330935144940243 0.146201403109828 -0.236512296808422 -0.0974118183005066
-0.193945238667389 -0.366732414285776 -0.160379126232943 0.102527650672803 -0.337078347989213 -0.671341197512529 0.210469891071882 0.376428035358115 -0.207039602256811 -0.10371564244662
-0.120996152967084 -0.344025922181702 -0.00351233139726143 0.100843753821865 -0.423203912639684 -0.584897729507389 0.0366616749526919 0.104688843022753 -0.214425595589215 -0.139917870179205
-0.227591292433196 -0.511586165733953 -0.0944534794928152 0.0741063646317189 -0.453399796397683 -0.640949938862349 0.210291023410582 0.271708968948996 -0.453972219259664 -0.0372900859923567
-0.157438326089122 -0.288553393030569 -0.0052359708432886 0.0693150944253243 -0.502170317151349 -0.638204946113409 0.0472415747650917 0.13243888523211 -0.196429837068006 -0.11891965373418
-0.207887339308023 -0.478284199903912 -0.0585297670026314 0.0737549117051595 -0.4450639029537 -0.641858476059044 0.257042946585741 0.25737983510096 -0.440663165791882 -0.0725247778447951
-0.247480106753698 -0.32226476401532 -0.0518797950638541 0.205840920111563 -0.628303998214937 -0.768272514121229 0.162299026512368 0.116482809550821 -0.302966183238234 -0.0422322106762562
-0.13386699670077 -0.477441437771721 -0.0667337732819433 0.0992824638935362 -0.400957912322142 -0.556755252508447 0.152996768612149 0.203833577431461 -0.308641587768473 -0.176376043691132
-0.233182109383046 -0.310437235080401 -0.0788400996091916 0.0273824261961088 -0.532671508281814 -0.7848142789642 0.143981250619219 0.0528341235636086 -0.352816715547332 -0.0387641853124535
0.744267613854124 -0.212570266947113 -0.0648557060630988 -0.547966760859608 0.0367265204977087 -0.163204451944484 0.383393635905525 0.991156740245105 0.257471555029173 0.263031854742328
0.711027995715361 -0.317367616384085 -0.0691463339824246 -0.608751279269464 0.25696933405452 -0.277018427806542 0.127668790221835 1.03988578360244 0.0753348901660937 0.257192536600346
-0.170671738709394 -0.487991004716482 -0.144260745574845 0.00488161593580226 -0.389745827978073 -0.666799281232582 0.160389415120919 0.386598388237423 -0.30226582201985 -0.116633648451709
0.523756342348494 0.129982641447645 -0.396286230045909 -0.438122053370211 0.136369839200358 -0.408289944788942 -0.0547108036628757 1.14072602431776 0.0832305490653054 0.316996743708057
0.894133135131294 -0.167825530780737 -0.110259041842709 -0.67539230588113 0.0830105144465013 -0.412666551286915 0.258190532347144 1.00638624241599 0.154992118106215 0.200609712918613
0.706559163330333 -0.249942705094967 -0.0743612648224866 -0.559935760284313 0.0412698173447642 -0.180293277501058 0.387140597325847 1.02311361695897 0.257161328225544 0.232894947756889
0.722723689521246 -0.240498286344703 -0.0352922597717164 -0.464282782858506 0.104867591233987 -0.108954668861322 0.328765947097364 0.965330666244022 0.240654264658559 0.297581471451036
-0.0765259787741182 -0.381396286223805 -0.102999465885917 0.133330872130284 -0.29199077237478 -0.64571011732821 0.129943318076331 0.304420478565379 -0.334292364006987 -0.180411223564437
0.873715022226482 -0.22338251260639 -0.0525630888517586 -0.590986240705472 0.144956412298619 -0.270956048122912 0.281874962652954 1.07331736772008 0.179887255528602 0.330726610581323
0.762586561524488 -0.1946667873522 -0.332733708870498 -0.557804694712879 0.0454589584201227 -0.188226827050165 -0.0181919669029387 0.610628585031372 0.103907869608795 0.0325692430427722
-0.251212299285251 -0.359235220602107 -0.201158772103845 0.0414605770925336 -0.587288661867413 -0.660276446068973 0.175236286330022 0.273263547003682 -0.402833654189187 -0.225204272679669
0.904032368611908 -0.230462946914559 -0.0824312798154731 -0.502496632588538 0.147033269624109 -0.246037372077591 0.281662865359825 0.982839554966745 0.209512322387656 0.375223438982481
-0.229939266814988 -0.369516414004971 -0.188792199030286 0.0659300820865986 -0.598588156665192 -0.675618005343028 0.17468648047416 0.273475685004627 -0.431899950302243 -0.231682955671101
0.876426263085581 -0.227230930402545 -0.097801079264984 -0.619895240458346 0.0155629030504685 -0.35240622800354 0.361369379607358 1.06749662127128 0.196782655262884 0.252981212556118
0.913407086805798 -0.0845275872547338 -0.113205011229259 -0.69219513249343 0.0944388763078647 -0.341690868782375 0.296966202260796 0.94890605160924 0.149746985069171 0.245542116735164
0.673180147097828 -0.0896941558511106 -0.393196696701548 -0.555177555704586 0.0313785568655958 -0.120918485459545 -0.0799934091885441 0.653110915256988 0.145017058214867 0.0155703744349001
0.484928269959269 0.144776969652454 -0.499479568727037 -0.408694362716885 -0.0296623262701888 -0.466283143932249 -0.0593409068782638 1.1241997148536 0.109170166457125 0.446666253856265
0.801935948410807 -0.163299433472175 -0.252681285024564 -0.622454731530439 0.0192054030498842 -0.208348103831376 -0.0710583620990081 0.696952452374334 0.188392252035922 0.137489455133587
0.711423874743326 -0.0853832343668857 -0.3447336248611 -0.529136558799492 -0.0639588116705729 -0.173977584430658 0.0239931870358225 0.68185763616747 0.137027244841821 0.0335635463808012
-0.280235505296797 -0.449260761140217 -0.0416928008068808 0.111747124587465 -0.442170526250465 -0.664459737794065 0.213897988944688 0.240353420866759 -0.404120338109414 -0.121357015485707
-0.129164798761254 -0.405999746647079 -0.170470961385073 -0.0495798811618103 -0.317978449390198 -0.609137194046616 0.0905306161614017 0.286001178285175 -0.305750060163895 -0.103804475356489
-0.27456089067944 -0.448305235396524 -0.0416988412772921 0.110169411409806 -0.474247212381173 -0.649359486910783 0.220472316584058 0.238210010944129 -0.418693022539839 -0.126800453281379
0.907604694177278 -0.197015226424866 -0.108647202916932 -0.642380720511779 0.0489949082311792 -0.371760949735184 0.359800018977058 1.0308516564185 0.180517354699952 0.216025317287848
0.493756412666338 0.105418913105341 -0.476844776683324 -0.409487805390858 -0.0134671625122279 -0.457368315269583 -0.0730947730379846 1.08960746318476 0.118869602677248 0.444066211785096
0.827374525726818 -0.153969258956465 -0.107649347550643 -0.578065526997569 0.0986872935919481 -0.255040154107884 0.297102017277938 1.0748661145976 0.200621137239824 0.351863205298203
-0.195736674383198 -0.408386481124954 -0.253059466082685 0.0937813692023199 -0.293382201687992 -0.723438411253746 0.254955427914631 0.174418310527249 -0.390612553225031 -0.13651726775578
0.814496017587792 -0.212273492078413 -0.129845417478422 -0.645582779881029 0.0166915913109417 -0.385578569519309 0.33631551708535 1.01808961830852 0.20823932783771 0.193440669065118
-0.24675113406315 -0.448328426113501 -0.177540968665688 0.0686446729683736 -0.311941303665085 -0.724335167792639 0.274628879173392 0.222566893857284 -0.331028903843032 -0.138246254547992
-0.0928867271736065 -0.386884099549549 -0.12158506114279 0.12781139488117 -0.268750494691059 -0.633013320622456 0.136922793663698 0.30828949059201 -0.32518928537711 -0.171912794286333
0.720121780429457 -0.329872182182847 -0.0921376645230157 -0.60433485686628 0.260257704382272 -0.353808778146065 0.095618791708211 1.05447222800429 0.0959070109475394 0.258002042204035
0.879652838342151 -0.192761175263189 -0.0548577472888076 -0.576173239770143 0.144668990790652 -0.2488103525588 0.323481384315817 1.05189144066916 0.179522345924106 0.370883328162157
0.877778604493836 -0.12662339950295 -0.139411185188213 -0.717188986667336 0.0677658631943891 -0.338492126030741 0.348823660819921 0.934322340790869 0.229554549455799 0.23003230194357
-0.18236102552908 -0.415883271163157 -0.146091548736302 -0.0119264414696198 -0.356715044401932 -0.609294967937225 0.120727989694962 0.273964080450144 -0.261733807429203 -0.113432612829789
0.834929800049275 -0.335854639651927 -0.083429135476335 -0.660260728229679 0.134572314975526 -0.150732370948993 0.282943148606964 1.10264107976109 0.206613402038148 0.265849531967607
-0.286832191591983 -0.448675889164554 -0.0617753878529031 0.0969132328228861 -0.453242772318463 -0.64830140953503 0.205212264092601 0.247302182005093 -0.42278469465862 -0.134277365800327
0.875112052995189 -0.242154923838444 -0.0860401699299486 -0.627324575796377 0.0591215712494112 -0.380443265605246 0.345019063883429 1.03707130941214 0.165454722433243 0.268238900558591
-0.198006538930637 -0.419814453511619 0.0173362336346514 0.218155084767699 -0.363391951297836 -0.616639740779443 0.0244334800620462 0.226963046495876 -0.361527106842484 -0.187899959720323
0.57345259294723 0.0520566394859432 -0.358763240065231 -0.340467887424473 0.0545272678025248 -0.455953745680605 0.0339703316180565 0.985275774634861 0.0714143671077809 0.363077027585638
-0.263782349904036 -0.345473514708296 -0.146351757310066 0.041739931705325 -0.243753002079976 -0.724503308201445 0.15139305153735 0.419638775849941 -0.331296949631944 -0.09947441911932
0.889513334151275 -0.249071584189714 -0.0833146951064965 -0.630866842329795 0.0640147410976489 -0.374109297922401 0.367459457267356 1.02767379895667 0.170331147760831 0.253946977950768
-0.173668634722223 -0.434608567325523 -0.0946485693642858 0.104403100111078 -0.418557984597346 -0.547382061876763 0.00545112395725638 0.229798918056475 -0.214457067520456 -0.0707737655880874
-0.208020692626197 -0.428031268856464 -0.235096875963453 0.0714306698521801 -0.311171898343596 -0.758892476907884 0.239971904831873 0.167406620542236 -0.405874661543627 -0.101977736589517
0.851554370455574 -0.329622104058529 -0.153388901191469 -0.566409769842796 0.198874947411505 -0.318046937371845 0.243295894238268 1.0223928574224 0.0405766735734418 0.352711479459013
0.555357748500608 0.073354756791461 -0.394261937955704 -0.344608508560586 0.036241869011381 -0.449580627551614 0.0495503252203675 0.989815241096072 0.0417444034995246 0.350495541313296
-0.252563579824648 -0.468323924828641 -0.0397347141967241 0.0416271450283376 -0.381163264076548 -0.617351679009861 0.208586926125107 0.302994514170725 -0.379303000121995 -0.130991922633626
0.761678715774902 -0.0568478037173664 -0.317352434314944 -0.526125637298845 -0.070360581243274 -0.162448858992366 -0.034055100899386 0.708305093424559 0.129986394082354 0.0496053182050427
0.729613216282204 -0.204730060696126 -0.0131742683696819 -0.584464293554256 0.0503276772257767 -0.258638755073457 0.393278604235348 1.04126076782617 0.267169578451098 0.335796787109688
0.815421135612023 -0.16079217120899 -0.382181297300456 -0.623904871491175 0.126925141137195 -0.215661785410403 0.0949868394763099 0.618086549259632 0.0845616097172985 0.0755016783457922
-0.157894959583785 -0.290939698067379 -0.0346943492160726 0.10660062392509 -0.497019952245216 -0.593405434030043 0.0376220913673386 0.153135784871331 -0.211861570594401 -0.188699210655123
0.680458141791083 -0.412286332428758 -0.112180137361194 -0.580113066167206 0.320445437700634 -0.372200166424027 0.121005333309414 1.11847469294395 0.100114531185756 0.191352260779956
0.594809271610476 0.109376383287403 -0.473780272351392 -0.522884878090119 0.0526472237974616 -0.464291369749326 -0.0214567757916954 1.01883499653025 0.0236665277243324 0.3171317261599
0.75900061838301 -0.234959283854231 -0.382155837205466 -0.528463837151682 0.0142647278558401 -0.191830797434617 -0.0225053680401302 0.706286893560442 0.139954220388171 0.0568675792026989
-0.220756631313078 -0.426485051377858 -0.173208071267757 0.0323353344214487 -0.352697422455488 -0.631760066655554 0.17211657616375 0.34314383489588 -0.247272383351751 -0.023256210703774
-0.194590238744077 -0.456093116608724 -0.137008949039254 0.183299391361268 -0.554244228775558 -0.632176879750161 0.192549279027644 0.218831921626037 -0.332933241551776 0.00173761562805677
-0.114262354472385 -0.356384839142284 0.00562482270402721 0.0576777451531466 -0.480246404994295 -0.617997050467806 0.0388720868864823 0.126444082315207 -0.270394614929245 -0.155039890407846
0.49610836041752 -0.423638040049564 -0.0204924281591926 -0.482970290843743 0.252819161845417 -0.188363985637646 0.0857569126504124 0.92118981501076 0.189824137481961 0.0181657154528012
0.706693069192833 -0.131815914025537 -0.305133846912481 -0.594845760451906 -0.00685768693474911 -0.20780018275212 -0.0558908609943182 0.701414463895112 0.151451449393757 -0.0556194936463082
-0.148545796353121 -0.357834388554002 -0.168960861409564 0.0777855837402514 -0.345224891365402 -0.595698053408237 0.149722605689339 0.0274752854110601 -0.32951316365449 -0.14031764537153
-0.281581056172014 -0.426821629167702 -0.0157153643711238 0.056653969131073 -0.37086580071747 -0.529747372740576 0.0543651958796999 0.0696444870735819 -0.445999720285865 -0.161019738838373
0.950051377106183 -0.293056291602333 -0.110643530119471 -0.553973263813001 0.114404676835157 -0.270495955115484 0.30474003110422 0.924458580945229 0.0626631541923061 0.287030199361457
-0.314846693499862 -0.376044345606273 -0.0813895452552367 0.10158484982461 -0.391147693362004 -0.582930494713089 0.0476282912251484 -0.038004871671524 -0.380494631158699 -0.142825552065978
0.544980547856788 0.0820511509865611 -0.380505755297171 -0.410246909968487 0.0977525807088464 -0.473253337473447 -0.0540672616813501 1.05103577161799 0.161230633821669 0.295344350411316
0.567272665791064 -0.274914855265564 -0.28202264691335 -0.51300998109069 0.153988350415032 -0.238559469764149 -0.0019983290001179 1.08369294125497 0.202928345666011 0.243523248106965
-0.195978335168485 -0.397958182681954 -0.173002820392479 0.203868200671463 -0.253064831814535 -0.767406195537464 0.21480243418367 0.129842437364338 -0.433537457979041 -0.0737152625116088
0.792599438586217 -0.225663668996716 -0.112030192658664 -0.639619477402527 0.244725630191226 -0.104879507584263 0.122658322515193 1.10616801109529 0.276315875634911 0.20840635072123
-0.278302256447107 -0.465721090872804 0.0339626080630628 0.1521884759839 -0.415245625146263 -0.665915250103442 0.141168428103976 0.294222670454155 -0.431424953193148 -0.00120565268635485
0.824102954980149 -0.245743760333826 -0.116720525933396 -0.676031283572228 0.188298346001223 -0.143017276730264 0.106879718634369 1.0573743368245 0.191911689459039 0.162761903909471
-0.187110788986628 -0.434491551957244 -0.0282667795514281 0.0522631162898493 -0.344630892830411 -0.573025754700756 0.052425941658476 0.288483763386313 -0.315411120350429 -0.267606236905989
-0.172459918802741 -0.325690815814648 -0.0160391799803931 0.0337301903625593 -0.429872506776244 -0.80703791218547 0.157823296897964 0.203702185715347 -0.444037070479764 0.00772942875731336
-0.190372179445875 -0.445481780035948 -0.118233123063339 0.203971125953177 -0.287261103384984 -0.838405627707156 0.262524499882253 0.314206902260709 -0.393915268235278 -0.20109916170928
-0.158960622847251 -0.565826241771919 -0.103108565428815 0.0637170347152552 -0.375890301089284 -0.570401256277015 -0.0243805615867901 0.304160770639739 -0.371869379768653 -0.169056504039388
-0.244217274617714 -0.316980749833463 -0.207618423530267 -0.00236290110132056 -0.203541095010754 -0.566891087796798 0.220779606424231 0.320007867564253 -0.257027799131429 -0.112278054368499
-0.184550669461638 -0.435765167372505 -0.124344370087496 0.199189128059529 -0.281509099093262 -0.82674147152142 0.262795215436089 0.315719897709604 -0.396365750495163 -0.203201273285651
0.518719625701468 -0.405332153342163 -0.0346532951569056 -0.504371843501446 0.263340985170923 -0.206965597606591 0.0968011348065501 0.945332287563851 0.200033448805147 0.0458335609968706
0.572255404312709 0.0899344985213779 -0.454434123563847 -0.471197037104557 0.0166183535962126 -0.352737982065831 -0.101680586266788 1.1111339098405 0.0509063626316403 0.309281949457695
0.579818495485488 0.14652746815839 -0.325385395774621 -0.378271028281895 0.0676493053809417 -0.50176524431184 -0.0183852806654398 1.00688174008913 0.116897349637079 0.31476629337541
0.822715664863321 -0.240398553882205 -0.0958062512266496 -0.653392789330493 0.262651919439 -0.137000800814503 0.0916875271280432 1.06350081618024 0.200913136793061 0.148820140692187
0.671977187627593 -0.452379829832908 -0.208409842620139 -0.56181779778957 0.215676625549307 -0.282784303704092 0.0735818624533713 0.901864880165273 0.294644240221653 0.282166676838021
-0.177581385676691 -0.324136460008569 -0.0160876363340482 0.0185027850348823 -0.444596414436324 -0.792832155242844 0.162577594915645 0.198441523482305 -0.433292401094611 0.0279145222273576
0.786220585211816 -0.180065685621592 -0.0115191883445171 -0.540838145546134 0.117019155409909 -0.191548064841588 0.228841214407246 1.01749448831155 0.211465107421593 0.40954024368382
0.845841194021237 -0.269045991785786 -0.0769165377454445 -0.606359977946848 0.149705690011271 -0.146967936325253 0.269217507939776 1.05637355707026 0.16271245571941 0.326048273398404
0.835071992986239 -0.197088134849761 -0.139189486089269 -0.653911637701804 0.0111343108259587 -0.406633328176019 0.330251182427585 1.02349055079678 0.214426384669775 0.184299717112672
-0.207071886510063 -0.475116334930134 -0.109550068033114 0.053621985738922 -0.433273784940902 -0.655712151993554 0.214680734561781 0.413579484257697 -0.237812733569577 -0.0848162838570981
-0.301234005713382 -0.451279498092042 -0.0362124973140332 0.100451149304741 -0.457962085956633 -0.650544369393744 0.194833531119062 0.246127497288017 -0.424751694148247 -0.128780307368859
-0.342874045386522 -0.325726592960547 -0.153586046619282 0.11346439097927 -0.600750184120597 -0.691037076097533 0.103729660023165 0.135026799217927 -0.31929236532186 -0.0448286778572813
-0.187736252175276 -0.436642168874211 0.0249790591500106 0.217571643234879 -0.36475693534442 -0.607612735089509 0.0308791484386706 0.204130359090819 -0.393471219649483 -0.187310424073947
0.878013054867449 -0.24027674309988 -0.106143390241758 -0.636435279509926 0.0432543085703732 -0.368767114684004 0.353930759405676 1.02933289921687 0.137448248638985 0.232646797896178
0.556233379104367 0.0830027253798864 -0.396456215517982 -0.3321525665161 0.040835423504208 -0.479491168744533 0.0288791581959109 0.98316217554446 0.0656709224682517 0.381948209368906
0.817397054504019 -0.0913592757281706 -0.275119252466496 -0.562500474229565 0.0344679172697979 -0.193992054087404 -0.0613930505837805 0.659357582103835 0.115967727694313 0.0921503643192193
0.85601725642733 -0.224772263012357 -0.0928217561903315 -0.583238753185805 0.0815280900714578 -0.271899963449808 0.315679987182418 1.05650913954822 0.21199912844295 0.365438097998388
-0.191589953148467 -0.436841723824721 -0.100981592762999 0.0213333345775992 -0.391114674968209 -0.595355092918648 0.044579897420305 0.223731688765775 -0.234812270877749 -0.0614481602204616
0.894236661078374 -0.19933077691287 -0.12120086584533 -0.666997904183369 0.0691395627679551 -0.340211817941774 0.327342424304538 1.03995508223256 0.195917132234934 0.217840581593036
0.628439938621506 0.118478874638836 -0.376702477722931 -0.311099503807608 0.0252685292713986 -0.465915480872473 0.0455579798058917 0.988226112616947 0.0171854049434601 0.361271255403354
0.863616655066715 -0.241377792809696 -0.0990058330993761 -0.638847310914731 0.0689773940581814 -0.367710397549642 0.357973744611554 1.02381611650096 0.146685897653664 0.252183089453414
-0.199546849223411 -0.431157923645928 -0.188456880032996 0.0668694835885767 -0.301124939916235 -0.735457737049522 0.221543551489099 0.152216053470745 -0.440151372064768 -0.115631094340528
-0.223171785450536 -0.395490892360743 -0.153509989099017 0.0388403794749776 -0.429673309768988 -0.667800758367332 0.238718171686944 0.333843928481659 -0.187637781840184 -0.0838721307031287
-0.184378435959698 -0.448919309776296 -0.122449939902251 0.0958363691119027 -0.346537370007405 -0.625711692446809 0.22859565265102 0.408322469517413 -0.240764582495484 -0.116730530057762
-0.226275047036848 -0.417682777983979 -0.112743064977298 0.0285537278714328 -0.290954486341956 -0.724302648885683 0.178310787808176 0.384697075482063 -0.256156788436176 -0.158876121617444
-0.200680494511668 -0.474103393930065 -0.074881415532617 0.0276703964234218 -0.305245918128892 -0.757656766916146 0.150196559820889 0.404652996646428 -0.235860770882638 -0.13151530471389
0.536158358810257 -0.30526670697892 -0.039414971422424 -0.379742428056235 0.151620864418042 -0.0544909361606073 0.0310582287596134 0.714129077784047 0.236765398970689 -0.091612417209577
0.762581420683834 -0.147625154289841 -0.345185996902193 -0.50349917232657 0.0768435422693316 -0.147448937666375 0.00105130595059672 0.710587325266174 0.200176969557072 0.0196615613902522
0.634077748998605 0.0922393598489506 -0.315562967982896 -0.434886508379241 0.0880427309720215 -0.417241126954638 -0.0138490536665863 1.01418802079479 0.083183409374903 0.283462153267521
0.753755239218858 -0.248591820790881 -0.372825490781739 -0.528145260210893 0.00123045416151742 -0.190131489244691 -0.0235616621656588 0.685026708572752 0.119430230478634 0.0590188571956709
-0.191519946769558 -0.557444186887531 -0.00953408675188529 0.110131884505114 -0.471507789521214 -0.650492860513978 0.169932188498348 0.283488708507897 -0.542265854921029 -0.086606482563246
0.701264540474088 -0.119991973670381 -0.332047979855453 -0.50760115853368 0.0423680370332484 -0.133526647611752 0.00715752553815212 0.702506487583453 0.146368226236233 0.0369672900037701
-0.173026905888846 -0.417503832312353 -0.0187315440588723 0.069585866081109 -0.348628834857141 -0.614973804163184 0.248444954797707 0.362754680775891 -0.291011405811349 -0.0837625583432096
-0.227859525767896 -0.511241184427233 -0.0817429448815021 0.0899699756168934 -0.432280232755059 -0.630333507718241 0.200845759681012 0.26545400042024 -0.469907200628728 -0.0373011250765137
-0.190408149731276 -0.482535301872582 -0.00237061513238194 0.162827562855826 -0.453908886494004 -0.668054260750936 0.121543817643504 0.177392661392106 -0.390176077277413 -0.0496079101053984
0.869967525231903 -0.193915764888775 -0.00290092402107374 -0.546781828728063 0.2473727965992 -0.239595376740216 0.210677528011968 1.08002399698816 0.218813005196721 0.352677834737587
0.537767562580913 0.142112260682687 -0.407285911257353 -0.443861970210916 0.08420537892719 -0.342038776394496 0.0489314026309984 1.08494942788925 0.116505464098026 0.349457587264723
-0.179595554713123 -0.330971346323261 0.00673851128738349 0.0782943000165494 -0.445433716698194 -0.620059233444515 -0.020070192487423 0.139984212158629 -0.285751216693428 -0.112359742693209
-0.169360053839718 -0.437596535263579 -0.140527944512101 0.0869058562439846 -0.335542547775568 -0.606436989297182 0.177048987212601 0.400997819576542 -0.2458178567427 -0.0494584060073182
0.737120691748561 -0.148006895830805 -0.363789659404685 -0.491444311991531 0.0311468973675629 -0.164028162947928 -0.0740265172402816 0.631016834483753 0.204241719499877 0.0641959994196178
-0.118025801779565 -0.28630258213105 -0.0224533022874442 0.0512028521408635 -0.462300194263224 -0.65924415091557 0.0509823034040328 0.141481150781006 -0.268001079556555 -0.112890169301588
-0.226256084852389 -0.340749455265974 -0.0268726429594688 0.195267109468547 -0.599111603676774 -0.788924290564799 0.112796770125404 0.144002132772482 -0.401777108958105 -0.0897483949849101
0.766603122980239 -0.207645506103683 -0.37285100748958 -0.478111904797018 0.0138418914925497 -0.165379709545154 -0.0197759719144599 0.673658196181866 0.122248762121684 0.0499471881279089
-0.153612614766795 -0.273430403576829 -0.0129316997535042 0.067187045721252 -0.500056546366725 -0.622246063572359 0.0639384296461989 0.11797488877403 -0.216155735624468 -0.127293459248461
-0.210647606417878 -0.525471766273389 -0.0151969798633101 0.134675544092056 -0.49520448185505 -0.692451528306176 0.161823813266108 0.18595444108284 -0.366697632772101 -0.0215797979508018
-0.265350124049627 -0.306447117472194 -0.101102513571735 0.0847524161559974 -0.599477231228742 -0.771389684245724 0.0564294048395781 0.139420365640743 -0.358530632907387 -0.112011282863456
-0.129164798761254 -0.405999746647079 -0.170470961385073 -0.0495798811618103 -0.317978449390198 -0.609137194046616 0.0905306161614017 0.286001178285175 -0.305750060163895 -0.103804475356489
0.789817138552435 -0.233400542239833 -0.0277478605403003 -0.515327150961892 0.0481452911492526 -0.154535828614101 0.324489607069508 0.966302247910031 0.190198392010911 0.340977959775681
0.884525418718243 -0.236577264461405 -0.0925333211427161 -0.651193273102714 0.0710904092403642 -0.366079434876775 0.356968164571988 1.03916290687283 0.151092082232772 0.277991147571884
0.799953365877833 -0.166941189514161 -0.225387154456959 -0.593194598372823 0.00385871980829795 -0.196079495686241 -0.0816253907895698 0.680439006117118 0.201996555836623 0.0809188129185727
0.738644886612912 -0.0556004257242523 -0.394294073561027 -0.51992223418168 -0.107145855252632 -0.156829791939151 0.0340356912603595 0.676907008294467 0.145281570701296 0.0920363366482694
-0.219311605880368 -0.437014926406603 -0.0914034168113244 0.111383234140737 -0.29260399905967 -0.543007489300183 -0.025811828268138 0.130838736797271 -0.331581682582471 -0.0711258796680283
-0.263782349904036 -0.345473514708296 -0.146351757310066 0.041739931705325 -0.243753002079976 -0.724503308201445 0.15139305153735 0.419638775849941 -0.331296949631944 -0.09947441911932
-0.243772948010337 -0.365775410610504 -0.0397763901043539 0.161996084875968 -0.26443576721204 -0.583838537448577 0.171594661260797 0.122620805932481 -0.297644564714408 -0.0119693427791855
0.736789455244801 -0.350913147329938 -0.131903494935897 -0.649587920773959 0.412381373679894 -0.394802893676344 0.0790070463172365 1.06700835438117 0.0991290177356339 0.21422672968955
-0.229796901609692 -0.459278490605279 -0.257831659570054 0.0828274537506701 -0.307112411869105 -0.730416630091033 0.216992649386901 0.173231982603691 -0.430214672549927 -0.144334535589904
0.760547495830734 -0.23460245563372 -0.358381803747891 -0.532160077293618 0.0428145789528983 -0.205928473586188 0.0029541488602401 0.613666739081447 0.158973815407463 0.06728707896108
-0.234269201193199 -0.429933029071414 -0.0730477105380566 0.116057135919053 -0.296601562164837 -0.54024353228031 -0.053037656226458 0.165427028237405 -0.349480739549114 -0.0937989732664527
-0.225364478737225 -0.358438732651926 -0.0449670926563466 0.14088125752045 -0.268277481922986 -0.595016191065068 0.141350529502541 0.09761469764891 -0.308507612927565 -0.0261650343363546
-0.174683409904727 -0.437472734279116 -0.1960220153622 0.0652428227357311 -0.267164210376518 -0.68442390128198 0.255376725239379 0.107057672757166 -0.371028473678378 -0.130123779289102
0.687887463053527 -0.105485625624279 -0.338491242053298 -0.515729010293946 -0.0615064325052348 -0.14455467974553 0.0359513106373052 0.69795189595154 0.143084600989282 0.0267150097537461
-0.278536102250718 -0.461271861656083 -0.0557584762964367 0.0633314702708823 -0.449929910972833 -0.572435916323332 0.170441099315648 0.302228959205183 -0.388537389908498 -0.123945661979769
0.750740449489673 -0.192794753497422 -0.306610417170548 -0.532865881748812 0.0461973803656481 -0.190410211468651 0.0148811012254274 0.613490440397992 0.104615077246034 0.0442708124173787
-0.255462403703395 -0.329029547192705 -0.0818052139594338 0.0269432839917572 -0.492039782814449 -0.786936146567569 0.0957386209933339 0.139489217629492 -0.363743358133895 0.0391864670644902
0.573711939458525 0.0490275430205292 -0.351512200642 -0.35226713373555 0.0515857968727864 -0.46338039105921 0.0451361835284124 1.01878175721458 0.0884936911420468 0.367886036748073
0.864561971249522 -0.202373601500697 -0.0702811835117119 -0.585094394929034 0.133927476307679 -0.262455534562785 0.296229588211044 1.0427794653977 0.162067617722776 0.344504670871027
0.490806521521198 0.11812730377972 -0.455277766956512 -0.420162993551893 0.0616891756729673 -0.45445576186347 -0.0174602919725555 1.10361005559918 0.128848506596032 0.341139994010864
-0.229030596178775 -0.523504695860811 -0.0482636008572122 0.0725186354054785 -0.402413384696467 -0.568898985915531 0.0104057929694302 0.240214523903207 -0.301670084325087 -0.095764886261108
-0.197392232451435 -0.454104113284025 -0.0271524003496466 0.0655753892836895 -0.416665744897992 -0.640171628279311 0.223189578846429 0.306723318868172 -0.371551743026727 -0.182725537463367
-0.218791291720693 -0.495017974248952 -0.02365624054389 0.0859481665389306 -0.384750499677005 -0.542054868864949 0.0365393988086228 0.266758644792278 -0.325311098529399 -0.0926570514605539
0.581646454627126 0.122979677828399 -0.448430801783614 -0.428927936827936 -0.00504546969339221 -0.401507620788686 -0.0357524548601818 1.10814830068437 0.0899646366371654 0.314888769960102
-0.133938005731665 -0.535897287042995 -0.146081888085534 0.0328063264904333 -0.375273960546544 -0.602611068754954 0.0404822070420668 0.280119028801174 -0.342549309875851 -0.235579894672859
-0.217541394907518 -0.485480201826056 0.0439133357244978 0.105495807698552 -0.399632821472294 -0.577685405996417 0.201954520922376 0.262360731976609 -0.367218024390149 -0.12818873010568
0.724026305552928 -0.392536055712702 -0.0859187266808896 -0.560162766016462 0.260264891448726 -0.313485749091989 0.0514946793326258 1.00579819815107 0.0385706821608293 0.294773570515439
0.632032926627801 -0.478647539413367 -0.214592812112689 -0.562140841908538 0.189241931368395 -0.32886486959287 0.0316822224266255 0.889094851753852 0.305953868418272 0.278390446848735
0.565281162674441 -0.360376033161054 -0.312216454506266 -0.538670305992888 0.135720768459226 -0.233554843126519 -0.0133865521653342 1.03979460176398 0.152867658098488 0.242958374856792
-0.241522000160094 -0.303295529144918 -0.195362561011931 -0.0033014702337635 -0.236077345295171 -0.57529238820156 0.204459634717539 0.291190608261924 -0.232224942713526 -0.112863133264009
0.576895380191814 0.128875603543102 -0.362805060044677 -0.379907510153187 0.0694267055007999 -0.497546716852615 -0.0391908149280994 1.01329625777237 0.119231837560235 0.316601830459912
-0.148961248899419 -0.513327451387455 -0.138350443029272 0.0372541646209733 -0.37093185825705 -0.641346585823608 0.0242806914792171 0.256601313374352 -0.236179765622845 -0.191265112577128
0.72043035355133 -0.40657587282947 -0.077251056403152 -0.553064852371293 0.255914542235753 -0.282747631146795 0.0953389133648725 1.01953956097892 0.0204731507540944 0.260993403837609
0.579749873533259 0.116882402860199 -0.443369167212683 -0.41597418146411 -0.00192066508404684 -0.401197661121719 -0.0705938960730781 1.05640510500751 0.0959963421037641 0.267694104446999
0.632779438701269 -0.458268085941601 -0.233743773248483 -0.542769165326071 0.18153096315219 -0.294886403293247 0.0761654032388646 0.938205981925713 0.214268480442873 0.249672416000675
-0.137965565231263 -0.37219211452939 -0.154080220881337 -0.0158189986977941 -0.295139826598544 -0.612076000722155 0.200271826966749 0.40679706542411 -0.320105357250375 -0.113469335217075
0.553373121698964 0.118028484647687 -0.412644521980415 -0.480876020974528 0.0390164809220159 -0.399421674047782 -0.0314773538088498 1.00773867075226 0.174958554911499 0.295393995276482
0.943741081630701 -0.266194505039252 -0.114010592022844 -0.512902446561213 0.202183079020312 -0.268183540483356 0.306017022228315 0.916830493010007 -0.0168184185191965 0.296755582099192
0.564573283454961 0.12007153353132 -0.466822309084622 -0.454380589766476 3.60029480998784e-05 -0.401921296483157 -0.0863225760855636 1.09172336566571 0.0764623727575712 0.283291616090116
0.724103651444603 -0.387060974868567 -0.113697972567348 -0.660071588891839 0.264733665811067 -0.306913910671531 0.136945131703743 1.08226022314118 0.130550152306006 0.261587642725254
-0.160416743922038 -0.447154636060701 -0.176177787600763 0.0267946981106615 -0.39482735352863 -0.584420899559565 0.141718670171006 0.329424166758211 -0.302588003589625 -0.101646322229666
-0.255932310465961 -0.384482501136381 -0.114534892978373 -0.0349834147085628 -0.336584417347638 -0.6291570614124 0.114973532793196 0.304539135693504 -0.238673359663084 -0.0349428948808181
0.838468006103582 -0.305579549383068 -0.135678856552386 -0.503997502251943 0.230046971744854 -0.369426342492117 0.287022817737987 1.00912834647199 0.224089800923671 0.273505363912489
-0.252724180318432 -0.296539642378094 -0.0926926544607164 0.128811906996298 -0.611774368307427 -0.842686594131613 0.0733873432937441 0.151148099186173 -0.387797039112906 -0.0506881735135892
-0.233058092668127 -0.378100262911065 -0.149234976050213 0.10465358760825 -0.473886300103464 -0.713012796895231 0.151913171895545 0.260820531864664 -0.394562251704436 -0.0809556792165873
-0.216497591883834 -0.518151717086976 -0.0157713763270733 0.113223450537612 -0.387636218910445 -0.532402144847335 0.243363709055062 0.27146116702301 -0.468943123867615 -0.0236731394676396
-0.165681608390093 -0.384083190530073 -0.0660212391646103 -0.00109332705277263 -0.352347840252945 -0.687236620271536 0.179592985532953 0.365885368438398 -0.268633181593247 -0.1175555736283
0.762937428001479 -0.345624344135707 -0.0873807480072986 -0.704429596979005 0.331482491709976 -0.310340458847788 0.0638442771490745 1.05378602991881 0.142174986658134 0.161373432270099
0.774890663558908 -0.13037441235551 -0.326045670022503 -0.625614561537775 0.0789643644015943 -0.162745783362637 -0.0388060849639328 0.715024378459163 0.107703798880691 0.0556989309464044
0.695231394381964 -0.392991907407842 -0.0585686442631633 -0.687357376965152 0.335572335803775 -0.314189409066277 0.0970152793196499 1.07513822832648 0.113823296389456 0.243732924443983
0.772169631585163 -0.0446240698431457 -0.391009789813337 -0.597082411728494 -0.0179515482534671 -0.179224123041238 0.00377342641395276 0.684120312984836 0.16967959599409 -0.0212253126865072
0.851111308308389 -0.291570906889978 -0.15205665106572 -0.479362799998464 0.161848767419952 -0.334397106926458 0.316396618884972 0.98161170852427 0.176796033017565 0.281372036069591
-0.260175279752533 -0.376107224087737 -0.122620957335188 0.0949346946902029 -0.61397760438495 -0.794997358030483 0.140583847396184 0.115468974065147 -0.450270163858527 -0.0488202312900844
0.825671369424436 -0.194351437636441 -0.363819565358666 -0.513081618416528 -0.0229377133130199 -0.135392129333334 0.0606663963565073 0.713450754417256 0.172256568067832 0.124464180763219
-0.142385331617549 -0.435115146211142 -0.113025970362047 -0.0523819158548396 -0.381208487843422 -0.696884813482642 0.172137624634712 0.372743973773071 -0.269819446697709 -0.147961821679423
0.786013720574591 -0.211058306678637 -0.00752012385064278 -0.590506602794181 0.0901974831058845 -0.233804507835456 0.267339522747952 1.0561400202189 0.189113746457029 0.390702876087694
0.805628485766884 -0.199775166255631 -0.121742484113176 -0.652475591851441 0.014618377898923 -0.388613408483639 0.309312129891486 1.03611198633962 0.221153326153827 0.211963945823592
-0.242772904846918 -0.336603771402693 -0.0940068904056372 0.032401685393363 -0.278225793341641 -0.7203127555002 0.189568856076701 0.393105753240796 -0.278061653766769 -0.157670151279978
-0.198825612223028 -0.412645587468371 -0.254122220027492 0.0973833139588555 -0.27894676890007 -0.715602909175795 0.229783183533924 0.152086401459838 -0.392246000905553 -0.131654550077415
0.905143636087533 -0.130289513390688 -0.171777328961041 -0.679714087506817 0.0765081646245488 -0.386606902956656 0.31446013678507 1.04120569623013 0.213507209602116 0.208827388600926
0.564289251873031 0.055294416740377 -0.418858684185727 -0.358891609407279 0.0817836085735854 -0.389097188100732 -0.00691221348308282 1.03844361648262 0.12894085467563 0.277211587927893
-0.239422632801076 -0.445280604641603 -0.193479041594779 -0.0225762044360028 -0.348615941583015 -0.564078607127456 0.0935378069291103 0.239736453127235 -0.368704203882506 -0.0528438489293426
-0.19843958486532 -0.489141940570993 -0.19079470284256 0.0344783274412708 -0.402271251412944 -0.681176265907156 0.193452187596962 0.390528944006193 -0.372256573877568 -0.160618572024309
-0.292500563371459 -0.435901252125495 -0.0385599857568487 0.0620761725826893 -0.376377029457733 -0.529381250262241 0.0648297101458754 0.0709096891502639 -0.443355903337876 -0.153075365573889
-0.233147681929141 -0.319072391323893 -0.17717297346673 0.0182665209621434 -0.209861522714618 -0.567744532265477 0.221088536110107 0.298827195154252 -0.277482668528512 -0.131442173731257
-0.190294198849145 -0.297723094340072 -0.0246143841443583 0.034136043919841 -0.38006249886679 -0.829124589474407 0.0689161927345978 0.197203789711108 -0.454143294705648 0.0414624592056761
-0.143138687266208 -0.33072095533513 -0.0897325656328141 0.0925781621981776 -0.360875451627051 -0.579296944576732 0.0111981313285652 0.105649802033606 -0.287573460998457 -0.155696020228659
0.739107483722881 -0.297740952917924 -0.12004196904846 -0.519635229788855 0.302891672067624 -0.340575396057303 0.148632721541496 1.05722236326147 0.0400264484492893 0.305861453376423
-0.230777170265251 -0.363962709857088 -0.167452476600073 -0.00726705996975992 -0.358681100431175 -0.692604729697005 0.0445595096676608 0.0308537128483416 -0.372881492408464 -0.0427927208642371
-0.200276589090833 -0.432038747971782 -0.167033802314935 0.0200060826773221 -0.313806883213207 -0.582727631989326 0.194204351748457 0.342387706374984 -0.368758779076345 -0.104917196276505
0.625665491391098 0.108276168171126 -0.343907128204669 -0.481010035277708 0.127188656478981 -0.44440144605632 -0.0267622056079593 1.00761296203875 0.131861700360451 0.387087257805392
