0.218847193254139 -0.0977522241130618 0.269065957221639 0.508281397276811 -0.118238356572814 -0.326945997829863 -0.470547362658747 0.0535409707650568 -0.296272770529858 0.149224121184052
0.154224995565177 -0.149644341238539 0.428096334321845 0.459976453122802 -0.128852254799051 -0.0693503248421303 -0.500393849508424 -0.0285278137112043 -0.351480807542455 0.194267346611614
0.251395217728948 0.0174426910149798 0.261298485645551 0.588481954494147 -0.198348117489979 -0.245144328083375 -0.599481706318799 -0.0259059683244133 -0.247576073413023 0.264952529257521
-0.00721386622972352 0.110169807933247 0.418479922086985 0.0340146186827863 0.198254780555219 -0.397499131442201 -0.4550459798902 -0.0267220235264218 0.15427928201476 0.47768175263529
0.266996395425428 -0.0803722518123505 0.416664402766831 0.465676560065056 0.0200095380140815 -0.240740590714036 -0.431066707770045 -0.0946164150900938 -0.285727880234149 0.264172971351537
0.489054391528093 0.449648753921584 0.0969426291884421 0.128998685330842 0.304446517472208 0.135291022029347 -0.0189113950076405 -0.330757404998045 0.153898499923547 -0.0835024328012692
0.27940850758403 -0.079092338286466 0.469602236660356 0.45923650351402 0.0403126647984444 -0.248708444210663 -0.430789419508906 -0.0601348249354287 -0.264100001040547 0.249940976985605
-0.0168249096130892 0.0871919290280253 0.419040796686243 0.0344941640564457 0.199987889060696 -0.386894939150367 -0.474777308448085 -0.0340077337716632 0.14033871835785 0.504010588760548
0.112454904250913 -0.0814152866658082 0.444156259314202 0.40343684612552 -0.0401223735351383 -0.216178332248301 -0.421589932187761 -0.00990140175501538 -0.279880374633205 0.256647744393092
0.320726066684603 -0.103700406696672 0.422598157780361 0.498908562404757 -0.0704780830891975 -0.246829322780867 -0.49178729442662 -0.130670044693282 -0.2913646846832 0.263199850080023
0.152303831575419 -0.17566518162644 0.432982703656523 0.320359064139352 -0.133242975438811 -0.0809069635892005 -0.515765547468446 -0.0416303629199474 -0.305302022700741 0.235832376223485
0.330596186872761 -0.0946206846407487 0.422356755205513 0.52821401474364 -0.147104487972352 -0.234449290228274 -0.486155283040019 -0.0767443674541222 -0.314879716804789 0.29432106176205
0.04845953840865 -0.0891189926860482 0.404931561346498 0.521870057860982 -0.050617293854064 -0.17767290069866 -0.464212403324589 -0.00571067537947006 -0.369326429113525 0.200675420242197
0.0358119326792728 -0.0956447490204979 0.432561238642954 0.477611068921128 -0.0772804962117604 -0.207461645539556 -0.454394115892364 0.00640443701623722 -0.356445931480993 0.215904049150529
0.138698603051354 -0.123345473484036 0.258126700221919 0.447191740665634 -0.074577249879588 -0.301469302997897 -0.518276914524734 0.0324249783441078 -0.198051337046367 0.363729151172799
0.116238760336371 -0.0917518393258434 0.448380837175853 0.402726870880389 -0.0362685542173927 -0.203206000258048 -0.417777888032254 -0.0197848699442765 -0.282898778940633 0.254197089157679
0.360586879835785 -0.0675386566109577 0.440481931532942 0.481632166093606 -0.0346648551799419 -0.304763128740784 -0.45160177612996 -0.0988047248840404 -0.160475304319127 0.18641663101141
0.285299197941682 0.00699318179654538 0.31098857798938 0.547114398603241 -0.036295336993965 -0.13297905099124 -0.401358995705233 -0.0586089344401073 -0.178536433249624 0.17509691975634
0.138827353140548 -0.0421033857488555 0.325031991517892 0.569269026597494 -0.168739488620589 -0.352997082693824 -0.517316467985845 -0.108897858500483 -0.114364113175748 0.332918941850625
0.525808350800197 0.429545828187442 -0.0739396545109993 0.111967005921822 0.217157589381485 0.133004332281587 0.049146864693624 -0.350533058637074 0.0552855465865997 -0.0260098295233729
0.392178464802508 0.0123531777109377 0.381147537021413 0.485686447437677 0.0396053435167704 -0.268921197515267 -0.433706085278097 -0.0714277443006986 -0.241378232610418 0.218879675228497
0.156904438369206 -0.0874146936793728 0.288381517535558 0.556013964944593 -0.142211860563912 -0.304162718053282 -0.58173547888469 0.045058106486764 -0.207867883880625 0.234897269364442
0.0609779553395152 0.240324839716804 0.27984503880041 0.154689153758507 0.207460061064929 -0.455471844798533 -0.449670159761141 0.152591005586007 -0.053062390590935 0.222891722592166
0.357898773604685 -0.0647202708863804 0.382717421624432 0.468350129936047 0.0841150868711216 -0.254091301159909 -0.407032451415978 -0.0887676817830438 -0.285304936725523 0.187966566771402
0.211662588578514 -0.120269709538314 0.52585063963302 0.415873653199036 0.0252160880303518 -0.20034921839571 -0.442394470859646 0.0690485554425647 -0.266736420030839 0.196112977129376
0.12243295521586 0.0261331525594394 0.584677140766372 0.354273954040307 0.0482143794716964 -0.0162128476443113 -0.586807153054338 0.0881032433669979 -0.250649372958513 0.331140383296227
0.0660198467275823 0.217747393260329 0.245129034424939 0.162947901462413 0.170164988308737 -0.418557741537904 -0.43316597207592 0.171329148644997 -0.0848773374745018 0.26396744079312
0.32199033625844 0.0168796918038374 0.309643844437106 0.485222444471913 -0.0318387004855976 -0.1631834065782 -0.46725055335287 -0.140953544409832 -0.232178657841112 0.28760000993617
0.283524859245002 -0.0418310902080454 0.423379301673362 0.499689705181466 -0.050472898870282 -0.189382152267524 -0.487738045814239 -0.187896879706482 -0.313710873493689 0.262953423713022
0.28420559033985 -0.0564860540169993 0.42927377051965 0.497332323528605 -0.12709424037941 -0.204027030441929 -0.519886265591036 -0.161952033368151 -0.270407145393465 0.279717538171882
0.460124142731078 0.545767451558135 0.0437898694986698 0.0532701762166265 0.27581679130821 0.064532791841074 -0.00928805759535213 -0.416980740349073 0.191620766873204 0.0289149316918338
0.0115847002433045 0.167608429136568 0.214465139189101 0.173078441386024 0.134954480292932 -0.459809850421091 -0.434315943797706 0.171544587077608 -0.0922645806768899 0.297211357800692
0.142074539341626 -0.00687286150168525 0.509857422482389 0.315958491192084 0.0573381691746027 -0.0213300124387919 -0.610401221337103 0.0563020856813512 -0.252591682669483 0.298336863817109
0.311523421067604 0.00287702013751661 0.432515331317403 0.497352261948568 -0.163293774757028 -0.17148652586742 -0.537162407156596 -0.223475448165927 -0.234874030981514 0.274243702269439
0.267522706088412 -0.0133187663478029 0.353445340208884 0.462296430421049 -0.0597726491920366 -0.175528131004584 -0.484534688159995 -0.215301966077722 -0.264256407771781 0.260429582158203
0.0515143971397402 0.0554038258872617 0.259901202179355 0.207832056256798 0.149893008736502 -0.484723946148626 -0.362156242831923 0.151763699893679 -0.059760244272128 0.18919439302569
0.47444142292766 0.539712468616183 -0.00713411076704088 0.0559124063951669 0.265097602481937 0.0282002017685694 0.0431446849967477 -0.402730570665406 0.230589280667798 -0.00516601445592058
0.0410531477307461 0.111566029160272 0.178356177976111 0.211778907752896 0.302668475751342 -0.357860298891315 -0.319073744714592 0.13933374580502 -0.109508279549667 0.273704748918727
0.576413098963633 0.495330834461578 0.0235071392807808 0.0717597816288606 0.296383671667073 0.0751608616652992 0.0876664918433953 -0.384003848636285 0.267361330616312 -0.0267724592428181
0.279364703245483 -0.017074333299494 0.401166243242087 0.49203418776184 -0.0886027307119628 -0.188042651346018 -0.474979601209653 -0.184980033248335 -0.273434078361734 0.302752307645833
0.11576451412218 -0.00929856536465853 0.564959738170562 0.314501436057501 -0.0567074872502398 0.0373537975181701 -0.479550432199772 0.110367715580298 -0.345278800540163 0.344575555616379
-0.0214659469858417 0.208915650357847 0.392220527824652 0.261567451328889 0.205575073913364 -0.480810704958615 -0.534403340422801 0.129630343876234 -0.186104539144831 0.289398605610719
0.138578098081614 -0.0529673544400943 0.570996787362838 0.340080454003536 -0.0621264138848188 0.0591756145859661 -0.490316447988469 0.107312867853071 -0.333389647918607 0.339873035369467
-0.0377206626944625 0.200312958089707 0.437187375571584 0.239285495235501 0.181543995272775 -0.443692720102053 -0.51174783011972 0.101994775765254 -0.170867289171019 0.308585671075423
0.164999848920856 0.10670405698108 0.320231350284376 0.583036439479082 -0.196584380529888 -0.400712368368235 -0.529237160217694 -0.152401249464955 -0.209467099763212 0.377406592582452
0.165299177827145 -0.0144714169995459 0.40439517335123 0.338586522067544 0.0288347045443261 -0.172069674786231 -0.333402149735985 0.0331374465318464 -0.389393099753619 0.28263793133949
0.183743755051606 -0.193131311489438 0.306014613140597 0.214607194923419 0.190129140583867 -0.157654117934612 -0.363202251932018 -0.268730787969683 -0.310032603583544 0.2639240983125
0.275603769934195 0.00343918756642472 0.381170978056497 0.551316041953606 -0.0051405355234911 -0.156444608114602 -0.562449325764793 -0.144106517716116 -0.190071480399845 0.358049026741859
0.0818128860671047 0.0458476290174643 0.280225049354983 0.205793210931164 0.159808053195617 -0.445066675043837 -0.325932680073553 0.10901302909754 -0.0680398546624771 0.187922963846265
0.310810642176387 -0.0108633203010959 0.394561215598871 0.456430790183554 -0.104078526692294 -0.149773306420702 -0.381831503810125 -0.0458147977678922 -0.214440533655345 0.31580799499254
-0.0148303206705023 0.261111129439626 0.379236862963663 0.209656033215587 0.168951672774446 -0.421072134167855 -0.509150347523022 0.175759663917572 -0.0800949718062997 0.316118781763447
0.28023033145596 0.512149132647434 -0.0452385985461167 -0.00127234806465217 0.421416546693864 -0.010212751812266 0.192126564953751 -0.278178792988702 0.267303466214933 -0.100819717411762
-0.00748024360037199 0.0248767931436958 0.301648277245082 0.227698153109532 0.210340546838662 -0.299980652841633 -0.376535570028992 -0.0677156568149943 0.277633719324756 0.300286926701074
0.318585206610905 -0.0105251958879613 0.418502688812057 0.472085613964844 -0.0993929270842501 -0.157390319141549 -0.400988804149277 -0.0650433199128999 -0.237889114040525 0.32146511058608
0.0586120791426627 -0.0289437067678642 0.383866167744721 0.599586252788199 -0.0956415917379938 -0.222096630976984 -0.436652639159562 -0.0459814484963481 -0.155710729194616 0.269019882334607
0.328310355504532 0.442019567783615 -0.0624419768631273 -0.0317637154259565 0.472152422188715 -0.0698783599221022 0.196531168836712 -0.273558674079847 0.246656743573123 -0.111137993861811
0.0386995416912228 -0.0374315068276162 0.450567156848657 0.39292522844765 0.0212784398657762 -0.311508812676459 -0.540887766065139 -0.00467078228012626 -0.225276202190781 0.201657709312497
0.338567353142339 -0.137328324042769 0.48198960618917 0.44231944875993 -0.0762041929598751 -0.246694396172227 -0.427659681018364 -0.140182502433264 -0.216763494566978 0.301188953541768
0.135309222878135 0.170486816892234 0.285818150400627 0.642741183425042 -0.0846328041122846 -0.434311730888524 -0.45428591894301 -0.0128118435919045 -0.21399945577104 0.397768138221039
0.325229659654854 0.428003709428719 -0.0676949942718199 -0.00398233389246312 0.483331846000523 -0.0304320655162648 0.189411569173453 -0.316478928026772 0.197648631436312 -0.0650867222565419
0.0745693544436342 0.0605376378719148 0.18710721219774 0.107500085192571 0.151934182077589 -0.353208343951871 -0.350427380024009 0.185207157140465 -0.00197265745833896 0.170788625086514
0.0807856313490714 0.0386979621947905 0.277278690770006 0.220122327826352 0.163558273410098 -0.435342270450923 -0.350755100120871 0.119323573414003 -0.0624438914633884 0.192530210531399
0.0644269434136738 0.207517398582852 0.263199560558509 0.643480438668112 -0.14759305739094 -0.434083900965797 -0.427563861309968 -0.095552130120679 -0.182657304690588 0.422545856771942
0.292941802237694 -0.0259079100977371 0.418820497101639 0.464019369352116 -0.0105809755695478 -0.191907812145928 -0.557651184264593 -0.0755503103424897 -0.253149214655197 0.316282052240073
0.0605637708069142 0.00235193278912237 0.443974194133736 0.366553667184127 0.00872768916579342 -0.278998144695003 -0.53334889305455 0.0174728123920422 -0.201990464542787 0.220822523613575
0.0811763834986764 -0.00463709969241571 0.423749168771947 0.549089561620053 -0.0824431495355546 -0.198499739029656 -0.48158348345522 -0.0257837666925161 -0.0884468693118171 0.24790524471192
0.0672951391714235 0.0769414401419484 0.271417984405008 0.186338493062626 0.157488617528771 -0.45932982336275 -0.285879134533192 0.10769147932832 0.000583869075529316 0.269439367031747
0.0910942948768538 0.00568783399920219 0.458435939583168 0.367750603706256 0.0616886218629498 -0.294773223716547 -0.527430471972508 0.0260550527845813 -0.276350845447161 0.208226509213747
0.0903591457046821 0.0171507068605538 0.390247517079526 0.586189254722699 -0.0312747039507463 -0.214287719294166 -0.481960684771258 0.0213693861934165 -0.108089578380227 0.241739145711262
0.220740021669306 0.418321591412049 -0.0434307484156266 0.22431400634064 0.334159376148505 0.060212259065792 0.0346370287195322 -0.251646928956142 0.232231271153524 -0.0259981974461457
0.168456069528614 0.137671564538273 0.305870876498288 0.597224099347424 -0.197370626860041 -0.397978091838996 -0.54966276241081 -0.160005577239519 -0.188532468536269 0.404172560894823
0.0863741891630546 0.0307240502713944 0.437719093467792 0.39932454674688 0.025814696717658 -0.306817804205421 -0.596108657204658 0.0330058501712703 -0.337983910036447 0.239647559619799
0.11071385187145 -0.0128108289632265 0.528449465281338 0.349847431264648 -0.0602166403106764 -0.184152707825941 -0.600950143145218 0.115777165413011 -0.393338513485466 0.264036106291226
0.316375502141453 0.57349044236931 -0.260596860042376 0.156736476935829 0.468725932970917 0.0670170772312562 0.18918162871649 -0.222289801290587 0.109239180614139 -0.205660166940798
0.165772736123473 -0.00760370102335856 0.496503795087523 0.388293169735917 -0.0745311531749983 -0.137046692855519 -0.635851422158 0.109155719428698 -0.41606660971426 0.242239201505675
0.208455132342742 -0.173404498529534 0.22431469469234 0.471208143310188 -0.110851358224498 -0.221095148482716 -0.498505413678293 0.0185389954679167 -0.16152718635159 0.30585796633781
0.393017707039943 0.393757198313415 -0.0118632540483121 0.137555142480158 0.409963764641494 -0.168099865065038 0.132725021294522 -0.2146654916071 0.155430920357413 -0.146127271679448
0.16026437001932 0.0911618835049074 0.300388040736406 0.361765644209624 -0.142992013691007 -0.312324901620108 -0.557941397569262 -0.138321066165941 -0.19337986758281 0.176715817456069
0.0370141146377365 -0.086594480747972 0.47062848313037 0.463695273688295 -0.12503150804996 -0.177755904657168 -0.417594181432439 0.0103682315448285 -0.269071888338006 0.233619316288862
-0.0363609809478822 -0.235226219186121 0.405354466114882 0.0625445341230144 0.236736135051405 -0.34789229977644 -0.425862872659537 0.0394667926549574 0.231739372906906 0.403067321824206
0.131792276697826 0.0629995633661751 0.403173888829241 0.441758294459898 -0.0487761346268787 -0.118993982702961 -0.404137349146717 0.0315358193235702 -0.254897087841497 0.268852660211357
0.131868869053905 0.0262381535499805 0.407016101862302 0.413460957087723 -0.0530497345386224 -0.127989126009735 -0.428510405537776 -0.00750467315056955 -0.241796192309468 0.218201598947911
0.049139738924983 0.00743620000870494 0.178106564942179 0.0766136443701236 0.337967460393582 -0.185822821048299 -0.587499583499296 -0.0247880773352721 0.0302644723804364 0.346944671353141
0.193109565949002 0.00604198839405777 0.449389078151592 0.646560126106253 -0.105303702125869 -0.275357095412047 -0.51306045366854 -0.137783495344396 -0.222419314989976 0.366008136461397
0.33385819790031 0.551381678204559 -0.0959471390753864 -0.0585898657732119 0.408466080643138 -0.00130484569721971 0.106357450136932 -0.206458403355767 0.151516487211149 -0.170494999528767
0.372120190237787 -0.0764457944923807 0.417086668940728 0.473754168481367 0.0574982823223612 -0.204848266814153 -0.39874199517475 -0.209016450455138 -0.217526752452743 0.3533351611211
-0.0241178601005281 -0.047914480368287 0.309057372489667 0.166492178319799 0.351953941917 -0.18100259932196 -0.515010481481478 0.00744434055254681 0.0541163867226086 0.286898710576833
-0.0685532997936477 -0.0798346802017185 0.415411701740709 0.134169129906524 0.323009083141247 -0.205094332414947 -0.376687151390897 0.142021020116494 0.0942149610834683 0.314481483073117
0.205180669304457 -0.0412676293055985 0.310913423743732 0.433258498738556 -0.0640922532961642 -0.191379373132024 -0.543520519691394 0.00391842296931621 -0.225883456619383 0.331769897871319
0.348845188375066 0.585596873334873 -0.11652795403644 0.0655439583551788 0.416777448226322 -0.05400887264297 0.114990598444512 -0.206883436724346 0.116727789468985 -0.159773063954395
0.0265343654643424 -0.164200627041837 0.44423700351298 0.332299890781066 0.237302885897994 -0.212961645198061 -0.311740422939854 -0.23022636355111 -0.246545962260558 0.203370178390348
0.370344111642263 -0.0809390156835687 0.456154149907262 0.458858087483834 0.045841050153314 -0.217156366265621 -0.403937549575736 -0.191078505155712 -0.21632448166044 0.344257448786853
0.20442172504911 0.0450690584964607 0.453370206374184 0.604745973125158 -0.115147744511213 -0.308590639091648 -0.525000080725389 -0.0840760148715153 -0.211227987738888 0.367348878913223
0.325671375030542 -0.0455312759217179 0.476018064430452 0.488591950103503 -0.107179048904015 -0.11116866521771 -0.521708000371434 -0.128591263388441 -0.261504661587743 0.334975471043814
0.347596592299431 0.442856005862506 -0.175295512167337 0.0733076652671133 0.486676708620578 0.159096610964483 0.149452638349698 -0.273719387836845 0.167959639329211 -0.220355504274529
0.00496203340594369 -0.0274554126149535 0.498102684225365 0.322614295324907 0.159805466989915 -0.227053712113792 -0.276164892040217 -0.239427942026192 -0.177179181612587 0.140173856284489
-0.0908318233524758 -0.0599347198649859 0.383270571757975 0.139526290633216 0.358467401996438 -0.145310983150405 -0.478998691205288 0.0665042624434708 0.127428420314457 0.421614044326476
0.197646603209305 0.0233681572488663 0.447749811792935 0.607442266254374 -0.0761571745079947 -0.301887305387135 -0.567836456578478 -0.114327883508038 -0.222404681783148 0.340472152009688
0.186114929255998 0.0155122532962165 0.360956211763507 0.465844457763766 -0.0549496162007988 -0.225936683386159 -0.293452930639845 -0.134050589072955 -0.276093465883076 0.301443459324977
0.223139722119912 -0.138523788474236 0.363368665629691 0.447710832189565 0.0429717717896478 -0.27394166634537 -0.543535837389654 -0.0259609934938315 -0.306426366610387 0.267297152808134
0.302588180617817 -0.0979947991355205 0.406127120960474 0.426670417394003 -0.0251577614050897 -0.183809431677499 -0.507761009336042 0.0138437762472313 -0.203471750645169 0.249618855281101
0.0601647983284054 -0.0799038882702106 0.402426840152823 0.28997853331637 0.251064193420228 -0.257724537998003 -0.334894684296616 -0.204036891075672 -0.239042431146605 0.17920371236978
0.0411331459476551 -0.00184158576576952 0.187406658718999 0.0793132322326492 0.318834513210311 -0.207335210661192 -0.581760748887921 -0.0355916949432343 0.0387987502969923 0.363970888024272
0.0209756117740326 0.00405864271207115 0.23324343149975 0.0990051974819827 0.419832957642784 -0.197822531108395 -0.589505977177544 -0.100121456035755 0.0692825573706828 0.446677921671124
0.331450942980583 -0.0729640834448282 0.346047980331066 0.529454532918407 -0.0645534507074726 -0.23022154888484 -0.477940417170888 -0.123435306708213 -0.261548548258842 0.244709022186156
0.346549553151737 -0.144242560515349 0.499733831910936 0.435815871517715 -0.0864533063560517 -0.194111187933678 -0.446032502048103 -0.151080623145278 -0.211510353704723 0.287768059497399
0.318585206610905 -0.0105251958879613 0.418502688812057 0.472085613964844 -0.0993929270842501 -0.157390319141549 -0.400988804149277 -0.0650433199128999 -0.237889114040525 0.32146511058608
0.511711615843953 0.4665322767324 0.0200839135817564 0.0679107734499627 0.272029785382276 0.0386355214466535 0.0371251975467526 -0.381483303257463 0.26959492436529 0.0123075827703142
0.0558244311820417 -0.0536229701793672 0.411416012745763 0.629237136822924 -0.0338390624497167 -0.200420486384402 -0.524635627381027 -0.0441091926182183 -0.113988556401239 0.182399391697483
0.122066803788102 -0.0038114988188294 0.368737467818891 0.581618978873042 -0.0718682331338528 -0.21186977826536 -0.501322837401452 -0.0235665861969857 -0.0651843535893006 0.269225945871245
0.0820455327025158 -0.00129819850324331 0.381361670136798 0.382374481767474 0.039539642315502 -0.300860909374271 -0.582628884811873 0.0304358089276046 -0.315397733263741 0.222524885670999
0.0755448547712173 0.201601370673643 0.285331957842167 0.612124032925862 -0.137929747779237 -0.406950292170224 -0.444584178925451 -0.143398373170253 -0.180369476962133 0.453001993717739
0.313759998958674 0.484166383703117 -0.0424100110369147 -0.0203286691211264 0.484195490555796 0.0369109498816821 0.193121309234163 -0.317486125216139 0.214613108894491 -0.130787025659602
0.121269662625989 -0.0327768037202037 0.3779535232656 0.613225543033065 -0.0726766807719089 -0.224196664280699 -0.470748104343917 0.0117957205354318 -0.0203767167501971 0.182073934889027
0.590478674275836 0.388172521144815 -0.0519498228864746 0.158862626517556 0.204896995824488 0.201926669396127 0.0565977724949505 -0.350208615628752 0.345759553469494 0.193208429953567
0.0778448577122266 0.0972121118050558 0.255728346208295 0.101949494320337 0.153848638975057 -0.3811823846876 -0.384058528153602 0.113873248689511 -0.0246700521025842 0.164771937741451
0.317019294745029 0.44766686647786 -0.0799394673029145 -0.0239410041123824 0.506347570007253 -0.0556404290119314 0.20224574549119 -0.304804130011153 0.202478004837542 -0.0748956565806177
0.134552263783633 0.0949312670886138 0.365271368099553 0.58925071086275 -0.236020134378962 -0.408321744020932 -0.4990297448537 -0.108323529735277 -0.245608267042003 0.369499384900027
0.176904833639181 -0.0637175512568315 0.555317419262018 0.305001956492712 -0.0896776910113346 -0.140496104673714 -0.487410527328013 -0.00872951849537757 -0.284418994451488 0.219006683404824
0.102053185431635 -0.0220558901811683 0.422974046807508 0.58302648834198 -0.114097957279123 -0.220604520142037 -0.45617741666779 -0.0286745690565473 -0.172766324635117 0.234655743979435
0.121832399502004 -0.0192194767667701 0.405572442013581 0.314453042551727 -0.0497720400946098 -0.125051870308466 -0.428297298510298 0.0870158978253628 -0.265926766099372 0.283836900344748
0.323106666504571 0.542605325266844 -0.231691334531973 0.118000914818739 0.508056847986359 0.0645518972098096 0.138482651853538 -0.256808610653202 0.10873501991549 -0.247429911121907
0.279675766085473 -0.0403732863691685 0.475218653922138 0.418078531231489 -0.140955233952426 -0.231885694920443 -0.548120527664455 -0.083065917598603 -0.252612692302641 0.305809367340968
-0.0638780105058617 -0.241212083834196 0.390718229005011 0.022350576660331 0.192389380161494 -0.362306359932502 -0.443262236094761 0.0639357315674997 0.247663939951459 0.360464595343836
0.237335261754527 -0.0715010420734935 0.355107610036212 0.507159889650003 -0.0354661610439359 -0.247425553962567 -0.479287372610172 0.0510216462754908 -0.155115685127439 0.208265189534036
0.497593654463083 0.489018457822257 0.000629700845354041 0.102478380207766 0.327325073006261 0.0066648041181292 0.00595214361624559 -0.424131321449921 0.166679628548276 0.0912188709496876
0.210818006668386 -0.0248570988822579 0.370630126924012 0.366059528154929 -0.0902371424186924 -0.178194703524739 -0.437789505627575 -0.00647470008865803 -0.271225660941517 0.323777929797649
0.236021248982996 -0.0244086044716368 0.394587590532882 0.397853832434643 -0.0441480577923347 -0.151745009983376 -0.471430347469717 -0.0183702800296925 -0.274459895790783 0.296976975829512
-0.0552123664607291 -0.131149138401366 0.409899374115269 0.0542605533317215 0.232416406416014 -0.34175707444137 -0.481965804465386 0.0528234782480624 0.224338959439179 0.354471065117915
0.239958712550176 -0.160359443661648 0.292245424740876 0.522511287602832 -0.121593185018911 -0.262062833493954 -0.52683666767961 0.0817380631683558 -0.245836413620455 0.145228203392304
0.335578561794363 -0.121308164192654 0.405416549684528 0.491078121381042 -0.0873938067519717 -0.208368191613686 -0.467074235007604 -0.104703166735393 -0.294424573070331 0.292251375515212
0.244689803969506 0.0593300965652492 0.285607041289844 0.608746438956091 -0.179637062806909 -0.239546050448003 -0.472222878020361 -0.0590350995092612 -0.0771267686788897 0.356895368115957
0.247815224574318 -0.0337578617094589 0.376694592806031 0.38415053355911 -0.043335157282023 -0.18073736934886 -0.46750835273548 0.00389551469002184 -0.287435005789984 0.240869760199453
0.386168814825332 0.365013282814254 -0.0149774758951734 0.0966559810309305 0.420755045589017 -0.134947157642828 0.141065980138916 -0.249680609910674 0.229458797170026 -0.0444029544613718
-0.0391909945892415 0.0413581721585401 0.299313393137535 0.162904780686351 0.162357041246439 -0.321058425322098 -0.357904054002071 0.100395665797422 -0.0467495567455053 0.180834343849955
0.345505833126831 0.432307462167312 -0.0330175232187174 0.214969287151656 0.445579516258082 -0.158418261568663 0.0827507855960715 -0.262327452907823 0.203212696308064 -0.14870003537777
0.565202181935544 0.512306117735536 -0.0497617255040933 0.161544875546561 0.238303871794745 0.083984294030857 0.0486125516776306 -0.293335676061445 0.302825766005279 0.11012673440808
0.268079594149106 0.0446861150959239 0.268823612456887 0.605444698369487 -0.194006604557382 -0.24387102776539 -0.472755128459971 -0.0462719330411128 -0.078116465452866 0.347122833834609
0.11020603467769 -0.255618556521876 0.529371129731672 0.360655409055612 0.0229897737597068 -0.029003118070951 -0.522488406988905 -0.0357261233865243 -0.44598176580355 0.217033514420958
0.212699363668463 -0.154480563825396 0.330515525841989 0.452569002010364 -0.0780864849469761 -0.287147359199566 -0.479679308447868 0.0892454795813113 -0.28761346470616 0.172215315651803
0.192917255939655 -0.0433357154852247 0.500552874358055 0.331628306959766 -0.0683330015516719 -0.15597889441666 -0.659166383446607 0.147617221071513 -0.418982029220418 0.263590413813304
0.189910207472293 -0.0400139032888174 0.431317898655401 0.412353901521523 -0.0282291184150255 -0.212654688961616 -0.376066659633981 0.0240746073424652 -0.281503997387171 0.29214544581593
0.171301925834254 -0.0687995215129797 0.494728178623856 0.409881425886921 0.0135473011444778 -0.148306477246871 -0.551573289264128 0.0263050300166806 -0.277328151777067 0.251396420081305
0.36111623325838 0.3455079976112 0.0566805812596696 0.0891936080847042 0.451118101759098 -0.138795649003071 0.127299847996314 -0.217274452055881 0.186807643960512 -0.15489763771271
0.00967540018552116 0.162203424154289 0.178916864224311 0.259148684022797 0.1729451248627 -0.457851426848211 -0.484410064270723 0.176496086385632 -0.100506158629227 0.280612248883015
0.182368905285872 0.0220604688761913 0.367191997368017 0.417907193593865 -0.0228736650703732 -0.108243685434127 -0.519533479441284 0.00596357390584492 -0.281322058683866 0.291887310572934
0.285481708299032 -0.0362781640197833 0.389738891366592 0.458934638644442 -0.0377640126471282 -0.121400100043005 -0.458944728043399 -0.134412068321163 -0.174297818476919 0.245377616147809
0.0487508098882912 0.100318783060001 0.220901374487847 0.165776994595388 0.127344144774633 -0.365928810035337 -0.380031642411044 0.154648961609025 -0.00510028874697714 0.17468374003544
0.137724783732112 0.0980486201734175 0.339364340672075 0.592425300159756 -0.223042858546551 -0.416560848812441 -0.533883977073052 -0.115797727227491 -0.21945973231711 0.358381541841762
-0.0717993568850704 0.155000110468759 0.396598201136821 0.295342647261954 0.188550226609112 -0.450838897818818 -0.545775686065351 0.117176819157752 -0.142387850813151 0.364234772761835
0.0529560451562911 -0.0443688263096165 0.395018674213259 0.636704584077663 -0.0598898257074357 -0.20788559839824 -0.515545239485194 -0.02568142150586 -0.0888863475603003 0.200080372356281
0.0909926401720849 0.125200928854103 0.24132567542726 0.17392569718022 0.189414490563027 -0.378549906192336 -0.351145830984309 0.120423418549944 0.0477730077880954 0.191132518225941
0.136529799271961 0.0399178339631494 0.346942489384589 0.599985366154447 -0.076850333040393 -0.199873637985739 -0.405958366736047 -0.0170961502812337 -0.166519857722683 0.307445667405844
0.246694399832578 -0.0494462124456395 0.391722839664133 0.303123747923051 -0.0569520464534891 -0.231912951200883 -0.533668158129739 -0.0215466280823761 -0.269123396612231 0.274895045290019
0.279364703245483 -0.017074333299494 0.401166243242087 0.49203418776184 -0.0886027307119628 -0.188042651346018 -0.474979601209653 -0.184980033248335 -0.273434078361734 0.302752307645833
0.57109562076842 0.386904256898892 0.0199788048251203 0.122666294815346 0.199955785756495 0.215057942485626 0.0342444945154325 -0.375348904683118 0.285587699858057 0.121034031026801
-0.0134436081247419 0.23720144506652 0.397346258278526 0.254730945116953 0.207162056752469 -0.388752183600886 -0.535741687935814 0.137671379057673 -0.181843956993101 0.354421881635354
0.127131157160017 -0.00391950836408987 0.29111549914609 0.541217974500206 -0.0501636478901387 -0.318840485074231 -0.479191480312316 -0.0708939982022625 -0.268867607246383 0.253697151709479
-0.0230885340376704 0.214306908873598 0.206861202910568 0.174326199612381 0.0971364479333486 -0.460678218991287 -0.429664686698749 0.190547441094787 -0.0474997953843844 0.266631498234937
0.194391954738603 -0.0435516492459191 0.443572321584494 0.370165918274368 -0.08444871652653 -0.260259318437359 -0.609428826632239 0.0616924379350726 -0.336488689144582 0.238583563688919
0.00949926804556509 0.178241014516356 0.308023686146926 0.144886897663312 0.102030675779332 -0.453520785997597 -0.52756128459913 0.0917842926236627 -0.0740606727720172 0.225329039292159
0.215450637343702 -0.12648517058389 0.39041642000091 0.364628393051663 0.0665010297332899 -0.15442626714263 -0.438656714765917 -0.0201482007433465 -0.290682354734536 0.195027569172249
0.11315672392465 0.00763082902681187 0.396469657449963 0.549857723851124 -0.115526634322129 -0.233362750022153 -0.511350852627903 -0.0290781816378431 -0.0586534166470335 0.200143127071235
-0.00656279202312102 0.161103469094585 0.28912629955398 0.190582491858725 0.156954680492023 -0.394316628421874 -0.341359470133829 0.190445567677705 -0.108696172078886 0.196271720924552
0.133475943075792 0.0359270200030035 0.363282913588319 0.539447364653825 -0.104532681698266 -0.217877691378197 -0.404236210989794 -0.0143458373140329 -0.129209329746009 0.216083665304485
0.274832163669035 -0.022584767808866 0.354325676342338 0.456005336362685 -0.0739811984412981 -0.169354352228904 -0.505327875326643 -0.199256689225511 -0.278803161863793 0.273579474951647
0.253235120508392 0.0181489737065569 0.445600041458835 0.502225404989828 -0.0556854631778971 -0.150389550809261 -0.409326665935675 -0.0716205894897644 -0.209635412841036 0.205522113462442
0.0785993008706847 0.139501198942297 0.245206331844623 0.180606710776693 0.219660343048102 -0.380964291413137 -0.311388904547673 0.162139003869426 -0.195344018246992 0.242053627153329
0.18664927420435 -0.0366538925586857 0.475598685778608 0.344541634914315 -0.0349523605148256 -0.152543632018263 -0.505346992076048 0.0926093859478823 -0.269980357339724 0.293045157189708
0.100482769787439 0.0314128487827354 0.449304989688528 0.467211172972911 -0.026727420063167 -0.191886554650216 -0.323713898267676 -0.0337841942503416 -0.317784917597434 0.256016857706822
0.198552577148795 -0.0422490375286682 0.294609966131356 0.439078648551341 -0.0462038752155537 -0.254568957205405 -0.513213382541717 0.00851714549559903 -0.143239784589407 0.289712791035769
-0.164474608028481 0.0196220975374726 0.329256045329356 0.132359695487424 0.290298687165691 -0.364799060850142 -0.538944774565812 -0.0314546000062144 0.10558951525246 0.329141795260562
0.0174735070718513 -0.0393790819920382 0.311928680116844 0.162660734328285 0.339073722947348 -0.155218083318187 -0.553758263515765 0.000351319928778165 0.0740678384645149 0.333039187044204
0.37887222637117 -0.018987467095597 0.518725320502021 0.536238219399573 -0.0704041458586492 -0.177980263804579 -0.496188933969461 -0.177240394772976 -0.196981276273088 0.31338779558669
0.0303582315136047 -0.0100603165042903 0.299429170672042 0.108435320207708 0.467003415416614 -0.271371233033458 -0.531865032744653 0.000899599106040391 0.197468527905373 0.341438856727155
0.0571900516125575 0.0153100770416713 0.251277756093722 0.120245321685662 0.389030743505462 -0.242108662810249 -0.59476087181668 -0.15328175518341 0.0838106814229541 0.426112471825173
0.322066026681463 -0.0294133087036975 0.489488438558001 0.538984024156286 -0.0813366368257001 -0.166269707003767 -0.490802527258613 -0.140047584573007 -0.229050191561903 0.278126754415861
0.0677294604212802 0.0246589840181797 0.259316338811332 0.143710745376092 0.403315866052241 -0.240632417749217 -0.587328452867991 -0.135459785083964 0.0711117922355227 0.417134244019265
0.359822054391582 -0.0744762946577704 0.441353713059338 0.469979533428704 0.0644658053364283 -0.194008760627007 -0.399360701153437 -0.18401209857925 -0.217716937810075 0.34093896580445
0.195479432148602 -0.013261773133087 0.505775380997254 0.254231139746448 0.00638900974053486 -0.00323910036270381 -0.629815648668314 0.111355426796257 -0.386810423001971 0.267389004629204
0.331688903736916 -0.0404710682168365 0.489445994591614 0.497067545355893 -0.0954969778507283 -0.134543303511952 -0.532980756716158 -0.132822360104165 -0.237855973350942 0.338675067516819
0.0498110710600432 -0.0401553836890927 0.442182311996643 0.234924839838708 0.261920776510958 -0.252420849965667 -0.481649714414483 -0.0561532687016531 0.158639765673032 0.335602034565865
0.203319743365491 0.0077578829797248 0.342753083745813 0.656072051187636 -0.06785073382832 -0.254176531387682 -0.466147325052558 0.034414227919034 -0.220989388264515 0.358449058746212
0.18401708810525 0.0481340132280139 0.321765407729175 0.425797367500411 -0.06570534312508 -0.172519553786722 -0.401507516921959 -0.145118800351025 -0.202780191307534 0.242762924474922
0.216028289586936 -0.0808344006750976 0.316203246116721 0.541574016187539 -0.102155104785043 -0.355808088959256 -0.432999580169874 0.0645823434331283 -0.174048277232464 0.189262528530985
0.557185537924628 0.423801031625277 0.108098456760038 0.132754793967955 0.262263925608407 0.0883943572778486 0.108631415321743 -0.333634223923292 0.195560955853102 -0.0294398646158884
0.235639577316502 -0.0427969166674587 0.455693449450386 0.48204882960923 -0.0866776702780059 -0.257778911036049 -0.457476071698919 -0.127733533536222 -0.269635342666016 0.264946566742326
0.559515705955453 0.464943192220358 -0.0938089514300075 0.143079893664208 0.275410478120773 0.123403131121735 -0.0122731407716198 -0.399348605676862 0.216879441663198 -0.0158563120025665
-0.113320171382343 -0.117318943425844 0.484505537649569 0.175572992554662 0.237158017726297 -0.299081430067816 -0.455467462723233 -0.0442667888550334 0.0310243219899529 0.449045978005093
0.122659520348689 -0.0636370927608024 0.476197677159693 0.468459578173572 -0.0444586147832919 -0.216058779390937 -0.456305511267595 -0.0550525258602969 -0.323343827666965 0.15345240825139
0.582930207137458 0.496831386024531 0.0670094250225705 0.1752850115416 0.344573562623755 0.182278886933985 0.0359088117307338 -0.345672006661923 0.167478775180361 0.117742269209671
0.0741202448314312 -0.15875800654833 0.525903401755135 0.410381187569853 -0.124037987880737 -0.0376371423064053 -0.535332920746269 -0.0528514407179632 -0.327182565262026 0.224647231080692
-0.0727696341197646 -0.0773415250273396 0.406464117752567 0.12966745349193 0.365720505345135 -0.16310493770926 -0.376768801320896 0.0743644569469 0.170741845785943 0.393717570726377
0.129760054727462 0.0573159024909835 0.329275519702026 0.433063827256603 -0.0955926207778592 -0.191492862403492 -0.41290684648448 -0.0871635889943419 -0.157764371005289 0.270168966533298
0.374803368871546 0.533701900678488 -0.0468213607303375 0.0672453170643353 0.469102340467372 -0.0789312880597042 0.160090711620536 -0.311459104085963 0.150476970967472 -0.170951510119956
0.594729173731207 0.507255023784194 0.0712377187602752 0.206195144119916 0.292744145379066 0.0481920039299961 0.0760326964579451 -0.353913566227983 0.164667384324127 0.0692812104091796
0.2244750806839 -0.0938929049260619 0.392802576953362 0.513773090787806 -0.106133077660489 -0.252640643067083 -0.496849370588612 -0.0297939835913764 -0.132533246890879 0.206669092594352
-0.0286864460796126 0.0254998759184746 0.289133675919624 0.269221858449547 0.0223526183215679 -0.268814711466387 -0.497678546033237 -0.023398676432051 0.147543813859315 0.310855420499123
-0.0253319243882218 0.0324925501202817 0.340579952489913 0.187116457664883 0.276804175823887 -0.272382026877645 -0.636938946181353 0.0116578303552851 0.0902459150806486 0.299186326063415
0.603458805336261 0.508390797803754 0.105328136425627 0.0925753128888879 0.313875296623398 0.109768781917737 0.0961471911064414 -0.403880260351188 0.126993656318128 0.0783452289965199
0.275603769934195 0.00343918756642472 0.381170978056497 0.551316041953606 -0.0051405355234911 -0.156444608114602 -0.562449325764793 -0.144106517716116 -0.190071480399845 0.358049026741859
0.299257836813626 -0.0389215179613721 0.419016333093575 0.445516687132687 0.0153049031941583 -0.161376281100173 -0.531742959943472 -0.0793845444380707 -0.231378237009289 0.316226768273211
0.0662419397848584 0.189934894192559 0.270507626993319 0.636191249490985 -0.142522059744006 -0.416150801959814 -0.410768955729183 -0.105841913556676 -0.184644925570012 0.437893396574209
0.0864945224724762 0.00790376816040919 0.407453624597282 0.3694359343888 0.0415631181375268 -0.295892478605769 -0.576592131525987 0.0519418787386021 -0.337650446257906 0.230020307031642
0.280261536695081 -0.0194066118545043 0.40155915238614 0.459898352749007 -0.0463277370257407 -0.119628975893843 -0.47247829808383 -0.14445465080395 -0.18965367004917 0.221236547308201
0.316473235812524 -0.0703431448926321 0.52383124669488 0.369790218348009 -0.0826868988827215 -0.232748175677897 -0.457243774890492 -0.123100630645964 -0.228442931275357 0.316322106369704
0.131627624283874 -0.0225480824971679 0.40112102728256 0.607331555491869 -0.0773016512843431 -0.218756136230297 -0.500996956237696 0.0318980826701364 -0.0831463678624059 0.226354023726061
0.0843015618895825 0.180940755326886 0.287065900916409 0.611065488340121 -0.0844471257119768 -0.410787041426626 -0.426914932188084 -0.0357767668301699 -0.218042334326436 0.414444509933897
0.086081961987839 0.0662849064605383 0.335229236043725 0.114804279837903 0.201843977775065 -0.332518474047683 -0.257818731506231 0.135838388258469 -0.0906106666057464 0.184531791296478
0.238194468119162 -0.121210656215032 0.36053645607194 0.433517632526166 -0.00130150287492128 -0.243918757814539 -0.504552555475938 0.0141728969822982 -0.290681692496118 0.337479948105669
0.0411331459476551 -0.00184158576576952 0.187406658718999 0.0793132322326492 0.318834513210311 -0.207335210661192 -0.581760748887921 -0.0355916949432343 0.0387987502969923 0.363970888024272
0.171198028606147 0.0890697926377423 0.38759762028354 0.520741383240858 -0.0602844473446187 -0.120789445303066 -0.407184763618743 0.00513969175334904 -0.220187764712124 0.2679488916553
0.214744528338884 0.0587683311669533 0.348731662973813 0.454154637197379 -0.086924460966254 -0.293117096221789 -0.255020313654127 -0.222129855082417 -0.225831394267115 0.327763308492866
0.113222490234195 0.142628295642922 0.257289999519602 0.149184696925791 0.193497616649122 -0.379072598063398 -0.284389306617049 0.127011963420122 -0.0500429103899606 0.205124760831557
0.174768283846765 0.026802538951578 0.435429918841124 0.615176695544345 -0.0931285048203409 -0.291340672820367 -0.509679728167232 -0.107769505998613 -0.200511342469407 0.337567471310501
0.123490868341243 0.0751043578350223 0.399131317549021 0.436202225309742 -0.0648301208094698 -0.186304911044083 -0.456153132887224 0.0987101096056787 -0.29268514428838 0.276130582888096
