0.210295387533338 -0.125054570135673 -0.11496712196446 0.168747281548658 -0.0726314596467731 0.122456835922555 0.0904368375303807 0.182851252852045 0.0797456085788415 -0.314584294170038
-0.246259329183647 0.0360930214955499 -0.24106123145419 0.136466405285468 0.17284977740361 -0.361673374658525 0.294607953515654 -0.24436575652903 0.21136127063132 -0.115781194553977
-0.139274130450707 0.102789263415481 -0.423860963733825 -0.217934770290284 0.0497016578906936 -0.299677043225499 0.169376496237963 -0.0154596447099899 0.23660052269219 -0.0342019160851925
-0.0410512122668673 0.0361825960675174 -0.046238137428029 -0.310568262646653 0.311183013271759 -0.175345482231899 0.269405206214962 -0.351970800197706 0.136552775086876 -0.157364421226759
-0.118833846216532 0.0573678674249345 -0.286418161028933 -0.153967204303628 0.128367927907 -0.434792690417813 0.198681086837693 0.0237672189493156 0.000219219286473393 -0.0761371675282385
0.220931069238011 -0.0975905604143073 -0.132696091583589 0.137665908835625 -0.0558204024382636 0.12329204506219 0.102796933400847 0.220710424084284 0.121246966202514 -0.298235321764239
-0.203850729400073 0.0388756882384848 -0.428583852069073 -0.292791155826202 0.147795268664678 -0.321222194500139 0.200717740414694 -0.0217629804236444 0.153539104292003 -0.121434369696158
0.130103321819627 -0.123310865654809 -0.190676391293843 -0.0937246393903188 -0.130229010667798 0.328474667852387 0.0866690522635473 0.101574553201285 0.06489923258375 -0.200476406596913
-0.114267297971419 -0.0046596493312384 -0.0601430604095164 -0.0963534444731813 0.283836602431331 -0.10009729749364 0.264466788291689 -0.138608579392969 0.180601391137642 -0.110001817392769
-0.161041477108444 0.0176435602489813 -0.463591433234957 -0.285047984330074 0.113164046867656 -0.268550771324003 0.202181809709183 -0.0319452524815807 0.105619529736922 -0.0762287687812429
0.309497375459304 0.053982875785396 -0.17020271746326 -0.103912035471745 0.0299947960938849 0.218310995502627 -0.184835458183099 0.152269144181057 0.0912833130255404 -0.392604350779234
-0.103076865323335 0.00847474984314243 -0.0368495352884082 -0.0901824326747315 0.280226764623753 -0.117746144817354 0.243729221816133 -0.129299254113216 0.177729044678214 -0.126872290978594
-0.11296205762622 -0.0495704261796265 -0.372451327756543 -0.171574911184777 0.0183122755658677 -0.0610004029494672 0.370396482150645 -0.167211234442081 0.241927209299704 0.0382579440196446
-0.0824843886260499 0.0378502617961774 -0.110317798630994 0.151872210309081 0.144467457618532 -0.143799283528759 0.355041784665967 -0.360658284631773 0.229691567552999 0.0975379167756939
-0.0964192719512644 -0.105082021994374 -0.193989491327778 -0.148379282245214 0.0175446003485572 -0.210462339532461 0.287037560723078 -0.00299064232313352 0.332331808295038 -0.0138437107046952
0.241991106815401 0.0349058969918903 -0.180562420391771 -0.136450395689615 -0.00638344046031207 0.209181966093343 -0.159112983871365 0.193006863092633 0.083764314463792 -0.282094385841823
0.151057876659782 -0.120126672625854 -0.141996136148438 -0.177519616742629 -0.138279901739546 0.23847168886597 0.0650014496183622 0.164950378515537 0.0983929449935005 -0.133499800669357
-0.0554927766194057 0.0123430395650647 -0.364041007844591 -0.186978044021169 0.110037059127022 -0.448585345464167 0.177097927710727 -0.0234651350453617 0.133258512630048 -0.0301645602808225
-0.0478919838454486 -0.00847287989129058 -0.353265463470409 -0.213458238270572 0.0200837569231411 -0.0771898803053216 0.299030005727937 -0.139781920165802 0.3160387710249 0.109699307033078
-0.333818990962833 -0.0681847815798705 -0.235796192849467 0.117099407727322 0.204010284862885 -0.26073721952336 0.241586345263718 -0.199813202375769 0.246016944758976 0.0673123924338364
-0.291237329724635 -0.158935074299719 -0.325329451803669 0.0579682615519875 0.112021578515099 -0.275690721401716 0.335392737573135 -0.0876043291599201 0.361572124162968 -0.00559797660224178
-0.0788397330457466 0.0122622656657999 -0.0565006968178233 -0.28325041196303 0.275983189569803 -0.184496877809885 0.245891609413206 -0.330383188325652 0.153381658466917 -0.129022140553046
-0.00330708047408483 -0.191008537463838 -0.233703905600507 -0.190375276061734 0.0984094925850451 -0.176001381614407 0.294473340068039 0.00114033340371128 0.379995567362261 -0.0149868011903085
-0.0824843886260499 0.0378502617961774 -0.110317798630994 0.151872210309081 0.144467457618532 -0.143799283528759 0.355041784665967 -0.360658284631773 0.229691567552999 0.0975379167756939
-0.0855070889962592 0.0363254210769225 -0.0917410400746394 0.133829368444175 0.197712387905097 -0.189842011081829 0.392892023956369 -0.319721165377125 0.285701023576216 0.185832582092917
-0.177675263032 0.0288062203763347 -0.409683677063617 -0.289621836596615 0.0903562236713972 -0.301448542710631 0.165756538082836 -0.0232348729189082 0.0816591181270598 -0.101277541042233
0.209671835636559 -0.114983456536376 -0.123979531497057 0.151451836101991 -0.0771829730820776 0.125801131718922 0.125612574423984 0.225764001406954 0.0772228129651024 -0.271519330149938
0.234798568991845 -0.149310176023566 -0.132207719144866 -0.149562901272751 -0.11060387950662 0.251678020200722 0.117695268943752 0.203636896033576 -0.0115216842252037 -0.18203175804377
-0.185067268776365 0.0671258393480043 -0.257616812206652 -0.192443974324683 0.0761319702577897 -0.424683082046395 0.219807755327738 0.00508294012327786 0.0306040688447199 -0.107696646879945
0.237345817965117 -0.0724752680164942 -0.159238532744215 0.113879874277656 -0.0799409102211343 0.104419023110715 0.0412503027493644 0.28477292709817 0.100413081107845 -0.333391040682546
0.198605483557431 -0.0211386385037475 -0.152653601425404 0.0998555158284973 -0.0878957464022646 0.0222724116006059 0.119460256821882 0.267264875477655 0.0764502964766802 -0.353752951049417
-0.0981169168684277 0.0580583689466543 -0.303471270956753 -0.161734498768426 0.109113739479888 -0.306546820941082 0.114473356884661 -0.0238322467221294 0.056063428509598 -0.0438021651759427
-0.0393827866588887 0.0368848246418115 -0.107006709196599 0.131850210586193 0.224077927923014 -0.197113502351901 0.384984139230515 -0.317569773592824 0.256749368197608 0.15075339401543
0.244040262535241 -0.0577618616684982 -0.134489931182514 0.129126316492121 -0.120133619575364 0.078071842640089 0.0626319203106786 0.240992565838724 0.0682180526892218 -0.325768237895771
0.334322095595929 0.0564697607365459 -0.207882198116363 -0.160500499285357 0.0120030931101465 0.168565946392973 -0.152311283889057 0.184321213274313 0.063299105475017 -0.360258725202372
-0.131097946858627 0.0148293803702656 -0.314629596770381 -0.183536543298595 0.0874573198026883 -0.318560206100915 0.170829499596751 -0.0145381171917862 0.149350906848431 -0.0280215793555853
-0.281164539552624 -0.101549409746185 -0.247963864359629 0.00220937897189008 0.186980344703598 -0.220338189278385 0.307776324426253 -0.204370102546215 0.222301052024606 0.147981726275109
-0.160428378966172 0.0368111875185285 -0.306170102405512 -0.0818929956898016 0.0722042588752282 -0.301573007306015 0.23581570058512 0.0675255488780897 0.311281780551896 0.0475657093446461
-0.0635244266468592 0.0791491991767481 -0.398629444799788 -0.274518538839481 0.0583203657830885 -0.481161309213491 0.256527158784135 -0.0290017697374459 0.33407119082781 -0.0370489674460235
-0.311870147586539 -0.135652057421949 -0.24294130969591 -0.0233114596010365 0.213884842071706 -0.235667628027821 0.31442219434744 -0.174052710265044 0.314151838492081 0.0579322014545671
0.114757055766196 0.0535682829415111 -0.172132252277007 -0.0346138914976209 0.107758279131742 -0.352947827648121 0.308256104036439 -0.268266794129905 0.379892992619829 0.0903331280132814
-0.073948077312637 -0.038961881355215 -0.339148749724695 -0.20683071600068 -0.0135232426841133 -0.104111207365277 0.302152261984541 -0.12327327268897 0.315765411112281 0.0704711177677915
-0.101508747739945 -0.0896150538329055 -0.30850286967248 -0.0796181703794283 -0.00874122135336525 -0.252993482879791 0.298496171933066 -0.0380743736721492 0.337939089243094 -0.0558105070728315
-0.103296644271996 0.0441684961698069 -0.0824186119662934 0.147605572373579 0.227293145832015 -0.188873883324406 0.39629826451712 -0.330444241000364 0.295684462519119 0.199394748336623
0.215914942092009 -0.0375037572323251 -0.130460295987082 0.138924734683048 -0.042289642222291 0.0580468750482102 0.0567863398601962 0.217512785042634 0.0826773521347783 -0.343065572677554
-0.263482576149837 -0.0422503384194015 -0.270839953853215 0.127462570287704 0.112958870142124 -0.252252356162956 0.213112958914249 -0.0447682126513455 0.364082774614824 -0.0451037658762983
-0.253019699420777 -0.0549203337924214 -0.255983019272209 0.171473565554576 0.155861377530919 -0.29594878431116 0.192853926549081 -0.0366905412432746 0.376102299547452 -0.0581196954034186
-0.0665756598006289 0.0928834966432774 -0.415946129240159 -0.259215488814781 0.0493742158020232 -0.485193646241655 0.26368847949261 -0.0290658143354705 0.343384439718019 -0.0374110876190778
-0.0683004599671064 0.000835318147601831 -0.380721893698026 -0.231152064678292 0.0108403708183232 -0.0528599995469018 0.28894664007276 -0.168705907862517 0.372682932183893 0.0428149304861272
0.178347601155245 -0.160510722921796 -0.0726846204046036 -0.149908861361065 -0.126278340635363 0.269027265632571 0.13252672769561 0.15486125658368 0.0623320645216368 -0.24697595029313
-0.257136020486227 -0.0724123892219397 -0.242864802531512 0.146845330968606 0.0559694773997634 -0.279974093430988 0.251890737654775 -0.0646461642480176 0.32224709125914 -0.0884902019014378
0.243362012500509 -0.00945345049313625 -0.196449868268061 -0.096477544066938 -0.105406596546937 0.214692800209096 -0.0940353204878545 0.257256451758117 0.118970410096138 -0.331826525872724
-0.0513341236562425 -0.0619256041077663 -0.33577679239429 -0.135778742579598 0.0700778663689933 -0.120467274411863 0.242463969759577 -0.158105962260013 0.312491972669842 0.14183656412765
-0.135580765430475 0.0611542060884389 -0.297673039986542 -0.222822074304711 0.145435511270479 -0.417810101540541 0.245265756514802 0.0249242227545315 0.0790875488875065 -0.123100666262872
-0.146664585574677 -0.025507574189675 -0.329470787673631 -0.105128169073787 -0.00637342601320609 -0.205081930624722 0.24889284370143 -0.014570575258432 0.394044956218856 -0.140747989372465
0.321358809048706 -0.00784913042786351 -0.187237910016238 -0.131660643537215 -0.0214234553874507 0.199545119790206 -0.145491843737083 0.166133501546985 0.0806939927455091 -0.328705988567042
-0.038596405707327 0.0426761130262213 -0.0337548071765836 -0.253545551184326 0.228998291996922 -0.155859093596852 0.302470370953427 -0.287356978492357 0.195173351714622 -0.13925770332503
-0.216176933783323 -0.185489008710528 -0.261697927672542 0.00512779939521193 0.183936245755379 -0.208256322733377 0.29415296307532 -0.174013561211865 0.282305585478748 0.164515600562233
0.271632049974859 -0.0143194850614806 -0.238237525293862 -0.181608573916047 0.00660006931151164 0.16876092152631 -0.127707186545794 0.149109305307171 0.124130939661399 -0.384057750972411
0.220548351191733 -0.0429213728464365 -0.121393132494391 0.116040808441589 -0.0963092041574565 0.0666356723480624 0.0730816053569334 0.217030345290506 0.0739918415144332 -0.320592060922528
0.12765054495779 0.0506957260604684 -0.167576709925154 -0.0116527771724474 0.0925368033912811 -0.280771999006124 0.327405448145823 -0.195227167588313 0.377353452614214 0.0638712663044548
-0.253019699420777 -0.0549203337924214 -0.255983019272209 0.171473565554576 0.155861377530919 -0.29594878431116 0.192853926549081 -0.0366905412432746 0.376102299547452 -0.0581196954034186
-0.153919187316445 0.0707143830106547 -0.0545765586140719 0.0759719641874084 0.198031252583325 -0.175565829587864 0.359265825844208 -0.348937750237885 0.293222584281397 0.0732833880957234
-0.0862497344997224 -0.0419262411748922 -0.373031136378945 -0.144629438217901 0.0819585322870564 -0.0932402911717551 0.284407260091973 -0.143721118091543 0.295490953140604 0.0479524316097083
0.267234111212168 0.00515537598759598 -0.232415181037471 -0.181937164729889 -0.0177204051120438 0.173683596116579 -0.128952178573153 0.136075715000564 0.124986051144545 -0.393832713730178
0.017644571156783 0.0673536549339199 -0.104758286734622 0.121771017321423 0.000670503577800616 -0.311453549288562 0.332588302119248 -0.326959290589447 0.403841644871952 0.0812964598129469
-0.142376182420545 -0.0338969157119337 -0.312993822303383 -0.16357436956128 0.0675258250439931 -0.036197318071231 0.308770277659012 -0.13581532585347 0.342294329420537 0.0377923389952786
0.122715724505213 0.0653851469553187 -0.176648613021466 -0.0162638004029546 0.10516914718509 -0.29369995778095 0.341937317961578 -0.202044482136819 0.365107690875467 0.0651391452753034
-0.1277862855511 -0.0352353903217412 -0.33374890795925 -0.145656939050684 -0.058146848187097 -0.256405733366675 0.278976864112464 0.0148170911800302 0.406158273110843 -0.0944897777744711
-0.133968299552156 0.0118004439574963 -0.325860679172319 -0.181286592525816 0.104219225115268 -0.319693211151747 0.191620512721986 -0.0166231000351746 0.139707593385519 -0.0355967384418075
-0.186727636363748 0.0219921967433842 -0.333128994751283 -0.239750969866468 0.149492560951181 -0.381345894209944 0.203550049991111 -0.0221198394677614 0.06782633604656 -0.152277914908586
-0.052447023139967 -0.0334845164929489 -0.34639512812846 -0.206621707221619 -0.0185499267657802 -0.0964520478092161 0.298340134892342 -0.132795081512579 0.326966145292664 0.0640450390273949
-0.304713717787693 0.010997878026218 -0.260210350931849 0.0660058414546718 0.211445325357811 -0.324036738787282 0.219297829775603 -0.307061038792619 0.184765444998146 -0.0939032868876346
-0.292951181471039 -0.143689206986276 -0.3621395808987 0.0711644600189162 0.0767310034916134 -0.259146798856367 0.328023134401888 -0.100433256214086 0.363592114691677 0.00179538454396353
-0.0847536598762456 -0.0311932728353131 -0.0177319569558328 -0.0658570739503572 0.284831207325252 -0.0845210945358968 0.236356959098243 -0.176499747612604 0.127052057354043 -0.145364040653016
-0.0677742794942793 -0.000212012263673182 -0.0675750976283602 -0.302170039106655 0.270821052848215 -0.194802414835651 0.258768461611799 -0.322932300031358 0.157769206487894 -0.110410978248396
-0.0871667340948356 0.00116404603197652 -0.0501619170264826 -0.0652946094903556 0.276711246283669 -0.126533231076072 0.2610227058295 -0.129451015684626 0.189119705897516 -0.158152965239585
0.275028176917717 0.0656663103009809 -0.192804008661653 -0.168968957438953 -0.0281344860698931 0.200439314751758 -0.168067723245216 0.19420919244561 0.119825672677106 -0.291991530898049
0.289166163496463 0.100655115060866 -0.184910739172981 -0.152768689564348 -0.00734076269627835 0.185927013293526 -0.161813762524084 0.183483631338174 0.103626634336783 -0.370090337105681
0.00513750353351303 0.034877332034807 -0.227640439299765 -0.0107748666295827 -0.0304135633987324 -0.217902899374739 0.338388316161155 0.0596017917949298 0.394077604013184 0.00735433370073453
-0.297161489049398 -0.104808229497184 -0.178337164882273 0.00226444520463109 0.126287353941311 -0.25237414696778 0.451156297779049 -0.220973292805357 0.346271953478119 0.048772881445048
-0.0845561405317895 -0.0766924654279725 -0.135410953029023 -0.171164600992218 0.0371648588473026 -0.279484400008311 0.234721256538931 0.0183033789292014 0.367464387834798 0.0139026193782561
-0.145666318245369 0.0199987994760245 -0.261991322712088 -0.214303922780848 0.0385280382229906 -0.358854592630306 0.148394530444664 -0.0828995968357113 0.0748432392781577 -0.163799646590042
-0.102003853215915 -0.0781466395002589 -0.0442627502809781 -0.174535829589821 0.208511054197445 -0.236718761785773 0.104825902525047 -0.198051729183674 0.1312958093813 -0.163144005507002
-0.0270519963884512 -0.158714504898959 -0.0807034811001174 -0.060119998686738 -0.0383807311326805 -0.26124389104596 0.319598200770099 -0.172407849861647 0.344683106579536 0.185927613244795
-0.444991800893757 -0.176800712713405 -0.299296031971847 0.113787658558539 0.100338772835829 -0.224104896468106 0.308050633211663 -0.199514123966685 0.397773602471813 -0.0501343555323492
-0.405750031823843 -0.189039664038541 -0.35126470474079 0.0202695457916731 0.0975210790072223 -0.200134792796845 0.345316521851545 -0.115641075013939 0.411363854715643 0.0338539908042421
0.00906374415175682 -0.143725555531702 -0.08005784804778 -0.0895913659190255 -0.0215284210788523 -0.245791455211511 0.313680188126493 -0.154829701682838 0.378929333335927 0.183161708222024
-0.254926211922787 -0.157092820761495 -0.211947049431095 0.0577197947423631 0.0841236529480688 -0.298917249780457 0.34638467105118 -0.184404528872258 0.350220589849939 0.164104369828603
-0.244435817889445 -0.15134415205937 -0.24244225112897 0.0314580450716845 0.0933576423948525 -0.2687470547679 0.37464419333794 -0.216056734523385 0.333912031097562 0.09327303234933
-0.154442651646784 0.0371039752974032 -0.0179882158039787 0.105975906487816 0.0905764623863138 -0.109425970181617 0.317717941235581 -0.304776805977723 0.267572240401256 0.133722001467231
-0.396439729773034 -0.189943311383926 -0.371246722338283 0.0227539303843127 0.100644380982145 -0.203640785895886 0.395109034886716 -0.155571172077678 0.438990219689187 0.0202593574816714
-0.262010657191306 -0.0960256448521411 -0.240393832253725 0.0161103337611665 0.0778142795400705 -0.172147195034228 0.310014051127172 -0.169368029532503 0.288573260812687 0.0750079820229116
0.261298402315862 -0.102520086262067 -0.186974157555774 -0.142216923031261 -0.133554873124887 0.324382224145207 0.0244400924283017 0.125356138336577 0.104235749950539 -0.258313708098515
-0.150860957571854 0.0110306599129114 -0.0287164026496656 0.174009800599096 0.175925452142867 -0.136486228860955 0.34665407030802 -0.329248128151164 0.323684319998621 0.170497650866765
0.216159820355544 -0.137367649755972 -0.156868593741132 -0.144288323340154 -0.118568474038814 0.27592639475788 0.00209995331769699 0.155674078196086 0.102679681619992 -0.262751969096729
-0.0211454388364624 -0.049539410177002 -0.0970870751880425 -0.139666571140872 0.232943533315189 -0.290277191771624 0.14694037342658 -0.246390716603908 0.0554305965131597 -0.0577962812514354
-0.175665967055269 0.0457880737263281 -0.290827573983769 -0.154880196604813 0.0484375811507321 -0.390887371260944 0.23368436269743 -0.0347701164661637 -0.000131350803451726 -0.0614003717058578
-0.179911287674106 0.109377071328941 -0.223435846553114 0.0895053885008013 0.253559476632248 -0.104374487514578 0.455270472096691 -0.308895796615166 0.305634564260928 0.142138846513952
-0.0119087284500351 -0.125040525685364 -0.0603320714059842 -0.0754220615483449 0.00704990477666372 -0.243645918317518 0.380996054374113 -0.163809802517813 0.361799878887475 0.102866371691394
-0.12768226006428 0.0238950137078119 -0.250014224006128 -0.231879285811244 0.0894212918946442 -0.346999537615968 0.148853242031877 -0.0897061325798519 0.0749816323299141 -0.157151473732572
-0.0645923191217744 -0.0850444844020366 -0.0795277703096067 -0.236113935885286 0.263923903583515 -0.293325295908053 0.140033260747188 -0.268211567139691 0.188934495624777 -0.161208841268958
0.173136828360834 -0.23834910903619 -0.0809719206811851 -0.0796870166311147 -0.12388475521738 0.263105004899656 0.0701328475085604 0.239824108494676 0.060950535346631 -0.227790647736926
-0.0464963870046979 -0.11732122375354 -0.162812791444762 -0.188389209344363 0.0162674373483452 -0.386649699408666 0.253285845622591 -0.010514470113949 0.424940768850849 0.0178964152711451
0.267234111212168 0.00515537598759598 -0.232415181037471 -0.181937164729889 -0.0177204051120438 0.173683596116579 -0.128952178573153 0.136075715000564 0.124986051144545 -0.393832713730178
0.250997458146796 -0.0405136298227338 -0.119124139404833 0.128446816218848 -0.0485016442966313 0.0884737037387046 0.0612453284064195 0.229801191922024 0.086101673560406 -0.331949681797632
-0.136808867525409 0.0589894120386485 -0.117402748014245 0.131164307855789 0.178307539170112 -0.144307507947411 0.369939896139137 -0.337834076905614 0.335377729453233 0.103638869429303
-0.0530117289639877 -0.11586253813324 -0.217272795045355 -0.174594549945758 0.0770033552604863 -0.260218325760756 0.288520675528761 -0.042147071874911 0.419809746781536 0.0569064437704192
-0.00223846344294674 -0.0448415825905719 -0.0336292689044881 -0.295947711096213 0.228491550808938 -0.139615299726867 0.237056857744097 -0.292135114537057 0.152012270609402 -0.115137952706593
-0.129381236208578 0.0762085918514782 -0.373066687057773 -0.277324547255206 0.0410304463121916 -0.504360787672276 0.267849459102817 -0.0798051295195474 0.323808582339981 -0.0575228924145344
0.258017469433485 -0.0336551433950724 -0.165478880436808 0.0781284935592217 -0.0604940210302006 0.0785887376629295 0.0695964982053834 0.210437318042659 0.0753464243953534 -0.324569802375901
-0.0807479886676761 0.0591280904816427 -0.0510668357000041 -0.119527689627771 0.206900962662767 -0.155177886793696 0.357334465376652 -0.157792571810127 0.207979218935731 -0.0711526987949618
-0.249226548279557 -0.0662045144570423 -0.258561470000915 0.159724663847098 0.153576608322588 -0.29667827298437 0.191513452051716 -0.0457130109848901 0.377174250256525 -0.0659167950733886
-0.0166295730008221 -0.024342175673357 -0.0580821566561239 -0.296874521341553 0.256494964683274 -0.144488247464461 0.240920212561112 -0.307821664507147 0.168299939583402 -0.0991358411855896
-0.0683004599671064 0.000835318147601831 -0.380721893698026 -0.231152064678292 0.0108403708183232 -0.0528599995469018 0.28894664007276 -0.168705907862517 0.372682932183893 0.0428149304861272
-0.1277862855511 -0.0352353903217412 -0.33374890795925 -0.145656939050684 -0.058146848187097 -0.256405733366675 0.278976864112464 0.0148170911800302 0.406158273110843 -0.0944897777744711
0.212432362372394 -0.0432688556619418 -0.185700092955405 0.150783967232574 -0.0939806266885523 0.121648327358826 0.0511312110981707 0.222245691605599 0.0965133893464003 -0.299830152983718
0.206753116265428 -0.0434851407033237 -0.165436363220718 0.124563215476014 -0.0879341093073031 0.102783648815893 0.0423944998311293 0.214132080738094 0.0895027998301664 -0.287172003924418
0.2566096629218 -0.0458173373581945 -0.132318279498965 0.13294037927909 -0.0954025156210639 0.126958392750694 0.000796804628269518 0.257901361354684 0.0944291630264817 -0.305310404832887
0.114757055766196 0.0535682829415111 -0.172132252277007 -0.0346138914976209 0.107758279131742 -0.352947827648121 0.308256104036439 -0.268266794129905 0.379892992619829 0.0903331280132814
-0.0509067521585598 -0.0153265808803794 -0.064292849500505 -0.275994969441449 0.290759567767276 -0.187288861992041 0.233833361796272 -0.345507075797608 0.149632191635973 -0.135771853023161
-0.0965073774561365 0.0387097020329445 -0.410439858889201 -0.217624486085938 0.0266752061659795 -0.389971694101691 0.147202693202784 -0.00971615792865703 0.192114336071137 -0.0667968595332904
-0.0956723064301306 0.0300716190457651 -0.031109080095329 -0.076619900229896 0.287228588780621 -0.0858725857821478 0.253920038155701 -0.150280193470807 0.164753216604259 -0.151057368685505
-0.337523855829503 0.0051689129259358 -0.21266194475647 0.171101506602712 0.169214306359218 -0.338858128559205 0.243270932949452 -0.25989865000674 0.198765800684231 -0.0816733834845349
-0.160505668311025 0.0189796223192556 -0.480281688596016 -0.280034286641443 0.113578704388648 -0.257431018016891 0.211274432806661 -0.0155348785650027 0.104425177077911 -0.0618424736953836
-0.0456692540223502 0.0185284385404598 -0.0419701901906582 -0.314945568094834 0.303416911698882 -0.143322571188314 0.257390330320042 -0.294961710531865 0.157672658172901 -0.134010051805753
-0.130628657030272 -0.142381514410509 -0.238092624023667 -0.0605321488054531 -0.0688984482286907 -0.220716127116014 0.320562913080366 -0.00572477814072923 0.378310945399683 -0.00509484084002142
-0.118169967902844 -0.0498854450794552 -0.0432057116603195 -0.0693610952977974 0.037087078456716 -0.00536743226996907 0.337227311224905 -0.172762840025451 0.366007773750428 0.0990373978850413
0.24009373495047 -0.1797696087702 -0.13810881311723 0.183962994616548 -0.0821413042853976 0.118423431597719 0.0861071830810244 0.219612703436866 0.090965035726015 -0.327819116901539
0.188424124175258 0.0517736070820839 -0.219369201490346 -0.101569937247935 -0.012113871237314 0.189322468713039 -0.0889302546652315 0.243009161157026 0.148764884646622 -0.346104254555747
-0.258513193486193 -0.104320572938502 -0.169973124322075 0.0730815150044746 0.0168540791780952 -0.307437343349693 0.313285775139677 -0.0670882842559055 0.315802841120432 0.00562893417650605
-0.142351366100093 0.0855111647787851 -0.291693201320034 -0.146301289545714 0.0993301133044376 -0.317766369363157 0.255640583678681 0.0435047657401961 0.350704038591552 0.118112000925429
-0.309392575044822 -0.153041049533483 -0.346658065741449 0.075017958434308 0.0831956973183296 -0.281416151821594 0.320960377006284 -0.0702610816365013 0.36054829165464 0.00348784240340463
0.315631699148368 0.0787788859464319 -0.180360920428661 -0.116401499029136 -0.101290195982095 0.190065405486058 -0.183701322992774 0.187920282848656 0.13886999648426 -0.386955330993186
0.14273407928697 -0.127695688341875 -0.13912994284182 -0.186393152740452 -0.158670672803343 0.215498153052365 0.0775874067098544 0.189046827648728 0.099267959383983 -0.147047512663566
-0.159222315164146 0.100159144240423 -0.29149688801492 -0.154084418650194 0.0959113785776744 -0.303792364811978 0.274997041274904 0.0222915839955207 0.355008223914139 0.107657040338266
-0.152409806781712 -0.0571141890716635 -0.0412822400646751 -0.111834733186001 0.0504753765037985 -0.0160557514911438 0.290394951056504 -0.196707957917613 0.381640669286024 0.104110350787191
0.252918401153965 0.0554927708207489 -0.184073989567308 -0.134698867383197 -0.0105078582846509 0.152125451224669 -0.121603595313002 0.309511190056193 0.165111414620148 -0.32010634919587
-0.0896199241115685 0.0382311897233878 -0.364759710086925 -0.12800048026109 -0.0153248605885212 -0.0578292144778847 0.289914046341525 -0.203999215469592 0.265201865952126 -0.00324875626231428
-0.130122823284554 0.182479885602236 -0.408593307032141 -0.219957033437827 0.0837923675407675 -0.505995100703019 0.237360699918043 -0.0835186616377663 0.296658296863334 -0.011394197663615
0.210438129820728 -0.0707696179675289 -0.0943123541365702 0.0756739398675209 -0.0420095790115023 0.101242093050364 0.139887642103516 0.213795084002373 0.0619210986171306 -0.283685559754036
-0.222535976265696 -0.0318594394024304 -0.192274047873431 0.0632093313912038 0.071934116759716 -0.257891999707643 0.308874632823228 0.0386912664406677 0.261640700550659 -0.043964720529935
-0.139014728599563 0.000945463682627479 -0.067844470066494 -0.114378564093585 -0.00656729697430354 -0.0262865797547094 0.333310268920314 -0.141402767737077 0.377185332946098 0.0984513526293559
-0.217197882916975 0.0337919369968308 -0.308533126985136 -0.229447476816883 0.129125443650958 -0.355603683217089 0.179626798517114 0.0192525088284842 -0.0076148235954558 -0.102321723142905
-0.258138436176529 -0.0474579118988422 -0.25464128490646 0.172443828184252 0.169304670873125 -0.295042530128803 0.184625395853037 -0.0369931241785683 0.371497096141551 -0.0532303167635152
-0.332974244972289 -0.104751810275113 -0.268567856303774 0.130667627118256 0.120261890278048 -0.24046045757077 0.20143803966231 -0.030212646485933 0.334776710781659 -0.0850642578582884
-0.105664632637185 0.0509950688508725 -0.0508668101789649 -0.155205934404141 0.217760029080079 -0.184316483036201 0.324809398771767 -0.132956048405413 0.164505737112613 -0.0613140471349761
0.323924774782448 0.0722428532979029 -0.226911069255117 -0.167382925229357 0.042133601556053 0.165963107204982 -0.158433880623892 0.174408159616508 0.0740668313815643 -0.347118234778774
-0.153169945278641 -0.0293837582018417 -0.322060043054089 -0.116960335195503 -0.0199300313701113 -0.208907847261931 0.244715188536349 -0.00646643592202726 0.399572476504537 -0.134993827502047
-0.239058707609092 -0.121944814403304 -0.20573671422245 0.02562342478041 0.159154588178523 -0.240828855161943 0.338824106710086 -0.118412758975786 0.323513130985671 0.107397428049316
-0.118584872534737 0.0637867128340086 -0.298295851292471 -0.243510815656288 0.115614347098674 -0.41325241032803 0.246273423044369 0.0116476998586275 0.0631190680422217 -0.124898813395196
-0.073675508598688 -8.32268114961468e-05 -0.349365153737916 -0.194412816208698 -0.00404413725556462 -0.0798284095986338 0.267511722498014 -0.163504248586772 0.375603844755857 -0.0351920688754848
0.123104957938215 0.0679233313256001 -0.160856849754907 -0.0341566027069512 0.107289687017814 -0.309234770267776 0.325698557676519 -0.209357127224663 0.365504598674351 0.0652900713079819
0.30508826087644 0.0318983850748528 -0.191746037352695 -0.163918360781889 -0.0129917491623951 0.188650722920881 -0.201616386543341 0.145884152216021 0.0721729578493035 -0.317653584244178
0.14222951865416 -0.137659246558585 -0.187337259612333 -0.0909429054819817 -0.216450052799644 0.291571774408075 0.00931991016234649 0.140113862773179 0.074237794173338 -0.223509170023687
-0.284806698925693 -0.0281272881562858 -0.260587353966024 0.103808526926585 0.154782701125624 -0.204037386649198 0.212705267019511 -0.077140739520494 0.360651712030119 -0.022028743898405
0.226918354681704 -0.111921334656835 -0.116320122600133 0.125686998945137 -0.0841023249645272 0.121375512954831 0.102106440644563 0.236758319183966 0.0834893968287346 -0.254887417039509
0.132132124362371 0.0481640462619633 -0.148905172370264 -0.00298631607145636 0.136049286604153 -0.308064504709724 0.363038869078592 -0.206061729164299 0.34409492044906 0.104671832051789
0.323924774782448 0.0722428532979029 -0.226911069255117 -0.167382925229357 0.042133601556053 0.165963107204982 -0.158433880623892 0.174408159616508 0.0740668313815643 -0.347118234778774
-0.0555085814613451 0.00840592969101089 -0.365806331630285 -0.254511046999962 -0.0116441558235115 -0.0808925784205336 0.296236193896312 -0.158843517622936 0.39525203285841 0.0458012882776704
0.198605483557431 -0.0211386385037475 -0.152653601425404 0.0998555158284973 -0.0878957464022646 0.0222724116006059 0.119460256821882 0.267264875477655 0.0764502964766802 -0.353752951049417
0.240629413904884 -0.0592102533558116 -0.158489477068622 0.0976164577542871 -0.0800947980734852 0.106773281444599 0.0548453960370449 0.283818196387993 0.109496018670217 -0.35339862711792
0.205240947604511 -0.122510783238674 -0.156660570551301 -0.149903532901584 -0.10888378485032 0.239176783714985 0.133914196679546 0.18653955004255 0.017158319348284 -0.191517847648627
-0.0862497344997224 -0.0419262411748922 -0.373031136378945 -0.144629438217901 0.0819585322870564 -0.0932402911717551 0.284407260091973 -0.143721118091543 0.295490953140604 0.0479524316097083
0.227475480092588 -0.0491424797837358 -0.158515290231713 0.148389152940637 -0.0556906256010044 0.0636433210254936 0.0647542257468262 0.261195786054603 0.0808129284493969 -0.297531783898856
-0.117507817431816 0.0479560395159438 -0.335811455158405 -0.194442196817752 0.153994330036569 -0.38077700061653 0.203564272162564 0.0571374104562276 -0.0121419483824877 -0.045764783167612
0.114757055766196 0.0535682829415111 -0.172132252277007 -0.0346138914976209 0.107758279131742 -0.352947827648121 0.308256104036439 -0.268266794129905 0.379892992619829 0.0903331280132814
-0.113523424030352 0.0982159503756564 -0.0893356183424206 0.165925959644475 0.179235342220692 -0.168166286478359 0.412559208516743 -0.328024822827595 0.235534865713992 0.110872244166284
0.204190449514816 -0.13603999771716 -0.172728139272253 -0.137502327197736 -0.106952134411911 0.300090345366951 0.0150907930927362 0.162602285824337 0.120940992892677 -0.240191096972089
0.204190449514816 -0.13603999771716 -0.172728139272253 -0.137502327197736 -0.106952134411911 0.300090345366951 0.0150907930927362 0.162602285824337 0.120940992892677 -0.240191096972089
0.182624437079376 -0.126512707290059 -0.219920697473846 -0.138233520123271 -0.153588427345868 0.291555069910963 0.020096017582689 0.194287687812713 0.06635778894229 -0.154031470062201
-0.165661711259788 0.101506510105914 -0.326101713545006 -0.11476833866776 0.0460482577661824 -0.330625583886308 0.278838820063599 0.0607889113412655 0.356309313575011 0.0331238552123829
-0.11735567224004 0.149388122834442 -0.269766111908309 -0.16581418781233 0.0185387883953148 -0.330794181293871 0.250037231095777 0.0905408234335711 0.364811746453878 0.0998213532290806
0.191854121075538 -0.137692200211521 -0.149190057206138 -0.157452592656683 -0.133073121237267 0.321550095724765 0.0314649498825085 0.170416336203912 0.095463156186149 -0.163942622770749
0.035880181574168 -0.181729206180949 -0.0625618436937294 -0.0700447588277153 -0.00889440393615579 -0.209310456479412 0.33646895764749 -0.135186372739251 0.35617330399517 0.170316200334107
-0.102933437487082 0.0124753175593902 -0.233606120846654 -0.194371868940421 0.0701950333284762 -0.348857903504432 0.152048289714911 -0.085872238462354 0.107234007286134 -0.163848726109514
-0.137848067059546 0.121797100231027 -0.172532302176037 -0.155428746197308 0.0997268503010192 -0.317315969645623 0.285951989948727 0.0746174401577713 0.360977184527992 0.0919661187526858
-0.0614622737095172 -0.123005640105916 -0.0709321058714453 -0.253049809808833 0.265818833694442 -0.254401192463335 0.129362581807609 -0.276888386422603 0.195553179160754 -0.142607590773841
-0.41965189378783 -0.149641494402775 -0.319862830905656 0.111331824933281 0.128108419823525 -0.221887638381966 0.283623029350605 -0.188576869665689 0.366136189230945 -0.0262589586109793
-0.185424979431748 0.0546706333376843 -0.28677750825026 -0.165843726262194 0.0525637619576939 -0.398333065498061 0.229917805379886 -0.0488553820305622 0.00969221686491052 -0.0572881272570365
-0.135870101475916 0.124167541837208 -0.364851224678273 -0.132538976031097 0.103197476596325 -0.282143238393673 0.224925913501433 0.0717708137603277 0.323683122705477 0.0569562785983557
-0.00980294276963927 -0.164814868511656 -0.0922262499041195 -0.0711641980894615 -0.0164614304851605 -0.252671447307466 0.295178447325961 -0.168578713324152 0.378873300326434 0.174751775597779
-0.112430307864666 -0.00471459268666954 -0.308714139717663 -0.228595307197309 0.0456230570073134 -0.0846507034008966 0.263414414948973 -0.142041889407828 0.322384572394502 -0.0644524247856988
-0.303544862360693 -0.211928463548279 -0.202668696561942 0.0398505958713322 0.0377091301478807 -0.261229831188927 0.338933899791356 -0.181936234522996 0.316648312801048 0.112596507955822
-0.130082449305533 -0.00458118759763989 -0.375169670042736 -0.169353610307217 0.0431164413344544 -0.289421055742333 0.183770468373634 -0.0268456203433268 0.0486627261694564 -0.211890405792924
-0.0519875099420514 -0.0908538885877779 -0.00895675321277004 -0.156112927391632 0.228515873572717 -0.157044155367451 0.129380882654031 -0.252288714188099 0.156582563577527 -0.14715401312398
-0.0906644373158322 -0.0916481521763181 -0.156272841818386 -0.17682103526763 0.0629469334044085 -0.241955140081611 0.292831549285126 -5.59502869624941e-05 0.344044887541514 0.0268326297194993
-0.269737701316228 -0.123710893874488 -0.250231964586967 0.045534949655853 0.207762995578254 -0.253264240333532 0.241761635982174 -0.153626301611865 0.339796334696476 0.13125644851867
-0.0768808763120512 -0.0487842149849386 -0.30938194075565 -0.133510731626949 -0.112025480006083 -0.191295242872655 0.272456285757784 0.00661852428272671 0.430894289360734 0.0312134809074339
-0.231063160908737 0.0404260626133137 -0.306651216037959 -0.151545667730886 0.22624924470791 -0.29774995854395 0.286892752081845 0.116838199254197 0.349259024566093 0.128173511231111
-0.0891543797363113 0.00351027898585033 -0.123232685784018 0.146650119604025 0.110338475823465 -0.143379046249607 0.317759350748734 -0.385451383378167 0.26312238867596 0.0736079065666979
0.226508261742463 -0.181859259908629 -0.162921728271554 0.0574689337117185 -0.0516723956843622 0.182902047437736 0.0984509106638057 0.252742692825845 0.0926343253623195 -0.224157157191102
-0.0784848206875686 -0.0875847535367193 -0.145873916579011 -0.198826640698856 0.0948313368514706 -0.302560660760105 0.324130287969261 -0.0850280317893906 0.340521797728074 0.0404082843044853
-0.130617414153017 -0.0875691043720229 -0.289097506339506 -0.124704750996967 -0.0587727093251452 -0.227538107013175 0.304837068833269 -0.00638947642952677 0.37190849203085 -0.0799751237454372
-0.298490448583428 -0.093103441377696 -0.202859152148726 0.0150517621925746 0.172063444007321 -0.237580675322718 0.319350989460656 -0.147943211418858 0.352305206849723 0.0883773244294643
-0.151580720444467 0.0742249856453432 -0.306049338725251 -0.191812305895645 0.10558061094056 -0.405847227234396 0.213407883477 0.0330042619243621 0.0213878872170301 -0.0714627821481172
-0.0266161962169944 0.0261907380023562 -0.0552437198480496 -0.268544296918814 0.283426692066453 -0.153684486498394 0.280067440981227 -0.324145343257537 0.124132833996011 -0.162119385465712
0.233142240244569 0.0585769172567286 -0.185870920267836 -0.14161050500399 -0.0361605861252063 0.188862532373983 -0.0806304243177533 0.279535677600515 0.113600014358701 -0.298324586071233
-0.123005850100174 0.0948515173152256 -0.425889728506446 -0.222579871211547 0.028493923065485 -0.285252319948368 0.173320593230145 -0.00753146733475748 0.250078852162056 -0.0622530842977331
-0.0603294807651652 -0.079399702934524 -0.0265181037348952 -0.167039631505144 0.212501774382454 -0.125434391957041 0.0829705051588144 -0.278925560097816 0.138875732327028 -0.0988623186452278
0.255422857123511 -0.0372762433749318 -0.103316159293206 0.155638503182903 -0.060083787959805 0.059166222238992 0.0617971191322711 0.241013114689397 0.107270690559784 -0.318860001883351
-0.135580765430475 0.0611542060884389 -0.297673039986542 -0.222822074304711 0.145435511270479 -0.417810101540541 0.245265756514802 0.0249242227545315 0.0790875488875065 -0.123100666262872
0.0928078476694218 -0.0139168598221376 -0.184559714449829 0.0390903006048611 0.161211647396903 -0.361039474184803 0.381745481801897 -0.256919066860026 0.362852359134158 0.0489094080196321
0.112060395687372 0.0611509291410469 -0.167414159316843 0.00434610464013895 0.101522625840693 -0.30223668780103 0.324346013734223 -0.199267216977126 0.370337004006124 0.0526609806477973
0.117756405367963 0.0794972513986039 -0.157486708333791 -0.0245914868707737 0.0955331552415665 -0.287988899207845 0.334778117061575 -0.1904325559329 0.379038669313129 0.0799179721535542
-0.12934037252457 0.00757570784253392 -0.310537103505015 -0.167126001812258 0.0814236592181308 -0.344927807456794 0.199279765015745 -0.0611427277547467 0.158865204398879 -0.0214165742907841
-0.103163283360394 0.101561656194742 -0.0869486342631068 0.170486852569561 0.165167384413008 -0.18180175388947 0.414759074484828 -0.317736983781825 0.245961692311925 0.122958188893854
-0.121359024337781 0.0265472848349514 -0.409743703520304 -0.309958607676869 0.0886205873026663 -0.33902061971887 0.112103770786105 -0.0481871845319691 0.141233186430102 -0.0586908366810249
0.198906986249557 -0.0821227017215012 -0.102024300635071 -0.0342791371317165 0.00461744365775846 0.289543889324697 -0.0392625872040671 0.369304304574516 0.176983798054292 -0.339093258872015
-0.108978258404135 -0.144426358717326 -0.0883559070382082 -0.19202830784458 0.283861825286269 -0.341895339340873 0.149600782052022 -0.199169117065536 0.0728409896426843 -0.0939651066558804
0.0532819222062014 -0.17385099942174 -0.0876263437112206 -0.0568618804797728 -0.0077266914280209 -0.221748129703448 0.428589679467794 -0.193772145654983 0.264455209079325 0.136850634734667
-0.14089164668603 -0.0900474819767329 -0.0781671827213124 -0.171290340299168 0.206933662893976 -0.152770088028708 0.170113795649471 -0.246042587686624 0.124382879119769 -0.207139012010515
-0.288433305811681 -0.151835711263934 -0.257117905374685 0.0274050529137371 0.177773908434358 -0.250557772029979 0.32983204442208 -0.130960188784171 0.335493442068719 0.178780598615372
-0.11133153898379 0.0909737182356453 -0.204559845056709 -0.167296807749577 0.0910714160578777 -0.341355744745258 0.28164442806071 0.0807892559479831 0.340235978180184 0.0883128853164625
-0.137848067059546 0.121797100231027 -0.172532302176037 -0.155428746197308 0.0997268503010192 -0.317315969645623 0.285951989948727 0.0746174401577713 0.360977184527992 0.0919661187526858
-0.132563257479133 0.111317808876776 -0.369776867801653 -0.135447304508583 0.104868600677569 -0.29028360166997 0.216063228250367 0.0627722281166326 0.323445597131197 0.0689947288169351
