-0.113647844357345 -0.0137886389394872 -0.0744652595869766 0.0490056522912289 -0.0273582758996607 0.184124566331083 0.42624961287006 0.340287442829751 0.059066141358584 0.00223357384550025
0.227557438269782 0.0424489808831112 -0.384048928921108 -0.0820724541993908 0.155105635420009 0.193310441597002 0.271093499115574 0.225878864668566 0.127045912462768 0.173090677442711
0.213686033497057 -0.155194281471086 -0.0125982513837467 0.154891784302873 0.0553678090821072 0.223011984958222 0.669502408038009 0.23864550444093 -0.0965601695590049 -0.116327691888635
0.108107111780373 -0.109783855703029 -0.0816255633280034 0.109342283751034 -0.0634554331541925 0.342920980248039 0.269553737701148 0.302598284222149 -0.164143485602627 -0.0674409708149115
0.223676870562104 0.0706493242598653 -0.11152876979478 0.10384487645553 0.0981630541509925 0.452440892405595 0.304805442153131 0.250116956252976 -0.0115805541949367 -0.00175272572634952
0.0116168688239617 -0.0337853848990943 -0.0898809432133596 0.1387909209168 0.0145714370590221 0.452413235700486 0.324729749382337 0.173842441844246 -0.0865750437758767 0.0450035314019968
0.233067306753293 0.0493477809272659 -0.388133555487432 -0.146952226375799 0.167865758271403 0.240959112787094 0.27363248422632 0.22765173056946 0.0571865868122202 0.175135498316712
0.290436235604548 0.0464956882343739 -0.26510023863709 0.0786584986444954 -0.0845799137555413 0.211301366826135 0.32852716422795 0.263658738510624 0.0122456090699457 0.0355577747464032
-0.0602572711721027 0.0400190833834786 -0.407173825571765 -0.252274777976731 0.0737285966030362 0.0838108093834875 0.349626293779864 0.113378284962942 0.0411137918065594 0.0355399626578726
0.194680387454944 0.0639406963922974 -0.0979042281945896 0.111710206836361 0.0875701023191108 0.465941154571038 0.293750714408802 0.219361285766213 -0.01318632178635 -0.0126150716957555
0.0492266624444462 -0.0230465602845565 -0.0255223565342901 0.303438902498071 0.136588308861993 0.342114642727649 0.415476020702554 0.241562321714957 0.00155627439721368 0.0441123382359457
0.197522315077606 0.101639103313583 -0.145633754958123 0.0642938678594979 0.0499880736110817 0.365179183693825 0.284297363243288 0.479561956158873 -0.107162004041336 0.108102769685972
0.177830847575514 0.0555252618119566 -0.333833275539241 -0.134780822330499 0.0859792174283891 0.33777378153858 0.255817036467526 0.214646941087552 0.119092582070194 0.099909086392611
0.100165523614894 -0.0546584132669637 -0.138742591342057 0.0358638275597815 0.0109935742543966 0.282932649914465 0.23537747509174 0.167705053872837 0.181914001756522 0.127327488016896
0.20767188652475 0.0827320544910423 -0.354248482754809 -0.12599745899416 0.165030416511379 0.229004514678747 0.296203995675447 0.231713875459984 0.065145622874446 0.155573659922013
0.178175901014824 -0.120481397757488 -0.0673806598040417 0.270858822279162 0.0181483443076205 0.463352212275532 0.358668822756495 0.234131036051032 -0.0798859867759988 0.00399995885880886
0.113019724212252 -0.135497903399413 -0.0808067405285986 0.243008732081668 0.00903158484625001 0.452465355541164 0.377694137118502 0.249110349871486 -0.0580686329510866 0.0314644512116617
0.198354553116997 0.0829453307335003 -0.349757487384832 -0.0536836085042084 0.129704310938267 0.224687623871664 0.281464972091777 0.229140333066713 0.0706488309987309 0.131708177188709
-0.074505079294528 0.110590667149926 0.0374422864971383 0.068733287252989 0.0109808820651068 0.286664588909421 -0.0398153032191036 0.0556541482769235 0.295569045050784 -0.316424977951614
0.0721307071506671 0.166506642183113 -0.416526813770453 -0.143685253265611 0.125037398429989 0.229897798896958 0.336767718832454 0.193708875283666 0.00998930973314198 0.057648330566313
-0.00120327943766491 -0.080374018507797 -0.130573041313326 0.215721829252936 0.0374213350847044 0.373679756771508 0.35942575573094 0.225875482104139 -0.0873182143996005 0.0867765474187069
0.287390712160839 -0.0244200567109195 -0.241889369850868 0.0293642401731845 -0.101332867318442 0.157084386112492 0.312701469369276 0.283175039457007 0.0341181492150532 0.000569908247173567
0.186135309667966 0.0923895682449527 -0.350651765970874 -0.0329346316900984 0.116910140408517 0.23665293295581 0.29835381170735 0.19393216265146 0.0393643278556051 0.106139260315332
0.0158622849711939 0.0251079494774462 -0.418380659882219 -0.208369955269755 0.121203712025843 0.206212145205058 0.30664687131773 0.158047497344515 0.0735921039047576 0.0396478757297215
0.0928113423605927 0.251092799266583 -0.222512539762408 -0.170109100288565 -0.147185310704107 0.275565499218064 0.358633730834146 0.225358596175953 0.128539098870728 -0.0123664895142082
0.164978454405004 0.106037720428696 -0.34915317141563 -0.075724280561417 0.128186047062116 0.239906931874066 0.299390799087286 0.209638974296962 0.0243527335285067 0.157204502562394
0.115342670935291 0.131737323419743 -0.237838496385632 -0.310340227766867 -0.236330065056965 0.27131680115124 0.409815464140845 0.0787374001197179 0.0504332570899438 -0.017624380300546
0.101195694718377 0.252902321134012 -0.210772415875481 -0.153108349906555 -0.157166646915159 0.278577298454403 0.348000459683104 0.245386168927763 0.115417067973473 0.00190866268257866
0.0657065624045156 0.164888182049822 -0.298111481037983 -0.205737352603643 -0.140846812416847 0.368933992834831 0.330963653890128 0.136323968778888 -0.00711568886738031 -0.0194007044372181
0.129024856522871 0.232796717837633 -0.358457636033955 -0.212452807462137 -0.170257587961928 0.295695900721069 0.399182371134365 0.110689897870333 0.0370324810442674 0.000223611046042151
0.0024488467703178 0.0973715767945458 -0.0109406279948057 0.0800522671363088 0.0598510408040258 0.298633306249656 -0.0626395898938463 0.149977018111723 0.25811910471306 -0.402063096125407
0.144205810113129 -0.12689470064864 -0.224807832541758 0.114435850083341 0.11668425789685 0.369814888116641 0.274171096582579 0.302942804462572 -0.0483140908880854 0.125417580902823
0.0024488467703178 0.0973715767945458 -0.0109406279948057 0.0800522671363088 0.0598510408040258 0.298633306249656 -0.0626395898938463 0.149977018111723 0.25811910471306 -0.402063096125407
0.180351216088799 -0.107757517994241 -0.190136951894727 0.142385977787869 0.0648339522142119 0.411017082858166 0.314839093374822 0.337620043308028 -0.0449761414956069 0.161689876917552
0.248502685546651 0.0528653071866794 -0.231920896142824 -0.158762804578424 -0.0530503421136521 0.272206785512502 0.24792587091745 0.318393150323647 0.00352694752845117 -0.0445054805694663
0.125750174071002 0.125462319093592 -0.229121177070222 -0.307564855459701 -0.24819250026042 0.24784700743762 0.412171854399289 0.0709278055972998 0.0680942864430155 -0.0374143340591847
0.166879941812987 -0.165265037653802 -0.196314786570404 0.112683710378832 0.0624362421106464 0.3388630039462 0.302446855152645 0.325948688121366 -0.0364126575910026 0.150779555715074
-0.000620828502196191 0.00107232502479547 -0.1516460399205 0.198736498048371 0.0695315210036654 0.39571642212344 0.345392631407189 0.159386775159714 -0.0779280933333647 0.0634111504750422
0.107919509316011 -0.152335176914545 -0.205320306178494 0.0284009166905531 0.0718049358427841 0.38123924278492 0.320722353480701 0.297560863357058 -0.0763938205213059 0.166580819784597
0.209193962873651 0.102844257037346 -0.340355183279179 -0.163668476608546 0.100098229115754 0.235410702830831 0.280124664687073 0.277969777474637 0.123094502038022 0.108681889996332
0.0994797397985303 0.190078783004947 -0.215261031963377 -0.296673910704283 -0.2423835130619 0.213705493700101 0.398200753065614 0.0755058304895311 -0.00768224960533307 8.28848649380692e-05
-0.0503569796773069 -0.0104145057673309 -0.432883637028595 -0.222349469062234 0.0440293225345809 0.1109757585641 0.394258297595871 0.166365603440438 0.0677496899288267 0.0450491222442485
0.1411128773814 -0.156187463898771 -0.180054402271808 0.10985025865585 0.0658874650088288 0.337280052402626 0.306843656403933 0.3308600132422 -0.0345784477124458 0.125484676310953
0.0444801768134279 -0.209129999323675 0.108646428041672 0.216117631865199 -0.0661573775257567 0.168186578027203 0.640865354647431 0.205470125832832 0.104910747675443 -0.129919768722903
0.160207873746653 0.0713429323257311 -0.377889883051566 -0.110214517123224 0.164366395374561 0.25680533505846 0.312892068271495 0.26872185069035 0.136366485733881 0.139547494561429
0.171598621574198 0.0639844117066387 -0.369805428455196 -0.141247733074686 0.106291486718877 0.219627513215864 0.256622911558078 0.208335965642142 0.111490977587287 0.109536893085471
0.220565580205265 0.0744668555987955 -0.366517130128551 -0.157971442933619 0.070892491110451 0.235563571427986 0.244273890319641 0.252556405449525 0.112454976710308 0.16114342955661
0.227022478641215 0.0634576672909354 -0.371269330852463 -0.139196329091928 0.128206938865657 0.205222502099185 0.280181808013245 0.252156030410019 0.108693285701536 0.159702698890104
-0.0392304343218601 0.0990257794121642 -0.416436968380527 -0.164725204143137 0.049223015215867 0.0991191600344452 0.295588909079821 0.114533948693475 0.0370349628615828 0.0879745779359326
-0.0248143875917326 0.127708274955178 -0.00231381401205543 0.0455479328512138 0.0454340507604875 0.296928824733069 -0.0962281391439516 0.171190324177217 0.24881477362435 -0.421101034300876
0.151237464834212 0.168163475982817 -0.262535710309814 -0.318327512373021 -0.223103831824396 0.248038717135893 0.413114677368031 0.0776132804478415 0.0421150682396923 -0.00864291629495931
0.117976747415625 -0.125701203490087 -0.101330416543121 0.0882634086419475 -0.0601326610749803 0.385861406973379 0.302145428089722 0.331284346723331 -0.164796757405615 -0.0729543495349833
0.172624066188733 -0.147690566087235 -0.167608535372536 0.100196032734793 0.060270605523082 0.368301720116161 0.307739257096793 0.324002355801746 -0.0447553055798826 0.151691358084322
0.165996696508643 0.0819763949481964 -0.368793707789631 -0.0908700160296933 0.180340749625127 0.248170988658125 0.296728437836845 0.262597344618535 0.107245490127042 0.147697734067969
0.289697545917376 0.126274455814912 -0.209371134469623 -0.204624447854142 -0.0645724085186467 0.270350909107394 0.321007131320205 0.392666829663547 -0.00326594814741945 0.0481441051198398
0.0681578330448953 0.0363428058692767 -0.385160644736771 -0.189770973202597 0.124985755846326 0.197341217454757 0.286071948953302 0.121048893280549 0.109075584756787 0.0188075374832343
0.270228721648663 -0.0450728093596559 -0.200996883749284 0.0185205170620291 -0.110061247092818 0.145367801361005 0.260680554555478 0.242328200885447 0.0318649906992493 0.0707957574978763
-0.0132405287882415 0.151547858851965 -0.207144652580799 0.175099847003609 -0.00828353417190065 0.276223353003277 0.379614117320792 0.274912723395068 0.157138825411753 0.00879573060515932
0.198396880426594 0.0334503464710697 -0.10819229615244 0.106635482757269 0.0672132739457669 0.475965193378821 0.315522026711911 0.230846930123448 -0.0346699604707984 -0.0117447984813609
0.190352712856998 0.0921653085702766 -0.154021507700505 0.193310992208504 0.103193389097463 0.453532228094031 0.289027246226737 0.283348649854042 0.0174535838074266 -0.0355329754224579
0.0504875322375828 0.164876414311409 -0.382648131978587 -0.14837605473639 0.139999980862744 0.271340036880477 0.353958663536579 0.207291252437476 0.0292551060301201 0.0686104318963341
-0.0546823030157742 0.139923496275377 0.0585472552779201 0.0943656128388018 0.0248856838690805 0.275487390575144 -0.0560523238213318 -0.0247686092537984 0.27650541820877 -0.340703191298784
0.117923091474906 0.210293091213332 -0.218112479683677 -0.293143151787872 -0.253635393892193 0.231404144814647 0.413344748668543 0.0876081783940787 -0.0163028220579267 0.00441211184604029
-0.0897095058730532 -0.0333979445577373 -0.117408881997248 0.163882093386529 -0.0513292230933559 0.232107318548959 0.384527317723194 0.353688997378266 0.0574303741504638 -0.0542975234059444
0.18535114482915 0.0947556188936007 -0.349598441683897 -0.151638791084231 0.215706293111787 0.262813870504136 0.274194605128903 0.320446610178127 0.104512205728583 0.117322880365541
0.165912995046085 -0.0147028928242398 -0.124100999552798 0.0473253307212526 0.122802861446151 0.485451188636886 0.309746809610465 0.280431826382089 -0.027815933069196 0.119351888319387
0.237975804815398 0.043409457736849 -0.251014801252967 -0.139816935023201 -0.031932453998949 0.289695659120032 0.24647928812281 0.310176442096234 0.00881404903497302 -0.00633534392462147
0.21292220557959 0.107245819402037 -0.37226399004861 -0.0818013733686489 0.126876418043323 0.261368212968242 0.275665153517231 0.251132040991672 0.066756081299171 0.105096702447655
0.0812932327333191 -0.132065975900328 -0.172219877103691 0.0488129975293605 0.0489773521864133 0.359896602820446 0.272608594270002 0.318412880459263 -0.0601449573673685 0.155827323228273
-0.0968822608704804 0.0952397434921771 0.0247932097165098 0.10293496404868 0.0133171898283436 0.291331212477653 -0.0794708785923217 0.051319299786995 0.293515289917172 -0.326505456834199
0.0420413036183301 -0.220766458712378 0.118736179503388 0.217559935235609 -0.0508304697491258 0.151481616866137 0.641440115184433 0.197273457958486 0.0832428581120692 -0.115382480554047
-0.0132405287882415 0.151547858851965 -0.207144652580799 0.175099847003609 -0.00828353417190065 0.276223353003277 0.379614117320792 0.274912723395068 0.157138825411753 0.00879573060515932
0.173011685192628 0.070738714354981 -0.256441290719813 -0.240528070426488 -0.105620587901269 0.319331276392615 0.347483129508965 0.33795838090996 -0.0382787035198182 0.0231236866004031
0.13604812627412 -0.0393166504827077 -0.15174477763096 0.0592513632720145 0.116709857663829 0.463787829519187 0.311759938203264 0.265555955060732 0.0143061496335885 0.0997721311411201
0.278315568977529 0.0590205071826198 -0.349114034254254 -0.16858924713312 0.0551857029708556 0.225558671443086 0.268180223740519 0.189513984079305 0.0929417120600056 0.20715644800247
0.252039723136453 0.0835926727649472 -0.359083725099146 -0.141114699728427 0.120093602539361 0.266480756170235 0.245827536969348 0.242442626728968 0.116682579214313 0.143399711604463
0.176509409995623 0.0831191522977125 -0.351879046277098 -0.155024338748243 0.10710937494105 0.261306743426981 0.249823940806663 0.218838872619678 0.0725399225225924 0.151934795460862
0.0555435530091802 -0.0955680826240077 -0.00319348853843151 0.0920093302022983 0.0120422287172221 0.237111797477506 0.638276224448353 0.158725398233671 -0.0614868051515119 -0.170353892739077
0.0500247962487941 -0.111663522639864 0.0231639327720028 0.0292891709771893 0.0042871934546321 0.177439083154449 0.686475510969284 0.184544284207279 -0.0540567500262294 -0.138664833358841
0.187292439818537 0.06617365190243 -0.347613388986909 -0.19207094680488 0.154870156146006 0.230348860900035 0.246365163146349 0.260031403499891 0.0314658033958154 0.191557967082228
0.0329501620554962 0.161224720667336 0.0356483521290212 0.023270625336184 0.0435811152599708 0.268709005761444 -0.0880087696161733 0.0893403019726576 0.163664303416264 -0.338340100520813
0.164898312702644 0.342484748106791 -0.16178316023894 -0.118704309949313 -0.168248669807793 0.314104908877495 0.359601214461825 0.15273849726667 0.124863563267672 -0.00747480779907196
0.145743314250302 -0.178624653080607 -0.161771209454186 0.153166019525358 0.104079619728415 0.307743853454157 0.292360834818574 0.291938745997046 0.0187484709194025 0.120256062831411
0.320630519510838 0.316452265685473 -0.106699755412378 -0.172118028179813 -0.0504074151063109 0.365915433719786 0.317431978460629 0.217751052108028 0.021991395304048 0.0313390854137252
0.179881805363489 0.0156211547760924 -0.187142655085848 0.102298727087112 0.0704234247176366 0.437813810706036 0.338464888444497 0.226611764767658 0.0678504205092835 0.10749781322475
0.167547725147946 0.0699901496611226 -0.351697942205633 -0.130310129111836 0.0996235432395936 0.246880396936944 0.314368509524532 0.230962168542501 0.067075462838393 0.186622850584854
0.333690910625778 0.0497261821732545 -0.224030506233929 0.010863260219297 0.0274597724102537 0.22088697078403 0.270924887783072 0.280866563874153 0.135141839681889 0.0759070008930408
0.341314525742322 0.040837072938962 -0.233577387700186 0.0150836114250198 0.0257634609257752 0.233033499803524 0.280198792248775 0.293631463607538 0.121113664453548 0.0969712949206505
0.211930843233107 -0.0726940871694661 -0.140078164969945 0.174469721040321 0.043023217617428 0.483315626980821 0.374440914230077 0.396205342886497 -0.0506449563662557 -0.0192495912061902
0.154695596973903 -0.133956665972142 -0.150068336485253 0.154215978910462 0.0749186619745966 0.294940604430498 0.253238929506634 0.369993818079167 -0.0608199802585309 0.158749781193983
0.0554780923311902 0.0454695267533189 -0.424934163951579 -0.209390383320991 0.037008326902834 0.0621934512341014 0.290351827922799 0.125423736758438 0.132764178132538 0.0857911304133734
0.157689567039049 -0.0759556801553982 -0.132590100691702 0.0416777031440585 -0.0384488926688347 0.199732003005949 0.178745248714024 0.181772625987262 0.183895307066636 0.0403104917377162
0.228192634858044 0.0290247070275797 -0.194997498326634 0.104903348514279 0.133504376545917 0.471358094336136 0.308548219611439 0.416457695094771 -0.0671137009916924 0.080454616910654
0.0915583361749314 0.13573531234177 -0.381498294628589 -0.0836427504551313 0.0704556658281851 0.307834854958882 0.347364588050594 0.0990396294198021 0.05713022463459 0.079455040374577
0.17228120297302 -0.0817905073743559 -0.105745033348323 0.00195304782543101 -0.0111691399569358 0.168278969541638 0.247514586129159 0.201524372762047 0.135935999844553 0.0926511997818348
0.0790112624639259 0.226406863356308 -0.256625312537891 -0.241497771184901 -0.276474437686333 0.278246164642914 0.243535653569503 0.138900103044046 0.0923088176623446 0.0213026977768338
0.16316527661324 0.230406510674837 -0.353019936021291 -0.105590824549932 -0.161030453371199 0.348748866909775 0.338073713256246 0.138970028520763 0.0752844871181289 0.0257350416892238
0.159612318472361 0.00638933705313491 -0.18353757924899 0.106208188329626 0.0810724383693173 0.450271509760476 0.330418923334603 0.199820804582802 0.0615344626280069 0.0958719949977852
0.147124186224216 0.247660190212438 -0.0316096326352183 -0.00943731749152435 0.0208499118249974 0.275612528561418 -0.159304740970174 -0.0165127062570267 0.135695487361806 -0.274802829669681
0.205519326730871 0.0469255899374521 -0.182332891903517 0.109300468850831 0.0431115124866065 0.475621326566543 0.333237490193067 0.246958295481251 0.0468810980229055 0.145094840375314
0.118868426933954 -0.140512197227355 -0.0901460028794128 -0.0194476566668802 0.00960344402920216 0.215790390076409 0.238816549279982 0.197561770877685 0.151887643285415 0.085024928677733
0.0494583845755906 -0.0169295642338846 -0.412564017084834 -0.195138897551581 0.0126040286877474 0.0377254893191458 0.331215177658661 0.0754050364931588 0.111505780414618 0.108353570468413
0.160344705342332 -0.0832655290984592 -0.140496337448885 0.0549886706008738 -0.0406981004298961 0.189100234381882 0.184365276536472 0.163971444555737 0.178119305208823 0.0639104910159303
-0.00603309299444322 0.0522193515550266 -0.273317465498837 0.0154020820450887 0.0674459803219656 0.180305236417325 0.355889737817513 0.247992195239548 0.0278132952885254 0.143694616915592
0.222147772274119 0.0455342542627111 -0.241328216108304 -0.136608552648283 -0.0328030155170079 0.286580520186889 0.241775708346062 0.303933704518708 0.00541667930920174 -0.0178671218318663
0.0631594292691599 -0.215548871264538 -0.0332098702555203 0.2220128157021 0.0290425361000681 0.395163606058743 0.363498014546979 0.258973275432616 -0.0533023816594075 0.0766842532804889
0.0260463392792914 0.145753175989676 -0.367346467174609 -0.111000886378616 0.133992338621937 0.237203159352465 0.356073296896634 0.218762107934332 0.0520960789664782 0.110088041362894
0.145099276150714 0.0939962663143016 -0.35887687093585 -0.125313633168743 0.0779413995846777 0.240486342790032 0.264159157131858 0.216073601811726 0.115245397402851 0.121047721228149
-0.111473387290358 0.077514116823866 0.0368251088836969 0.0556310839027107 0.0640978886076786 0.228432537955576 -0.0506031159807359 0.0553382373604136 0.24366857294615 -0.33612362386501
0.298840709618214 0.0174340081432149 -0.202452912911572 0.236865522415943 0.108523598959318 0.427841357075344 0.342675264535781 0.427952097743911 -0.0219165876442385 -0.0168200950085568
0.241468073223785 0.106481147185685 -0.298135785971167 -0.280509724466423 -0.0966072157236205 0.337758705514558 0.314999265127122 0.334764446170707 0.0100560776921118 0.00193062469145573
0.116999127569692 0.212869999483317 -0.210342408366191 -0.283975092542349 -0.222498539648563 0.254321212045383 0.300728510687097 0.0702510509685841 0.102623275827699 0.0591009670259771
0.178292145536795 0.0174767581581859 -0.201872463243752 -0.0143346227364285 0.110878610691056 0.237510085863263 0.173488287903936 0.139888389339635 0.25327055443783 0.193531642996706
0.220561967382542 0.109958813213437 -0.367105516213522 -0.177166813797151 0.0819895259309713 0.261453131582079 0.244691833012715 0.227583436720235 0.142207609373156 0.125766792084197
0.107919509316011 -0.152335176914545 -0.205320306178494 0.0284009166905531 0.0718049358427841 0.38123924278492 0.320722353480701 0.297560863357058 -0.0763938205213059 0.166580819784597
0.247623012747088 0.0891650980987615 -0.215752278131676 -0.17683643945479 -0.00187893198843449 0.316973948921992 0.247088989959898 0.308531067192763 0.0249325798976932 -0.0251357436787631
0.0695324624631523 -0.0388228123988242 -0.0345248020454157 0.310218785422705 0.136141390941509 0.365648275008149 0.394315157005077 0.23198687417148 -0.0442973692866954 0.0307511615554583
0.233756213529937 0.0818704652141038 -0.34075834924971 -0.168010872922031 0.156174440438298 0.23026043574169 0.285567301130595 0.207653248230742 0.0804805031844577 0.153501460867716
0.0364313963806827 0.0500934027041605 -0.138495894694552 0.0917713567722102 0.0630869568431172 0.305218166061287 0.396586315929946 0.362405227796193 -0.0599401309839184 -0.0219083345425936
0.164316999779998 0.0792395503967164 -0.357639513890352 -0.172595822844473 0.0925452237684918 0.270446985714937 0.298449492867734 0.224157297873582 0.103777416365602 0.12655225601489
0.102800979227395 0.22852205007725 -0.24610273306148 -0.27014433119831 -0.202919131613028 0.30311289518631 0.394832804961335 0.0717770955446894 0.121238667679675 -0.0214506241169396
0.0671124397729438 -0.148459667447832 0.0387408158829046 0.0802766030297052 0.0037154789029191 0.224097193453218 0.680562528668297 0.169565576091945 -0.0604059221897066 -0.191412676026499
0.269331378472131 -0.0325913297561115 -0.213467950440386 -0.0024712821111983 -0.0911193419782882 0.151263312133624 0.242291643842906 0.256473188593253 0.0315587038028454 0.0153957867584263
0.296351603104942 0.0707623368152811 -0.31735050321762 -0.150650175423988 0.0563186902385437 0.238605220759324 0.242430846766249 0.204150487548718 0.0743319343908841 0.200836490107589
0.188166130993119 -0.0394882644851385 -0.143170808500802 0.0727649932522164 0.115738392543649 0.448205649791119 0.324717328073468 0.257427797427597 5.67758295726009e-05 0.11081491283808
0.0445584807613739 -0.202383132620026 0.0435354264803872 0.174016207325035 -0.0886020936384318 0.161897556091749 0.590897496634127 0.227498064155004 0.0942846437027897 -0.0887386049984397
0.256695825144207 0.126736737168839 -0.236785981613741 -0.235225919993365 -0.0617410204966289 0.245832570114386 0.351333543443129 0.397474374248666 0.0117077730277999 0.0268960599210792
-0.0557631396575378 0.0665119871146869 0.0538554767487683 0.0761523049213523 0.0273816682827751 0.316884414860808 -0.0416936693025967 0.015587858728944 0.303069483345615 -0.333368708186768
0.152963682011532 -0.163053316764356 -0.209913577608378 0.117089722723446 0.0791059007175762 0.34049413578549 0.310467942809101 0.311159111645483 -0.0480336689568624 0.132087700470914
0.0415964318864617 0.0223798096470847 -0.417576647566163 -0.214780394845417 0.126337740241497 0.173637749878323 0.306055167171514 0.151098096027832 0.0475397566825269 0.0260267110841543
0.196434577830921 0.0736241828393091 -0.374979383403464 -0.135012271398765 0.165184131522305 0.236521766845155 0.279091425604821 0.24067087212361 0.0780993730317232 0.151491457250242
0.29686848983693 0.0940195825082229 -0.317263369620591 -0.17318772618627 0.0786042490069008 0.234599275718748 0.250311071366121 0.180889634887901 0.0791891949280122 0.197089432245605
0.174319068545226 0.102673836452093 -0.32500333425507 -0.0472549519565751 0.0960887600687503 0.272173812920815 0.305644249389174 0.246966640440716 0.041581514756155 0.149348586717708
0.029448299733484 0.0273584017739559 -0.408977894013796 -0.207007991866212 0.121468874541549 0.211057724994155 0.300253867455616 0.157657871112684 0.0766824685250559 0.0246059790890935
0.00479785964278325 0.0563869316056383 -0.374419707079455 -0.182186919936221 0.0617857372107585 0.0908107542281544 0.307982670532682 0.120847699281956 0.105387706828399 0.0675187815100188
-0.0151516931696256 -0.00542700257937826 -0.0660316047577812 0.177104137671731 0.0373699306337342 0.430579896453911 0.293264403743717 0.171136848471345 -0.0806742862671154 0.0391270861338545
0.189155429984899 0.0789028637368324 -0.350995142275496 -0.0526513751484871 0.123339213218691 0.222052561819573 0.270396912529112 0.226387669308418 0.0672003096389693 0.120279708879902
0.0715165873799643 -0.107981485063768 0.01978316507968 0.0711407144068987 -5.33310278381307e-05 0.204485448671151 0.642852054136882 0.154099886220197 -0.0637268317137351 -0.165517091229135
0.182136225026598 0.188508449223818 -0.184070730508425 -0.292909418422164 -0.225754965758622 0.209707234594654 0.35567228958891 0.0656759909996684 0.17202583963899 0.0549163232525387
0.229146318505484 0.072519782317643 -0.187921770089559 0.199662058526763 0.123283371287933 0.491562036614965 0.327149118040577 0.323738809488156 -0.00607458065874163 -0.0344641100393708
0.10682541921708 0.179639270998839 -0.373128075788281 -0.117080940451631 0.140276099993585 0.147051950233732 0.355769558497636 0.219506256503211 0.148435999456464 0.218900147165293
0.11778261919885 0.247286240956932 -0.278223348893788 -0.17698014919524 -0.120248711804073 0.22342228518248 0.38574354428633 0.216849125786184 0.0239440915890849 0.00170808548423007
-0.00299766616672045 -0.0619901491237216 -0.115322425935527 0.21817591307953 0.0633952538935107 0.392765453773973 0.352988803440555 0.215636087460232 -0.0986852599257572 0.0790991401882374
0.211820365610086 0.0822388038634635 -0.340929006015936 -0.14529331372846 0.193722729228019 0.287297927763822 0.267476195551657 0.278312163455971 0.11383112566922 0.115319392336794
-0.00575103169680211 0.146761549788786 -0.206119349515909 0.150938102454956 -0.0230603827263052 0.278165378958635 0.380027969260606 0.27509153095778 0.142644880981818 0.011870656478785
-0.00337453904491142 0.110063054551828 -0.392336492027056 -0.254917537905675 0.113229946609103 0.0888075986721582 0.366628405669748 0.132123403136592 0.0908800358555898 0.0730447227517257
0.192755604229549 0.111125313580388 -0.35646349771341 -0.0529719004947352 0.150691189456179 0.258773449200887 0.276282598565344 0.19670674103979 0.0821386678313806 0.127721936936393
0.241332553528491 0.0511595272867261 -0.360462714884301 -0.144240916555114 0.161126251685258 0.263109314668486 0.307516710872924 0.178928093203228 0.0781543990524406 0.18888725034425
0.232810321553924 0.111886671458377 -0.313000832436732 -0.255169565235793 -0.0548557494977543 0.382731358404053 0.338881018448554 0.30818453689724 -0.0338519191391715 -0.00904109849656273
0.242293710010395 0.0816083553439717 -0.352040578720642 -0.14068906099734 0.127083279417503 0.194966658873334 0.326613633299735 0.190282539898968 0.0577443538654091 0.12119286866342
0.170673514415407 0.0972213358084496 -0.38826009281598 -0.0974066553355755 0.181472498632393 0.256516476881187 0.285606099677628 0.252619241060293 0.11439224672836 0.139023943314519
0.172304835094062 -0.152701123110095 -0.190401088499291 0.136780076707345 0.0582729571983259 0.325471603439627 0.306409588459801 0.328705905356727 -0.0327924185269858 0.159913378571177
0.152620812616831 0.189949349056138 -0.194029815677969 -0.307468682372041 -0.212319482182195 0.201180166770133 0.369694704159181 0.0570600917566635 0.156518359126385 0.0565236623163163
0.179808117662305 -0.11458910739053 -0.191596599796676 0.126086058144413 0.0510520897217443 0.395135986476175 0.337261260000833 0.342421737482297 -0.0566817228936358 0.149411499154371
0.171458207807022 0.192132915923669 -0.192480573183448 -0.297649133777464 -0.22339769114619 0.194331625983726 0.37656067863385 0.0613726771028731 0.14570557369544 0.0617930550977168
-0.102418238027136 -0.0673588093139337 -0.0979776267391664 0.113960849581223 -0.0411884503173951 0.146127182666562 0.428864471963085 0.342029029047885 0.0077904788148985 0.00704058539424367
0.194839783143684 0.24331000556494 -0.357034352683527 -0.208761510946765 -0.191433451873265 0.288478114587376 0.438284859247251 0.134382015013609 0.0479057606024473 0.010160164935397
-0.0988460410760722 0.0384536852076515 0.0427618740624588 0.085414910340885 -0.000472282066847244 0.304124183473832 -0.0668010109552123 0.0520770581605032 0.321817336507799 -0.30125470282367
0.224248363360107 0.0578305695471393 -0.340382728750363 -0.122414200682005 0.110805817093503 0.168075910711173 0.307108208618983 0.182603318885986 0.165116191033494 0.204679047161782
0.0135784541015566 0.042216800774636 -0.148827883271254 0.0946672390566322 0.0633670134793016 0.285467030766037 0.414885683778522 0.330672854441482 -0.0335509038408031 -0.00661778838768583
0.0794028349618311 0.172903212106532 -0.253231156585339 -0.298521677983349 -0.239252439987392 0.226520846048647 0.420101161234245 0.0904747009014608 -0.0107560718761281 0.00667776041613333
0.208459546860775 0.0694603355378042 -0.137792938283124 0.208716550488811 0.0746675200871624 0.426003384806764 0.304044553858106 0.271614460957438 -0.0146179078477432 0.00220017347732956
0.0914679095613899 0.207173254063786 -0.272555594538484 -0.152879605577073 -0.16173993311292 0.350066056697926 0.353721976328007 0.116311536688901 0.0237850856619193 0.0155562610531723
0.144120795849658 0.243582317939313 -0.16973011544165 -0.287622568751226 -0.223020957144454 0.314106950262786 0.320966474038193 0.0870614237812969 0.121825863144282 0.0566441632763081
0.190901148289083 0.115871426409452 -0.364692016669797 -0.036471031970544 0.127070119789837 0.232304144170013 0.265876916085768 0.187780165277211 0.056858575404012 0.105770688412475
0.214365900440405 0.118209549072344 -0.15921205459942 0.113560369566051 0.0362043371649698 0.466398368544325 0.311250526683009 0.2834236310441 -0.0423784773048985 0.0232523956441215
0.218491186974427 0.0979239571407158 -0.27737292625939 -0.278942440418023 -0.057869928853198 0.330613168549705 0.332323419905141 0.314141058973289 -0.0191392849835589 0.00700273820788113
0.0999406319503603 0.239448141754903 -0.208498433371153 -0.271430952698574 -0.208708422306987 0.276862476802271 0.362284379232582 0.0796544508520501 0.1139033443909 0.0542347883812191
0.0240314520852937 0.140778417497037 0.0474859265262412 0.0318465715402837 0.0497192115900009 0.253275319308145 -0.0944624804832631 0.114768037344268 0.175235984288035 -0.330731694165368
0.152431019977571 0.155670926415152 -0.204306173830722 0.165858892279758 0.0609161100138246 0.427803358587017 0.369425015790324 0.252708025381858 -0.077669527308134 0.0158434737188536
0.0918216718404325 0.132021898156678 -0.38060387973382 -0.074343089819335 0.0719154372880625 0.286503776298255 0.350663723472106 0.0966828229154455 0.0545912025416732 0.0915344104810191
0.198448733876051 0.196059268355621 -0.293066722640792 -0.111303929417531 -0.173287779936329 0.341293949622841 0.385851947812177 0.136808860504183 0.049766250181853 0.0190747547921201
0.0199884876869839 0.0305847009020829 -0.40043955293115 -0.204679612158307 0.0210397907348954 0.0822091308710323 0.319413550176059 0.108188384530139 0.187322339812875 0.136224624719878
0.328165341224502 0.0716694356903333 -0.234837434551736 0.0189559543269947 0.017230698125496 0.233015476438891 0.284329154402788 0.268835961898749 0.126522898101601 0.0912790488130393
0.204142567777587 0.056778552845225 -0.322145848313612 -0.126338909804447 0.0973733336192695 0.232278814749985 0.330224343622046 0.243365232571366 0.0956825498422766 0.173240167668761
0.150753142212194 0.185688041794993 -0.239407802995066 -0.34693225949802 -0.211554756658201 0.25337843033931 0.30410425687932 0.139384716807187 0.0299657189316795 -0.0230933001310281
0.110628148587291 0.191893736005788 -0.237666158241359 -0.327525632428395 -0.204857989078216 0.23416480892898 0.317354586371878 0.135167242857702 0.036633087576751 0.000935620648896894
0.202337436198236 0.183106368939506 -0.27346226985075 -0.116248907817922 -0.144860119977691 0.340180024665327 0.391425976593614 0.145631894481937 0.0528662177449278 0.0166001298041079
0.109664020109086 -0.0387914357317509 -0.120918840089573 0.0184055699511386 -0.0295995837769637 0.277830458623518 0.26566584171034 0.136410041213762 0.185183531736406 0.0782615692349815
0.154489654419231 0.329115788595866 -0.183207004505566 -0.148275454182455 -0.164913662525951 0.290349391575681 0.342358043490871 0.116028681634086 0.127407017037833 -0.00887617645631717
0.207512347360021 0.0263890442488765 -0.479856574183425 -0.244203302546183 0.179356338077633 0.175735430458876 0.260735438971348 0.175970488232943 0.106369024283209 0.154306031475938
0.167199146553198 -0.0213439582594722 -0.459345014164071 -0.192437636588173 0.165750434947159 0.172643638397658 0.245798560688023 0.147224732318475 0.0982854623939872 0.222133366867683
0.118583858417938 0.231910847789277 -0.0144810032024108 -0.011398163650225 0.0263842291103141 0.280079159682022 -0.084478904905289 -0.0467035546368324 0.12870660522085 -0.298712542239712
0.153181229042262 -0.0209956652210457 -0.468554306049491 -0.195455646939515 0.139732438364241 0.166067846632687 0.243103172464289 0.155649114764453 0.0961817011722647 0.228239815197647
0.0966017461019235 -0.144193135268084 0.0461889763636263 0.126844369108761 -0.148481045838671 0.0942731323855233 0.59923966204969 0.35216252149647 0.0228919609949644 -0.0809250542318515
0.0984171828068524 -0.161281760426944 -0.194662428229426 0.0612638476957604 0.0429427649033877 0.388230545779078 0.239881747800662 0.322548480712448 -0.0631709953366455 0.151822140338499
0.111262016294124 -0.13310349300147 0.0666261200857795 0.0899066503779071 -0.13671010927869 0.10106886104046 0.572210117368648 0.348271188016177 0.0202389913561133 -0.0868546862532867
0.143648921081469 -0.0880493087575072 -0.0791819536431916 0.113406748032582 -0.0476689671638521 0.304032433325268 0.320368511570143 0.261358232216885 -0.174136033323192 -0.139044295370415
0.189430983730617 0.0945045579248425 -0.366162511394922 -0.148733911222262 0.124885862395636 0.259101852167746 0.266178601221358 0.224038560419725 0.0801716872401733 0.126639515408454
0.281973039152195 0.052512050693181 -0.275760733665592 0.0658881883599085 -0.0914841415417047 0.228179163027525 0.348640295582991 0.267312501884644 0.0331164225450683 0.0450594388603011
0.291824277809163 0.0451433230245003 -0.325102378917877 0.0504146775498781 -0.0795408540164625 0.208921284569845 0.309881403545048 0.245758478821991 0.0577333948602502 0.050384191615534
0.102686808629971 -0.115346919650566 -0.104387160448821 0.0924613063688449 -0.0163731606156372 0.319243760542119 0.313653449539262 0.267405703866868 -0.151527559412287 -0.0802453959532038
0.162461469732145 0.24113797965561 -0.23450227519336 -0.268560191273654 -0.264720323579963 0.248128959964537 0.35997180363946 0.0400729488646219 0.134726485537799 0.0223409787439649
0.0859487439741153 0.126189401688718 -0.385246253554876 -0.111974873957167 0.138927603233925 0.208421079053543 0.345285997014515 0.220525780459553 0.149544246489439 0.171863895980189
0.277291199897441 0.0485600945174986 -0.314850433381785 0.0546207945687384 -0.0733687535998927 0.183297670661911 0.302929622418105 0.269278898178546 0.0377558757068277 0.0186303549401462
0.261683030076224 0.0530029299540621 -0.36385865787303 -0.166551278553442 0.0499654894683925 0.199519655169118 0.265721540902838 0.204568784220646 0.0529464085756456 0.20072913066462
0.0499820281101226 -0.0708836444783729 0.0549056931844819 0.280490932386461 0.0824567179727934 0.430810809075705 0.393579456531888 0.22753127890986 -0.0913043030476475 0.0337228126171505
0.0351158294462636 0.148621120203057 -0.393247108426175 -0.166638835100828 0.109585268582563 0.269716924118867 0.35213138952009 0.209333490797929 0.0208866684987737 0.0970257947838373
0.177887468885181 0.100639097894118 -0.32229401639312 -0.121110539686807 0.0893102749075942 0.286924702910064 0.266126278181747 0.272444698854062 0.0968323763042792 0.0935567722724088
-0.0584085553175428 -0.0216276099911703 -0.118402278750446 0.128838775551638 -0.12342778620407 0.2104576772969 0.385020810826482 0.339614579666746 0.0486093979301125 -0.0567602623498622
0.0380825660482083 -0.0331733818089915 -0.0787542499589423 0.185076644243162 0.00547919796605713 0.343932239816895 0.393785348335226 0.171866410248643 -0.0262757298915512 -0.0280402634470448
0.124452260993806 0.235016491092418 -0.219310567468228 -0.157309668960096 -0.167271010602939 0.32396772237189 0.336017438417541 0.246752404479507 0.0753623837471804 0.0218031666973185
0.223300504779436 0.0797452333648205 -0.235091108352953 -0.160675156006369 -0.0544728045585136 0.273666852091411 0.251406770549003 0.300869870188601 0.046285326042325 -0.0413149599063511
0.272641202448084 0.0868644208961227 -0.35041425049923 -0.159615061359925 0.0388664337164281 0.201629310764312 0.296169137367531 0.175984785958508 0.0547751995238281 0.217326925925532
0.216278068002025 0.021786992948549 -0.372311215231006 -0.150392529547102 0.147494060162777 0.237942749266053 0.311524334711132 0.19395838847567 0.0909277291191481 0.172378799187826
0.0558140982011658 -0.199459548755215 0.0988045326805598 0.191661002775592 -0.0647240988975512 0.160418598241614 0.642602009236062 0.188983134305983 0.102627416581119 -0.122115618386373
0.273950917029155 0.113815129314125 -0.213646994886619 -0.253970821517562 -0.0924324173568642 0.255308836820787 0.329147144913974 0.381946701701357 0.0124054190188217 0.0151928691745535
0.177263584878235 0.0787109684875053 -0.347462332407886 -0.14870269737901 0.0871628961061371 0.248274428709586 0.272573918575084 0.253825693085591 0.0925172034470864 0.0923648719261633
0.230994564566704 -0.0968226764158174 0.0684983956450706 0.108966331970447 0.0217346530340551 0.299427875383801 0.696282032329328 0.131254419821421 -0.121951763679483 -0.11068627934704
0.227147603994985 -0.107693795788543 0.0966022289017025 0.038124467124693 0.0433740082939686 0.294631444648075 0.633305622231304 0.106889042302037 -0.156246406999182 -0.155402566484662
0.0530763053276646 -0.0406726211060369 -0.1108706417566 0.0117011156539183 -0.0491007287153373 0.275009805421512 0.275443601774609 0.103818376700116 0.190544952590108 0.116112253675995
0.247776413327655 0.165825567146529 -0.200853744261712 -0.189652182132681 -0.0656100639925714 0.309529429962384 0.298286863409102 0.261766730820743 0.0649025962564252 -0.0687738615225351
0.137220810398349 0.194208714250241 0.0394151152943155 -0.00146131067240676 0.0762623907879186 0.194969620573731 -0.180624335986965 0.0650622159539416 0.172319533933786 -0.31793253773744
0.202995799650693 -0.0860881091175655 -0.16234750759709 0.188393722435526 0.02913968617828 0.464598435393214 0.377714436284418 0.403404455177836 -0.0610290937005845 0.00425905618611364
0.13620119421297 0.158552900389542 -0.253969979943957 -0.332398611455247 -0.22280128631076 0.250061498225241 0.31262319847968 0.147569535647126 0.0371863709624026 -0.0138974201073554
0.384463767823052 0.291342212483117 -0.134500390844541 -0.157754682105794 -0.0628443394252453 0.325639509739603 0.296163637138916 0.198496861155424 0.0427885793154724 0.00744243800913362
