-0.250534630278852 0.147696109020251 0.102268981898726 0.0557125618130246 0.305130256146504 0.189450083579589 -0.0428461852611457 0.316241228955808 0.266976856620743 0.122576416093709
-0.159013278114342 0.40536743686697 0.0812421153331077 -0.0715447170738921 -0.321232266748246 0.0233613190932496 0.263354704890886 0.218186603963792 0.0923695783858988 0.0441315881510063
-0.266474301236941 0.215222633984582 0.191862175424041 0.0159133290681116 0.32730005757582 0.0749181684049303 -0.0381617050008037 0.405604226977544 0.133246099516707 0.144772338463987
-0.120531502155443 0.284191040021609 0.088724084333192 0.0950380363083432 -0.268560873526002 -0.00480610661080332 0.104709085067265 0.360142034954654 0.01819137132924 0.035321327647482
-0.116727425039075 0.385287841791235 0.0586759022005555 -0.00213044920662064 -0.344779693614071 0.0322926209633444 0.251210802416218 0.23626227643059 0.145199998129519 0.0427710586407825
-0.215999810736393 0.182360956114951 0.228085901390798 0.0677686887054078 0.252714745248886 0.160310812493653 -0.111429205663519 0.135721801339529 0.0788772349507234 0.147331664585752
-0.168936331206423 0.150742801783746 0.304504131443652 0.105585487073445 0.30220254585177 0.163408417060817 -0.0938489147078605 0.0973740263505898 0.125371942359356 -0.0190301097262179
-0.225411144765243 0.300494123220378 0.0437098214419439 -0.0315912940724732 -0.262509125252969 0.0118015414119368 0.165991468732119 0.196288741620294 0.191682038744557 0.0497320495377434
-0.205788897695035 0.319092925816964 0.00644218189682931 0.0682510398857208 -0.32976304890124 -0.116920790026995 -0.03934376306096 0.333325872745447 -0.0206579699086129 0.12254568149441
-0.0819507954383726 0.273834204217209 0.142513903164128 0.0300600694655527 -0.223259845993826 -0.119997870261905 0.21463052389686 0.203802347403506 0.144494512444305 -0.0274511535012649
-0.259397188632591 0.312504862411685 0.0346652386902857 0.0210360990103658 -0.0839566971139706 0.0597682226060735 0.0948883062060639 0.307243531399408 0.036369593497082 0.10685412212246
-0.144328524851113 0.321486051421426 0.151415619945675 0.00748046288794888 -0.213614379449569 -0.0985017847809737 0.0531261971551013 0.240380767806483 0.0144838066813965 -0.0287830672824191
-0.228113606611031 0.1927043417632 0.198372223188277 0.20756930975617 -0.305259461405763 -0.0960949950389209 0.165691181798639 0.175575998018511 0.193429826581344 -0.0476552249092835
-0.199685932917091 0.114728177048771 0.246577146349813 0.126717815792814 0.326511914349965 0.177345289391545 -0.143504856768658 0.0574361233662695 0.0455002868964596 0.0532273809992397
-0.14773256211396 0.191490028431496 -0.0250477353197285 0.0244682721881741 -0.301762722350972 -0.0499150867787453 -0.0214446064245953 0.308813825832031 -0.011155407409869 0.0827307090987153
-0.103610640915977 0.316685164284437 0.226607684087477 0.0750287995773742 -0.168376768800917 -0.0915888955699321 0.190991009270299 0.221357948077345 0.119105322069104 -0.00733653295526356
-0.41415283801532 0.179019138055621 0.0403683962748654 0.102070617931692 -0.0921162229772956 0.0252142731617634 0.0537345195922717 0.586762166133649 -0.315108009171574 -0.24812707168671
-0.201383941893799 0.107659907194946 0.198494614150188 0.122915614915985 0.367627059229845 0.148583016902186 -0.154318616715856 0.0426297890117385 0.0712607273919667 0.0476929793178393
-0.230587271125559 0.303093463392919 0.219173134362866 0.0415927973766273 0.368498960996441 0.123978917579298 -0.170014589731409 0.190115103102224 0.0520364702868234 0.215950402042841
-0.210231036699057 0.0957203140318429 0.00436197697602279 0.02040901484907 -0.219151729296839 -0.00540439341237777 -0.0285970817477759 0.227349084554047 0.0613194717238919 0.0210974226809725
-0.178496886432398 0.0717376875607789 -0.0493985140757876 0.0406613469707671 -0.234194211406942 -0.0182400161711604 -0.00670287320619508 0.230879458834063 -0.00882566708541251 0.0383986242371729
-0.0574937647448324 -0.0345467262524184 0.115446979555656 0.0920077628197685 0.0442679198568485 -0.103040119970083 0.0642071194987499 0.205311299289789 -0.112983012731623 -0.19775708000053
-0.224570918141482 0.364198755407353 0.0694687534866056 0.0589742827417909 -0.097561193660928 0.112472381052171 0.128483569013882 0.263216280360233 0.00859262537771091 0.0967598510160671
-0.28597149083497 0.3114112547525 0.0720068368033277 0.0527078599519017 -0.119015707086438 0.0924809441368247 0.147722071953548 0.280175654534383 -0.0130992732407002 0.0826317254354385
-0.275081462139115 0.297788456444502 0.1350141711799 0.0840556171896691 0.310191058181899 0.179741330745286 0.0203258340150283 0.127867692318748 0.177187815984936 0.0776759156502616
-0.332437028785502 0.21661297200525 -0.0645090295238936 0.0753892591827767 -0.0468927180034489 -0.0266675791675193 -0.0255072231595807 0.473487505303403 -0.175420077753904 -0.262094136464858
-0.344477216935175 0.237484101325751 0.205184177295765 0.00485556511559093 0.325996338629743 0.181926653233251 -0.163256118919745 0.201495807068137 -0.0108852187360313 0.244127526307466
-0.36705973580951 0.226417134025996 0.241964070419767 0.0129461653185446 0.335025372161347 0.140289930770646 -0.162619335620393 0.186043243392419 0.00921879742877768 0.283851293456353
-0.204277181950698 0.227304093626306 -0.0462292097676851 0.301789708248479 -0.103447378267783 -0.115889039748837 0.123742670567403 0.259622261607348 -0.0980479811629633 0.0437086717361005
-0.247527815804751 0.335230870844197 0.182082738052432 0.0525471731840428 -0.244220332892503 -0.00603742784055699 0.219676696190044 0.223616452865532 0.0421040679210519 0.08274454597996
-0.280072060191602 0.244608411084463 0.219768346475436 0.00591588623598854 0.333249529183631 0.134429358006948 -0.15010973684775 0.227781104009754 0.0434639716583257 0.202307569571358
-0.234996706257006 0.199429755514272 -0.109955193659581 0.0975621446643985 -0.231683628353353 -0.0399375750167215 0.058099261692509 0.23902058155702 0.0307404435282643 0.149568463618202
-0.194636194848162 0.111870609162871 -0.143259735614915 -0.0305301826756008 -0.259454098600121 -0.0430220809832335 0.0548503029464282 0.211269213064561 -0.0240003114917721 0.0787137012489886
-0.0570549564469722 0.329063490722239 0.18624359197755 -0.0108190209528728 -0.369317877139952 -0.110369410529482 0.218583419883165 0.289483004141808 0.164316333792397 -0.0832627832279156
-0.187553198301902 0.242675113310408 0.0692689532748053 0.0431806784350101 0.386758311932851 0.2342060573197 -0.0810010822822201 0.180872294545149 0.082829577941594 0.0895008725676921
-0.0361725001635228 0.331062161493591 0.169565501954945 -0.0506499326226704 -0.301097404099778 -0.0580703165637178 0.107411841637921 0.252236809583777 0.041579700702013 0.00361213523635183
-0.223733698082451 0.182706957282108 -0.104864195394693 0.10317612625036 -0.228963400144915 -0.0754462329553858 0.0509973439088059 0.249520977266417 0.0456984984178421 0.151909648712184
-0.274629596182395 0.182516906674472 0.192677589266503 0.0877239707318138 0.375242056287135 0.141641987261854 -0.117944433373374 0.218156493639012 0.0461693495231353 0.229543953499471
-0.220926794522941 0.279927065837773 0.131423707916187 0.0833322555770517 -0.238829923869274 0.0151292246353131 0.268326047866943 0.283154771155517 0.0793454378065108 0.0807988162916822
-0.240618132675529 0.193327451940275 -0.0276542718726306 0.26233220762147 -0.0259721775422054 -0.086620179420792 0.0743965127319142 0.202376303560479 -0.0721663424366763 0.0295076568134989
-0.378784430133789 0.221328262155232 0.232961592733848 0.0316984708212472 0.335543366215594 0.197774049362305 -0.172630385890872 0.214670048340495 -0.0383398573955682 0.223814321161706
-0.15310619706565 0.146561107957529 0.194796367159187 -0.0308723738291914 -0.207824462097676 0.0217810971417966 0.0109994969188606 0.205033240205997 0.0606464234626212 0.0749820227447875
-0.274301376087701 0.175110281533048 0.213723442770333 0.0632138552570289 0.348917881066528 0.178477719062903 -0.116719496023717 0.173675372483861 0.02799856511717 0.232705194539961
-0.347355460855537 0.137808202463831 0.22293794099457 0.0361470280618945 0.383003358887288 0.16660193798665 -0.122306898849258 0.227983009838559 0.00876921798322202 0.234206374999159
-0.0617948085163119 0.35079917924052 0.173142166693396 -0.0693905180745661 -0.331202077465269 -0.0562271613254038 0.12485542458702 0.200687050615666 0.01548079992849 -0.018700657106208
-0.366096854583091 0.20821521880552 0.214040430357318 -0.00986807514350964 0.379796691639119 0.125279867751687 -0.204055675767588 0.214821867737234 0.0228835354605505 0.249651730010977
-0.232915564131446 0.211423834219719 0.0927260739747455 0.164924315630156 -0.0931813206417287 -0.137225319940676 0.0595121910781552 0.208241689991137 -0.114703236330057 0.0509356778102212
0.0412718968381293 0.0213745976814264 -0.0508170601415356 -0.0264984490149702 0.16129022044065 -0.0639004584975299 0.086980502096301 0.107872297850434 -0.064858684720617 -0.0762068837482839
-0.138660406028674 0.211259799430886 0.246602050863973 0.0921012181638745 -0.199917505512405 0.00075650881647504 0.0735273984488689 0.153286400380324 -0.00196192086624305 0.119753346379564
-0.0753226683281967 0.10242237424687 -0.105653963022084 0.187547458956739 -0.226594366030739 -0.16190712208644 0.0563448485566248 0.191728016599237 -0.0689276543781548 0.195693269321249
-0.386564076378103 0.277629391141604 0.206941670194806 0.0172689508526271 0.313546859942169 0.155933383468231 -0.169315233854704 0.230939720024912 -0.0356798482101347 0.261671946679233
-0.168571398419994 0.151531727676169 -0.0592009437741851 0.199316004538552 -0.158657464149142 -0.166513281436307 0.0462578226704875 0.212873071968749 -0.0653681329162749 0.21342955312756
-0.239004916632279 0.22656424881271 0.208864961599648 0.00857727696032339 -0.233405066842218 0.0342259799153587 0.00503811106939127 0.274558895782566 0.0543519019009587 0.125125511951785
0.0304471703003079 0.0345778597703901 -0.0586429851303379 -0.0286759487496834 0.14731279775062 -0.0793702223005066 0.0909441265847101 0.0996082365502406 -0.052598997598101 -0.0874750527583256
-0.184180198435059 0.237141603232 0.206388155622783 0.00375970899078322 -0.200147951243518 -0.0780842991329558 0.0874809524490344 0.146991504122905 0.111890762824242 -0.0267392166846985
-0.215991023748717 0.364095409263649 0.221853025259869 -0.017105547793491 -0.256468648541292 0.0604304702155995 0.18708251632568 0.231864454298373 0.126714033597229 0.0567326807299656
-0.257973293686181 0.236205625410794 0.192237400705372 -0.0170139170670674 -0.238736221755126 0.0236814987006278 0.0175545003641223 0.280148552528519 0.056696094644689 0.125982080283527
-0.0762230332220756 0.358420875302108 0.162571952455289 -0.0739603688910428 -0.322583917154204 -0.0525512275163255 0.122508467524033 0.180024181939057 0.013467646281471 -0.0061826297576162
-0.2767410266262 0.141507487479009 0.0244024029244938 0.18981200438535 -0.035575909806294 -0.0835303256613971 0.0872393583591352 0.157121492487052 -0.116416559016365 0.0573870949611716
-0.210773765301 0.187739631390172 -0.0885685534618066 0.0811080858264042 -0.251418461719264 -0.0284371067508845 0.0587255253509147 0.243098002645737 0.0548262392047634 0.130005325906451
-0.00463355061577731 0.343937451226738 0.196207187188332 -0.0273953134272591 -0.230175865756131 -0.0971811092821666 0.219201045604918 0.211551443124101 0.112338731878321 -0.0247984721484562
-0.227268950675176 0.227287133019818 -0.027109650741478 0.28740543802587 -0.0376565712943755 -0.18799679059704 0.131464855406501 0.24310172636172 -0.0640710639812609 0.0307242084979281
-0.278754507026331 0.27510780347609 -0.0499307068757393 0.158765818701776 -0.0332992660345635 -0.18415527626203 0.137474923882389 0.214013014882958 -0.068661222840497 0.0545151700354635
-0.383118005003823 0.23603978839822 -0.01237339308156 0.0747047368927521 -0.119142432920302 -0.0344557047624937 -0.0220745241933822 0.495900278581025 -0.297805515366895 -0.314157094148166
-0.109375863337271 0.166453697496132 0.16424284625756 0.0740208934742042 -0.189103073865228 0.001338552485148 -0.030114085805824 0.194819349549457 0.00275714772831304 0.00732067086041737
-0.239004916632279 0.22656424881271 0.208864961599648 0.00857727696032339 -0.233405066842218 0.0342259799153587 0.00503811106939127 0.274558895782566 0.0543519019009587 0.125125511951785
-0.343314616158472 0.325634783334234 0.0922741322947316 0.0143423269164165 0.426990135447633 0.212780838813842 -0.0595730908047658 0.234942953019438 -0.0286866341245951 0.105255406294469
-0.290466957400253 0.199367506920547 0.204122391640455 -0.000637332619615627 0.3101785331038 0.145146129782522 -0.128921427112241 0.234061870595112 0.00939078933143481 0.263188123675044
-0.227959562738132 0.228362954426347 -0.0351323050637739 0.236608186930108 -0.0146818071494968 -0.188405363786917 0.120786603761156 0.219255918951193 -0.0830816592159767 -0.0225983566687024
-0.215753525276004 0.270283724356129 0.138111372364352 0.07852342486434 -0.198552386058256 0.0392928569786232 0.314133434627626 0.284444826221393 0.082705810476304 0.157854341839109
0.081526070164066 0.0588463721948749 -0.0794762040491279 -0.0770388442430226 0.134717129338439 -0.124030741479888 0.00746509928642001 0.156734644362249 -0.0315563580623305 -0.0935144031664591
-0.205346332396626 0.273955144815686 0.0688308557026994 0.0407776050650266 0.391626743666354 0.240510871570573 -0.0656990880354606 0.17897853292942 0.0901751899669091 0.140817575877928
-0.19554421390402 0.319253585969356 0.0329646289514875 -0.0620216156469444 -0.368366921834104 -0.0239267960623767 0.167126714127292 0.215559260676229 0.141878120441451 0.0365962932757193
-0.157908366489963 0.260209636585896 -0.0681952442099642 0.07425493052009 -0.269585632346876 -0.0800959010618609 0.00125871863549924 0.328410379634157 -0.0658889252204676 0.09198235987633
-0.16100716004753 -0.00903505331341384 0.187306970553334 0.101247372738155 -0.0913205372186464 -0.0409980758331589 0.0636812420033322 0.43354231436247 -0.111213257778468 -0.451221906795871
-0.12965334659446 0.0392417701189953 0.0611933535832029 -0.0993630542568362 -0.204732221755224 -0.0651700183369652 0.0456892641469854 0.170535731649778 0.142627932938656 0.0604334472455949
-0.103284170397783 0.259255252246238 0.104714168793656 0.0504091027237803 -0.264068041630388 -0.0983126488989233 0.0833975950120981 0.302807543578251 0.139849966442066 0.0845992967674465
-0.220167945307002 0.274687155724496 0.195714960193786 0.0827574001648141 0.335701614569977 0.142840404620991 -0.119456899542563 0.145027655954753 0.061926485789379 0.152780144083793
-0.193957676851172 0.386127195778661 0.155193323126784 0.000465202004058324 -0.180214048195679 -0.0534713350231171 0.0733276306321927 0.308694245187208 0.0852946493942588 0.012815095682076
-0.285635798435772 0.239153884176122 0.168583500852874 0.0450161978723616 0.320359764406475 0.153795028914371 -0.180004256302354 0.182741659865606 0.0673914562890243 0.227917140445399
-0.166371852342881 0.149665900770054 -0.20298373253095 0.18781517519193 -0.0300948801514725 -0.150692305900443 0.0935707393448158 0.182307933986545 -0.0466076038853606 0.167921026585684
-0.182576702474674 0.0683396929083147 -0.213585689382474 0.211020604418847 -0.0320169186295599 -0.11712578617062 0.0451988319659345 0.184269526490381 -0.0622974311086356 0.235784361530586
0.029367246247937 0.050083304983075 -0.0457024588941171 -0.0816877419329792 -0.107484329537464 -0.0941235163718505 0.153799274864207 0.133954572590754 0.0120197191099845 -0.187199489585394
-0.0222290309964521 0.0434019138341873 0.115072238443789 0.137395671174881 -0.253606265045631 0.0232694070584632 0.0137532804144095 0.235912602258171 0.0377927571148858 0.0217553344538359
-0.191101823734072 0.197439528027671 0.0518818835829956 0.149664412025606 -0.18429984411909 -0.00587673724926453 -0.00552169956082345 0.531399244261615 -0.261124182157853 -0.312204126834269
-0.1597058148957 0.119864602789142 0.168412279948913 0.211895754111388 -0.249365433954428 0.0767057958016834 0.0262834184934842 0.163260428812279 0.0088475365298854 0.0601087414609923
-0.245583517266493 0.152543486205015 0.174597852089861 0.085041997893489 0.30993131293196 0.0279787202615317 -0.0577167154853509 0.176586889917407 0.0840941368383861 0.153140862658705
-0.133602837494 0.193891002528032 0.144089080650748 0.206517767543998 -0.245222498895008 0.0401223130305336 0.045369331110467 0.143343151050943 0.0551798965218384 0.0906473953710668
-0.182576702474674 0.0683396929083147 -0.213585689382474 0.211020604418847 -0.0320169186295599 -0.11712578617062 0.0451988319659345 0.184269526490381 -0.0622974311086356 0.235784361530586
-0.414572983083858 0.0722002544576611 0.209873537561181 -0.0125952660987978 0.469519575630678 0.0745932283660391 -0.0776506382285106 0.32380274171532 0.0375014879370194 0.165121347358274
-0.111141887175092 0.201964728512994 0.0924784155276843 0.163743101696158 -0.301393637322802 0.108576584471734 0.100143649484317 0.0574945315699731 0.0935218377022619 0.129679139200853
-0.200116956733121 0.210175319510351 0.115663329309036 0.0620368769017422 0.24934726274395 -0.017372978255924 -0.0483931623287541 0.0628322135729868 0.0818791737010467 0.0930518051576992
-0.257470526451408 0.153088051612122 0.169611902312457 0.0812302196344131 0.298710048280661 0.0383063532165041 -0.0355838631831452 0.19039976792394 0.100670349534188 0.149628580728025
-0.0843848195840839 0.204521980849849 0.116649333531007 0.100141356401666 -0.217727784533744 0.0797433922834647 0.112910135211665 0.133812030483265 0.0993029593375961 0.158550882599052
-0.187301183960974 0.192900761967797 -0.282673435380952 0.26543397014112 -0.0242267128328793 -0.153563766513997 0.142658653968473 0.15076512042279 -0.072395490821957 0.146839876245667
0.029943797489326 0.11681693499559 -0.152586120333142 -0.0173087776253102 -0.0129989330593252 -0.179871173974419 0.228110630660321 0.116139785921829 0.00837842378017675 -0.061549310186582
-0.179260077975274 0.192969569691695 0.140280634858588 0.0856664109786314 0.243010666265738 0.0145163841730251 -0.0630607037990507 0.0608969191340056 0.0336093317357922 0.0758021601335181
-0.256272554103512 0.140123121708079 0.182224072830052 0.0761876183786093 0.296875576877876 0.0196995499242758 -0.0427011262497591 0.201007048615138 0.0774473842108181 0.145951150577305
-0.00945833940170362 0.254082931926932 0.0425506315230473 0.0890185979218844 -0.373012978217655 0.0416666541975119 0.159815343407776 0.130043317185879 0.0913657217717674 0.132547876305839
-0.151551629624232 0.233587501845153 0.154152250014195 0.160598590128885 0.264993887398497 0.0870492785772425 -0.155162628340453 0.0855760080267748 0.0780796293288614 0.087221944481381
-0.040605781486478 0.0835966506924767 -0.115927179195085 0.0141644460472429 0.0655464796258922 0.018786548628262 0.115458322565074 0.159137534644286 0.00215145960688246 0.0361687047194447
-0.126114444999943 0.112805241675469 -0.133108412140808 0.126131225615911 -0.119861305465042 -0.0137595927298728 0.146079337694167 0.0158884535138608 -0.117169778066257 0.121207403672323
-0.0538582725119816 0.275040523978848 0.0743435929168358 0.104697698196104 -0.357423478127162 0.0576506365771361 0.158293624895767 0.149885100827332 0.065650613991423 0.130757913096537
-0.189839439093014 0.206478457523461 0.141691175725059 0.0833832275681701 0.282691680552774 0.0198069384704736 -0.0659929324468356 0.0913496447344386 0.0950723948114409 0.106343806565299
-0.410191183934246 0.253974799196641 -0.0247874258582336 0.0165747773177009 -0.137937456502955 -0.0246224765143333 -0.0285537914545456 0.451303695189916 -0.242253362950122 -0.317639100891268
-0.245035595404892 0.243393212134785 -0.0373538756497277 0.156570661154647 -0.0525065648990337 -0.108419466552881 0.181037420048696 0.130161494650242 -0.113316809095757 0.0317659889455642
-0.266307501215307 0.27545565267784 -0.0299062712227593 0.155887112734151 -0.0186879882028348 -0.211858197385583 0.127628576842481 0.214800472264478 -0.052018330102947 0.0694348143146305
-0.215305250914432 0.201654942181172 -0.0983855577540281 0.0907970793451954 -0.251783289435443 -0.0251888847936812 0.029744061453093 0.240784504656888 0.0670575333697571 0.129883166956835
-0.185530258885884 0.10721727202329 -0.151866689317656 -0.0190289773436732 -0.245760524110213 -0.0383457856177818 0.0589862277478573 0.209651206091441 -0.013401829941348 0.0899879940410881
-0.254033611161478 0.191389805720638 0.00307565410481169 0.178002120189221 -0.0926189602136757 -0.119166122031202 0.144770800816863 0.189491612887922 -0.124055664410106 0.0297748491115125
0.0203981950937539 0.325892038284684 0.217401989133612 -0.0214424455037303 -0.229714246253065 -0.07625654658023 0.205637850695775 0.215605368771131 0.11823528761501 -0.0190734089800368
-0.252647988057751 0.240723445224416 -0.0541381468267867 0.179312338248209 -0.0392608451063403 -0.174196850343417 0.0929132016385612 0.260341798079047 -0.115015258805175 0.0179999077091895
-0.186852575046535 0.235632825370786 0.210184207420764 0.0155479250431273 -0.198182619930799 -0.0704711091176511 0.0781010986435717 0.131683422718473 0.135361678627395 -0.0356139422251389
-0.225769637311922 0.198062839694852 -0.0160411495429811 0.287640561081361 -0.052057347191883 -0.202776090130584 0.143455071875965 0.266737378274267 -0.0628462590188596 0.0266361446962844
-0.240708209511303 0.19178268587735 -0.0182219776198096 0.207049690388071 -0.0216077680338995 -0.175213356517188 0.154522193258926 0.147101053486646 -0.0393594818901207 0.0852654698945906
-0.198484751641471 0.212118769233572 0.290569309881255 0.0730043467344572 -0.181696466870237 0.015557887560565 -0.0676036727464605 0.297192395849153 0.0360496067651575 0.0715958211663924
-0.162983945747287 0.135385709462201 -0.102006304578577 0.0918880120575747 -0.0941060062753385 -0.0128120198672133 0.188708821945786 0.248974641656097 0.00672406297598845 0.0665957507991788
0.0231880749079084 0.0729086727730367 -0.100010346572592 -0.0472543228403087 0.175527048969772 -0.122775586846093 0.0207156044880876 0.0896284333066925 -0.0179025343906573 -0.0426281048501228
-0.348592412243301 0.287420868727723 0.0876836987612287 0.0562492992938194 0.419444529725252 0.269117128216783 -0.10762166397915 0.261575947561831 -0.0534790875684779 0.0918787727561635
-0.251307161890028 0.242800293081023 -0.0478449138413637 0.206975995981908 -0.0384520612440493 -0.17800494747518 0.0993260798988881 0.253498246520942 -0.0925571359365053 -0.000465269204036329
-0.122513163543061 0.327438856116798 0.020291058969786 0.0469585657073628 -0.197328765854836 0.148115776016032 0.180513396579904 0.260987310132243 0.00287913809815131 0.0473658678222348
-0.180991851917724 0.302514991173703 0.0612513516510536 0.0619721932525983 -0.123225476800581 0.112383858343937 0.19469478315846 0.276420011599122 0.0337953651978389 0.0855740564148395
-0.306178482884589 0.309062649366486 0.1781503172051 0.0296641724948953 0.386891903890334 0.11352872329472 -0.116407356242636 0.0684054605372595 0.04867799497581 0.151455771635112
-0.213422565440288 0.167937610483666 0.251263717254448 0.0822267128611274 0.256602958234253 0.222797015456212 -0.149391765911628 0.172993373741735 0.0930125222536708 0.15446811898956
-0.250577316162646 0.209266969924674 0.290723849337266 0.0390941765710548 0.269970274142633 0.237509315002806 -0.150764113705498 0.14926839217535 0.0918633813876161 0.191514596612544
-0.0990937873862077 0.351125201120393 0.042450216118989 -0.0630666236896179 -0.378653090851259 0.051994412784445 0.150766074030296 0.277368293691698 0.100543057085635 0.0617163450987565
-0.106853362744589 0.121765821633418 0.148079176051868 -0.0493069917443867 0.354207441638426 0.210303483620611 -0.0590254214677764 0.295532072941911 0.041538414921107 0.18401354694586
-0.106853362744589 0.121765821633418 0.148079176051868 -0.0493069917443867 0.354207441638426 0.210303483620611 -0.0590254214677764 0.295532072941911 0.041538414921107 0.18401354694586
-0.244786301143679 0.135026579982084 0.0611191772727697 -0.0973826243567573 0.203869038930653 -0.0371279672805618 -0.0344352955677507 0.316736695473601 0.130299503997062 0.156036181618707
-0.241638033067303 0.271175295071452 0.00154970253543658 0.117901465776873 -0.313501220028004 -0.0840905328557745 0.0144807679532378 0.344869878614415 0.0560134753925841 0.0998501655696837
-0.116076792991543 0.277472758449007 0.18605470568551 0.199098706313867 0.400583073692147 0.076161346584188 -0.225868618446073 0.0844467415691251 0.148106796763707 0.244066875304546
-0.0766298764724198 0.361677327564608 0.207836682460888 0.054361310841591 -0.204845833451729 -0.0957324181174223 0.203367904075144 0.211942495022257 0.179153625731547 -0.0440796195029333
-0.169124770440869 0.295499189210555 0.00962543916552947 0.151401774966594 -0.0938044311651547 -0.171229915371469 0.0751933371223784 0.270150976266892 -0.149750261218048 0.0951139219685744
-0.251480336273238 0.179959359715732 0.18460642761447 0.211259573444308 -0.279395748378409 -0.0955330706366835 0.181738622267381 0.169299891615868 0.226856216873112 -0.0641132547626463
-0.0870149705801114 0.265655615158436 0.0705963345151641 0.0374453724070947 -0.160004554346351 0.0876219406917238 0.0983343460506082 0.240387295306766 0.0681499058032905 -0.0369331945439719
-0.284872456138244 0.108054941865479 0.109012486819107 -0.0926999732587662 0.310049933451309 0.022766691166357 -0.0588104805669802 0.321184227796321 0.225273634616728 0.117476040387796
-0.169364800683018 0.323945599775269 0.161700789244403 0.0106822827717456 -0.187607338608573 -0.0819054268430268 0.0323732399799571 0.253991022983101 0.0376680973113251 -0.0133654679949728
-0.191111719078316 0.0845197989042802 -0.0252220296004639 0.0109878216357334 -0.232809049409264 -0.0026227977066568 -0.00121961708715225 0.236387078626425 0.0858890230628216 0.0074145359896504
-0.218970119439874 0.073918930589549 0.122351808674668 -0.0188728682144383 0.241680091389021 -0.00621898114808943 -0.0865384826168733 0.290752054470812 0.18127092818217 0.0986096541988431
-0.175177414875272 0.271245387131815 -0.152868618092821 0.0803231877037751 -0.342118004910599 -0.0564740155037512 -0.0222113400737668 0.204960127323953 -0.0501600074356444 0.165871781745538
-0.164388344232742 0.11321843861152 -0.0516142934725296 -0.0538647682499635 -0.278598649838557 -0.0648050753157978 -0.00145762642371457 0.264383980151257 0.00878628184043636 0.0650655044865714
-0.0865490724333742 0.302237809092019 0.199874964145473 -0.0174418276611939 -0.230033154337805 -0.0318804232932494 0.217496908352053 0.24665807988208 0.0381362237745022 0.0740499941041775
-0.304210252444758 0.193104094431232 -0.0375963008556068 0.129198468243523 -0.139244972078457 -0.118889786113294 0.0297249163298294 0.438204555545538 -0.259112060218456 -0.330325051679278
-0.472883979341348 0.0725209553280955 0.319760524841593 0.0165497392510014 0.376342169503442 0.0783769354893141 -0.178465057867985 0.109563133450312 0.182761793656436 0.138522406350104
0.0676292202805163 0.0409609614069933 -0.0422707311515113 -0.094689480049317 0.16563299374677 -0.115029703306907 0.0463197051754577 0.132742981132298 -0.0204086668500288 0.0192304599374922
-0.115331470244853 0.212247204469141 0.252667488663073 0.0734773696020453 -0.163622205624568 -0.000125340347338743 0.0660211816114822 0.154379224532405 0.0273950275422445 0.0988728696879032
-0.243687406841912 0.314203784568049 0.140584915392673 0.0662867789138276 -0.261370431454427 -0.0324778902168388 0.255898310253277 0.242027404296128 0.0304166031245961 0.0940905325254815
-0.110089558995289 0.139270096323462 -0.0922977123924134 0.153274516005013 -0.222526420924092 -0.162066097895438 0.0328431999628367 0.147488490231764 -0.0382512770459455 0.202402044650176
-0.197610675467192 0.222766950071926 0.0471710076202038 0.0587474384739829 0.373421367811821 0.203558254592572 -0.0505207064014516 0.19034328937328 0.127554593709812 0.073942553233958
0.0388092115573812 0.0480655201775748 -0.0726506744393897 -0.0909879951190901 0.197161346625194 -0.0791729508979722 0.0850252438562564 0.106524822122096 -0.0254221300006898 -0.0305190643965685
-0.240618132675529 0.193327451940275 -0.0276542718726306 0.26233220762147 -0.0259721775422054 -0.086620179420792 0.0743965127319142 0.202376303560479 -0.0721663424366763 0.0295076568134989
-0.229617395306932 0.325744785006261 0.159362610598315 -0.0502220797893552 -0.273143903791405 -0.00923067903300878 0.185211954391733 0.203612793189072 0.0946731447204321 0.0789755587326493
-0.184346450723589 0.267480642918907 0.090537599704064 0.0204627638152375 0.396428144120688 0.219593021742111 -0.0349027917805623 0.180773459525162 0.11030312184655 0.0721658823169894
-0.234909033536744 0.281596256187897 0.189883291150143 0.0257366131819044 -0.28408788451916 -0.0319052274127831 0.22786666036371 0.262563426783113 0.0703291647214748 0.0763054449996497
-0.260019438500714 0.341231163351232 0.159428657006187 0.103979216125789 -0.255597853657694 -0.0144158819841645 0.196307559098115 0.147696975955557 0.0667427319811609 0.0627683335522425
-0.20853832488505 0.228295226759265 0.0711105244634117 0.052823221823323 0.38156754496199 0.223412839377304 -0.0847689225015599 0.175560251386194 0.103495403825323 0.11065964777291
-0.201925052075139 0.195310915746726 -0.100208127299497 0.0810602543155467 -0.245558201829683 -0.0330602350277191 0.0218166551891118 0.240438258121956 0.0723613385329425 0.14323171337162
-0.201024393029383 0.266748176893374 0.068766944906438 0.0563305342290359 0.384438705049239 0.223068546621083 -0.0618904083757188 0.192197573047337 0.0944424478629997 0.148007267969948
-0.182733141775144 0.221229795728978 0.197657572844804 0.058627298149389 -0.220036607346363 -0.062234418183676 0.0964888613204568 0.145612985451374 0.115974815538203 -0.0302011137549212
-0.188078307630872 0.12321531995891 -0.11552156519174 -0.00786550524043644 -0.244757138625408 -0.0618580853311651 0.111280147093791 0.222814535520092 -0.00356966231214026 0.120272439333315
-0.300196128308577 0.240211193860902 0.205529102076561 -0.024221531850592 0.364015910845272 0.140084966457955 -0.182477038061656 0.257715669889748 0.0340216504913203 0.240791869435331
-0.233617356714394 0.305989029676537 0.258423466425241 -0.0232123597120253 -0.222500066307467 0.00883562505165218 0.163801535016076 0.239642076623806 0.0612031410475762 0.111819982824386
-0.179793154494745 0.30944284450511 0.129567700571985 0.0161810164554939 -0.183775809825978 -0.184028908993485 0.101899654635312 0.228127322016173 0.0454701057249565 0.0207764375211146
-0.0066640315797671 0.335398387205423 0.190620287418026 -0.0309949520252229 -0.223390182329576 -0.121773649809903 0.195716390242245 0.22350886154516 0.140789226853938 -0.0624087897715646
-0.140980912203345 0.179295061374556 -0.060896703665778 0.193953283090572 -0.16745107917914 -0.187459885616466 0.00688092712877661 0.228024642427321 -0.0488387321035197 0.212696294705774
-0.277621179789249 0.250280533185077 0.215726982003626 0.00387269412997395 0.32600323163626 0.156836959334128 -0.153816810435213 0.234631036838957 0.0277998613797179 0.211223546531563
-0.239927845044267 0.235130071409466 -0.0645802831633323 0.259902368392232 -0.0166118849680211 -0.153225421039137 0.126018750205183 0.226682479065893 -0.111884472309054 0.0247672920377812
-0.237434491978195 0.303766476388019 0.177554670677432 0.0115608944634117 -0.314269806620962 -0.0213903269118199 0.210453432864309 0.21352412831344 0.0602020111787023 0.108389884556386
-0.196208951694119 0.206251031058489 0.125096061983024 0.0971085467093554 0.242494247695602 0.0137090015063878 -0.0671056031153995 0.0794896645195493 0.0257866460057984 0.0841160459275943
0.00404173979697225 0.080035830338608 -0.108155772845452 0.0231114933291668 0.123135473386743 0.0351866460938965 0.0926283454478678 0.126309490785494 -0.00150780811333441 0.0314014769186128
-0.0279487430979164 0.271922289470871 0.0177830467631316 0.0401342483056148 0.0766631243564464 -0.0783250346677068 0.0471269432149297 0.236378892413606 0.0234512355270725 -0.00450003620981975
-0.143225491382496 0.167911252693517 0.154560581835099 0.13408694305121 -0.394688552339608 -0.0753105692275251 0.167259414849666 0.225198288392617 0.175110641100698 0.0607929260327902
-0.345729595554678 0.0419281082945032 0.141166436196012 0.0807693176939183 0.19910419535613 0.203688650978457 -0.000176615792789964 0.237221952345149 0.297741511556332 -0.0716637228912016
-0.130529326775548 0.170322952153089 0.208498591374528 0.170939389338858 -0.248129787696826 0.0872121602038542 0.0635107856132918 0.12147449045963 0.000652394996743234 0.0466521341715353
-0.144603762598563 0.219583022891178 0.166047616128636 0.106772326964475 -0.319086014718009 0.00195814284611083 0.185806671733565 0.290995302648903 0.19688708119055 0.00319811987645436
-0.202516522195918 0.197424267452498 -0.155049531129643 0.230396296367966 -0.132850296400242 -0.179855285219786 0.116617831500617 0.211079469471112 -0.116941715827605 0.252450131038702
-0.165538299853307 0.0694833033822271 0.1586229432832 0.262823847090228 -0.236256841470641 0.101184375611127 0.016641086437667 0.17080204093331 0.0409874534591963 0.0717099535949534
-0.025803997114609 0.0665980116574933 0.150169585145286 0.152975729585627 -0.256140655523685 0.0561880669410119 0.00137584730791159 0.242167559172723 0.0526359647820903 0.00554792482104962
-0.234644489195899 0.153296645996919 0.063852102798519 0.176918452005459 -0.18845987125486 -0.0105242737396293 6.86445711662069e-05 0.563684098923253 -0.214952471491563 -0.300944683040075
-0.123846460970506 0.235464243845025 0.227501270549152 0.0795708742071513 -0.336764174756121 -0.0192308464409924 0.245970580473098 0.31342790561073 0.169311118635024 0.154232643378728
-0.122678355780022 0.245932453842601 0.227007360187448 0.0469089857053032 -0.300827050983308 -0.0289135655261529 0.219104202675893 0.277806329169928 0.158938695390015 0.0570850785062443
-0.22807527590225 0.0560416976562042 -0.217703986354343 0.210040756091865 -0.0215835684248157 -0.125166890561441 0.0637134212018503 0.183536636132946 -0.0650656746906716 0.22097355690713
-0.419661010222826 0.155083332784349 0.189535165812427 -0.00734112169296764 0.454631844832063 0.104566533177147 -0.118116761028492 0.238481069889934 0.0819107655780083 0.188196431240777
-0.0461838475535119 0.0497120612083056 -0.0896009220161514 0.0365488666032989 0.0513708249856871 -0.0209869355877339 0.0556542907673739 0.114527177963054 -0.0457927556960381 0.0333133540905822
-0.280128859716399 0.255409750811939 0.0911799707823787 0.125809905464578 0.271876955914639 0.192278252503191 -0.067212074069047 0.184785253019641 0.0649385589129914 0.16225917241748
-0.310006451673301 0.233400851746398 0.15697602984775 0.0990501306968998 0.505476082870799 0.152226243328063 -0.0787012135085573 0.0874132315733366 0.196766170240748 0.0407357252965554
-0.137780765139266 0.264388368294962 0.123271709302297 -0.063166211612171 -0.24315029722668 0.0462837318555923 0.211159654272745 0.223266133081617 0.127722082997465 0.0155446125406153
-0.119040862316471 0.371905837128322 0.048658825742724 -0.0994914444319328 -0.255843588382756 0.048206960789511 0.169382553782886 0.244626683758596 0.0470523046885401 0.0905302876448288
-0.28120789404716 0.220573635015192 0.150749875162775 0.0975479601552781 0.5027610273441 0.155109064441922 -0.125538605049809 0.0827583321258345 0.191315783512501 0.0331992844423015
-0.249806068424871 0.202225476917 0.233922945709151 0.142228501476689 0.390417286407976 0.147488832973644 -0.188021101618952 0.212731569529989 0.0583409801201299 0.196684959584987
-0.222949317264094 0.22332701309564 0.231523904365307 0.230561805747487 -0.263995252125092 -0.0303324059815766 0.212544632153357 0.176407727629447 0.239642521371889 -0.0334298279461625
-0.233505170830323 0.121241623006562 0.237395842306462 0.125326009561963 0.362143491190064 0.14764196242019 -0.179589087226901 0.167585643587388 0.0352542560617697 0.192026008556835
-0.184409711841515 0.355805569792756 0.0952754289440069 -0.0339751183649079 -0.289532393237315 -0.0240014507627227 0.163392657934941 0.17415228504444 0.200038846972453 0.0160960115345135
-0.208205642476781 0.196801447000891 0.134337016549215 -0.0437884931949969 -0.322368514089678 0.0159556979384467 0.20593136552909 0.263524081575796 0.171438917104614 0.0382921124276675
0.0521565371564589 0.244320938357113 0.200831137063065 0.0129297213555142 -0.244869324683887 -0.12065159154059 0.141249985291703 0.238603769561339 0.129050369742431 0.0882627586129355
-0.150339243391397 0.0602434061912374 0.18957694376777 0.0811065035379483 -0.0132760751353113 -0.0205467774452095 -0.0291873196815735 0.425235209010678 -0.135198269376854 -0.459934511698366
-0.197682115217939 0.206421211253958 0.100193363729092 -0.0167809516370276 -0.329397365140018 -0.0062203113114979 0.169473180671887 0.239010474768883 0.224657754542215 0.0545214498824772
-0.0763872592081259 0.341544343868343 0.148290330106879 -0.0254510936222547 -0.270332535110906 -0.0314522476114102 0.0867997342817913 0.19318313424627 0.168481810315798 -0.0398273813090674
-0.292332168560245 0.120227354883113 0.115322829470451 -0.0611685352720599 0.310748679969066 0.0710493475146116 -0.0392540036628739 0.223659790783896 0.214954236272431 0.156001933518401
-0.107232001301074 0.293421935499156 0.0936006503195286 0.0608959057021108 -0.242652101190357 -0.0613977910434773 0.175744004830625 0.323877252710699 0.00795714246469427 0.0389103284414098
-0.165519848552717 0.147205741063266 0.210310743543912 -0.0273225471942212 -0.211776515884427 0.0407426933122784 0.0226163634189244 0.222344293782071 0.062352354632715 0.10151930352747
-0.0192447027202908 0.331087162766951 0.243476074902557 -0.0321164417308985 -0.229529665793368 -0.112310219111814 0.173256137486456 0.266777284448287 0.134606384916921 -0.0729960041391312
-0.272325872899702 0.179029102960892 0.132574644030693 0.152523114984778 0.32257579496377 0.165956110336539 0.0399474665802298 0.10682821682429 0.259385096682257 0.080570966158103
-0.290466957400253 0.199367506920547 0.204122391640455 -0.000637332619615627 0.3101785331038 0.145146129782522 -0.128921427112241 0.234061870595112 0.00939078933143481 0.263188123675044
-0.2399195587074 0.258374589044176 -0.0268635730977836 0.26888548718897 -0.0182585324402054 -0.173732198615879 0.178447555681615 0.262575492919126 -0.0170311374055252 0.0117776981960763
-0.205898564937562 0.31324706098086 0.187157925324869 -0.0128183552337278 -0.27395897199377 -0.0117099855213194 0.204230040021455 0.209977495281295 0.0512678813062846 0.133024573458193
-0.110089558995289 0.139270096323462 -0.0922977123924134 0.153274516005013 -0.222526420924092 -0.162066097895438 0.0328431999628367 0.147488490231764 -0.0382512770459455 0.202402044650176
-0.165826457168013 0.209598035471294 0.101554640420047 0.0917823600851179 -0.185362423664492 0.107021136623401 0.261758500256132 0.241066427721702 0.112897111387187 0.14649100801847
-0.179810317421715 0.204945488264461 -0.197936881204471 0.188630962038469 -0.00838973605468159 -0.153959608082624 0.139932509530306 0.13853924747151 -0.0262039826390033 0.134965926684287
-0.0910206483832857 0.227816082672036 0.292355220087046 0.0417041077620888 -0.326639135808703 -0.0524235229306473 0.23747451500892 0.279089010771985 0.164914609387322 0.0964527429453655
-0.128697865322598 0.275072659387121 0.126786659590256 0.121058082773314 -0.295698488136142 -0.029389423113559 0.153089991389863 0.253281232364992 0.177052963081818 0.0031257371804718
-0.171964433153326 0.159808070437297 -0.127747891403632 0.125577188167793 -0.132906786968269 -0.0255591307717739 0.156032364066157 0.0736091785191075 -0.145302752524054 0.169789225873009
-0.182576702474674 0.0683396929083147 -0.213585689382474 0.211020604418847 -0.0320169186295599 -0.11712578617062 0.0451988319659345 0.184269526490381 -0.0622974311086356 0.235784361530586
-0.10856802438204 0.180918482119499 0.0815743394450556 0.13814045041292 -0.239017947669852 0.120354822591 0.073117959515856 0.128428728415822 0.123077055894849 0.093835321611774
-0.157603764343537 0.189640271189116 0.158090179787012 0.0512618463684695 0.224275417149304 0.0864743419642659 -0.013220829926816 0.0292511367288321 0.0439097551944938 0.103348751187622
-0.191934784584637 0.173438044262595 -0.0834776401001687 0.246658409786957 -0.133256524558883 -0.186370193293261 0.0879212893891543 0.230338731155077 -0.162014506269592 0.205711722431197
