0.0996734097592837 -0.195056744086565 -0.445743818306301 -0.0965295712511422 0.0627388234315698 -0.0359875403093719 -0.0937914609337099 -0.12642534874757 0.523779852132206 -0.355432358528958
0.109251930518169 0.234852461085233 -0.238515851739842 -0.0986744880174426 0.137090155280557 -0.307031303115219 0.221659769982755 0.0280670721666111 0.00203340802985307 0.076901871310447
-0.0365549273293171 -0.105685327670619 -0.309647843248738 -0.0728908975117863 0.0335251023675936 -0.0852614101744149 -0.133277629502403 -0.0403057578016187 0.585689415156247 -0.225763580168245
0.142099174682472 0.286112212249537 -0.179034828280293 -0.120884816862499 0.150305774474636 -0.289713503453502 0.21143475688773 -0.0362056752674284 0.0590423116751736 0.142044890745041
0.274943275849785 -0.0360656059831573 -0.178281380847192 0.0295142014775146 -0.205613353494613 -0.306855537525547 0.288229723228913 0.138150814298772 -0.159596994688657 0.182265465916953
0.227354237169573 0.327989837906296 -0.269148077804267 -0.025630472713241 0.210518937773011 -0.136442735805087 0.315965748514682 0.0906754508312685 -0.0967517890953512 0.326709288113184
0.411784842606024 0.0975414822716558 -0.214726014161604 -0.0677147493588472 -0.0774237062172979 -0.348929085069199 0.318085073948957 0.156417409604005 -0.149623925442187 0.150433750557874
0.278843954405164 0.0470898159015823 -0.155953325955138 0.0343603501433289 -0.0687798986988428 -0.23262120233057 0.371100219707557 0.184786769280532 -0.160798420219049 0.279162654394229
0.0866015200226075 0.325141190675068 -0.175340217042687 -0.121083051254344 0.224295289882391 -0.319228226960717 0.269825812710895 -0.0230804784957888 0.0759697728661743 0.100228961203023
0.215906961370722 0.355364720027454 -0.23968023676161 -0.00296355729174584 0.23696224463974 -0.155284139347021 0.297401461465283 0.0859489766149212 -0.0990252359415155 0.319182040203747
0.374054811102517 0.126939217813445 -0.229319381571255 -0.0577833638438979 -0.0836222504932253 -0.334059003465738 0.327672902071298 0.118046040942008 -0.14576800486785 0.142218056583664
-0.0485406663625673 -0.135788345169222 -0.341239868023538 -0.0974189019959823 0.0071313529955064 -0.118284220031718 -0.175363587025588 -0.0608734420516331 0.578750725709386 -0.22079245191812
0.0752378855482049 0.335840638517338 -0.183265385293251 -0.105314426058423 0.216530790674628 -0.319935961271907 0.274668590032071 0.00441952673343136 0.0548410343694651 0.107189586809419
0.0747048493046248 0.45030842741181 -0.175207539364831 0.0607829197846557 0.0476284289016043 -0.0140227673262712 0.187057275555025 0.286737517008769 -0.0293452240693566 0.350088994685213
0.0506939787777166 -0.0973257122035629 -0.0987463291606895 0.234048896906523 0.0424220043087827 0.153792980549825 0.336770195642852 0.0214994915313919 0.032055620774363 -0.0490800955679217
0.395607357360921 0.0538303441027319 -0.199047685843527 -0.0701575306195624 -0.102589017378157 -0.323630640269166 0.353047334973169 0.0969243276822945 -0.125784842467459 0.124883946223604
-0.00041649523424018 0.46875099203175 -0.205508052003683 0.0801100866578351 0.0385430592834927 -0.0985289109819986 0.16661246778598 0.257933508321451 -0.0302036135519296 0.362088466957647
0.0929874022259933 0.180856390190072 -0.067134955205832 0.0103821332101398 0.178952034059572 -0.0197051473824807 0.0243110465184907 0.451149065657399 -0.331961112168021 -0.0695331189699247
0.282147639552827 0.0915992587026361 -0.128603866387343 0.050194383728206 -0.0782731326450381 -0.311510038183356 0.385785649058158 0.144163192005189 -0.168942180373616 0.267761367033608
0.273929416232708 -0.0179046652540655 -0.312625480817596 0.0711423286107386 -0.063280347494182 -0.265988227468603 0.275915798790209 0.105206168822405 -0.169562949804328 0.190413079084441
-0.0866417619448162 -0.0645149046027797 -0.203111451969597 0.22344116563054 -0.0183716919094833 0.199794294830256 0.34318476654818 0.0326399491322174 0.03682013276294 -0.075548387311202
0.0256091424262743 -0.293645684158451 -0.0460919206195786 0.212611545762053 -0.0105279805794903 0.0937768064471254 0.308657437994706 -0.00998783973868438 0.0793110559413865 0.0821550008226781
0.185769355300466 0.409999129115859 -0.18888499644638 -0.115310184353491 0.159965606302416 -0.273782245902649 0.381549880191505 -0.0596256823493824 -0.0538629503755685 0.147094298219656
0.316480210281955 -0.0627083773270043 -0.1872839879915 -0.098696813109251 -0.00576559906859721 -0.402208383434442 0.197339068551507 0.198508580440317 -0.169092440282926 0.142024509734323
0.227269581598157 0.0867754294608976 -0.108913184025546 0.0487086987167977 -0.139669303479039 -0.302720357076827 0.412177490531983 0.166653568534631 -0.192912445080792 0.234531098787256
0.307463896022267 -0.0785668229855575 -0.140646005275351 -0.0479454113774051 0.0736408819792474 -0.366016179628286 0.190862196432453 0.174351990577406 -0.123599458564872 0.259530636833115
0.09841210912521 0.342608332710915 -0.119380484261684 -0.101854008754826 0.256598285967439 -0.235969052562981 0.222421094096644 -0.0299252845861882 -0.0155831034189705 0.126926029228243
0.10627337708801 0.298144923015953 -0.123189195827438 -0.0530563993314715 0.211470260097634 -0.115867998396024 0.241699022808627 -0.00141600552981558 0.0756274349327777 0.100247854835029
0.0566962504062034 0.311886074731021 -0.130277092920411 -0.0731846251373188 0.198290956950386 -0.14321027893588 0.227986896168862 0.00608023918499541 0.107868235369059 0.0605626588498205
0.0104621115085861 -0.120160177050776 -0.132519020620714 0.189134755495366 -0.0480957077022827 0.182494680664707 0.388539838060268 0.0335127511043255 -0.0482181908247803 -0.0362093436047646
0.207818558016027 0.434283946105095 -0.145005174095987 -0.0252959082973 0.12974844536499 -0.291864084334803 0.375511732386895 0.050495505751413 -0.0248438599133107 0.146796713243909
0.177982883306018 0.390965000521356 -0.126454998218034 -0.048678473768871 0.0917041897320858 -0.238346581663257 0.407804791011131 -0.00878082231348809 -0.0659502557350554 0.159626466147277
0.0349859008229135 0.455269163518556 -0.16073300929761 0.0322079733167685 0.105915983753924 -0.0224876414842161 0.207421358362272 0.268511974967122 -0.00113978903735152 0.337185757274505
-0.0444427901386932 -0.0477672592263958 -0.319331445726758 -0.125878364888821 -0.0379633538347353 -0.151823331519147 -0.0285767971542955 -0.0133449735579052 0.334937048016285 -0.129620072160415
0.110356704537921 0.288348075692572 -0.135707183273347 -0.0569546515688776 0.212315575268793 -0.124493336329247 0.261052109230334 0.00893425410101149 0.0849245505795202 0.0829388809786483
-0.0118888080535697 -0.337202735467015 -0.0626704688836093 0.333286231098755 -0.0335142553275963 0.00523741076417563 0.215997474751613 0.0728342724398928 0.152454263751268 -0.06482046228559
0.337019049156199 0.0513704555540687 -0.354053731883012 -0.0127305780781151 -0.0821932509611323 -0.184034118228011 0.199561831630918 0.0734433457384666 -0.165289898380086 0.165359547443738
0.0904121028370098 -0.172358448857758 -0.0473898721068084 0.287795544536261 -0.150475487335473 0.112245918813978 0.474982426581453 0.0288756818586648 -0.00707301128710257 -0.0717515670739415
0.0145256373662314 0.470710908815867 -0.191334002261573 0.0343087808160316 0.0785255320058255 -0.0350465400856709 0.224689371444613 0.269996515845527 0.002913336736997 0.336558696639959
0.102707231617229 0.0950758348119659 0.00893813166993117 0.0152074243507186 0.180367432022995 -0.0298531162797475 0.0149582014298561 0.366300479474434 -0.243898771873804 -0.125024779312233
0.0182546450631096 -0.248658583863955 0.00428022104893939 0.306093928327742 0.0090836450325521 -0.0125213402003209 0.275759043912413 0.0503846351746599 0.0714349130599349 -0.0390831665662309
0.114100271875808 0.335496350812857 -0.133812897596934 -0.10899896949949 0.265430220851572 -0.224320387719102 0.28305740515434 -0.0549034195783541 -0.00725216203653952 0.103567920106527
0.105855325092482 0.361670696593439 -0.119496331393869 -0.104522643383327 0.23726558880778 -0.259499317413522 0.247346772361037 -0.0300642328723192 0.0229399327738119 0.0944734163184847
0.232816890315994 0.0912925949261268 -0.115993556947344 0.0756925876641944 -0.123399334096963 -0.286888273618626 0.406490157111057 0.171048255478195 -0.199087860248795 0.219522387883967
0.109395285115983 -0.242528048369308 -0.1054823500354 0.373980067595402 -0.126502999728612 0.0766935348884728 0.434230604928931 0.153242232237045 -0.0465556439801173 -0.1642735415506
-0.0293442875994565 -0.116023438134657 -0.366327945980651 -0.146420995866825 0.0226004450394325 -0.0985447747258322 -0.168731919211724 -0.110078262903281 0.561423524351626 -0.171337530764974
0.149630992676339 0.366469974256281 -0.174441465114743 -0.0648910540560497 0.0957685883400631 -0.246372504549991 0.423065817553327 -0.0437037589235899 0.00781857028341501 0.113118054363394
0.100651915051234 -0.242009806206479 -0.428444125830212 -0.0564675312001774 0.0384339347201162 -0.0469665986115217 -0.0691968227389898 -0.0841153525629039 0.472386113434039 -0.344723616369841
0.0112582346135188 -0.0832654492077701 -0.305093157373711 -0.171402265343285 0.0842805686480636 -0.0931365211580236 -0.101261117315747 0.00473674085568919 0.577956253316356 -0.22702176267249
-0.118913608526137 -0.0818835116731953 -0.145423383075927 0.243210718414503 0.00658847438162829 0.120036567059171 0.420131546391736 -0.00475891879570377 0.0136383848311143 -0.105868038477729
0.311458241998888 -0.0743503532449901 -0.146083402243613 -0.0575509855281196 0.031029287791527 -0.352590997192768 0.173714040028173 0.184752067014636 -0.106334140702 0.256086448823181
0.339747559550295 -0.0301055696871774 -0.183183199915183 -0.0597363042667519 0.118318082699593 -0.364499282666405 0.292737587141754 0.184496928305201 -0.137458849078731 0.162499214067328
0.257419621133312 -0.0662293932850882 -0.164356928114248 -0.107818184462742 0.0866696468256054 -0.357858677550548 0.273148777809885 0.161931484694124 -0.126878747410928 0.185714108579541
-0.0801188579235344 -0.0567059698322122 -0.0723922962785777 0.220709697274127 0.0169264564048152 0.130513774764378 0.414157343367766 0.00564595308300342 0.0903616456738642 -0.117057720536528
0.0961650899788885 0.201913855667109 -0.14914491883172 0.0155037028893922 0.177561625499663 -0.201781510906265 0.255436652892215 0.067545945422515 -0.0591548318845703 0.299876301481258
0.350271963242084 0.0663494424767219 -0.231340050850429 -0.104627308951281 -0.0255566084552161 -0.384775030166814 0.335968776510444 0.0887558284201966 -0.136137609480438 0.188316984397171
0.273432008913222 0.0116562344254834 -0.234869394301339 0.0855913661685003 -0.0712828817648313 -0.202574066363867 0.286112770578277 -0.00659921188014415 -0.0842085670788725 0.155801968442062
-0.0169981958303829 -0.236610087610271 -0.00335137884545121 0.292848575595464 0.0137823154439997 -0.0314376605186805 0.243114803785994 0.017244050187992 0.144441266944427 -0.0838446693506775
0.090900746557677 0.108709116838184 -0.00176187893080588 0.0568137257752482 0.181739188895119 -0.0428223454454119 0.00750813209241427 0.383959306081214 -0.288017787477667 -0.16616820432563
-0.0812827809871559 -0.0213703408899823 -0.132612362904979 0.299126382636826 0.00133406344623994 0.202006363746418 0.342376101948445 0.0107282263025491 0.0484909500881423 -0.115524457866972
-0.118865425171669 -0.0913976994373648 -0.130904662612397 0.284992088131825 -0.017690085868391 0.139257942262965 0.389207992049902 -0.0108022629288735 0.038399571504485 -0.123057862993897
0.146853637172325 0.0345244848256862 -0.0523004092659295 -0.0205938413794212 0.0319534094422267 -0.0351411496100005 0.101048035654695 0.446277121906071 -0.306394110193569 -0.130830132931363
0.141024798398358 0.031392517618147 -0.0135348934042088 0.00762387433238773 0.022254215935947 -0.0231374284032021 0.121497683946613 0.436819037787402 -0.349700116120181 -0.116080731423498
0.340238377992788 -0.0212859395061951 -0.172718869134555 -0.0175882848288801 0.0862347108952256 -0.329664958758409 0.325105495355836 0.177143041566528 -0.145802611358818 0.1639800001141
0.0630057734271779 -0.197604510686193 -0.069589432339216 0.352881318390693 -0.104799653274896 0.115807010108329 0.392199322245463 0.124290964223751 -0.067923122793093 -0.18022818233216
-0.0874080265710366 -0.0461445825832457 -0.0595537208472111 0.243779297791279 0.00317051108831333 0.158347983379095 0.415128560821305 0.0289387116237426 0.0891277645963821 -0.119837389336491
0.226848168677289 0.397890833028492 -0.151592517808812 -0.0978140481114921 0.144774202790052 -0.214954449138929 0.399827462512694 -0.0754551983356544 -0.0626941788982054 0.159568846410836
0.241578258939636 0.0314662526941193 -0.237366281595122 0.0162180081993951 -0.0688133647926047 -0.202387163039138 0.295625073694803 -0.00290992027591248 -0.0932215828238215 0.155111685163392
0.0949006351533736 -0.196208033557544 -0.406676589438514 -0.0740530856765432 0.0662718716200695 -0.101471439461064 -0.0240184011167006 -0.0997792569703396 0.545212071327112 -0.374296406507871
0.332157251567267 -0.000915588297378801 -0.168407017119634 -0.028441820555591 0.10595529513737 -0.326535622199368 0.269775560584374 0.212305055773675 -0.147210692825643 0.178912950380287
0.101958855079832 0.188424127726906 -0.149301789428713 0.00359271235532548 0.182285127790911 -0.197647146295082 0.262518589856387 0.0587770310424592 -0.0416161114703392 0.297911558295356
0.243257383066512 0.296497211646701 -0.178140877103424 -0.0339360582131944 0.27508160229955 -0.190058032992933 0.263295259968525 0.0755714662653722 0.0704650725043584 0.19416940138681
0.170527894579534 0.475265598310097 -0.137532865552066 -0.0101912800521094 0.111728619311013 -0.279411999741606 0.383422860612209 0.00643806368352978 -0.0256033379899772 0.188670246116111
0.0348915353632153 0.0247100234198335 0.064650250337037 0.0110499222438566 0.132475277635063 0.0132245430148596 0.0326528843766258 0.351470414981809 -0.362155467215824 -0.13669111041128
0.0752378855482049 0.335840638517338 -0.183265385293251 -0.105314426058423 0.216530790674628 -0.319935961271907 0.274668590032071 0.00441952673343136 0.0548410343694651 0.107189586809419
0.0404400906580525 0.0210263297552129 0.0624694817703922 0.0140931851812151 0.139260466909049 0.0243950956895207 0.0319212135733725 0.348164901907279 -0.375503590040056 -0.140127325311956
0.0439734107954458 0.0281577307362639 0.0507213234700259 0.0189664128128399 0.135344988973379 0.00834699148879071 0.0314887880688317 0.334296582044442 -0.364565337042021 -0.139872136012999
0.312714449400857 0.0973910615213924 -0.319579507171436 -0.0343017950205177 -0.0924797479814022 -0.350994817272201 0.330842332040107 0.0503914386224435 -0.118338293666652 0.16286188440865
0.100101106133196 -0.115690975267172 0.0309658817744674 0.0791046338159859 0.0236339263386966 -0.0198085561730512 0.176175048187127 0.326222033677407 -0.313659379511012 -0.0504113705099102
0.285411440942431 0.0217566046225072 -0.235202942857971 0.0184147908042186 -0.0320208532218898 -0.199101516061662 0.356853488275328 -0.00356259683487204 -0.156574178069494 0.160249608255431
0.287767001078969 -0.0228983736348327 -0.183397144946428 0.121269798633701 -0.00994502137327428 -0.262192881700862 0.281277782016552 0.080085708649445 -0.0918085035162325 0.188410286529618
0.347140375635391 -0.0262980299365124 -0.133371392077795 0.0891819018110649 -0.045785451743692 -0.234775336489359 0.386141828092063 0.120880085489929 -0.0879059169994931 0.224937967405601
0.0197943544021378 -0.228509378724819 -0.0415800882173768 0.240025662581997 -0.0368191029874251 0.0989140670393855 0.317761017399342 -0.0509939392215011 0.0714726915058223 0.0925578411829989
0.128405682122206 0.0936335712314392 0.0702718307620467 -0.0391279156139197 0.0516879721045301 -0.0680550159184749 0.0865508345418082 0.406579342148461 -0.396085691003611 -0.118717749157451
0.324258076146121 -0.022991369359608 -0.0907624294739692 0.0763601897377 -0.0688908542334593 -0.209665891504187 0.245789683399269 0.131907904697974 -0.00396365189790296 0.225702214784498
0.292059015964107 0.102214950212397 -0.243279949006149 -0.0858085282532458 0.322764196639789 -0.28118724360721 0.260014770516078 0.138399167767465 0.0397503884190091 0.142505625747041
0.323976134464251 -0.0185729979604367 -0.190824995816665 0.0614984555048984 -0.0892889611217013 -0.273060865648276 0.257454875859739 0.12124224166054 -0.0803446190766827 0.25997598615968
0.301112000768857 0.0542368113287474 -0.265158764273727 -0.0636367975399311 0.346191746320737 -0.222984332625476 0.236045105458838 0.120562740331463 0.00843424133538125 0.176804845644031
0.0224103668412275 -0.173112785498573 -0.0167797370303831 0.228128113841091 0.00731433866129049 -0.0272932309288867 0.301265770500456 -0.0494186514393043 -0.0158044156064726 -0.0593605290118795
0.113285439476345 -0.149230659767217 -0.269661455547632 0.00760137006395921 0.09028582860093 -0.14708336651469 -0.0702573473172812 0.00688170889665355 0.525830863141252 -0.362166943845581
0.0167640227404103 -0.215516316028487 -0.119487277701456 0.365271901804903 -0.0605394984873454 -0.0945896443932836 0.259467574473932 0.051481480143409 0.034108492561108 0.0160217021395205
0.12575072883117 0.0837392125051561 0.0730936742883325 -0.0427314448429013 0.0560192028863817 -0.0836931274836448 0.0823878891233014 0.413226360120788 -0.387611692118943 -0.103753637794368
0.0993111678155359 0.0876161576181114 0.0754391128380979 -0.0476207497690642 0.0223915537197793 -0.0662087108022077 0.0729188195003634 0.425080773251055 -0.429093102545052 -0.122503980172862
0.142282978102217 0.0556088389312944 0.120936710820434 0.038517885235685 0.0109149432411997 0.00832375836527062 0.125885704203388 0.354256437757945 -0.419219325405597 -0.177658184666023
0.292426643041 0.0539160725395794 -0.213212870435922 0.10192125560061 -0.055298626095678 -0.235278291198623 0.29674875959731 0.130449835335234 -0.0557241255124417 0.240840949776288
0.416479642827764 0.0516166829737361 -0.218584319101115 0.0410311848682141 -0.064265832519271 -0.256441299410414 0.342966957393691 0.185502716769323 -0.159242485911613 0.28289055179803
-0.0378561072888444 -0.0170732208366634 -0.337514716839029 -0.0912566633252479 -0.117237023930423 -0.206409712394262 -0.0690310702492515 0.0697731612817697 0.524008609388543 -0.310127531241857
0.340474067971259 0.155302493429083 -0.273266014891884 0.0178335174241308 0.201706283847342 -0.259265380208068 0.201474725785865 0.114445793923696 0.000824128973643166 0.116983284871468
0.0822367178900341 -0.199669800166368 0.00630476333324176 0.267615757395653 -0.170721634734218 0.0431670295024084 0.508007902798958 0.0811646263946467 -0.0581938407479614 -0.0927836527274624
-0.0685706161086326 -0.0310169372507308 -0.284459384534397 -0.0496021432235527 0.0114824764432768 -0.14704582413369 -0.150399542398009 -0.0154546886678158 0.450694190434829 -0.190770059758432
0.356611558909116 0.0498198204078402 -0.10607678904061 0.091158579614104 -0.0604802543461321 -0.215636034507269 0.216335001266073 0.147004754894347 -0.0672637118566304 0.205616516350674
0.416479642827764 0.0516166829737361 -0.218584319101115 0.0410311848682141 -0.064265832519271 -0.256441299410414 0.342966957393691 0.185502716769323 -0.159242485911613 0.28289055179803
0.390870539251181 -0.0142799419801419 -0.180925769521474 0.0204949398803884 -0.114750625411746 -0.294930637273709 0.329696946993085 0.124166526246723 -0.115701244031872 0.269780781630209
0.409495099957301 0.0365851397514321 -0.139665369376874 -0.0291389459498182 -0.0624438431747056 -0.22329182729604 0.454233856296983 0.125839077515925 -0.16506472328691 0.250337945029192
0.162640972371761 0.387944816754141 -0.124621899000404 -0.0305522840132103 0.157694900650922 -0.158183894755528 0.40114090504437 -0.0633017838004866 -0.0195406926763006 0.167835740789454
0.00371283917021935 -0.0840228364914367 -0.317656800896674 -0.170244904873909 0.0800202648597608 -0.0858377920846846 -0.110337958677625 -0.0170618895975939 0.566407688623468 -0.196570645754198
0.272445425585287 0.306767294680313 -0.279369654561866 0.0434208711529977 0.303059937207512 -0.22430884666028 0.287834056928064 0.0897798145350232 0.108911986177211 0.16263323553961
0.109999563048544 0.312189912172014 -0.187566136709699 -0.0497021043979575 0.130985751843569 -0.295054070504262 0.251995548398192 0.0463416717863345 0.075785351952837 0.100872370314422
0.193761746451784 0.400113837225324 -0.187825115524207 -0.102146618656901 0.161273510467015 -0.216128673370099 0.372856481694785 -0.0909417681105697 0.0412136324564229 0.129031355738959
0.0232393353589802 -0.14260814070777 -0.143525617047622 0.190691186675882 0.0517478093218634 0.14139268607542 0.368079899936341 -0.00351870725713914 -0.0811104530888977 0.0106835816110077
0.111433633872572 0.100706945841039 0.022659055618066 0.0266582552310372 0.185905592394502 -0.0479298748805341 0.0138995977414208 0.365524277429881 -0.248445194991922 -0.0812862395580902
-0.0589783864468332 0.00189639067948183 -0.327082023960364 -0.0258622391981727 0.0159676510340189 -0.090857128938218 -0.0737313640555923 -0.0292044499586327 0.463107142427954 -0.207775868173736
0.149630992676339 0.366469974256281 -0.174441465114743 -0.0648910540560497 0.0957685883400631 -0.246372504549991 0.423065817553327 -0.0437037589235899 0.00781857028341501 0.113118054363394
0.085316669445284 0.274579069736026 -0.125733681108421 -0.08755540558772 0.181458273267052 -0.069657126358049 0.266850115383656 -0.016398529185723 0.0467628612017441 0.0642645655451878
0.313978770071439 -0.00921465394301046 -0.159970365201398 -0.104249692233039 0.111778802714994 -0.377441411660723 0.306926239588332 0.235087272064156 -0.163214345562224 0.250535310778705
0.283811479750342 -0.0608102397691967 -0.209180874626125 0.00856694352637675 -0.072556254762459 -0.214611379133268 0.227244506780302 0.139560523672648 -0.0811053018174729 0.161941446381097
0.0322946266718415 -0.125549597935758 -0.196673568597632 0.18091574590985 0.0353008630079716 0.18859441430624 0.379515857766182 0.0122967727319714 -0.0552833686777855 -0.0463823671904908
0.354006428159086 0.0656309992151193 -0.239314296475045 -0.12167044333993 -0.0332787504057649 -0.369841552056015 0.357675651243966 0.102578503798866 -0.115113398543024 0.177637668668206
0.25612563357137 0.0331483545296734 -0.235111653164318 0.0767285970162802 -0.0738223706984746 -0.241388988122178 0.305127817817533 -0.0120594463724907 -0.0857885336341837 0.145267549044822
0.336725229977122 0.106372028509807 -0.264079368905597 -0.101781441743982 -0.0847388645956546 -0.381567130608551 0.3455855672857 0.104327056289523 -0.162829851638866 0.145256885852369
0.228424853020944 -0.209303314260879 -0.391198389693289 0.0530484400871088 -0.0207329242107987 -0.0698386993495325 -0.0538372579168204 -0.0817140950687673 0.428871914576493 -0.217924845720357
0.144693922965027 0.254434993417599 -0.188270908078658 -0.117543442587321 0.180207272779077 -0.317069020919347 0.23209852509844 -0.0152393956876266 0.0776394787520282 0.125581290296217
0.225474010662438 -0.208448645963594 -0.39586454221778 0.0507982006298261 -0.026907396001876 -0.0562321534795149 -0.0266519021014724 -0.0624236745317256 0.414860859724488 -0.207993580574871
0.282989570287578 -0.0245252110086858 -0.302737743262587 0.0888521239850113 -0.0635026571291199 -0.268212034335508 0.281043064988789 0.101429337123449 -0.192790563424463 0.193694091249948
0.151122246295272 0.267232668734208 -0.203392525410962 -0.0462201062102108 0.162583579938955 -0.350400778658197 0.266930755766026 -0.0146494751901069 0.102360581530981 0.0942776496287127
0.127394635661165 0.291315327015134 -0.154749684154332 0.133575473569923 0.0267003868218564 0.0356911572831667 0.24055589972697 0.210675628281468 0.0430561575923972 0.387081577222664
0.384257826233258 0.0751403324626545 -0.18653625378589 -0.0748707207182685 -0.10371679438534 -0.3130161882855 0.346921237446926 0.0936710191726458 -0.126312877268563 0.116829133918351
0.108303950807803 0.18348264270121 -0.00102737453764537 -0.00235422346339805 0.15248121862276 -0.0454599277355043 0.0663853765270436 0.363809680664906 -0.325887529587942 -0.163104042140533
0.0118449677290316 0.461689578352395 -0.196016098272092 0.0769020505305215 0.0376427601953004 -0.086653434249346 0.166773173612279 0.277620888868081 -0.0421779648527648 0.350541350936474
0.0835489346233025 0.146404002592571 -0.0440433033660164 0.0379854701728888 0.202280342171313 0.00532403264219294 0.0911767146238921 0.450323834260281 -0.324462594383488 -0.0823374438947121
0.0559913488813403 0.425186832540281 -0.217027293176885 0.0301661301179208 0.0216678453366268 -0.085829768570584 0.157327861553883 0.239880575363777 0.00351227736544816 0.366295862810991
0.126601657408942 0.280843815681326 -0.167504352282928 -0.133788498257949 0.161612677820767 -0.314751394736607 0.204373387372806 -0.0210580174112478 0.098181006512752 0.129788090674467
0.391565758472279 0.0780814092972439 -0.187350763600311 -0.0566916013290668 -0.112599122368288 -0.341309439652337 0.303423713838541 0.109170335580601 -0.192191629716732 0.0920561631676396
0.0277085400273758 -0.280544550821532 -0.0772764379212278 0.322433829608531 -0.134662589364487 0.0795139127442257 0.251957638794112 0.107401004448681 -0.0029124319195398 -0.0395204431549137
0.305929898870605 -0.0232497835625394 -0.203200482650924 0.0435404559508952 -0.184182944117949 -0.281053914598023 0.284588751674075 0.102096256338765 -0.136306938204424 0.171215177717568
0.21861127607975 0.384021360968628 -0.18661155156376 -0.140794834685004 0.120861837034637 -0.23664783475818 0.356568157505405 -0.019365192221599 -0.0250837053963669 0.141505134940087
0.338857084763479 -0.0791201429131033 -0.187542180521505 -0.0740989568845529 0.0265173639593251 -0.33409334953485 0.220776146190931 0.201094905556935 -0.205160140081647 0.188850514188308
0.00853119899177987 -0.225574108931941 -0.213288615617829 0.184499511527236 0.0268066517908091 0.153999720531105 0.383284674195399 -0.0292010389632017 -0.0232180750493193 -0.0884699567113122
-0.089931182492318 -0.154332057792453 -0.340257704119891 -0.104732636849426 0.0112836533261739 -0.132132394552096 -0.170708285155607 -0.0374947479629605 0.605022445044419 -0.233801402290875
0.130554251948339 0.14790920802485 -0.0848460627815199 0.010240243282514 0.17543955850611 0.00180260067084718 0.059626288265752 0.449637536849348 -0.279872404034818 -0.0792830810437096
0.0830230157052409 0.108744965964508 0.00727968847475179 0.051538325567689 0.119165273498814 0.0919552823618767 0.0723140067235765 0.355024521611252 -0.340544054940854 -0.229284658961715
0.05777630539884 -0.108671103448795 -0.378697444077068 -0.09020597369952 0.0759218040940823 -0.122816828280376 -0.128368045010018 0.0252364419485757 0.407942676441774 -0.316703371370421
0.402062989304551 0.0843759901935907 -0.240251076324563 -0.0792292239269566 -0.0920921389881571 -0.338649234664001 0.311649851902669 0.179757946409849 -0.133799470126706 0.118496897667795
-0.0296357964544471 0.412894877502594 -0.188302352766712 0.0556989614793278 0.0895275780146393 -0.0855346705549155 0.151789311268045 0.203153045783194 0.0206402875331636 0.395830873852075
0.0145256373662314 0.470710908815867 -0.191334002261573 0.0343087808160316 0.0785255320058255 -0.0350465400856709 0.224689371444613 0.269996515845527 0.002913336736997 0.336558696639959
0.11614530725127 0.309967538535306 -0.196167793030764 -0.0245414377202188 0.154803386940781 -0.322864197230978 0.2432859532962 0.0359465643369762 0.105579169146738 0.079279131460631
0.301183396590135 -0.0497469184556986 -0.217248000533829 0.00242955089747129 -0.0687515842246743 -0.218054360371524 0.236375447026886 0.141058590468454 -0.0773050475237656 0.150344519501031
0.0569655486702585 -0.187779096690782 -0.0805374762479845 0.266901135461339 -0.165619778036683 0.126687095597444 0.463236936681431 0.00409779681038314 -0.042698028432539 -0.100444254879596
0.116938534024742 0.353361577272262 -0.130190818356207 -0.0875738998848263 0.252933732006643 -0.270179726737291 0.250788090705473 -0.0485106517137745 0.00538817312244253 0.0903261193266761
0.0954802483478082 0.12349678509412 -0.0135879325811194 -0.0157261669760443 0.195898381562453 -0.009796727632069 -0.0138140524185241 0.432714312275783 -0.327249931684953 -0.128414857484888
0.240304443438112 0.0690148568751529 -0.0956936315555885 0.0528032181072081 -0.115971816897784 -0.304549229667927 0.425017330484596 0.197849489549289 -0.183704717511267 0.23656818495318
-0.116945190419604 -0.0740472432478611 -0.0834129081550419 0.248692679534107 0.0431431907031317 0.169223507182289 0.349492759578897 0.0412244705385631 0.0177134921249473 -0.151657236072401
0.360807988592344 -0.0229542381497974 -0.15685424722544 -0.0248682044854855 0.0925460367235316 -0.30788207099776 0.244472394001174 0.227158845423101 -0.148061156252716 0.179316969268556
0.283811479750342 -0.0608102397691967 -0.209180874626125 0.00856694352637675 -0.072556254762459 -0.214611379133268 0.227244506780302 0.139560523672648 -0.0811053018174729 0.161941446381097
-0.075284660812195 -0.0277918873616252 -0.160149782705917 0.243637366050657 -0.00829624611001345 0.204768102630823 0.361612486419993 0.014057258470928 0.0809589902472961 -0.101888175782892
0.0154176332532823 -0.147619545992336 -0.1224967736206 0.211007550508792 0.0274285398221745 0.172790358687381 0.345507694340034 0.0148919477148104 -0.0738268223948518 0.0157136784495955
0.0673698292379032 0.323066268346092 -0.155707407503181 -0.048767085682179 0.202196444188678 -0.0842819259055367 0.266271947947882 -0.0465992627657601 0.0930684618456163 0.0696457128960988
-0.0323584805254336 -0.0131281989958856 -0.322822340652485 0.0191286451387027 0.00844890498768739 -0.0820358519962693 -0.0749421634156259 -0.0209301170154247 0.486249274844658 -0.21390653182631
-0.0252085935522699 -0.231337497059376 0.0113561610272596 0.302970095011352 0.00680453550868463 -0.0145019150856169 0.264691210210056 0.00378733377208926 0.11311267163703 -0.0894257385737125
0.123921234615689 0.323576868051715 -0.171776070794879 -0.0314653704110495 0.137285409475732 -0.311251763099664 0.259753152941721 0.0338608449318381 0.0868146459269323 0.0994146592661611
-0.0266735971129867 -0.297332823718893 -0.0196160306450934 0.287408306416917 -0.00145167873004076 0.0160018828054894 0.214139432288799 0.0576732157229583 0.139000432769604 -0.0920720933160419
0.304426937883597 0.057491266325513 -0.100796195256087 0.0651439695105697 -0.0777591944728255 -0.291612308285671 0.3437942563686 0.0724096056863021 -0.0873864149040385 0.253110420018264
0.364415511500818 0.156375228488102 -0.198926954182353 -0.0702093751212119 -0.106100372847489 -0.348549427716391 0.276244506545889 0.141835384502363 -0.109109615808661 0.173098256729211
0.0932619720554401 0.000383834842606989 -0.0937462668196979 -0.0373118845455706 0.0905987385979628 -0.0817569958672557 0.112857824346182 0.379504351050971 -0.345881983375246 -0.0543041863377296
0.281397043585541 -0.00927485263413347 -0.247794237107492 0.0313301694520871 -0.0885758559698299 -0.283012440497976 0.364896681068492 0.162351944613814 -0.0380216796514088 0.218660123095872
0.0716273830029793 0.287078480662046 -0.134309436849863 -0.0682974108586132 0.229985438772344 -0.124842178024825 0.256405658603878 -0.00768026300727623 0.124175363644338 0.110361156664204
-0.0596608829600777 -0.0485418917009515 -0.0932682032274729 0.227838387677238 -0.0190337803864675 0.197614655085158 0.331807102682068 0.0237748751130486 0.0265189565993106 -0.0821180060748937
0.116293771413432 0.332233010414126 -0.130055876834135 -0.103341002111744 0.2451120124684 -0.23516345589009 0.214843667640387 -0.0393288428042182 -0.00765220729519141 0.104380849139665
0.0148215267100005 -0.219116681601924 -0.107451150700965 0.340454560024558 -0.0305483402429109 -0.0678816612299909 0.272646338005986 0.058804072332473 0.0405780083276419 0.0321245231124994
0.0133890956294768 -0.0311093855310396 -0.295555696080967 0.0563517662075621 -0.0246723679935707 -0.0518138624412183 -0.144245803249312 -0.0544629130654401 0.514210415342974 -0.296173198513211
0.357303871615639 0.179676430895733 -0.264097260324017 -0.00670864697860339 0.182366144279239 -0.241000251579416 0.19428991289119 0.0894320588023768 -0.00443753917454252 0.110427674569037
-0.00891756705779535 -0.0731459559916261 -0.335215500825848 -0.138788924160859 -0.1133856345214 -0.160365481437976 -0.081968364922631 -0.0324258715076321 0.550131755547766 -0.278321373633839
0.124425354580194 0.0957312259910712 0.0689448400538947 -0.0358678345147844 0.0593104593751801 -0.0599960646423111 0.0815554310506179 0.405481565389817 -0.390806135345403 -0.102397446542695
0.0252032727979613 -0.232096494458973 -0.103629903249187 0.366934953927587 -0.0376812963791383 -0.0734037097407137 0.253963647262937 0.0502280290142016 0.0342205405100211 0.03918888336393
0.113379592843011 -0.124457561266107 -0.296937191474414 0.025972601622808 0.082708805253595 -0.143641441088072 -0.0756687988210897 -0.0156572692780946 0.491818103755919 -0.358286460407189
-0.0585814413944298 -0.2973853871301 -0.0816569962154604 0.234107885539845 0.0378735893953499 0.134744088385939 0.291180794952207 -0.079277309463756 0.0906393520188355 0.167515180589887
0.101346187036383 -0.133266480016821 -0.265949477390433 0.00594114414278342 0.0375244709027262 -0.158058414359091 -0.0578513851831993 -0.0469351109953098 0.506355212189522 -0.386622684402034
0.285184187554735 -0.031332336903432 -0.106929284088089 0.00658240986433403 -0.0683944046871847 -0.269506789708922 0.26662617262883 0.0927452657367592 -0.0763930285614814 0.177756507929593
0.00457600615020153 -0.270285524549548 0.050659034032597 0.25416265147601 -0.0227985513992341 -0.0163488717575104 0.28302701124401 -0.00286585331542036 0.0958294496417647 -0.0347675408208111
0.0711371843847992 0.000734763855560677 0.0444023393274587 -0.0524031016744939 0.0999464666826113 -0.0709331335319748 0.0576525113482646 0.350457796442097 -0.443593494955263 -0.0867789594959481
0.0348625202260449 -0.194107545463241 -0.0128186561927098 0.218948594162286 -0.0119994264035457 -0.0435948885340222 0.30997523793389 -0.022739394205285 -0.0116710382595521 -0.0537235926425852
0.0505093427739723 -0.189375941955083 -0.0320984889205771 0.238229715012525 -0.0100623706246007 0.0768004798796289 0.293256113665979 -0.0748709275907326 0.102309035642582 0.113744237190808
-0.0410075938040698 -0.0324119620239624 -0.372058171284525 -0.0714104739567635 -0.0615050630900817 -0.18102752168385 -0.0996734738362237 0.0867198299530659 0.591354204213513 -0.335261748879782
-0.0205627247404849 -0.0999996218408661 -0.332018561645348 -0.055878787994176 -0.028002682554695 -0.0977633928722773 -0.172309982986857 -0.067510378874821 0.541376432091315 -0.289918653767357
0.000319355298981409 -0.189760580699535 -0.219032490093113 0.186704599339632 0.0561494133106215 0.210907828712296 0.381990886156868 -0.0216664355064671 -0.0294581977000512 -0.00405965725174553
0.107893126557659 0.263819666390642 -0.194604915609287 -0.0424663784292547 0.0952420673041412 -0.164241811016499 0.280991035203192 0.0218000984597468 0.00845926023195081 0.0813135783572283
0.131004971578484 0.260732384785999 -0.23878627626717 -0.115172049477115 0.18705911837349 -0.320416441397526 0.252409825125903 -0.0229466153414603 0.0283671399109258 0.0891591545818315
0.0358851639160666 0.481754901146224 -0.211407087321698 0.104871970392184 0.0579078329787637 -0.0571716231888017 0.195284407465777 0.249363842444736 -0.0213242007510593 0.343097636610118
0.150334181222533 0.0698132431943193 -0.0777735646361512 0.021941065345007 0.24684394364511 -0.0483786503956127 0.0429715498760651 0.414004124148081 -0.328209653012048 -0.121706936279778
0.35082899660428 -0.0201490982890996 -0.167304595503646 -0.0448104350851325 0.066377588618715 -0.409978290849438 0.229973056626047 0.145601230049861 -0.142703085890577 0.193404876271998
0.0518540235736155 -0.277801963716514 -0.412329308965486 0.0433306170423417 0.0169829324456152 -0.128456840325047 -0.0775484422410579 -0.0542612559299245 0.42185535745796 -0.299500979748686
0.088384853077028 0.329960747100402 -0.0791970510005604 -0.119713460395493 0.210823208232955 -0.267669463489395 0.253194418180331 -0.0419738856732338 0.0166979330305977 0.152668685634761
0.339990272375049 -0.0518905551676515 -0.186135517154479 -0.0358022337176863 0.0685662008373252 -0.410740861590911 0.235964560465204 0.15557069675742 -0.151362274709321 0.205997907012317
0.0647575126066922 0.319891611256191 -0.102704179672017 -0.100284866050492 0.201852584735594 -0.268478050644178 0.254649156408836 -0.0206294291121168 0.0171615694043189 0.135050298996794
0.105783182193993 -0.0193178758525827 -0.0146286245605382 0.0890813880824039 0.0487229909735937 -0.0268295418369465 0.147282136118901 0.347748292662835 -0.264916987919037 -0.121271466309803
0.1252375681292 -0.161356139326637 -0.457752107295147 -0.0516264997229391 0.0679743013947724 -0.0685984361655732 -0.0108905648101669 -0.106059721275256 0.493734033496314 -0.367475208334427
0.0541503049141065 0.411966131962205 -0.20524348165053 0.0607874426034617 0.0678907922927855 -0.0180986952142969 0.213784780041736 0.253171943432433 -0.0157367379015068 0.350511795853526
0.398753488317489 0.112115016472479 -0.190967102165409 -0.054149143358869 -0.0875812901962349 -0.35140977129868 0.326210885234488 0.177376073310812 -0.131868950787179 0.136854320749799
0.0485316520346723 0.335767581976399 -0.13467391054138 -0.109339666502257 0.202759223929641 -0.259483431145371 0.235389223645343 -0.0052097384483749 0.0420227003042672 0.147673159902539
0.389769457092582 0.0866392251846609 -0.208441814956326 -0.0628094282821205 -0.0597135169208443 -0.378470812651137 0.329639566888203 0.0988446393893217 -0.141757226608854 0.167342593738874
0.343798494132462 0.0618278894091396 -0.299090985233558 0.00269325168222562 -0.0906300405624158 -0.195077359781102 0.209753711564795 0.0567158996370224 -0.146980775080412 0.134938226083474
0.237425948381788 0.0728836365177991 -0.101467050424006 0.0300630836238251 -0.116248911027768 -0.303798084406376 0.448108869734016 0.163117050823761 -0.196025825817751 0.203283788996853
0.0673698292379032 0.323066268346092 -0.155707407503181 -0.048767085682179 0.202196444188678 -0.0842819259055367 0.266271947947882 -0.0465992627657601 0.0930684618456163 0.0696457128960988
0.351879832191839 -0.104343035553803 -0.122811894021529 -0.0256500326081728 0.057613307951559 -0.297356965639399 0.242585841579181 0.196212133465897 -0.105220106969443 0.251981203719425
0.167421242920465 0.294368462300872 -0.28088316692231 -0.0583757039123353 0.168805445892685 -0.159250102577843 0.327679235036901 0.113020994612209 -0.0934729472749257 0.347416206006146
0.377830890816627 0.158941484073138 -0.214392792264312 -0.0745764109849472 -0.0942169747633605 -0.337882890644207 0.296059905768626 0.138519750409648 -0.103048031573911 0.149845136837133
0.116392739758289 0.0831665665326192 0.00862620405325831 -0.00401216277229927 0.176151717502239 -0.0231117630400747 0.0195213170184625 0.336262858481339 -0.283594801191929 -0.116746307695621
0.047659142160308 -0.220904112815354 -0.384490798494915 -0.0106961297905775 -0.0254626220014889 -0.15406987767106 -0.0142659839672844 -0.115436840233792 0.452066564411414 -0.372715694091174
0.291293893327354 0.0607618402342022 -0.206962354354918 0.0617049753383381 -0.161382616618515 -0.222614291441058 0.262776638408172 0.104048795495035 -0.126918692449922 0.205698595725518
0.317179034435365 -0.0233152169561103 -0.171634701581562 0.0599028055439202 -0.0736794832169274 -0.272327140927542 0.263588969123538 0.120165999988042 -0.0897334906615478 0.25587036350579
-0.0239134920966244 -0.0617543508922439 -0.364464403796772 -0.0586444305880635 -0.0971793310571373 -0.152605866477411 -0.106823338348714 0.0159820963150687 0.49072785861105 -0.304495542913844
0.325826355293329 0.0819241192611231 -0.240172432015405 -0.0902778245235011 -0.0134909861823531 -0.235781224779274 0.352697979857089 0.108308607926916 -0.132905245458427 0.182188452471035
0.332563626105385 0.0798054887921963 -0.268610719083003 -0.123465679922184 0.0153926200619582 -0.264621271578094 0.244026176163594 0.0943258116572613 -0.111675678070655 0.180791643878074
0.00442015311261714 -0.252017060418666 -0.046523733938488 0.340951136114097 -0.0455905425997579 -0.0840066365612503 0.301646687286187 0.0568636365987124 0.0327461995241116 0.0217634373909265
-0.0771676997343578 -0.037262110061015 -0.304731125551989 -0.0506255261766434 0.00097348117680754 -0.141497988927566 -0.158975388785054 -0.025965988169127 0.445750405294117 -0.192054195289853
0.355997594724327 0.0776923943094624 -0.192351041850098 0.0174226976673511 -0.0676381910343058 -0.343585940377913 0.26086584680752 0.181031840783223 -0.190697524168592 0.245979594604943
