16.6	14.6	9	13	10	14	36	6	14	5	80.9	27.3	33.7	29.3040293	28.5714286	50.2	17.9	35	15.8	37.3626374	47.6190476	35.1648352	27.1062271	29.5	9	4	17	25	2	0	0
14	12	10	11	9	13	37	7	14	5	77.8	26.2	33.7	25.1908397	25.9541985	50.1	24.9	24.4	17.5	30.5343512	44.2748092	15.2671756	22.1374046	26.3	8	4	21	20	2	0	0
18.1	15.4	10	11	10	14	37	7	14	5	82.5	28.1	34.1	33.4519573	29.5373666	50.3	20.4	22.4	16.8	33.8078292	45.1957295	19.9288256	21.7081851	28.8	9	3	19	35	2	0	0
20	18.2	10	11	8	14	38	6	13	5	57.6	19.8	34.4	30.8080808	29.7979798	44.4	17.5	22.7	16.3	33.8383838	43.9393939	23.2323232	23.7373737	29	9	4	18	30	2	0	0
19.9	18.2	10	11	9	13	36	6	13	5	62.2	22.5	36.2	31.1111111	29.7777778	48.4	19.3	23.8	16.9	34.6666667	46.2222222	24.4444444	24.4444444	30.7	8	4	17	15	2	0	0
16.1	15.9	10	11	9	13	35	6	13	5	90.7	29.5	32.5	29.8305085	28.8135593	46	17.5	23.9	15.7	33.8983051	44.0677966	26.1016949	21.3559322	27.5	8	4	18	20	2	0	0
16.9	15.4	10	10	9	13	34	5	13	5	86.3	30.3	35.1	29.3729373	30.3630363	48.2	16.9	20.3	15.9	39.6039604	45.2145215	39.2739274	38.2838284	29.2	8	4	17	30	2	0	0
16	15	10	10	9	14	35	6	13	5	83.9	29.3	34.9	30.0341297	32.4232082	50.7	19.9	22.4	16	33.447099	44.0273038	38.9078498	23.890785	27.8	8	4	17	10	2	0	0
16.1	15.3	10	11	10	13	36	6	13	5	79.5	28.3	35.6	28.975265	26.5017668	52.8	18.2	22.1	16.4	36.0424028	45.229682	31.8021201	28.6219081	29.2	8	4	19	40	2	0	0
17.8	17.1	10	10	9	13	38	6	13	4	61.9	20.3	32.8	36.453202	29.5566503	42.6	19.2	23.6	14.1	31.5270936	48.7684729	15.270936	19.2118227	28.6	8	4	17	25	2	0	0
14.1	12.8	10	12	10	14	40	6	14	5	114	38.2	33.5	26.1780105	28.7958115	52.1	20.1	22.4	16.7	36.6492147	45.2879581	43.7172775	30.104712	29.4	8	3	19	35	2	0	0
17.7	14.8	10	11	9	14	37	6	14	5	98.5	32	32.5	27.8125	31.25	50.8	19.8	22.7	17.1	38.75	45.3125	48.4375	37.8125	27.6	8	4	19	40	2	0	0
13.9	13.2	10	11	9	13	37	6	13	5	97	31	32	26.7741936	29.0322581	46	17.2	23.2	15.6	35.483871	46.4516129	27.4193548	23.2258065	24.5	8	4	17	10	2	0	0
16.9	18.1	10	11	10	15	39	6	14	5	69.1	23.6	34.2	33.8983051	35.5932203	49.2	20	23.4	17.7	41.1016949	47.8813559	31.3559322	25.4237288	29.8	8	4	19	25	2	0	0
16.3	15.8	10	12	10	14	39	6	13	5	62	20	32.3	34	34	47.6	21.1	23.4	16.1	37	47.5	22.5	27	27.3	8	4	18	20	2	0	0
16.4	14.4	10	12	9	14	37	6	13	5	97	33.4	34.4	26.9461078	29.9401198	53	20.6	23.3	18.2	38.3233533	43.4131737	20.0598802	26.9461078	28.4	8	4	18	30	2	0	0
16.3	14.7	10	11	9	14	37	6	13	5	68	22.8	33.5	32.0175439	32.4561404	48.5	24	23.7	16.8	37.2807018	47.3684211	19.7368421	26.3157895	27.2	9	4	18	20	2	0	0
16.2	15.9	10	12	10	14	36	5	13	5	75.5	24.5	32.5	32.6530612	31.8367347	48.3	19.7	23.2	17.2	40.4081633	48.9795918	26.5306122	25.3061225	29	9	5	18	40	2	0	0
16.2	15.5	10	12	10	13	39	6	14	5	103.6	35	33.8	26.5714286	31.4285714	58.5	22.4	22.8	17.8	34.8571429	43.1428571	45.7142857	34.8571429	29.1	9	4	19	15	2	0	0