1.808895542341996172e-22 1.435858594329086305e-15 1.000000000000000000e+00
1.255868903042663169e-25 5.942906407847441580e-18 1.000000000000000000e+00
1.720858886200384717e-23 2.074761940976289779e-16 1.000000000000000000e+00
1.897036296568660593e-23 1.217755577814764079e-16 1.000000000000000000e+00
3.327115531078243811e-24 6.052496258482142005e-18 1.000000000000000000e+00
9.414811404539439517e-20 4.938999648715705626e-14 1.000000000000000000e+00
1.268088304230349408e-23 1.961454873017674056e-16 1.000000000000000000e+00
1.390227717071809188e-23 9.653693395116874740e-17 1.000000000000000000e+00
4.328682050883790444e-23 1.851487100104710405e-16 1.000000000000000000e+00
3.791725447954362796e-22 1.322734591366195919e-15 1.000000000000000000e+00
8.607129597095287900e-24 1.658757193753407160e-16 1.000000000000000000e+00
4.892038635002021022e-21 6.523680470745538487e-15 1.000000000000000000e+00
1.231288179660060774e-23 5.811848275554009399e-16 1.000000000000000000e+00
2.308154943856935956e-23 2.648937782651398197e-16 1.000000000000000000e+00
1.333037352481639407e-23 8.617213588275269621e-17 1.000000000000000000e+00
5.253513546083592551e-23 3.452547321166910812e-16 1.000000000000000000e+00
6.189919145375924926e-22 2.457740423599473999e-15 1.000000000000000000e+00
9.925432921133571336e-24 5.090225636806751679e-17 1.000000000000000000e+00
1.461916832340352773e-24 2.988795789928446313e-17 1.000000000000000000e+00
1.765795417673248108e-27 1.475743462546534473e-19 1.000000000000000000e+00
2.717034172807469911e-25 4.419915526085220427e-18 1.000000000000000000e+00
1.164259337497479028e-21 3.728598376231961886e-15 1.000000000000000000e+00
2.344556614783997457e-23 1.584827231674765767e-16 1.000000000000000000e+00
1.549626825125416733e-24 1.437994765099947348e-17 1.000000000000000000e+00
2.859514506085016420e-22 1.422648056725471424e-15 1.000000000000000000e+00
5.388318357416647242e-25 1.744899286436311930e-17 1.000000000000000000e+00
1.755342994039034983e-22 4.143364893634856726e-16 1.000000000000000000e+00
3.405447651918262588e-22 1.147958660062690841e-15 1.000000000000000000e+00
1.028145838739276336e-20 2.356029935490951133e-14 1.000000000000000000e+00
7.340307335731727694e-24 6.347587482618391778e-17 1.000000000000000000e+00
4.175910616889965121e-23 1.229710653771870477e-16 1.000000000000000000e+00
2.026220592281151357e-24 3.485762262355610107e-17 1.000000000000000000e+00
2.002959016895401511e-23 1.880069962212010753e-16 1.000000000000000000e+00
3.633414317139713439e-22 2.814407786479893904e-15 1.000000000000000000e+00
1.056009849842683389e-21 3.988363052364121697e-15 1.000000000000000000e+00
2.002670704011761335e-21 5.147659777821403382e-15 1.000000000000000000e+00
2.111499019933484702e-23 7.918773381026525046e-16 1.000000000000000000e+00
3.997847967008869440e-25 2.850047160956761620e-17 1.000000000000000000e+00
2.199338503003545527e-26 6.541784240757644494e-19 1.000000000000000000e+00
1.385675655171660136e-21 9.906785119220785571e-16 1.000000000000000000e+00
1.886767599502090055e-22 3.399707817730411455e-16 1.000000000000000000e+00
6.890155491637414865e-19 3.940292916167903448e-13 1.000000000000000000e+00
8.689000885194165118e-26 3.452530694836598496e-18 1.000000000000000000e+00
4.095971302396085263e-22 1.577830633651326839e-15 1.000000000000000000e+00
1.757182859258662606e-25 9.252360085721049156e-18 1.000000000000000000e+00
8.815592559959363082e-21 5.382839746175980752e-15 1.000000000000000000e+00
2.798621621447796627e-19 9.852826833491729053e-14 1.000000000000000000e+00
3.517166953731003710e-23 7.268500893463478336e-17 1.000000000000000000e+00
3.652508790013896656e-22 5.734614223236586192e-16 1.000000000000000000e+00
6.651255478821993965e-23 6.072020268654680121e-16 1.000000000000000000e+00
3.444298451966109451e-24 4.345819664662925398e-17 1.000000000000000000e+00
2.099866674240321967e-24 3.698435691798913861e-17 1.000000000000000000e+00
9.096500753381027136e-22 4.028009700009780106e-15 1.000000000000000000e+00
5.401080154710860160e-24 1.287585768079796650e-16 1.000000000000000000e+00
1.093398054440596184e-23 5.271094302569636540e-17 1.000000000000000000e+00
2.461145365638050632e-23 1.771790299493145320e-16 1.000000000000000000e+00
8.322808191863349781e-22 5.503767675440161822e-15 1.000000000000000000e+00
2.895983356406766543e-21 2.511612989594268382e-15 1.000000000000000000e+00
2.195449203036652168e-26 3.536037059215664299e-18 1.000000000000000000e+00
1.875272318391209471e-22 8.113831304493797532e-16 1.000000000000000000e+00
1.332194874278412333e-21 3.629783936121748836e-15 1.000000000000000000e+00
3.477973297063263518e-20 2.948339407901970355e-14 1.000000000000000000e+00
1.780567660831479990e-20 2.614685845495155064e-14 1.000000000000000000e+00
7.961235531449290506e-24 3.426671126372781979e-17 1.000000000000000000e+00
7.645901049502505327e-27 5.730276115873082466e-19 1.000000000000000000e+00
7.267614592176516677e-24 1.189441913366012988e-16 1.000000000000000000e+00
3.427783254484854959e-24 4.372876080755044891e-17 1.000000000000000000e+00
3.047168586757696906e-21 3.320271532689686271e-15 1.000000000000000000e+00
1.623456968055298035e-23 2.283509769755763877e-16 1.000000000000000000e+00
5.927017664526234836e-24 1.911753031080710844e-17 1.000000000000000000e+00
2.433686971350434480e-24 1.943563419589295098e-17 1.000000000000000000e+00
1.714511351636403675e-21 3.323414024923999725e-15 1.000000000000000000e+00
1.339020704675559737e-23 4.774770384042303938e-17 1.000000000000000000e+00
3.045173808583376053e-26 1.373185681094300475e-18 1.000000000000000000e+00
2.949584451209835033e-24 1.761256617613425542e-17 1.000000000000000000e+00
3.660696535121366582e-22 1.130751926893048577e-15 1.000000000000000000e+00
1.081983710458591275e-23 4.464552838916541970e-17 1.000000000000000000e+00
5.035572734987649001e-23 3.531241711224959636e-16 1.000000000000000000e+00
5.513056293857123139e-22 1.030044579903958979e-15 1.000000000000000000e+00
1.864979059351493973e-21 1.293864108633743532e-15 1.000000000000000000e+00
7.246192285434334880e-23 4.504654091791969722e-16 1.000000000000000000e+00
3.804504489747963845e-22 5.479778008308025528e-16 1.000000000000000000e+00
1.934482577106415758e-22 7.775688340411592361e-16 1.000000000000000000e+00
3.276156595715163738e-25 1.526871020579584896e-17 1.000000000000000000e+00
5.497157023193447108e-23 2.659873772093839265e-16 1.000000000000000000e+00
1.027005072664034748e-20 1.033433812835807611e-14 1.000000000000000000e+00
1.168106858256844331e-22 6.405751779268466489e-16 1.000000000000000000e+00
2.928900691824339253e-22 5.059370145597298640e-16 1.000000000000000000e+00
8.027511680401433813e-22 2.990566287311554813e-15 1.000000000000000000e+00
7.632238502477022276e-26 1.260384818719245766e-18 1.000000000000000000e+00
1.321608749838772629e-24 3.930901568067141441e-17 1.000000000000000000e+00
4.340487827646966018e-23 1.999278996928416830e-16 1.000000000000000000e+00
3.106246152757757776e-23 3.082342836542150289e-16 1.000000000000000000e+00
2.265095166982951521e-20 3.986646285986626681e-14 1.000000000000000000e+00
8.298227049398391487e-25 5.000958621205744080e-17 1.000000000000000000e+00
1.035987297890725756e-22 3.849979415183364803e-16 1.000000000000000000e+00
9.466186974423029352e-23 3.046525254274114148e-16 1.000000000000000000e+00
1.041569537980168358e-24 2.160638607944238534e-17 1.000000000000000000e+00
7.275944584682416055e-22 1.370017029273115031e-15 1.000000000000000000e+00
3.895349459157725894e-22 7.268837059664419887e-16 1.000000000000000000e+00
