-0.0261491943809737 0.220012227831422 -0.384366841331408 0.0685345851877171 -0.0576654174719157 -0.126617352144931 -0.0757786644560281 -0.0797802219256237 0.00840596453366594 0.0187045809043964
-0.180605006609612 0.0853054595468638 0.144127477400058 0.100452081160733 -0.0990976582933839 -0.173233043868045 0.161288989361855 -0.205701527836296 -0.208077382470488 0.0987937470994921
-0.116325134444494 -0.039216909676299 0.192724104295212 0.112962591708883 -0.0368367291652108 -0.148795722616556 0.19398094912976 -0.27182204469253 -0.241540802438933 0.0112334649308269
0.0191782958933638 -0.269269480770523 0.00882338083239704 0.0428843070528805 -0.0173093653765798 -0.14087506282917 -0.0185550659443933 -0.213283603610232 0.0616799477416001 -0.0901959860652951
-0.206053521701055 0.0428017879323883 0.0320818372923206 -0.112127865139973 -0.127412243335945 -0.257661936690787 0.0233490796798712 -0.212334790603497 -0.288352512003264 -0.0555719150920846
-0.200780472593263 -0.00419004322308902 -0.254349567208999 0.125444513616139 -0.0138968867456144 -0.162475398886457 -0.100653740410852 -0.21354723751373 -0.0862166964891759 0.0183798349377708
-0.251864159602851 0.0135431778034709 0.0997676776632355 -0.0447073120712632 -0.26500607786751 -0.326602899359646 0.0186225599431784 -0.167716670051721 -0.331653231295384 -0.0959096071160564
-0.152099415265055 -0.00428660105766243 -0.376480547812079 0.293111394252674 -0.0750910278208142 -0.181691499698368 -0.136219588421491 -0.0587347168343661 -0.069105441857167 -0.0566090123708954
-0.14304784847667 0.0270911607928454 -0.393560798621766 0.305165595926471 -0.129377193935559 -0.220799972017629 -0.0542045340452601 -0.0174671180357646 -0.118894958617944 -0.0724353049044956
-0.175845171937888 -0.0824115745192457 -0.318910844981091 0.336980228185516 -0.177044059462659 -0.0688379045043715 -0.0640423920367269 -0.180804568855658 0.050949038258791 0.0471786026647108
-0.218141753350265 0.031932984332502 -0.247859602429166 0.269101942500627 -0.181211872826984 -0.0264273792549475 -0.0834863012026258 -0.169920172275521 -0.0905058819905935 -0.150276662316521
-0.105244626275404 -0.246831250461822 0.0510397643961099 0.0691675419964284 -0.0518022789653927 -0.0952405906487317 0.0448153240180172 -0.21103339343654 0.178643993692995 -0.0977744073032641
-0.136851547098817 -0.166742601569634 0.00153721357598696 0.0198737457489526 -0.0223222128671955 -0.149580027007596 0.0266762431906712 -0.186044423274706 0.108707233875389 -0.066881080182335
-0.176439066480835 0.0180401055899376 -0.358979023226699 0.30840674946087 -0.120786774448307 -0.262801060277791 -0.0654311223644666 -0.02737415278765 -0.0584574671953967 -0.0680581511141504
-0.0131967362494677 -0.247953097967528 0.0711162853447054 0.0465555611568995 -0.066802109891161 -0.166134576940482 -0.062718859009087 -0.200177524448835 0.0215669720246 0.00767121703809891
-0.1861728704278 0.0612181116209198 -0.39874020350266 0.349807173539837 -0.116261873131472 -0.183253111179987 -0.185252602233553 -0.00526193059190714 -0.128124043396334 -0.0616895710318388
-0.16272745954695 0.0140044773001292 -0.0332204108457114 -0.0305721041046733 -0.0584307618485523 -0.152650493798508 0.0475794406553227 -0.130358684274213 -0.247349294403795 0.0786059055810281
-0.0581604830864248 0.0930294901318008 0.0744256685484911 0.0512438550022862 -0.0193113733807299 -0.249434073024006 0.071218571525391 -0.11972470472335 -0.254328738279136 -0.0836552704865882
-0.316315218977374 0.120426352459792 -0.313150256896184 0.243329001727833 -0.101852675189322 -0.133800588049253 -0.189712506847532 -0.134595388742341 -0.0516049211492427 0.0735513943925698
-0.15854245429528 -0.0405941954139254 -0.332856528803626 0.230014206261426 -0.111539842397939 -0.254729717597654 -0.100675584661599 -0.105744286155462 -0.0401864289443927 -0.0378511013259983
-0.124357133770538 -0.0581389410395224 -0.300571980874032 0.330183175661131 -0.222083152463407 -0.0845152714156428 -0.247153563540373 -0.211815666969671 -0.00568578170398875 0.093802213627306
-0.171698963070914 0.0884148159229566 0.135624951410687 0.0687225149769102 -0.0974419573770585 -0.109203978840807 0.0384170176490656 -0.149543526884626 -0.264707390528248 -0.103431719667568
-0.156293520857026 -0.0359575297010998 -0.334685283683128 0.22705318540119 -0.120145755372468 -0.248881747653528 -0.0917474212831234 -0.0852757697349227 -0.0491419123564793 -0.0507057661773505
-0.0776671130450503 -0.246394034161371 -0.0149917684493895 0.0473892319438142 -0.0456973585125095 -0.195816847482921 0.0245836396380938 -0.210137368514175 0.0391611338196827 -0.0189725544043193
0.00191301913619205 -0.206669523364707 0.0690611464605794 0.059924333753533 -0.00259018615776734 -0.166384367992171 -0.0828739160665566 -0.195229592002326 0.000748346635920105 0.000221523404806419
-0.138758046999466 -0.215497542088588 0.0316738701617109 0.066285665951314 -0.0415688206308309 -0.082823321362628 0.0398030759257668 -0.175907158651264 0.0782529781616274 -0.115205573633384
-0.173391256265371 0.103672071244184 0.0215844839279989 0.0362934392846656 -0.208452533564983 -0.163684074060906 0.0520349159694255 -0.144074058286202 -0.324974131749542 -0.0835416818071983
-0.204206956193754 0.100188278746685 0.194781099473738 0.0670607199822212 -0.097288356524616 -0.0961509020403332 0.141580257673938 -0.248113620619563 -0.218512221124746 0.0337335727946124
-0.293537862241999 0.123611542208786 -0.317165922823326 0.231793855633342 -0.11411609937957 -0.203462950055524 -0.0967919198875082 -0.0167942273210867 -0.00201803907890649 -0.00288508115211619
-0.0805713909337448 0.0731121794735119 -0.301960524183609 0.314128312762499 -0.301214202326088 -0.149101678638812 -0.168001848675422 -0.223418607797201 0.00107303532558607 0.0820227728612625
-0.111459896157798 0.0143836840240911 0.154748867916062 0.123200152673778 0.018278635896952 -0.230043580781852 0.06861484185448 -0.193415934508793 -0.336673824968484 -0.122377632949098
-0.136861012867418 -0.146955964612415 0.095153048310203 0.103537104599046 -0.0580820858365581 -0.129927449477706 0.103170184690365 -0.218987553513097 0.0671004950162195 -0.0367089060993424
-0.237395856455904 -0.0523944238211641 0.0806778081000141 0.000691572114015014 -0.130264490774639 -0.212003839446746 0.11351217385675 -0.18255398322434 -0.394523977057066 -0.135939594415498
-0.136909669393571 -0.056424680238882 0.0991899346035158 0.020420075501125 -0.0403557899402176 -0.146027322570054 0.145461829270277 -0.230796430899596 -0.236417390377773 -0.0156922102810378
-0.0810936487292723 -0.0778834944654141 0.17011522257452 0.0793681835457041 -0.00341282133113765 -0.21374751977773 0.204531943776172 -0.324139677614298 -0.235990216810546 0.0044600632788641
-0.0334594488502797 0.0447904662083343 0.198230010714299 0.0042782736645823 -0.0490169923177327 -0.0715160383815144 0.179019347870109 -0.148486343058904 -0.202413032514378 -0.00844582292280369
-0.085971758526015 0.154322813192632 -0.28649617483792 0.0220163159394442 -0.0229056658577886 -0.0768469159821435 -0.108064042330559 -0.135882989082488 0.0861225406091419 0.0776577698760203
-0.21195753972112 0.00270923112357263 0.0276312094958972 -0.0340994483712656 -0.0939568491058886 -0.270194334012583 -0.0439532554000113 -0.172191917413758 -0.261051325269272 0.0995296899456098
-0.0899459969625721 -0.161999316801964 0.106888928774041 0.0706883600684649 -0.0347273342362879 -0.169433673778845 -0.0846305830228935 -0.258395493134285 0.0440998168495265 -0.103305175294333
-0.308485954219316 0.0886850808870763 -0.204751723904844 0.311138848738614 -0.0303611192513991 -0.0880502196924934 -0.169051975191919 -0.229357131317429 0.000761805171470054 0.0446412705081194
-0.200558501684418 -0.00665357044362328 0.0314638587527706 -0.02930477440156 -0.148086345233937 -0.211669676331163 0.079374369105379 -0.192753623032845 -0.340422121626361 -0.0474938541733163
-0.0617354059591411 0.148710127779766 -0.466634179115979 0.273575028317336 -0.0610245194141727 -0.236659791915146 -0.164255253866485 -0.179212704922692 0.0104856816260579 0.11766367762162
0.114099601353638 -0.19682950662295 0.125234099028847 -0.0497888684224063 -0.100123325398846 -0.161201123340871 -0.0786593161965372 -0.247383062965915 0.107443637179346 -0.115843208975306
-0.0441764943822264 -0.106031927643176 0.0610926833737715 0.0894019992082905 0.000172706676517177 -0.110302587490807 0.0295325489211056 -0.114665696874128 0.0136046321675127 -0.0926118517925154
-0.119473530150886 -0.158826738742005 -0.0285656616791433 0.00632871876043219 -0.0202888900653629 -0.160015609853292 0.0474218384589404 -0.168064634745707 0.0879656252094106 -0.0637489241928517
-0.145207850509508 0.0248364754251197 0.0732138875407858 0.127210535897096 -0.0220534330199133 -0.154544146665518 0.0760207917893742 -0.171416148504707 -0.26795871205462 -0.0340785149664882
-0.26024152367601 0.0902357622509261 -0.291586275813401 0.201425051526191 -0.0769977391152586 -0.087432973933094 -0.0923091164192077 -0.100484915924661 -1.06326210220151e-05 -0.00588419531795081
-0.132754607706216 -0.0647312534479209 -0.259334901199738 0.296907354902438 -0.214558906446139 -0.0626871506707122 -0.100389771685809 -0.106776481210192 0.0514601702868399 0.0446615841857301
-0.0120920881220334 -0.242042383250023 0.120577637876247 -0.0282898823022804 -0.0384359896238652 -0.181249203800157 0.0247535230851324 -0.120586879889411 0.0727120964704615 -0.0598021578624809
-0.0358701615593013 0.00497690648266255 0.185338228416497 0.00264350930101197 -0.0947677317113487 -0.0495581830152839 0.179611701841765 -0.176413288849001 -0.198724117827415 0.0306308955975474
-0.11604399553381 0.148472002684708 -0.262194610375185 0.0164598747343005 -0.0371550395134514 -0.0744906519800686 -0.11359176535089 -0.116793468304752 0.0611056961263007 0.0951940591464645
-0.0192468017004765 -0.242386167416679 0.0540054172145869 0.0326097025549976 -0.0502924207421555 -0.0918134537299375 -0.0677717706766208 -0.266353879134954 0.15194981618303 -0.0607379401855819
-0.140229430540667 0.126102410378618 0.0478647655956203 -0.0600062614586634 -0.215709187665926 -0.137158367010783 0.0214534705503019 -0.16691641847817 -0.3670943741546 -0.0860422444028154
0.00494680271466808 -0.232448257305178 0.0316267117380999 -0.0034050015645441 -0.0877622630918568 -0.0857747174094832 -0.119780056564806 -0.264831480009598 0.136135823940817 -0.0441338939673283
-0.110266117920643 -0.243989704404015 0.0402998498722668 0.0943817941461788 -0.0227706075992099 -0.106619929151603 0.0557066860451384 -0.231026080888819 0.0633750717670081 -0.128841921131295
0.0131965602551053 -0.267599421087031 0.0507475180257728 0.0471063644752689 -0.0637410368970691 -0.0790758409867601 -0.0767533053181748 -0.26892821005958 0.115642660544811 -0.0674276649193466
-0.247589612730081 0.00429596334490861 -0.319879078419998 0.265602863216861 -0.208525422175694 -0.118266532015102 -0.0747694733383862 -0.179194812407262 -0.04913045898113 -0.0095436356927809
-0.155863314106184 0.112246343476026 0.0609236688213859 -0.00324723134946398 -0.219062233516156 -0.162515481091083 0.0342639891410729 -0.158310039942407 -0.356811878289966 -0.0889285714380387
-0.122183746685138 -0.0302171410989741 0.166565694427721 -0.0137923915086679 -0.10607982774974 -0.0565963844608243 0.170448270674212 -0.209557135976776 -0.209733740013229 -0.00876245871577051
-0.128735271052898 0.0524359721474181 -0.0399632080635084 -0.0312121030132328 -0.0579432372281953 -0.199796384517624 -0.0650895495665696 -0.170814720890462 -0.318775574965949 0.0881643578054029
-0.130792793150431 0.00363695829343072 0.147756338480805 0.0124381639549958 -0.117171790993894 -0.0494830231862912 0.173117578715813 -0.189390617401965 -0.198185526790769 -0.0176951308875059
-0.0633182699414928 -0.254489940407976 0.0639804102510651 -0.0926164477400982 -0.0766221540644351 -0.167807564718935 0.00963826283933812 -0.15846408891252 0.0852210795717465 -0.0418290494985237
-0.195214985565484 -0.0627669544415369 0.0952913853620023 -0.0517293394524209 -0.175843423534196 -0.233458984364933 0.11017454856695 -0.144365399992752 -0.399897235374698 -0.123154250407289
-0.0787753739107274 -0.179368908112577 0.0146081722445444 0.0653379390382012 0.0225461961243475 -0.0899858714733643 0.0545403804804992 -0.192971547665521 0.076264936596787 -0.126984440436998
-0.106116975232957 -0.20578098922681 0.0135874454315243 0.0785470295763353 -0.0174172732573388 -0.11292250528941 0.0444856304599551 -0.203148765861687 0.0378677678460905 -0.154501033506974
-0.202877537687843 0.00330065007653495 0.0434712285343642 -0.0584687288873099 -0.12984310817121 -0.237666670812801 0.0566959339729569 -0.193445653000158 -0.322502533206587 -0.0282497036485199
-0.044583847895036 0.182822140029166 -0.267843656424336 0.0604341234477064 -0.0507704539087358 -0.0466346847608968 -0.0638443537807933 -0.137562933926514 0.0391077957916055 0.0154677126489621
-0.0735428885004304 0.0898268359744968 -0.454448699701566 0.300281561123884 -0.0705519448233744 -0.316449888399714 -0.0891168048801517 -0.177866690403471 0.0248076300938324 0.0665215557819901
0.11381275403122 -0.177234162189528 0.11295243716808 -0.046176798749713 -0.0938112382598452 -0.144153173138916 -0.0599687487291977 -0.230189154276568 0.103915789234137 -0.0952754400454423
-0.0400476228182056 0.0153924601667279 0.1741815381495 -0.00332388303918953 -0.0843342033335551 -0.0504465825761848 0.190248175384888 -0.163691177634775 -0.209095006126066 0.0222130437821068
-0.111855995721568 0.0400381752088151 0.0906408264700078 0.0856539604037695 -0.0483008011566418 -0.215936984903628 0.113786032681953 -0.140474239612244 -0.238296731416305 -0.0892682782014559
-0.189057848242634 -0.14612527653133 -0.253863737089423 0.297280807749177 -0.182605680909354 0.0169785622587821 -0.109821895001906 -0.194192899046609 0.0675104652482674 0.117068413876521
-0.130549014235357 -0.00469665194229266 0.0713505559335322 0.0698366859895774 0.0446604917322453 -0.208103195865979 0.0561338018276092 -0.154221502432147 -0.281952067775764 -0.0851208046263583
-0.0945803733292387 -0.264120533925784 0.0253496103908272 0.0497978660119754 -0.0583498684488623 -0.181267452320435 0.033245798741334 -0.234765006905708 0.131458985836064 -0.109622539480411
-0.120560328837132 0.0441522649329077 -0.0394466915615538 0.066654472359354 -0.0904496428499766 -0.144845106459375 0.0197303355525691 -0.128224531745526 -0.293843697123814 0.0689158398477263
-0.172418818840159 0.0321440990019711 0.0863578444300112 0.0640397004616983 -0.0624471694947423 -0.173198870487159 0.0321968407525558 -0.156457646019675 -0.285005907046224 -0.0849208964163878
-0.241176416571444 0.0486723150268977 0.0620655918916611 0.0946349589429522 0.00225128937913675 -0.251035491538154 0.00505609857336309 -0.176071288423099 -0.33768537202258 -0.0612163349476127
-0.140254556078878 -0.0817721272233443 0.0768468780832374 0.0609277948389624 0.00298651858290325 -0.16216281222942 0.0244980765167564 -0.245132174528864 -0.00212019691331876 -0.0674550926239041
-0.0948724301183127 -0.0104589405714857 0.160477171057218 -0.0055363360277779 -0.102575159491328 -0.0873682529616591 0.158582277809642 -0.223797726505613 -0.182662016980044 0.0143220191092597
-0.233345650553731 0.0592131107825469 0.0749961171613178 0.12768951456514 -0.0042783479690291 -0.227070043942845 0.00708001722136717 -0.204001071031319 -0.340202253183008 -0.102060372514838
-0.172569741053028 -0.135536420557588 -0.259987505862352 0.26776830258058 -0.143821176857598 -0.0464183100378467 -0.106959723780112 -0.218552442710093 0.0411533751254109 0.116538037840577
-0.130606900874788 0.02013781607955 0.153606474746228 0.0497523093564188 -0.11212426588616 -0.0496406274178351 0.101755142958814 -0.214616037215056 -0.212785954860005 0.0710074545827875
-0.185707199557358 -0.020980067816186 -0.260788721117363 0.306071777339006 -0.145231445331226 -0.0432806607975297 0.0122755669672778 -0.190653083567086 -0.0226061891808983 0.10228592381272
-0.0778143660947214 -0.081203032234009 0.127759981793306 0.0905975163839916 -0.0747045807580441 -0.162164704364173 0.168700198002169 -0.29523057416521 -0.224616627478797 0.0604699800291272
-0.204407702284237 0.00975475025636313 0.0566687047494136 -0.098325413686056 -0.154042070613302 -0.278824322101067 0.0446054320967748 -0.169097697257367 -0.369300114895722 -0.0676474560262745
-0.178394019297313 -0.00729015973075479 -0.261815256442772 0.27093933803584 -0.174513137703435 -0.0489416731309386 0.00522779425843869 -0.137462646086915 0.017495312461152 0.100260408234313
-0.230357140224394 0.0143044490790315 -0.389760726993861 0.334724342148696 -0.173456970894439 -0.233559040361118 -0.15231166390818 -0.0370158484482006 -0.0629803063369665 -0.0685587449995836
-0.195764208152501 -0.0847392648725209 0.0455742213440706 -0.0230436124107155 -0.145354240753349 -0.228778817343173 0.0541028369029323 -0.190168750148405 -0.362472142840009 -0.154113222709396
-0.227280102460104 0.0904425890164049 -0.251418511783857 0.243050556757396 -0.045166370004893 -0.21334902325932 -0.193832529158895 -0.182710657570274 0.0451576455210712 0.0574981115335912
-0.218313148949075 -0.0313179570963869 -0.265494700239202 0.274163506000476 -0.148826274707151 -0.0537238994230937 0.0326055800253895 -0.150355064398871 -0.0314572989778334 0.12367697192273
-0.124817631411271 -0.0710456694758466 -0.25376312169059 0.369939403909421 -0.234412490230879 -0.0922098238847796 -0.123377297529725 -0.114089143690789 -0.062964937609842 0.0388195932850783
-0.246983454859987 -0.00502016051100297 -0.306701388757364 0.273627248188503 -0.154728379365578 -0.0680010432746427 -0.0782134728442868 -0.13927379313907 0.030917644924285 -0.00810142149404433
-0.188678930436352 0.00908643967070738 -0.43491512360471 0.308683910795289 -0.121797405487413 -0.23140286193 -0.111258437097706 0.023271015698632 -0.0532694991205176 -0.0311720881795502
-0.170389290038731 -0.131932897920676 -0.261583483523025 0.296986857882731 -0.146615245826178 -0.0607046462337919 0.00168930801654671 -0.147675522349955 -0.00305709533438445 0.0644854726369824
-0.0394249140484609 -0.163696332638572 0.0472734544327584 0.0448778416750821 0.0164555735017963 -0.15540192216447 0.0456265642191338 -0.241369725317401 0.0649289198337211 -0.0624341800507658
-0.112992741614884 -0.0580013119721821 0.139451596577995 -0.0163126535803041 -0.078423645258317 -0.0147726860523222 0.165826531256201 -0.211621927584759 -0.186332568539651 -0.0511773763208725
-0.126069272542829 -0.0221316100155771 0.145124063591102 0.0271692493312614 -0.123222417068446 0.00989900444144201 0.177985786323477 -0.188987954709567 -0.222453847647939 0.0244467215621602
-0.102543863301855 -0.209099709120551 -0.0214837018456846 0.0161954794374166 0.0246589819051216 -0.120416852769615 0.063582483901995 -0.175375588482425 0.0583648966507804 -0.0487391382761182
-0.262733609018421 -0.0488474860501291 0.0204797769762535 -0.107547791683615 -0.224975943556929 -0.267178159029846 0.00468883618182254 -0.229314762276262 -0.326462475813442 -0.0334518630657541
-0.0795593050151038 -0.00154881903546864 0.217170286121892 -0.0134518682175558 -0.0706110929523439 -0.0332589171592016 0.171153769841797 -0.172891534641168 -0.195880679001962 0.0227879907028687
-0.123380057735745 0.0747201165266507 0.0707180689027793 0.13215474135932 -0.05822629300462 -0.254646326270965 0.065273064033826 -0.197850175224828 -0.290222087818414 -0.0799556799350509
-0.275764943429666 0.109925972160963 -0.237620403484333 0.207716008252068 -0.0520895561180028 -0.215509630530879 -0.157055949827975 -0.19560617788572 0.00188554508494131 0.0940917038528369
-0.157400843923255 0.0788800825532159 0.121997011087298 0.130597219167813 0.0265440552946697 -0.214747247234994 0.0744987787875077 -0.230854985582326 -0.315813500367741 -0.0486184571352693
-0.146996809355907 0.146411337461893 -0.0344939560277031 -0.071798559869587 -0.169102180326123 -0.177305709198778 0.0122265801321135 -0.113582143434929 -0.278943990143651 -0.0611916849029293
-0.164355387643907 -0.0523654580162886 0.13601423248859 -0.042648414844924 -0.148769268235836 -0.227880110587361 0.0410415607747388 -0.15943745078584 -0.376920038624142 -0.133792362090056
-0.133190218474545 0.120483233546156 0.127544387932283 0.051468739988381 0.0156414301725216 -0.225704872669046 0.0550838619871581 -0.171847212239246 -0.28271445077038 -0.061716636065847
-0.211678877749615 -0.123351680499232 -0.276988221960508 0.289951905748297 -0.117386026084555 0.0278977331725185 -0.0883475117591261 -0.173008288951672 0.101922717648548 0.0777818188881173
-0.104585693677498 -0.155384279713401 0.0163405778028336 0.00564564046603041 -0.0415198062879309 -0.123264656872035 0.00271851520678817 -0.173765963383081 0.115307935298048 -0.0302348522468699
-0.190959752940049 0.0143496497393048 -0.0305346407102691 -0.0784716791703286 -0.06520233739069 -0.341844649704851 -0.0191476384719475 -0.223306267720397 -0.196499895625707 0.0611158597707666
-0.092243098795647 0.0642868994986703 -0.393957230050038 0.329603567642149 -0.0486888568479889 -0.280210193382801 -0.0904767451641847 -0.163622234123935 0.0686532060160676 0.109623509687685
-0.0864968206117775 -0.164982947610405 0.0398292229539068 0.000344844872815503 -0.0854451781439675 -0.192712022972808 0.0366848166658501 -0.232761168321388 -0.040684391426678 -0.0101286022794998
-0.15893659320269 -0.0420853157535129 0.128004934304746 -0.0608737793793148 -0.155330478803308 -0.230556769973003 0.0408789543219875 -0.173441264794818 -0.369355399947904 -0.118261819866219
-0.130772328161101 0.0715802841679388 -0.307303663627134 0.281986244808615 -0.277012214924019 -0.165702348260454 -0.116598390639459 -0.237970646347822 0.0097383371173982 0.0774333021122048
-0.203160810824721 -0.0623436597308958 -0.246690358833853 0.28014162970675 -0.168268911469786 -0.0533661610707898 -0.0448461538519043 -0.207781209942655 0.0054182891628861 0.122541355477282
-0.00586972745442247 -0.238089358232745 0.123241964912065 0.00141601596613808 -0.11983626349714 -0.156116815304624 -0.00876898595582652 -0.300078901886962 0.154298738962922 -0.0480454977336735
-0.126198831617772 0.110508259314796 -0.414325084167555 0.312570432156503 -0.0682171988298872 -0.261116171249703 -0.102700590278598 -0.183893107917829 0.0362571923651594 0.101005234382165
-0.0591259084045481 -0.258013215127834 0.104594011899184 -0.0515980897056656 -0.0351684184703453 -0.138096656835268 0.0553735796806904 -0.129439887769626 0.080539627382878 -0.0593777863714556
-0.131256139455374 0.00890192941850913 -0.33321269095953 0.325005218248575 -0.289074727035556 -0.137384063916586 -0.257112850684094 -0.127472397771304 -0.00400486030144389 0.066627124244406
-0.148804107414126 0.0806526997381371 0.118489528600869 0.0326094441479996 0.00384163794077018 -0.226859347889544 0.0893678173609747 -0.152367737318912 -0.295214056264326 -0.0107614653907691
-0.150253206450855 0.0751377763239961 0.112455997170787 0.0344194774526789 0.00182631867244794 -0.231134861299263 0.11350529572068 -0.149243211913071 -0.300198137680647 -0.000629781125825356
-0.145387580366721 -0.0520483657917223 -0.385231943045386 0.248523972584017 -0.112153063399393 -0.242873817847176 -0.0643422947281098 -0.0352547170973497 -0.0741277099043348 -0.0136829264567898
-0.142028737266298 -0.0247360380167491 0.162490602349969 -0.102842390080758 -0.208485184140865 -0.27498656855976 0.0646430104689017 -0.189129980456909 -0.414439477552112 -0.0868497830985194
-0.16730193803375 0.0444230211675 0.11543554105026 0.108660277768303 -0.073066174823072 -0.145417661869778 0.0576368007603629 -0.141461914836197 -0.236249570416993 -0.0882944208486341
-0.19322641809707 0.0741874409706953 0.0992327682607276 0.0811657674377658 0.0371167496835995 -0.260325267384392 0.048027224726012 -0.164409682816677 -0.305171920574377 -0.111160171485482
-0.105528613709415 -0.241069412904196 0.0719890802419049 0.0311820116510659 0.00317046770241551 -0.061839479271273 0.0976948808982693 -0.217514716890237 0.0372400241107373 -0.117377684442813
-0.0496786683120643 -0.261545662018297 0.0592693683628876 0.0678684554875122 -0.0504919486789456 -0.152232059571264 0.0478573923517632 -0.217045821301729 0.138196540287894 -0.100413441523153
-0.144227643486554 -0.0358014222210093 0.136000389893888 -0.0998994907470275 -0.233306328324215 -0.262746238882879 0.0649546988479156 -0.201199976576433 -0.368485882222903 -0.117503578890059
-0.137103475577605 -0.0670876990287572 -0.247861880131945 0.309556278551159 -0.23700680617407 -0.0468005496371407 -0.10842182221471 -0.0921329215750355 0.0477912780174631 0.0534906404191716
-0.0941871770820695 0.00453681426663564 -0.395871064275801 0.313583880903313 -0.0680958335932666 -0.182501090653937 -0.198471801353683 -0.0538966505560581 -0.0686407456957822 -0.133282063253443
-0.0932230990022276 -0.012475386561609 0.161081448764758 0.117023576716762 -0.0731425092028749 -0.13406989776346 0.230779687304851 -0.205544321351032 -0.259648610957099 0.0525475527075023
-0.143862201649996 0.00141817939668707 0.0105410504122267 -0.125004467191209 -0.121268432908836 -0.198695751375451 0.0924429645789389 -0.317955921571516 -0.34080453596052 -0.138148453882451
-0.17578257006716 -0.0350595955751277 -0.119494849313709 0.0191479437126876 -0.11337277326615 -0.25151548105976 -0.0521784555087661 -0.185944998420386 -0.331398445626547 0.0808517355891889
-0.125221337905539 -0.0731777162063474 -0.33844152888537 0.329763696775617 -0.172419822781227 -0.0263004573609696 -0.0775432145639535 -0.136208689558032 -0.0167356158731209 0.0326266456815491
-0.0701804199910439 0.134495697927203 -0.378971089630533 0.0941455066788868 -0.086012286178142 -0.0937063100849055 -0.0067398710260788 -0.156926559677242 -0.0739368853531663 -0.0215771397263418
-0.13843619765095 -0.000758002669202284 -0.378787406201187 0.366054645918014 -0.0986861109603622 -0.216031323311178 -0.205555343447771 -0.0286988984923701 -0.0358563062555357 -0.0735223975387867
-0.195617417121392 0.0919610157915616 0.0422705504825451 -0.0695076884702055 -0.0530397792465605 -0.25337083354727 -0.00418062096468458 -0.123747643010478 -0.335077990516619 -0.0231837753984281
-0.0859579411697048 -0.201827106553689 0.0938921127682247 -0.0120420352438248 -0.0266979310013301 -0.20090496178281 -0.0374960436529087 -0.12849461946444 0.0170778267431563 -0.0157631918716902
-0.0854239014642417 0.0432050506169717 0.113699042017311 0.0979490987840788 -0.0653661390539786 -0.214685200015185 0.083737882607065 -0.114677747190308 -0.256668730322861 -0.110068197527563
-0.0424548952291389 -0.0247322661977049 -0.358254009466209 0.308991640202544 -0.0547367492072099 -0.284063657982177 -0.169579834245637 -0.0968348847154296 -0.104592202324103 -0.106010438968571
-0.190835417539622 0.0353755759611857 -0.37324179821371 0.322282398568902 -0.0816590316830428 -0.284291166455547 -0.0581181176672554 -0.034257423528256 -0.0806335579807 -0.0340996163356967
-0.129038384974582 -0.222733077982951 0.0360577873362085 0.0404570593046701 -0.0559083484957007 -0.11638489088259 0.0271684892393851 -0.224261808739046 0.19411375309589 -0.0927359528501274
-0.0397302890384624 0.0972133465778807 0.087400227244383 -0.018292109901108 -0.126282769333211 -0.141718601987383 0.14529611135251 -0.247983381882693 -0.381426749362114 -0.0863008797611352
-0.238500733066807 -0.0237901962020398 -0.233114627723442 0.315228968826136 -0.160334679393341 -0.0561267463543878 -0.108938181117629 -0.190635289736693 -0.0108206355260365 -0.0566269671164396
-0.160739938428147 0.0214154430380476 -0.347016961126388 0.318104733048188 -0.10211291300017 -0.276957098601702 -0.0692349288598156 -0.0132082454777082 -0.0635076031649717 -0.0662352549582089
-0.18695406852637 0.0270772243229706 -0.000234905139759697 -0.042151749073361 -0.129110622867073 -0.332265919619894 -0.0210169099212482 -0.232693811131362 -0.200757306790366 0.139733646371479
-0.0375712235282089 -0.223424110663736 0.127677530234515 -0.123304456920091 -0.00368297144872165 -0.119648932225609 -0.0284126858238535 -0.1576537909073 0.100605101759586 -0.058950475527186
-0.187749928467196 0.119987669687021 0.0303543869863754 -0.0421465788208614 -0.204253089775976 -0.154602476663941 0.0449005068298667 -0.196038641368529 -0.325645663128381 -0.0928448208552145
0.0526992456410778 -0.236111296946173 0.167371327660612 -0.0102002335516182 -0.104199140027354 -0.119752177484257 0.0195549397177677 -0.27194539697631 0.143405871185724 -0.0464864477770827
-0.148086359333614 0.0337301682622045 0.0800867883004752 0.105810366613219 0.0316251841894052 -0.171628003964813 0.0691905607419294 -0.137284515488774 -0.250376654169009 -0.0905870940204208
-0.0414839742642412 0.0280929314293047 0.223252044336566 -0.0139752631890626 -0.0387179568505537 -0.0785899922084696 0.17855912141614 -0.178821621566885 -0.188959938938483 0.051129466784829
-0.127016721224128 0.076298036162891 0.0760043257113915 0.132711735176695 0.00183798187128277 -0.172745585063058 0.0610418918948087 -0.175024587316145 -0.26716088712009 -0.0878359656990123
0.0580258731522525 -0.230838689824994 0.138857789561345 0.00523864373202495 -0.0937374345174722 -0.124132127176747 0.00383382732779421 -0.28277322149211 0.164109431758618 -0.0551493477715328
-0.135948672368886 -0.202985232834132 0.0588722964771019 0.0427685867357172 -0.0237534487869934 -0.124312696570409 -0.0177466831011835 -0.243831072260831 0.108070870982107 -0.126462396140813
-0.229887724737727 0.00634905164744619 0.0617907433790315 -0.0965230221288326 -0.152941925045384 -0.246838588829642 0.0214242901736515 -0.211764071652619 -0.368910017837084 -0.104172124615344
-0.138439688264659 -0.0318740476219763 -0.330959204568777 0.283989031851568 -0.179902717480672 -0.0196194546782085 0.00822599771853225 -0.0746711022212119 0.0275386113350204 0.0908826458968818
-0.1480948376564 0.056913793275372 0.11606938363024 0.0998934676851586 -0.00511131086595964 -0.202559857280742 0.0580972726955906 -0.192875190957377 -0.362996008937253 -0.083243170840635
-0.140856159827006 0.146070030505322 -0.360279705416155 0.0488866738034009 -0.0106697631648057 -0.0610597207738515 -0.0718051927271242 -0.153726887917606 -0.0337488912536431 0.0628086005130116
-0.246349453347071 -0.00170840607096601 -0.368914257323982 0.4166550269244 -0.144568575661835 -0.243782511066396 -0.145593105684637 -0.039582822125988 -0.108402790810678 -0.0731172759687437
-0.113860848607972 -0.17754724008928 0.021890485413733 -0.024551674428885 -0.0852801176674192 -0.102733880319166 0.0838542572030845 -0.196959466054614 0.0872902490481093 -0.0471845182058269
-0.162596531037947 0.00438181870979262 0.122527348987423 0.113530768827121 0.015954086193846 -0.272689723693624 0.0158989329314659 -0.122858895592888 -0.322342444695068 -0.114167384192175
-0.0437891916554393 0.0758546182036098 -0.4648684798014 0.315256596558662 -0.036208083307213 -0.348695110753657 -0.0662099217647261 -0.251107897860644 0.0607779274460898 0.125457059759663
-0.113696267027859 -0.0450693425977539 -0.293581268805992 0.328144037342393 -0.245536503278121 -0.0720119348079407 -0.260591433907128 -0.214451240328316 0.0432867696762303 0.0633308422486948
-0.128299981293191 -0.196169541952215 0.0544343867865988 0.0450734813989475 -0.0268512701405343 -0.128510322730015 0.0177565419770858 -0.21807566801432 0.0782614604639505 -0.10330349284605
-0.143414198855177 -0.0168685634179896 0.117729611397586 0.166563497176019 -0.0274448450027777 -0.0703937792451222 0.204187189912374 -0.268817011867863 -0.21682685257861 0.114619160723634
-0.303915375056899 0.0752338063764256 -0.275908376348324 0.245683289589432 -0.0645011513643103 -0.167876521247467 -0.166411772714661 -0.167225249306255 -0.0632211370423653 0.13698133576855
-0.100320311731192 0.00973157647061546 0.182223954749865 0.00121418900187471 -0.0925931492977394 -0.0732748535482833 0.178058824309606 -0.143668057648231 -0.241141811620393 0.0257850395086873
-0.154838334991934 0.0042159606896978 -0.365532584184786 0.31472501294661 -0.212992022663293 -0.13342456604848 -0.0409243579604199 -0.151921523484822 0.0140511578063124 0.120836386043601
-0.0704866985010858 -0.0097849488638821 -0.24665342681145 0.321054256562926 -0.225006021776967 -0.0489968595819782 -0.0517411057807911 -0.129269263758835 0.00485186770156091 -0.0145933179072586
-0.0945198646265631 0.00979181481395365 -0.324393164073028 0.330218872837319 -0.361940982372982 -0.146561357722347 -0.192119352910317 -0.190325305047647 -0.0423619485557295 0.0530395052772468
-0.201928632778184 -0.0696676984554274 -0.293378278139883 0.279321044076674 -0.144752614094271 -0.0808142123476056 -0.124091858871773 -0.168335097433848 0.0283692395168273 0.100262195538351
-0.187010477280997 -0.0881419158380649 -0.248540849004954 0.342768308216725 -0.109353569509279 -0.0423847766362398 -0.0282961467345671 -0.146689861033988 -0.0299659162464824 0.12477735669946
-0.0387377542113507 -0.212858949930538 0.0061857241341647 0.0863023549181031 -0.0458941345637411 -0.207274970706054 -0.030149749348036 -0.151779229513578 0.0742752736779347 -0.0759846776164279
-0.163197020861546 0.0429248605879226 0.0752786830577931 0.101062078568655 0.00845495435643902 -0.285074603826074 0.0396893393199021 -0.167876910344337 -0.319625066657086 -0.0604391164762755
-0.114033038321585 0.0149146878737232 0.16360629604271 0.00744504728163219 -0.10737054351935 -0.0734223598804455 0.181578539930944 -0.179486373850085 -0.227527467370361 0.0378711217837456
-0.13311483625876 -0.0293777912506784 -0.299244665875492 0.428895706407315 -0.283379866574048 -0.137273394590107 -0.290510003203477 -0.178432029243109 -0.0291402636199418 0.101593187941598
-0.123917319159968 -0.0666409377539884 0.138596541407467 0.0589075966174084 -0.0955903468839249 -0.198398253221759 0.198613863150632 -0.331145031910822 -0.227895358802235 0.0902084280108082
-0.163151572201161 0.00608782437748468 -0.406858410894375 0.288578395486888 -0.137348430620385 -0.202928490980843 -0.14920973669281 -0.00542681504761262 -0.0432308188538638 -0.0392107235293527
-0.173603418051099 -0.0581782885908332 -0.26307708836468 0.341692180768089 -0.0888978398959176 0.0127347183213675 -0.0871585027987753 -0.176176020062868 0.0524191320259512 0.0761067783046719
-0.171537349989149 -0.0661010039217928 -0.248083614518981 0.308533272109101 -0.15992756989654 -0.0625599541448131 0.0115834923493121 -0.153405229826117 -0.0332621831060218 0.139463756162083
-0.0846789687837715 0.0399088553402286 0.150691289433832 0.00333060158246057 -0.117539900965921 0.0390290019510583 0.210705328119073 -0.1876554740342 -0.213542659965314 0.0215395794754374
-0.229891367011722 -0.0164408717842891 -0.380463220061634 0.317253336453165 -0.161362429507184 -0.248108574417784 -0.168860552312866 -0.0353193744081518 -0.00225286977200273 0.0613974645442461
-0.20421367024482 -0.0797146383630365 -0.299967687157477 0.319760432086152 -0.156037084150855 -0.0700998705006682 -0.0668584400582214 -0.171657598718394 -0.038810797394109 0.100072327922786
-0.114033038321585 0.0149146878737232 0.16360629604271 0.00744504728163219 -0.10737054351935 -0.0734223598804455 0.181578539930944 -0.179486373850085 -0.227527467370361 0.0378711217837456
-0.236307616420306 0.0297625850063719 -0.392464673076548 0.338278669103121 -0.112987353374295 -0.181728173944605 -0.103057171415146 -0.0498083920081155 -0.0886220377411283 -0.0528725882066112
-0.0448276649150564 -0.149017623450049 0.0120313680855451 -0.0590001525313128 0.00216778156704207 -0.231357427477018 0.092091362765616 -0.217350729813416 0.000603820584700732 -0.0364967422974365
-0.240632382975375 -0.00805355510820463 0.0615290275298295 -0.0491382633929405 -0.150802546718036 -0.216353515823135 0.0623296980357141 -0.171351637737858 -0.28033892294936 -0.116320874075674
-0.0731855153640057 0.142695557243901 -0.335758428408089 0.109053874121847 -0.0621513562169938 -0.107202213400395 -0.0118673035400551 -0.137443306663803 -0.0526698647755469 -0.0674172813050741
-0.0647004073825532 0.179456915631969 -0.387015292425725 0.0839233962578609 -0.0191793922350758 -0.149685935904213 -0.0592139677490182 -0.103491839466592 -0.0192415504237863 -0.000796672586790926
-0.0492614330882193 0.207292042756992 -0.408703863521147 0.0564739093288731 -0.0542985200970034 -0.176498298672722 -0.0722099559129736 -0.153743524300119 -0.0386921704812061 -0.0431359453336335
-0.108154170122154 -0.239188248577299 0.014181786820121 0.0829879146135521 -0.0235433887596043 -0.0819943096164525 0.0409510054288547 -0.175019130518579 0.0529063938973447 -0.0545643433198292
-0.225477771529226 -0.0142330312241288 -0.0251715884269463 -0.0576775147542832 -0.235831139487134 -0.305894526280149 0.0946793023457772 -0.186638718015773 -0.267498484508632 -0.123914434392971
-0.129050765603906 -0.0353924747417063 -0.327096960150533 0.299374421237886 -0.293643093978929 -0.145744383547424 -0.157816208990384 -0.15375667776253 -0.0773615504796888 0.00545668658536529
0.0571026026313233 -0.187582955179628 0.105782885941846 -0.0265941492026655 -0.147826714359168 -0.133170662029954 -0.000679601311016048 -0.238841336752675 0.154109177150357 -0.0366244253232562
-0.156420265939017 -0.0800667521870654 -0.291227590189915 0.334175696276444 -0.329204980783164 -0.0583839564429295 -0.206808652687707 -0.142962251454414 -0.0141102946288514 0.020556371268121
-0.00445876170686753 0.13621620694129 -0.315517978244012 0.355144421757584 -0.379277919018407 -0.174484010353343 -0.215559954151573 -0.0705316859768191 -0.0366053085240949 0.0288580329013413
-0.138716554810483 -0.00186200325159408 -0.152602943259081 0.025190451932455 -0.0729747399257323 -0.290457940694487 -0.0660003879516347 -0.156295192280006 -0.357832408890331 0.0867853243362946
-0.150569632804355 -0.0849570487367299 0.0373710328569381 -0.0178452001088075 -0.0747030791699763 -0.152870320650535 0.20841872418891 -0.276708203478515 -0.26923127506795 0.0327858911302175
-0.160220292306351 0.082300013710149 0.044009671760297 -0.093398220664637 -0.135549611178739 -0.268850505868777 0.0112603329739701 -0.1977714831811 -0.269748250394646 -0.0866534397337254
-0.268865461033533 0.137329184347646 -0.34503790412786 0.287171409237824 -0.0654369635250883 -0.187272569196904 -0.11959984842055 -0.0948246138551497 -0.0584518615031571 -0.0275402978800176
-0.134670317872472 -0.0054098803991521 -0.304353720794183 0.080855713900247 -0.0732035905997444 -0.24558779612814 -0.092730443494083 -0.251316715038167 -0.109117590586846 -0.0563538656759708
-0.147652736795452 0.0513430518215696 -0.445901635200274 0.339580598195938 -0.118092027106733 -0.306296793019213 -0.0533999207319078 -0.0158334890792437 -0.128860022388247 -0.0888371341175231
-0.122799314737871 -0.0604388627847946 0.141003260662421 0.0928712538518734 -0.0343184847343243 -0.148207286103879 0.173238330581548 -0.31143948981801 -0.306527102092338 0.00660303609452313
-0.170577247684282 -0.00460913450977057 -0.371780216918305 0.349885002717298 -0.134386942362103 -0.227643669650205 -0.197516096549583 0.0139122264560178 -0.119208806509787 -0.0202355623764009
-0.138415872101685 0.140194016923654 -0.0383128500806287 -0.00708665558967978 -0.155638938052118 -0.215894297947598 0.00799791885626831 -0.0449909404709196 -0.288571078565132 0.00875268396229046
-0.13306974418447 0.0255636486878736 0.0893343536046374 0.1114919116538 -0.0322460799969128 -0.214559752633185 0.0706881823592666 -0.129612845237438 -0.27026711108718 -0.130848875837217
-0.114348681118128 -0.219959171206489 0.0336430541599663 0.0489797178275827 -0.0162656965963423 -0.0923212784597337 0.104198777734774 -0.210259693381057 0.0808675551075885 -0.106316048881675
-0.181767937781793 -0.0439252930699015 -0.294921067884088 0.33360921616984 -0.29990833880769 -0.106132856507948 -0.124115764113423 -0.146108501148168 0.0134854703369799 0.0622940099891049
-0.139214985843409 0.0802509196266017 -0.293229671206539 0.315885695192624 -0.331781641394684 -0.124730078260095 -0.150212264513187 -0.155365085537643 -0.0155997213766969 0.107132966829364
-0.188572212873397 -0.0204844735587645 -0.0428986826578382 0.0589592427894806 -0.143366439552069 -0.141611036348479 -0.0467718227526487 -0.209894888870993 -0.403666868495681 0.0945051524537296
-0.180853558837222 0.0702401422700605 0.147974000131861 0.135294281443546 0.00911808182322413 -0.228321601877451 0.0853951197193047 -0.223707795245142 -0.299805941786549 -0.0419783296250263
-0.0964078725021996 -0.154808944026387 0.0166649831199955 0.0731419569584333 -0.0553781251418346 -0.144053021957445 0.0429305627332769 -0.167886891862623 0.0120165673581243 -0.0660284492860339
-0.100262406374461 -0.185901972919743 0.027529515882406 -0.0248595453992608 0.0180130070687627 -0.155363393947242 0.0808488927140457 -0.229382494997332 0.0601796083387992 -0.107139052046073
-0.198033915525852 -0.0117573421127105 -0.0164374480919014 0.0532376921252287 -0.165768111452525 -0.122709875487458 -0.0773404283531507 -0.196172808379411 -0.378751665518075 0.114798345935964
-0.0418180074148817 0.151949342804629 -0.290000471957594 -0.000111868334560783 -0.0479597170970293 -0.0124161199852421 -0.0640988250661235 -0.175784061710047 0.100759415346701 0.0253272056678917
-0.104462813339584 0.0523652886395936 -0.00692622547126453 0.00560580222919572 -0.0947410893872527 -0.132871491268172 -0.0763911794951476 -0.164271726660006 -0.261056541797458 0.120199106920577
-0.127449158459017 -0.0350023851088447 -0.36976635826343 0.299580259770555 -0.251530284752038 -0.0779510964312627 -0.200602552711005 -0.228981206181223 0.00240046478305743 0.0723474022446898
