-0.0145383633197696 -0.0787753707921157 0.118829369695071 -0.324722811016899 0.421570896205132 -0.244959608062391 0.220580457838336 0.0594074666868856 -0.0934589117310699 0.0742165743648169
0.0209001641050028 -0.170120785107266 0.217189599351083 -0.265015245399875 0.474675304722927 -0.37243294390582 0.242993212614438 0.151071631953656 -0.10013847328573 -0.123444644250086
-0.352232994434873 0.354689083491881 0.0912008006814163 0.540672346327375 -0.463976879999583 -0.184022620964498 -0.264410600405583 -0.0236841365089742 -0.272418041390227 0.328258175956835
-0.128116996335349 0.172870389432655 0.393389020346611 0.195927267808621 -0.0963549839981628 -0.529254634751969 -0.125053891638073 0.242330892163699 -0.229732876329059 0.0454707462510123
-0.216803780743323 0.206968770617977 0.308784360954409 0.190678026227701 -0.128133395179465 -0.480646267799175 -0.212913724134046 0.224215312573736 -0.29620984983186 0.0813756017911301
0.0288907682329755 -0.128743443303856 0.10005532016575 -0.24143533372074 0.486227833826648 -0.448959478280287 0.258481812515681 0.0619735838686983 -0.0826504888483095 -0.0475523257108327
-0.152638785544642 -0.0668917141476489 0.0770381162920203 -0.298153238109045 0.529133733893617 -0.356480092361616 0.172624559003767 0.08207960811077 -0.030473998524756 0.158821608434151
-0.205055310208968 0.0785751637757134 0.371723885830745 0.25399616221823 -0.124200373051789 -0.545790617461391 -0.131220495470275 0.208712042557666 -0.273051917220144 0.0914938645397603
-0.184268782874054 0.257147881062606 0.153736997789581 0.611709846400264 -0.658155497090842 -0.200259504408756 -0.253936746067823 -0.0412829046166695 -0.0980533848898686 0.307543753625001
-0.264643585547745 0.377856591974895 0.262159506982218 0.568115904135302 -0.577368470165254 -0.15693984148773 -0.129763034042565 -0.132886591293191 -0.173241429682976 0.412934077030152
-0.199668509503915 -0.0170501363447214 0.123150214073421 -0.253946325655078 0.538708548995812 -0.41693558930283 0.0697460140203653 0.0479555787337015 -0.0604552159326779 0.152028195774022
-0.00556481132251298 0.0471017995114056 0.00233329849542538 -0.270222471501742 0.376356149275329 -0.22571616123977 0.237620273570562 0.0412385506093008 -0.101201238293969 0.00176683581685739
-0.254155222573797 0.221612341434176 0.245103100512473 0.606391576582587 -0.581066303538057 -0.206805432156895 -0.183707097448145 -0.101172335947114 -0.147921713433715 0.357461822286172
-0.178408287568097 -0.0920765712475839 0.113612545507009 -0.326626388460211 0.34229836798845 -0.414174925785569 0.0522279377455233 0.191767099981764 -0.228553729712194 -0.212033348320797
-0.194078841406336 -0.0237411201535109 0.116767191037815 -0.250411862805161 0.518212823597127 -0.407216472001978 0.0367784554597878 0.0427741462202417 -0.058730667638828 0.15776995309766
-0.267241780774772 0.212197955051863 0.220567811228347 0.517606421535697 -0.537098764883279 -0.25199326868213 -0.142815168211036 -0.183580965229461 -0.091829853725709 0.326811146656215
-0.30484362225935 0.222002138462547 0.203371028887395 0.614902283090518 -0.590181368759887 -0.167424516443745 -0.17177948050976 -0.0598222014890576 -0.12044511740922 0.326113887668062
-0.281080916202317 0.266106512374014 0.153141886498621 0.374728864355879 -0.545875068186885 -0.154503812882117 -0.162202890195829 -0.205272649366195 -0.0857237318749351 0.385029331687592
-0.15190670841417 -0.0970713291658004 0.136841349071578 -0.270842030435057 0.497405727731288 -0.44029657316412 0.110976165215854 0.10783379683968 -0.112618186467745 0.211205083504494
-0.267575458011821 0.234010625674681 0.248242287469751 0.531710092354252 -0.499396575499886 -0.225804926664289 -0.130740950578164 -0.164080549114544 -0.118298299738758 0.325861088192723
-0.263590243117902 0.302206235143346 0.265062291120836 0.384181252304994 -0.4360688451805 -0.198042206744627 -0.288564284801938 -0.0294132135460045 -0.018813601634456 0.272196691497636
-0.183554157069588 0.224414109561556 0.194313777921045 0.614921262904016 -0.667639960843742 -0.16986217015785 -0.194348565909304 -0.0351646630970592 -0.069328346518119 0.299168895412466
-0.18031240275115 -0.0308314321142533 0.120089142738283 -0.273270424928452 0.53970548918898 -0.430699344259663 0.0343114105155048 0.043532088255514 -0.0824862301746467 0.171413437145788
-0.234635399365372 0.126061373602414 0.436361518567112 0.153659845424123 -0.314661336204362 -0.588038769994737 0.0430922340738519 0.300483642091378 0.00325999277734499 0.248673054034965
-0.262185694864483 0.277626980704143 0.20247123814338 0.448320727587948 -0.391862373935501 -0.229225425590697 -0.196084368675738 -0.272143210783064 -0.213306100050232 0.438983368036366
-0.174397545653843 -0.0588104265837078 0.137735968709268 -0.266204565014833 0.493232159119612 -0.35811067503253 0.0911762055414208 0.0554018528112771 -0.137372471450293 0.177556214275778
-0.236884698408328 0.156723550702423 0.378247173499851 0.192807734410781 -0.237608663162352 -0.540622054755532 0.00524538960305482 0.303616582573371 -0.0313330007324723 0.290557593046308
0.0944923715565555 0.0178229704180147 0.292960588365798 0.353187776324895 -0.665213048069636 -0.663416322460454 -0.299676116799564 -0.0561349461597763 -0.408191664757148 0.102341146357047
-0.205781471533124 0.265748300555147 0.249502091510364 0.524693401951058 -0.518801971120766 -0.257142569956525 -0.0840231425901854 -0.201802648438618 -0.0673576278264799 0.301624762976289
-0.159894365673031 0.231898138962401 0.183655539429439 0.61555668257601 -0.667589789227143 -0.171422152342788 -0.230642269810736 -0.0099388295722903 -0.0767052838559657 0.30739272268779
-0.0895476612609006 -0.114928702745615 0.19746405496299 -0.332534283652125 0.532932130096342 -0.417635596648622 0.194996270499738 0.11720016799174 -0.0947383984674395 -0.047923963308596
-0.262782591757913 0.346791619116236 0.270381832493035 0.392638116892094 -0.510800301740886 -0.293215756368978 -0.27296920276668 -0.0228191601275242 -0.0503447865926347 0.307510799523269
-0.0441259159297872 0.136786239179994 0.328773339672681 0.224946358996894 -0.0790190871890376 -0.478504343327297 -0.152838638175246 0.234191435401621 -0.230410728736705 0.206792072454578
-0.211395296474249 0.248341899271628 0.191650232785908 0.632582334204462 -0.613048524958213 -0.169004946454877 -0.159787047988484 -0.00386621927135045 -0.0751735517886135 0.315931020885882
0.0354184346308868 0.18346833973347 0.152886103517827 0.365070632546658 -0.243855162278245 0.22387208808806 -0.289114384330198 -0.328483265743501 -0.0446811877380979 0.325568756450094
-0.246389540812751 0.307529401514946 0.17591448596849 0.354455984550554 -0.508358919461558 -0.275647206371926 -0.335327007031185 -0.0301950650066179 -0.133804367493396 0.318490371829353
-0.265598969735674 0.0901745366224105 0.379603353567548 0.175810334887743 -0.269253740352687 -0.596454119730722 0.0122709684690193 0.318564934939002 -0.0906811399206044 0.341427770896793
-0.118807709636981 -0.14542519455548 0.197530436786992 -0.36146198706328 0.523333500503338 -0.442999154424967 0.192311942022698 0.124178796876627 -0.101728286439148 -0.0398096876694096
-0.0943430758693187 0.190939232786097 0.375706923295773 0.211664846159186 -0.0494178158383907 -0.519602958660324 -0.106802888054185 0.281691620684555 -0.306742965000473 0.198006052520149
-0.221965034280167 0.167973749587766 0.40459808247578 0.15721023422691 -0.160085080188941 -0.471071931334762 0.0658697821685854 0.324615856788442 -0.00140972617975373 0.355628465486418
-0.14586429003404 -0.0419993293997433 0.135061903124867 -0.268679331496192 0.520143184853794 -0.414346289782304 0.0863575273780662 0.0759580869738415 -0.039671803811991 0.218532201849815
-0.229591227668424 0.280477502381768 0.180153081494714 0.403310282348064 -0.374927865236651 -0.30243827347836 -0.235170968026314 -0.306689926320414 -0.161675866017253 0.413914817468472
-0.064085053311174 0.125062005984813 0.405590591365484 0.203510717786653 -0.0935938821325378 -0.42082810028759 -0.225134842600565 0.199242903584174 -0.196893492369041 0.149681817087911
-0.243398353442769 0.144849396810706 0.36884409816437 0.23081165846944 -0.239384555628226 -0.569925836627155 0.0183772322315781 0.286640262654781 -0.0422510758086086 0.272768492383872
-0.2456593309114 0.247482508998234 0.257301717707893 0.443065959946742 -0.606276210190152 -0.298259464437268 -0.295132937391894 -0.0944570478478154 -0.0108299788182387 0.321192098181847
-0.208826465810043 0.11826163743741 0.407102801552588 0.21334783091803 -0.398361448659859 -0.566443906807014 0.0321516856003906 0.268076930936213 -0.0584474789181577 0.314799063170994
-0.128208463798665 -0.0651248192987355 0.119658293888572 -0.295005521998942 0.515770736715501 -0.403876663943619 0.0650441552493939 0.060515765848698 -0.0658295132766537 0.177123648321442
0.143139053755898 0.020751501590937 0.264738325580536 0.415773297188571 -0.653995543533974 -0.700373280707995 -0.253001025540741 -0.0393180198783594 -0.416297909446962 0.145733294881878
-0.343449255946506 0.32185889606008 0.205611730911464 0.432179208620152 -0.44859350438997 -0.202479006278812 -0.168752846830864 -0.22967156477451 -0.0878941805780084 0.45045243794758
-0.210349971537265 0.0946690301804596 0.449219147800723 0.189301992934209 -0.267040325431412 -0.558482532907148 0.0326739222602719 0.263495729195266 -0.0902349870232601 0.37775568824747
-0.0412658961362762 0.0257852217871087 0.135068755542589 -0.231824831555857 0.546568868148309 -0.244383977695061 0.0775565279285941 0.0245419547928687 -0.0745279269818884 -0.0533682133244893
-0.300924758412596 0.288020953772816 0.225617847458336 0.385820826681826 -0.447914268299564 -0.211119009208343 -0.122806538501365 -0.183723603973007 -0.106250612907052 0.458278785109523
-0.224556456215557 0.149304014229932 0.355130756569381 0.229394935872906 -0.227824402751644 -0.57860292222308 -0.00365327515392063 0.309244633540757 -0.0310814629341808 0.288133148585622
-0.222557797061241 0.171977922565039 0.458712319523045 0.153123323610254 -0.172768223558634 -0.546332579327572 -0.00768984191780518 0.306849922956094 -0.0267058662118957 0.369740145849083
-0.246761664759536 0.1465000973958 0.442723131510659 0.226726605576153 -0.258055374286111 -0.540579979990526 0.0447788808035847 0.290577012032667 -0.0271136754199009 0.347431392572194
-0.292392871252343 0.372871282919391 0.26025480493305 0.614955094404946 -0.5669409739259 -0.210166513457391 -0.162210173642215 -0.0578505399091963 -0.108908323842108 0.369727715460318
-0.192284394558939 0.113873983425762 0.293204594855155 0.105451329545236 -0.260879411099353 -0.763627475436592 0.020171266946929 0.178487929833791 0.0555394835542697 0.311189513874585
-0.220296467104557 0.295072714846482 0.185128273126794 0.311214369843847 -0.481342452379682 -0.10872926815597 -0.135777638478437 -0.274076552548438 -0.135858400674934 0.395825789407014
-0.229938519183291 0.123256478451455 0.408979832025646 0.147755831045713 -0.114058504637414 -0.488297179044607 0.00209743796444574 0.29064895997419 -0.0418926292491752 0.362581409871821
-0.280172791554454 0.372823518561562 0.268463784562802 0.604641777118764 -0.569815816629311 -0.220516309389383 -0.151064608920445 -0.0615301852131568 -0.103949598715781 0.387724538772261
-0.0642691097616634 0.167022618819994 0.344876211923724 0.209673857643588 -0.0809407199081967 -0.535734055699478 -0.155079700616731 0.22478475903935 -0.263385612309769 0.272196041415279
-0.218162183198728 0.126468039925883 0.442415669142926 0.171863607264921 -0.16127336306646 -0.547886065954397 0.00167184368382256 0.278876654781929 -0.0364648110201777 0.379667707883701
0.0382598898003764 0.185090750081084 0.139980110154968 0.355893560133084 -0.242099374914388 0.214156570785325 -0.296692516079755 -0.318466611855418 -0.0414664230978651 0.318586865349816
-0.14586429003404 -0.0419993293997433 0.135061903124867 -0.268679331496192 0.520143184853794 -0.414346289782304 0.0863575273780662 0.0759580869738415 -0.039671803811991 0.218532201849815
-0.235235917729339 0.097553546944817 0.452717383953101 0.195936492014875 -0.40058199869877 -0.567788442601044 0.0457982131975796 0.275506951165435 -0.0421365507667229 0.301569686644636
-0.332582074920891 0.333663618877771 0.175948114054263 0.353371880140674 -0.546506950027481 -0.132041597368506 -0.10319259641666 -0.201127404801748 -0.163642463368596 0.421667467803458
-0.252054745953513 0.258297340977346 0.12761516103092 0.364923448930359 -0.489725222087224 -0.296692109675222 -0.276386146871737 -0.0442818784018604 -0.0551059909882346 0.290191858017369
-0.191006330574969 0.137161773989577 0.440425317549903 0.215093003316303 -0.384986538984793 -0.559816047098266 0.0330431017716272 0.267512905856671 -0.0318099588197167 0.301795363601282
-0.297569266135136 0.220185648236927 0.214487689069061 0.55012294155511 -0.529871864540204 -0.191735504203995 -0.139096594995696 -0.177179892244434 -0.0944453802600595 0.242778085830037
-0.273367324684771 0.0935262123014097 0.323230068596053 0.177160162529755 -0.2740468656944 -0.574390375146427 -0.0314735022400918 0.277880183782964 -0.0646752631448962 0.326866248950169
0.028399010695505 0.0479857379637309 0.117825048144075 -0.306316620422334 0.418483546205635 -0.182204632769683 0.153390120564457 0.0212637991431375 -0.0945317063471134 0.156541072999529
-0.290253305974289 0.310217082084415 0.0955399700567289 0.431052030496037 -0.598343073058772 -0.297597716650495 -0.283993231992923 -0.065696202957524 -0.0627915798528237 0.329185097729576
-0.281996925213158 0.234522774767618 0.18518070346045 0.462108362850674 -0.412669386366073 -0.202785901087788 -0.162351235153978 -0.183717995699204 -0.051413280978476 0.31196051138485
-0.279231746671615 0.319545394494684 0.136483007703406 0.425293460154581 -0.622249473814194 -0.348762403316391 -0.262755110756808 -0.0333017667728383 -0.0372750433934946 0.305872431255111
-0.258616191929241 0.320316594712993 0.281427640917362 0.397961570376078 -0.423010491458416 -0.315935235768888 -0.277762362902047 -0.034730461773978 -0.0960789381905987 0.240549882317185
-0.210224171053732 0.0857586863157581 0.294561246370072 0.13409944639476 -0.184649866205517 -0.544438322483323 -0.0205915242374836 0.373830493940925 -0.0551482897130476 0.326261228817655
-0.304820658851939 0.273145631532573 0.168943488938073 0.365327807705478 -0.550154962052688 -0.159584741957536 -0.135948039030389 -0.194049383424278 -0.074953608013417 0.410837398439376
-0.278175076842662 0.281702334623285 0.224919669197914 0.344471479512643 -0.561735226688366 -0.104421044227106 -0.218923794025684 -0.203022006234712 -0.115919584309997 0.441773118346813
0.033008755674618 -0.0615773725877311 0.165973448189506 -0.305408356601617 0.355606606860792 -0.213002809952254 0.1769810402387 0.0574361160413546 -0.105128840027017 0.082552647987138
-0.247528496764046 0.15419029991345 0.416333654005677 0.167984121384836 -0.220369812120074 -0.495652056694611 0.0247177532051148 0.310337764989705 -0.0574343420058333 0.354830790864494
-0.118939313971143 -0.0972645198257338 0.150821032681 -0.322229912972917 0.56455202962333 -0.418698169193776 0.215131283359212 0.201655428841761 -0.0933377587912638 -0.0790161991283045
-0.362600124778119 0.313472542844751 0.180121748600217 0.417385673024795 -0.616908867972806 -0.366093891474185 -0.271422858081383 -0.0410539283293969 -0.0562826845593799 0.31896129855734
-0.118462893890473 0.193304589641466 0.381742635144364 0.143033031605319 -0.0092915472238258 -0.462906135356104 -0.101235390925175 0.135595378866034 -0.0966341035526601 0.175628962547001
-0.302711428781067 0.318660484748277 0.157150813885074 0.332285204552613 -0.582000000721815 -0.103816100300426 -0.119325957753842 -0.233123414883817 -0.192619971998496 0.41771976605052
-0.250807309357341 0.150995483310176 0.410087488815695 0.16256532272804 -0.146674401175978 -0.564096794939042 0.0510340769430261 0.292890511201452 -0.0534550110992274 0.378823261634631
-0.162099624031161 0.163703037595551 0.197763500254726 0.552577145166869 -0.595618884444816 -0.258383993180818 -0.165410136413927 -0.0982529020892514 -0.0904013306267386 0.374489847330716
-0.33132077323218 0.397586265115701 0.185351659120997 0.414987794641372 -0.556613198212061 -0.33493556074996 -0.240980670571393 -0.00994560779478309 0.0174518372023673 0.338049554760857
-0.120671274570609 -0.0524136491278663 0.149091636277919 -0.257441072347599 0.532106560707617 -0.396751540471331 0.0757591248863925 0.0514818220139453 -0.0626048798572512 0.203403786168799
-0.184832860944362 -0.0344936663939263 0.140264659796805 -0.294466096993648 0.531344861434715 -0.391153763479976 0.0195697842408786 0.0432502852053322 -0.0942220250643244 0.215244669925934
-0.263696538180439 0.280791094418381 0.158538484287935 0.347076218423283 -0.515747322612306 -0.294082287845314 -0.293813526793708 -0.0479742562434822 -0.135846076406259 0.271839129714777
-0.142657100201387 0.25040776470973 0.222452516401828 0.601905064804278 -0.678086054821613 -0.271390523454952 -0.198468717461586 -0.100624222911341 -0.106554036609098 0.332515713996495
-0.24984260346299 0.247444696100914 0.158382406669145 0.364713749776255 -0.481551918439893 -0.260456454711811 -0.251369801175899 -0.0276989550004115 -0.0528898994683512 0.297718305477515
-0.0863334724249617 0.128403484967901 0.372160683273379 0.257104599748694 -0.0549928123970919 -0.519025448883761 -0.0789453390183836 0.22187744585285 -0.319961408411495 0.150301795849647
-0.261369174466071 0.314798148292209 0.111264420511345 0.399325950319123 -0.472277357029727 -0.251768353449108 -0.199735160741661 -0.090264716049331 -0.0634182340993959 0.355063992654887
-0.197412723535815 0.234672785541232 0.1660490955328 0.633725422871106 -0.687403871133872 -0.186239811882059 -0.190761558856275 -0.0875816975069428 -0.0416904686888352 0.289926213216793
-0.124616525111373 -0.0660001420821193 0.124218216395438 -0.245149907107077 0.510798377067754 -0.456090327956637 0.0440389884433344 0.0421735350827028 -0.116570309810948 0.24130987616382
-0.116050447494137 0.1486513596476 0.376438659922924 0.162774709830515 -0.0065022807319141 -0.473063275724503 -0.108915668500184 0.136287663793304 -0.107480025222258 0.197615707165998
-0.284948642794559 0.304481127335014 0.10701407517324 0.403414314439099 -0.592404286272642 -0.303423025881639 -0.26916640099466 -0.0472885740156888 -0.0657530766503503 0.286788424380024
-0.292058990501808 0.259442911255231 0.229476255447758 0.36523696095896 -0.504228098056135 -0.172653271273854 -0.105880710723864 -0.215412287068662 -0.0868224898661358 0.460830664845703
-0.266214668807206 0.251967562443023 0.162360854504293 0.347809586304216 -0.550094341367424 -0.166980217765894 -0.160524924384487 -0.190542794484188 -0.0816457201850815 0.406986140927452
-0.277080016121168 0.259056956642115 0.0711156341676341 0.396575752158953 -0.481441669258555 -0.275683415023508 -0.200187827342451 -0.0721823029199522 -0.0529173533244151 0.435748925376572
-0.131176372291863 0.201436611082405 0.169406005919341 0.602146775373394 -0.695312061209045 -0.207812183265521 -0.183616686720807 -0.0734237536112675 -0.077554283218601 0.360230625357321
-0.243006137642683 0.212662759208905 0.249027949043375 0.5866008546275 -0.602879238185866 -0.194570783949969 -0.173144474585634 -0.0551909305411444 -0.105022815518869 0.282543415720914
-0.216181818779787 0.234072860663445 0.147664414042045 0.611792006818043 -0.666329813445296 -0.1988844094028 -0.224301121327745 -0.0885845075249189 -0.137278075424819 0.365305698207138
-0.254436819811329 0.109552442758903 0.41954502420713 0.191081730743374 -0.223821166327375 -0.531022537731047 -0.0351399416445634 0.312297304331458 -0.0145636217454934 0.379813836409848
-0.0132845710972056 0.250533414457161 0.108415124284132 0.33387737318239 -0.273216063137537 0.172421729030955 -0.275311462170576 -0.292010040635444 -0.174487670198674 0.293394564352388
-0.305547845729367 0.341872441550065 0.321087647446876 0.541987920910985 -0.493148958122163 -0.213050017453788 -0.128645644164165 -0.0733907841956903 -0.165820304853114 0.369239651777586
-0.2456593309114 0.247482508998234 0.257301717707893 0.443065959946742 -0.606276210190152 -0.298259464437268 -0.295132937391894 -0.0944570478478154 -0.0108299788182387 0.321192098181847
-0.0181863338331513 0.0230096858687047 0.156226996404849 -0.20309960733221 0.521765553526491 -0.258696677452334 0.0605405903648503 0.00840279515396873 -0.0458520442747505 -0.0354826057341654
-0.248925829353831 0.180308697452624 0.388015839010244 0.143994758503359 -0.17074729969797 -0.522235298399703 0.0544111686107579 0.293391228405096 -0.0415783505409371 0.357714253715444
-0.056086125185887 0.149563844924612 0.37954829299299 0.259626847207677 -0.0938818715932231 -0.52828165415059 -0.0750514668724435 0.218555466032931 -0.30551243302162 0.144694459812912
-0.308844033643612 0.344094556039734 0.188471107187655 0.427975874356124 -0.547290672457172 -0.333166264828727 -0.252115902795747 0.00503915843244178 0.00363094343059374 0.352810255662921
-0.114428153078196 0.187454627338156 0.379248957341572 0.228008228818493 -0.0709123855567679 -0.495734282753743 -0.10272640755886 0.283428214192415 -0.289898124304854 0.196817202156969
-0.284761493157121 0.26091262666875 0.140134949159054 0.361401924842658 -0.511922759199711 -0.136430407156163 -0.179075451051873 -0.18708370111282 -0.147528051984687 0.403260976345619
-0.188849421343731 0.12437566967432 0.427542354131572 0.238140207792439 -0.387576456141234 -0.555322111552218 0.0347801399649181 0.269643679275164 -0.0451101324842287 0.300901367799973
0.120921473864215 0.0890073390995842 0.31012698821457 0.391206571078722 -0.675538785328707 -0.658869530353089 -0.304814623107546 -0.0459841895885465 -0.348371143456395 0.0954886778716935
-0.0697650404440374 0.130006646741725 0.415463723052155 0.179913297153578 -0.0721233772114103 -0.456283474254515 -0.215204087168977 0.215911537574826 -0.210214564877647 0.149020184860671
-0.27226604098336 0.254409369395293 0.118950526089816 0.348296994027041 -0.523717250452249 -0.309162049597327 -0.278182625773043 0.00636190513776416 -0.0612430066170213 0.294837337066616
0.0527925741136404 0.0411215643733895 0.126879490432768 -0.238089404868272 0.535984536407624 -0.191993278958992 0.141949310779782 0.0113703174250951 -0.0450686234095926 0.0868308875556339
0.110042277993962 0.0461989140616986 0.287814679730277 0.391568433950688 -0.684632462509816 -0.625097160968016 -0.324021465860692 -0.0680792551977985 -0.311025770960456 0.0829979440785655
-0.279231746671615 0.319545394494684 0.136483007703406 0.425293460154581 -0.622249473814194 -0.348762403316391 -0.262755110756808 -0.0333017667728383 -0.0372750433934946 0.305872431255111
-0.0913797364403216 0.150247115978097 0.335647970610919 0.196589554413129 -0.140288424283316 -0.531291851413695 -0.150476914195603 0.233923150942165 -0.324746799540884 0.170557229766121
-0.30500324956918 0.3096760160688 0.253793743012714 0.352814918856572 -0.543272698101614 -0.285738098981777 -0.27610663623189 -0.0284224546330204 -0.0648169174865565 0.324581559292635
0.0186415805862827 0.256896583003507 0.236867656684251 0.391369641246171 -0.269325368483101 0.191477147824228 -0.21620935766552 -0.331184910926805 -0.151241003571491 0.387043549497357
-0.197513115284142 0.185938900319637 0.232244723512414 0.508138734606499 -0.503002212801703 -0.230318708413159 -0.140871372443243 -0.183500618643953 -0.101709818383487 0.346433122877387
-0.274809257897153 0.2767273772558 0.166358486710346 0.346389403086667 -0.540652547536172 -0.160526715869581 -0.149462824753194 -0.198461158044134 -0.0680413864511052 0.410130486736684
-0.271429759842704 0.198697930448763 0.0509078793950701 0.574268424988115 -0.551301351856629 -0.092545703541284 -0.219398097235908 -0.0876897179549337 -0.0694128229911417 0.478710273912144
-0.0700625933429502 -0.130848689421399 0.206799052150847 -0.238334270746503 0.552472939444992 -0.384252662559328 0.252338416306947 0.152749001327813 -0.0808499791513605 -0.0765518088546734
-0.279007203906874 0.312589466472701 0.187495634453298 0.360138563805809 -0.549469773026489 -0.203773970494074 -0.292857362193963 -0.0936519605434147 -0.0771375481725003 0.293910463606911
-0.30914060362207 0.137225357286078 0.0776980146248104 0.32815960945314 -0.59201196018939 -0.159218010558585 -0.0739007307616435 -0.257856202041378 -0.341267766657225 0.523604899448671
-0.313035026003496 0.280907944308283 0.147227148296171 0.390206537549484 -0.524629692770098 -0.191439050910008 -0.307631857641619 -0.025139737673801 -0.106231999619339 0.223481728100982
-0.296073141599133 0.237244158375753 0.166897044901475 0.413669196700803 -0.530361285363219 -0.227321250511955 -0.300142580041772 -0.0839677142657136 -0.0829627907420473 0.211894675583172
-0.167140402267899 0.322134814630886 0.117095922379815 0.545678375685523 -0.565868500114935 -0.268704608275042 -0.268800336310259 -0.0693773456009258 -0.23022953980729 0.261467460066769
-0.207228188746585 -0.129770198483869 0.0810123055020924 -0.354493836562517 0.349198601783491 -0.329939514583009 0.022498902551302 0.175937220947466 -0.224956073926973 -0.21027313597794
-0.151722389469669 -0.0764259548574694 0.0252080472303189 -0.353629242519613 0.392486756226518 -0.351317259122658 0.0250558277423476 0.0835136877276896 -0.274917544057089 -0.161844253166256
-0.170545950750177 0.147991133717918 0.236999945447181 0.183825954723032 -0.0138767145274894 -0.483990538235551 -0.187064926355281 0.186518376800943 -0.313412936903626 0.121736785613345
-0.22377104989015 0.136173259767852 0.431719902692012 0.230849379506787 -0.391460444077252 -0.572810352398799 0.0700783282499209 0.246373500230565 -0.0383485551215462 0.332432518167282
-0.272682149555719 0.289563429974438 0.134725274157778 0.37002696671627 -0.533316932818222 -0.267740765033045 -0.275690911870152 -0.0303707442977169 -0.133192025263311 0.325361244237762
-0.193339291923255 0.258002268449604 0.179252662606248 0.606683993552263 -0.697192791957601 -0.205621128963118 -0.18617131426102 -0.0642732092868134 -0.0821362035704848 0.289824606753409
-0.155450546958935 0.244347564683717 0.194770179352101 0.59946149709909 -0.661393563197118 -0.201279246093399 -0.194685907107835 -0.0522797982313016 -0.0728730675853923 0.298577723888443
-0.292973347743672 0.0673984437384869 0.39887774512198 0.220919706885653 -0.303199501379925 -0.502689872224907 0.00913462080668848 0.227867260878172 -0.0189272779687563 0.280833962044543
-0.160868758901159 0.158940500370188 0.243361197022956 0.550818919584618 -0.593629535628047 -0.247946550141483 -0.170224838981002 -0.122653412142916 -0.0812599304980174 0.383820866182809
-0.199668509503915 -0.0170501363447214 0.123150214073421 -0.253946325655078 0.538708548995812 -0.41693558930283 0.0697460140203653 0.0479555787337015 -0.0604552159326779 0.152028195774022
-0.262155284718951 0.25596946439935 0.203828096832839 0.397990090980345 -0.57768327368106 -0.168961094238529 -0.176473345086614 -0.239848568562659 -0.118549674690283 0.481705937456823
0.110111276939973 0.066511353150286 0.321166885928398 0.411543430537132 -0.679095689187012 -0.639036977728263 -0.32602941917015 -0.0431120906356407 -0.347104539053016 0.102159709607703
-0.241297395310832 0.12011789212463 0.417487621354198 0.177245780627118 -0.211681048534778 -0.536479194856977 -0.0357644095534802 0.347638003225068 -0.0603410845050831 0.402583823247304
0.107952241525172 0.0477096762147978 0.313889011548411 0.385053389462764 -0.678775022393274 -0.648376725507345 -0.320574711343361 -0.092236973905019 -0.33370152276092 0.0806603047580146
0.0756543057427983 0.00395096211507982 0.134031641292115 -0.262686643782634 0.527123903650075 -0.158808280964882 0.101140362733083 -0.0136195237763811 -0.0660239170616862 0.0985573710377401
-0.0733476603069044 0.145676631537767 0.35213440913411 0.202421514530673 -0.0775804297361173 -0.413809397084829 -0.173055305189238 0.227926250903588 -0.186654585325409 0.136076803007464
-0.229445857520947 0.0832734669227599 0.462564746766481 0.181116083958725 -0.26555741473247 -0.557605668437013 0.0422128374410462 0.258103269137001 -0.0783791114023277 0.361573924047873
-0.175010489569792 -0.0694360624517614 0.140537152077408 -0.283720577057305 0.491089058935727 -0.36763398077274 0.0955261108907028 0.0606740031831427 -0.145219985319896 0.178666200879665
-0.295019464446575 0.243916520822328 0.229176800334116 0.553943851463971 -0.499910188674818 -0.218920970977035 -0.115190627199248 -0.197215659837956 -0.0642314263401059 0.256531160015251
-0.0493672587800166 0.193241662786312 0.380047497115974 0.25397024660788 -0.0792563026740675 -0.492192609552551 -0.0711836452044822 0.164911279877559 -0.269022817011489 0.182439192259152
-0.16600066198505 0.152537980891593 0.337281796966353 0.184593048501595 -0.238244742439393 -0.537864581033651 0.0219113318562178 0.360341626751387 -0.0547026949010375 0.321470122012777
-0.138497318677715 -0.0374340991737948 0.109800056476515 -0.248537624008831 0.531047219837363 -0.381912579357535 0.0167936963747667 0.0474978266816472 -0.114341684059812 0.23534010558029
-0.0298140531931116 0.0326546466041102 0.0253967674367855 -0.234582417350518 0.3526981251258 -0.268106030676911 0.218431788985939 0.0616700980442619 -0.0934252599305991 -0.0114076137697886
-0.263410913619587 0.122984500396023 0.424594509718341 0.206017487730081 -0.224665621768392 -0.573179699799716 -0.0369617612858708 0.256325731441648 -0.0725761257509601 0.324714179139042
0.0204911738389743 0.0208744058726862 0.11219064976606 -0.313839317739042 0.449986465677731 -0.20449346503509 0.178601142694758 0.0388017763781977 -0.0401834980645303 0.126475936403557
-0.147345573918889 0.236625544057975 0.179670363015047 0.62875437712352 -0.682321856945605 -0.198175847460868 -0.179416959081505 -0.0845621508582948 -0.063980706376538 0.330389017814218
-0.152525407897644 0.179720615954587 0.206553355933988 0.54494730620996 -0.611270242518677 -0.27112347340192 -0.177774650172089 -0.0904351559960888 -0.121168500635518 0.384194237585819
-0.29688691275507 0.377831490035843 0.251729488163267 0.584504708061619 -0.57373840233348 -0.209234752070507 -0.15460890396466 -0.140776105620405 -0.12740942797115 0.398658231276478
-0.30427157056637 0.270380990764421 0.211947116978112 0.488378724546069 -0.470400913025187 -0.227624178780505 -0.179276823234392 -0.211691618750582 -0.106106471835229 0.44322003725304
-0.116989980605974 -0.105015376340179 0.111424271304137 -0.272490739434316 0.509899260150642 -0.458406899591773 0.0413248801753838 0.0556446953990626 -0.108961941630159 0.231706580692315
-0.275457815005419 0.310840501275319 0.128758860083829 0.39119905789783 -0.491427970414583 -0.295850231771559 -0.327896874835283 -0.0223529961322959 -0.130250742375652 0.333334853365495
-0.131613909743064 -0.114651626486565 0.120229366453996 -0.282347431208709 0.494910315713581 -0.388520503450508 0.080461409721143 0.0489686014867345 -0.118134337079733 0.244247180275462
-0.223519790632589 0.179627309906235 0.408087279395028 0.212279008779142 -0.218930849159415 -0.554285171818685 0.010371439939914 0.240538297437323 -0.0338048979894139 0.281682615421432
-0.171790333413099 0.19077122159159 0.240581444626815 0.544028962225138 -0.622516523755883 -0.252865039546625 -0.178357974782098 -0.0770077129497126 -0.100080951740959 0.389209627699409
0.0675183218049985 0.0147296044761988 0.162100859702278 -0.272626085608805 0.52228554873992 -0.162624955782082 0.133798134657239 0.00877498686087664 -0.0641827243872501 0.0899925031393448
0.0526909768102758 0.025274281700641 0.139332934023911 -0.254695616428741 0.545952999514213 -0.170985259300656 0.113244653045224 -0.0077270300988086 -0.0364734184315281 0.0729749639909721
-0.337874732289237 0.30419068272849 0.211668535129774 0.399931752107482 -0.460374854351598 -0.202700148236392 -0.161038396974244 -0.236663182338149 -0.0776744081003074 0.427044540053305
-0.168818487298787 0.206399150818044 0.168692668173482 0.557760696184506 -0.642714233961833 -0.201376376834232 -0.237528013679171 -0.0846939818736692 -0.114046350320029 0.360327614856055
-0.294325525436277 0.276540882410418 0.161446346242696 0.393489976765166 -0.52458278194348 -0.15879072814533 -0.182019255319674 -0.166285566748094 -0.128740172001813 0.411155481645298
-0.042926714429244 0.152806808919711 0.396465598532707 0.217093869306692 -0.0674405355668492 -0.456964245896988 -0.158996530447557 0.273533617651487 -0.25144060181844 0.193408255515318
-0.0374659970083874 0.00317141396772125 0.0277373818398253 -0.225910879488792 0.354047756547263 -0.247259724806392 0.206003294367043 0.0364084341861851 -0.0848515752552982 0.0138237074756175
-0.130333802187308 -0.105278614974091 0.133212704764349 -0.318692349081172 0.527572484827793 -0.412315248162158 0.133579452226037 0.050983867422887 -0.0780583073112041 0.249129775786347
-0.302492945236195 0.309366233197329 0.263752387141256 0.353915217914459 -0.541914416639864 -0.244841518990373 -0.314768726182601 -0.00476010374913796 -0.0909476349286733 0.293180540620962
-0.178333271542808 -0.0279860498658507 0.126820240219384 -0.269105043023724 0.502769769240887 -0.366029823226136 0.0541588613436343 0.0347439194479645 -0.132764502041443 0.182629907063817
-0.142570031007806 0.2496206256618 0.202731481128518 0.614828791078649 -0.671558008489212 -0.170085947832358 -0.236909289825556 0.000121331891321174 -0.0510210793948468 0.309913742527475
-0.0459061787482832 0.132776793965803 0.400327091127346 0.191258025732319 -0.0749294965241166 -0.406678728114428 -0.176150761987955 0.242806019128353 -0.18143334324719 0.131566374477638
0.137454549795747 -0.0879940809107625 0.205049757097899 -0.379729547796973 0.43751580992256 -0.234531073499056 0.22342642028182 0.0763301716674299 -0.0246353294525811 -0.0643354163673247
-0.298594500016688 0.280649505698487 0.181994811897081 0.481218944972814 -0.442257818896317 -0.244482769245056 -0.155338599036941 -0.222823244895202 -0.094833846236712 0.432513604350017
-0.303686760339277 0.265263324550948 0.138589741105193 0.368519802865731 -0.532844652635721 -0.125658743357655 -0.169239747968372 -0.187526430906689 -0.131157116822279 0.411390097691989
-0.255837434397616 0.246157988896237 0.147082380527558 0.378377899127855 -0.479523014076909 -0.274220143262655 -0.296163892826938 -0.0352552905788366 -0.0770358605854317 0.277236930824139
-0.0375418996374509 0.0335325172809128 0.131586800456645 -0.181106322841589 0.533592423550222 -0.274144563841411 0.0361804459996646 -0.00194761863909707 -0.05436896007074 -0.036002362008145
-0.103653212577248 0.0996218350368847 0.335580211920686 0.165487856292232 -0.122972174536507 -0.450729706912261 -0.207776968335715 0.248817391955175 -0.146871142597305 0.150631575995637
-0.302053476443489 0.225335043884038 0.154734015458064 0.380503708743284 -0.503018613391752 -0.235340858340628 -0.289874280915472 -0.0704813220619144 -0.0679053478323071 0.190190116567405
-0.18132053984123 -0.065204418068469 0.0746204543220924 -0.31934214341805 0.465772996217853 -0.374451146165096 0.147023324985306 0.0447920949219693 -0.054198681573375 0.154061704682938
0.14523379616774 -0.0517083633805136 0.22447133654425 -0.346260159220574 0.392106362291399 -0.185683216864238 0.0871038800337723 0.043542926553886 -0.0587949868896641 0.0509022070020836
-0.0641131045733186 0.169431386165461 0.312768918044554 0.112204567432455 0.00290952489961371 -0.464319609507303 -0.315266352663529 0.271156535747591 -0.279106250331984 0.0460446879733343
-0.206069103440257 -0.0876750216768417 0.0601226555732104 -0.368459999243299 0.387583488630641 -0.313398585972529 0.0410815369059257 0.150587459278211 -0.261005106346052 -0.155209688646182
-0.152207731462928 -0.0582682519774776 0.0818795354196165 -0.328351574239245 0.45118981209991 -0.381364899651843 0.195782261628217 0.0455129745308626 -0.047558693690434 0.156197340499755
-0.175169803200751 -0.0683336185240542 0.0635909743653601 -0.312405990382404 0.525261127941681 -0.309908537283845 0.208328083921299 0.110616304247122 -0.0269775680682355 0.1556145717721
0.0959583273947228 -0.0630155674528688 0.224366465732675 -0.334991914654905 0.281013103992655 -0.2246888251424 0.0522875342775672 0.0400148929314224 -0.147089971375882 0.120244454198983
-0.102377500142312 0.170621450311567 0.302866206860952 0.177840330724642 -0.0776385003638256 -0.456047829601731 -0.207291839295425 0.214774951016547 -0.290769793957565 0.0920479239071814
-0.206069103440257 -0.0876750216768417 0.0601226555732104 -0.368459999243299 0.387583488630641 -0.313398585972529 0.0410815369059257 0.150587459278211 -0.261005106346052 -0.155209688646182
-0.0367860904729582 0.235941953566525 0.410715442943113 0.199493713348941 -0.0995851408807291 -0.550893857678578 -0.179073070583544 0.238734281058622 -0.291968875301882 0.126790927032957
0.0592407021372934 -0.0857171327860689 0.060094486420594 -0.400115059656122 0.469792351863046 -0.402643034240913 0.0445981452047645 0.06836105281265 -0.265440462262313 -0.0894723933490624
-0.135975771052883 -0.0696704522189581 0.0680925116230039 -0.368472886354311 0.37799818015935 -0.34617813751104 -0.0124893471811075 0.064514355874866 -0.197749097302692 -0.204574429981775
-0.273264772702696 0.366064224555012 0.200122111747354 0.338168557387795 -0.390530809215618 -0.221527251993887 -0.236792248051728 -0.0997445827376372 -0.0890165086927562 0.288688438111954
-0.132541677540847 -0.0500224750803569 0.0793671793233356 -0.342612197424625 0.514600447958623 -0.333533737236197 0.202397148276131 0.107241163993052 -0.00602062248252894 0.174182340922935
-0.208859066659645 -0.0433522406562586 0.123464233112642 -0.246080611823422 0.494258472384094 -0.356606957936391 0.0360189226959079 0.075377711464203 -0.0954858572250036 0.234676353014033
-0.27332616194795 0.340346783146919 0.252088144615484 0.411349763672286 -0.45007208803251 -0.327377301269753 -0.263383033637541 -0.0475814107228462 -0.116347501742367 0.240056706664289
-0.291974387724721 0.0754775476863416 0.390906297144623 0.20773239485871 -0.302745321780303 -0.503996689176351 -0.0187965316213476 0.23380544614044 -0.0264393150253568 0.308440089010093
-0.0397033098934641 -0.009519293329395 0.185737295040284 -0.158444606124294 0.507213548613526 -0.213877293469133 0.109306550423319 0.0600044950127965 -0.133451076820109 -0.0460013212326011
-0.303184116061756 0.294872406871271 0.260001399345865 0.351080505728071 -0.529460564186061 -0.271225149199131 -0.269949556930224 -0.0196624035258587 -0.0648525206267314 0.334509349945217
-0.115063647952144 -0.118490326323841 0.127778751822551 -0.283788411059474 0.518104723463286 -0.428979597251318 0.0841327544257475 0.048850810439391 -0.108818661543566 0.201147151732625
-0.141864727979816 0.224542232663936 0.209262363540698 0.547327527538362 -0.645343569479836 -0.190016324621897 -0.203007760806265 -0.11789969710928 -0.0772406234334026 0.320566276944493
-0.0165050266816358 0.0475249924423565 0.0141826289425141 -0.272500253946432 0.394872249155534 -0.196717389556174 0.216937010044942 0.0580150723851924 -0.0717596723007462 -0.00583317086674912
-0.158002352471743 -0.119791696624225 0.128402086899446 -0.288182305978742 0.50122727654388 -0.395409093044294 0.0994780738522023 0.0958634573136991 -0.0840287594475078 0.250826916841288
-0.116050447494137 0.1486513596476 0.376438659922924 0.162774709830515 -0.0065022807319141 -0.473063275724503 -0.108915668500184 0.136287663793304 -0.107480025222258 0.197615707165998
-0.0598907516626968 0.0336037898135829 0.143453045748606 -0.270767249234026 0.522746486134005 -0.24248481829099 0.0922138939855856 0.026045029509854 -0.0328440728168365 -0.047419811092669
-0.0954244781650172 -0.04193547304748 0.137164413092259 -0.174808573197995 0.42916495179213 -0.281875529711204 0.164752588114023 0.00807357278927892 -0.0699111634511498 0.027724081595324
0.092898887793177 0.012645044395482 0.132204630117276 -0.267948882344567 0.54701484997624 -0.145477460628379 0.0689454816151327 0.0338737006743168 -0.0591137838132225 0.125831071544307
-0.0335753616059869 0.024419987498934 0.140715712019857 -0.246644839881861 0.530605756659366 -0.266110178398924 0.0553582467027221 0.0185356335139791 -0.0671210775818941 -0.0547660701923272
0.0872750272603052 0.0318312351756821 0.125010134707023 -0.240620083443584 0.543059098962699 -0.152116870122135 0.133612432041292 -0.00580578832770386 -0.0537406608753323 0.116650579637693
-0.264550072104075 0.321062555553116 0.116625195847172 0.37792456363297 -0.48699578125471 -0.239558642333528 -0.221701093957162 -0.12169958764895 -0.0152190886010494 0.381277338070356
