-0.247923415470005 0.0993734298407696 -0.0884118077715798 -0.0682981019991282 -0.206231235815951 -0.304439224515609 -0.110799770072835 -0.243236023991159 -0.0186805335872614 -0.0620177392864558
-0.172081053142218 -0.208734064169427 -0.0360551109142247 -0.0739679021788433 -0.431787705424582 -0.208802523345027 -0.202643653450041 0.00171550869895003 -0.0412625456838919 -0.121870134617533
-0.19147358544047 0.0506291708174562 -0.069588545455307 -0.0555113123607393 -0.270768254081583 -0.259878680790915 0.028029849741079 -0.263257278282908 -0.0317010226141512 -0.0755417730460799
-0.284991087270884 -0.316074744303861 0.0497182639051093 0.121310769603227 -0.136781843408128 0.174453547832844 0.22618898689734 0.102263822767471 0.139611706993713 -0.0732182546258592
0.0933207478313214 -0.0299732449348104 0.0573467468566644 0.24813688994985 -0.335433054272586 -0.0838973255770331 0.0312502874879519 -0.14824943696331 0.0159791189407568 -0.171485729503776
0.10144010770734 -0.0305905479466215 0.0487155319614022 0.248829783729148 -0.324141346825517 -0.0730592761600145 0.0342139379002657 -0.154469900221835 0.00107237060469745 -0.184096889756888
-0.17080667277124 -0.168669179393802 -0.00877385397434977 -0.109868112895886 -0.187761548960611 -0.109142632299084 0.0549813749580004 -0.211255962991329 -0.125598572041374 -0.142500235972255
-0.185807167882154 0.00228479971134182 0.0111116119583957 -0.148772238457636 -0.184418331565718 -0.122953333389195 0.115686085281392 -0.274398422807773 -0.156505405160563 -0.126037983614675
-0.0961874253196849 -0.154830825128104 -0.0514276953433764 -0.221744692359999 -0.122058888710814 0.0184850677747891 0.0978707610009404 -0.213529499847019 -0.099024951486773 -0.119214052345987
-0.107527820022051 -0.144023934425847 0.0839070859233612 -0.276362302178195 0.0236128852703428 -0.0830021418323484 0.0552245604736183 -0.15268237655848 -0.176622218228652 -0.235816379237459
0.0731280327786405 0.091289854168202 0.0843770526264266 0.160235654974314 -0.1626139623688 -0.0879612359251221 0.0903735724060611 -0.0888954531710629 -0.0375637676487257 -0.119855906530064
0.0836219736576501 -0.0931311585697513 -0.031469551282457 -0.0877710095587614 -0.347331461321749 -0.222210496550261 0.00275213932253595 -0.052769793085659 0.032027028900992 -0.130960983177601
-0.239668745855735 0.0639148218544225 -0.0262851914500722 -0.240265515877444 0.174918846134894 0.0426886984039399 0.144090180533095 0.0659165334403718 0.137636204323404 -0.146919675071154
0.00505486467346321 -0.170007384059735 -0.0697139625031745 -0.0692348917391273 -0.362556200011434 -0.0985258238533906 -0.147002832970569 -0.0871902620973034 -0.0235082293024769 -0.210675074367862
-0.127723504139136 -0.170358208001331 0.0415213095449264 -0.294629768808669 0.00387297460764511 -0.101612792184178 0.0682340086175941 -0.159467991444757 -0.154268393965997 -0.211546313985006
0.0316207784567246 0.0661219174657171 0.141371785452178 0.114498434263547 -0.239311257464429 -0.0962713727360263 0.100099540024773 -0.0544222837248799 -0.0618964424370797 -0.128653680991087
-0.183518269313355 -0.0257885421263168 0.179703294721874 -0.280245805785337 -0.182390180257053 -0.0570150396853219 0.150545801064198 -0.375272941522299 -0.0711260065742235 -0.0360314177202314
0.00600193880466417 0.0586247662867634 0.115147013620906 0.184671413602756 -0.177128409235574 -0.0962529077920061 0.106632033042436 -0.064674393854107 -0.0609005240772485 -0.112100423493856
0.0380763656595769 -0.0461172468852562 -0.0946466594597754 -0.0116182235924976 -0.209538474891152 -0.239379659893705 0.0279096856312176 -0.174595804677839 -0.0530640282016239 0.0235860748202093
-0.0361245992040395 0.0990572098419935 0.0139870921018349 -0.114991149378195 -0.11249983695323 -0.225226422215942 0.0482943564180276 -0.133137090741839 -0.187848903069708 -0.0349722257049316
-0.137828988303537 -0.0462734470926075 0.157011087655083 -0.296244787123936 -0.21253493932428 -0.0552085893336941 0.186144141798374 -0.319108883217436 -0.0603753606947827 -0.0902160153642195
-0.146961832217343 0.00696172550079649 0.101998386032654 -0.200342484230046 -0.166625095932341 -0.135593098875905 0.115655742582046 -0.367926458155838 -0.107968194627564 -0.171255734266218
-0.112814900067326 -0.230965428080089 -0.15661407605745 -0.190887555168913 -0.390596781652212 -0.0871580452037298 -0.12502192317766 -0.109939913793199 -0.0300816939480066 -0.128494900225073
-0.125709543603618 -0.173553524297238 0.0581876631196703 -0.266166558866965 0.000276974298783466 -0.0938446045749629 0.0404680714288285 -0.163272927793415 -0.194504409522245 -0.226352460591455
-0.174053604762325 -0.196008128484765 0.11426635337551 -0.271825451741993 0.00259821185489479 -0.0862117423969952 0.025736501733148 -0.168474816400869 -0.18114235393747 -0.21918804054061
-0.161074142340373 -0.0719272786931323 0.215892019299792 -0.253409738710204 -0.127883139139102 0.0113233708392622 0.190577511334866 -0.382164138423523 -0.0135380954791167 -0.0531048131769282
-0.000507390683625677 -0.0436513415374161 -0.115447978356351 -0.129695777479795 0.028609541064636 -0.0295206429514004 -0.0753024524543006 -0.0901691093884334 -0.150552377076611 -0.174187647718526
0.0903094678226442 -0.0189538077633964 -0.0628287395169161 -0.00406965886787282 -0.363164452576991 -0.31741957824214 0.0332720976099538 0.0582204018153262 -0.00113757427821872 -0.0890632297658678
-0.207910416086672 -0.112978019630649 0.0416285723210859 -0.206218402088293 0.160737877566545 -0.155114221365657 0.0299846122916728 -0.279818031430687 0.0503024470288243 -0.139682611210681
-0.106555358142083 -0.106522213940579 -0.0298981390003261 -0.225982227229 -0.155146658202689 0.0114207506468853 0.102174320066571 -0.193118336434389 -0.0582348629100811 -0.166517075063429
0.104549261912557 -0.0472251549018862 0.0959148193643338 0.276806589038541 -0.169027675636418 -0.101863187006673 0.228099425311176 -0.0705880687813342 -0.0497115363199706 0.167147881258223
0.0215374656778013 0.032901999768192 0.110961698275888 0.138077281096287 -0.223400401484074 -0.0673415077022887 0.119992608793899 -0.0684137747461168 -0.072540209563981 -0.162341356648375
-0.0285882367861035 -0.0216072975514269 -0.0846389404514969 -0.0560048936146274 -0.121827710860427 -0.195054358763515 0.0907232357769624 -0.165082878645935 -0.0222884712869101 0.0543943471002715
-0.114366550352861 0.0262380124980604 0.119695468743439 -0.189596278266982 -0.138857824579018 -0.0989590736546203 0.148507340251939 -0.367317430081556 -0.124673990516428 -0.16880278031235
-0.0246805312731295 -0.0570806604944526 0.0164713728706687 -0.0860853290251019 -0.0833968819476795 -0.163434756007377 0.0232371162744099 -0.235243162808782 -0.149070057444824 -0.0719522571695373
-0.312217127960774 -0.237897799745942 0.0488535926651127 0.0813010235416375 -0.0921244891952935 0.16168959422408 0.209337660810753 0.00263780325812114 0.142077528693772 -0.0702891739850248
0.112648423090189 -0.0325557000217238 0.0890315561526358 0.254460380032897 -0.177368636687032 -0.106218883522315 0.200314402829039 -0.0666284991264249 -0.0262123569595622 0.104349218635567
0.135496486450036 0.00732791417252119 -0.0163190956628344 0.299887608509334 -0.126560487395892 -0.275758673274524 0.242065341193161 -0.0478908000024571 -0.0552781998770585 0.238254082303765
-0.168290364465883 -0.158936230217545 0.0509578796186273 -0.30156905278736 -0.00713965720675764 -0.065252194038548 0.0652399145043966 -0.160996193002321 -0.259521683327451 -0.266310086489924
0.0591243928247317 0.0649915551840108 0.0609408547406726 0.194275588457825 -0.219118762728276 -0.111209053337701 0.116392256855738 -0.108186733270031 -0.0254028863576897 -0.125872584080521
-0.239098506828206 -0.22962996973972 0.1296397870797 0.0405258380946975 -0.00450517877209887 0.0787421606874633 0.187851960005802 0.107553215395225 0.172195120084321 -0.037549513712416
-0.0347070346376403 0.138796040740447 0.000677589486305944 -0.0769729804114931 -0.120375355846477 -0.176312888565641 0.0296818083498206 -0.169702839505289 -0.188433317439699 -0.041579929929947
0.0941050786255081 0.0189987523641556 0.0166659050397868 0.272110987082376 -0.122617081316835 -0.332890803532328 0.229536551970133 0.0257143477403092 -0.106247241292559 0.213196451195357
-0.341250577725604 -0.0985999115886762 -0.0386134129305143 -0.317225208885924 -0.0742711533918866 0.00491861747593637 -0.0824525592309108 -0.109013440475811 -0.233439984782953 -0.248779160813422
-0.169643689166246 -0.170214740737479 0.0536338736793227 -0.281994770072881 0.0232071213065046 -0.0799149647072439 0.0344281397869805 -0.141892583268185 -0.231305048863751 -0.190161630305055
0.112547604264402 0.00633623993047783 -0.00174429647743056 0.317730249561639 -0.109242401548689 -0.260411350394312 0.212462852059996 -0.0340374020903249 -0.0859418443080346 0.288238092662802
0.145160263859953 0.00506592033073663 -0.0191197790289249 0.323524964672584 -0.122013984180085 -0.250418620180221 0.205669649803838 -0.0227158694311824 -0.0730867469495055 0.288681901960169
0.0890507089710076 -0.0899583135647838 -0.0940899334595461 -0.0863051445933349 -0.367492524661127 -0.20351040783977 0.0455968292258619 -0.0289226383354148 0.0663222602455969 -0.161975348670326
-0.0284043894774652 -0.099005217029616 -0.18241775315124 -0.125123888099208 -0.0539033849401858 0.0137579033312459 -0.0706846688675976 -0.111220430318858 -0.141301422113335 -0.151888639573181
-0.207122219420033 -0.118818051984401 0.121802082241353 -0.258385093475258 -0.152391175069846 -0.0108813884382954 -0.0973533406576603 -0.280419650616842 -0.179606469935934 -0.180980127505732
-0.212636795600891 -0.140472872989139 0.130064096938586 -0.24645776172567 -0.131089198617175 -0.0587354200713282 -0.0783986024919074 -0.274997776627742 -0.167490234456169 -0.154741022137543
-0.172240035564456 -0.155084296126508 0.0503046210761898 -0.2997278758891 0.0113264154998228 -0.0791450573582579 0.0549776210320898 -0.158180577724616 -0.244812937249323 -0.243269997932659
-0.183409234905775 -0.190917550466477 0.106848244369933 -0.274236102269469 0.00101682988352001 -0.110640437727175 0.000285633030920157 -0.179839157128614 -0.206305214108003 -0.231604737024336
-0.139368155623557 -0.185812550528743 -0.021462636508104 -0.204014228959421 -0.14892066101628 0.0180073417036115 0.102175615136307 -0.246270626764859 -0.0598338514558649 -0.108907374714024
-0.16594900311267 -0.187019006097865 0.0835081192293541 -0.265732179828811 0.0315784928749711 -0.0751838070290494 0.0356092322627545 -0.18420989586429 -0.20643546319587 -0.217410717222688
-0.0323872025613153 -0.0696222909825164 -0.0259063946800584 -0.0447025829784704 -0.0906857992229978 -0.264948035582857 0.00856998813657779 -0.216228691682678 -0.142062791015251 -0.00751790651683604
0.112547604264402 0.00633623993047783 -0.00174429647743056 0.317730249561639 -0.109242401548689 -0.260411350394312 0.212462852059996 -0.0340374020903249 -0.0859418443080346 0.288238092662802
-0.150440610603052 -0.115797625867055 0.0658968745608661 -0.328838129578899 -0.00346103618032709 -0.0716733957537767 0.0627327748898777 -0.150444933151696 -0.221425915292953 -0.219026707518321
-0.266809497314685 -0.131785005531463 -0.0311663535234115 -0.276442818769605 -0.02386562094573 0.0210158215138516 -0.0737776378386632 -0.168674943444556 -0.216891372643315 -0.257779129448452
-0.153115350597069 -0.173698859453026 0.114136240112273 -0.283196082104437 -0.0426943991906925 -0.118026800926377 0.0987534155771721 -0.171820222332842 -0.206785897306214 -0.264711961804599
-0.00967540973994559 -0.258415269247638 -0.0485340188041805 -0.322366118888301 0.0298826453881247 -0.146233586800853 0.0965640420897413 -0.0814095699001557 0.0798854845246855 0.0327008919757204
-0.100425094233055 -0.123141402431519 -0.0363164088801266 -0.20152683076462 -0.119585643392033 0.059511275254737 0.110917444754838 -0.194393625787459 -0.0841234393179958 -0.127124320228293
0.023998799991554 0.0492787836226156 0.100773526387469 0.157670817869556 -0.20959816083295 -0.0532045579560796 0.126784054202901 -0.0670884430016806 -0.0659127484877913 -0.157519611921601
-0.0357031624515755 -0.265463927452846 -0.0772257142314235 -0.384107010335578 0.00328112156109105 -0.0972594298996252 0.0918212215965382 -0.106133295102463 0.0610274028917946 0.0377827857018806
0.0855726067255942 -0.0697829723034775 -0.0927439810686137 -0.144555273400506 -0.424918987926093 -0.14571876075563 -0.024235199112457 0.00593704769884074 -0.00681870807958163 -0.114087558416773
-0.144677987360836 -0.0971149748609891 -0.112542582417157 -0.20717786485776 -0.0414862664169523 0.0310605259118903 -0.165993663474547 -0.161738732345234 -0.155166645950414 -0.180538533127526
-0.0836713193668783 -0.1102236435456 -0.0156872214386 -0.0616940512117042 -0.0856668403519476 -0.155267787957913 -0.00517059596166819 -0.185131899214 -0.0991563682527172 -0.0708946985769403
0.0721013830955775 -0.0884111771655413 -0.0568812130903241 -0.109631240294458 -0.381840488672994 -0.216211232626037 -0.00057243473888266 -0.0515616943546055 0.0222848456886784 -0.151831426143365
0.15559424914906 0.0211462035283138 0.0113769947412962 0.241852281735459 -0.220815556254481 -0.105769669599634 0.0740688298110661 -0.146977527031088 -0.140387874502303 -0.24388126329695
-0.0569485733649198 -0.0955617259164928 -0.199967164482612 -0.118030132424743 -0.0427820239519657 0.00812614730862728 -0.0857850510640958 -0.12865386612182 -0.137545039538725 -0.175126437125655
0.014609329176949 -0.00427788432312693 -0.171883770438764 -0.114900391909517 -0.00817283205482275 -0.0574185358023343 -0.0525110724232977 -0.0775981162205971 -0.156902603860389 -0.23387920656132
-0.255530731387241 -0.202902054209703 0.0698239302504325 0.0666925728396478 -0.0618479758917956 0.0508162338833575 0.197445613625361 0.15835418531824 0.14518809390243 -0.0697001142869899
-0.145593677320392 -0.303841625372554 -0.05232423263588 -0.0299385233212429 -0.523755509085651 -0.143596701040398 -0.242667373311204 -0.0354294432192942 -0.0164133800703955 -0.14780882235975
-0.152419817240456 -0.103319289453621 -0.121493487905404 -0.204155693430988 -0.11920843474228 -0.0293500788890349 0.0654909643663271 -0.289054060368314 -0.0644720289488348 -0.0587052422153746
0.0838408628635243 0.106257549888271 0.106879668468899 0.144670194313435 -0.190899579167374 -0.0924655660639595 0.120260738589067 -0.0986446302737918 -0.00362375399737302 -0.125031854159435
-0.125571236132467 -0.226838561712003 0.0257496471944356 -0.274172907165163 -0.0526490856879846 -0.117518631519728 0.0211551928741647 -0.185309984153961 -0.210977203692682 -0.234823946563296
0.0630539290281358 -0.0841036812253769 -0.0915652194135312 -0.138216032779277 -0.400273413075069 -0.168491621377502 -0.00479387292345553 0.0213322232002484 0.0035814657790144 -0.0638297609840609
-0.14490559630277 -0.0107800581139105 0.179808330384952 -0.321435320569669 -0.14977932215706 0.0235847135897979 0.159484642044184 -0.396903935689264 0.00270675412841642 -0.0148215672728024
-0.135980598106644 -0.213661118336337 0.022987480096763 -0.263774063025908 -0.0487571587652081 -0.102514180735681 -0.00630236677637576 -0.191502136781498 -0.207919948044879 -0.235467147583531
-0.00158946198327008 -0.186837576510955 -0.0951166683283824 -0.0708654885523011 -0.227380141289986 -0.194731666791551 -0.231151548217338 0.0962716182220449 0.121975453646075 -0.0796790060119807
-0.173669398840237 0.0878059820249649 0.0933972987342649 -0.249190934452377 -0.19090795796147 -0.0679868980030117 0.0771808939514322 -0.314547517221979 -0.261197136954206 -0.331676938232593
0.170046156593326 -0.0514619118429408 0.0904319702816065 0.291379604237944 -0.129828373732287 -0.0855656924416163 0.243192605812069 -0.0437527231236186 -0.0134083082841425 0.143517915813822
-0.149421667893571 -0.212872964075343 -0.0308210357204557 -0.216866156866545 -0.196792936348019 0.03266835444305 0.0488994270034619 -0.242226821353543 -0.0688377172603639 -0.103270826929134
-0.0346761802317083 -0.0340555773720195 -0.074258535929611 -0.0401740851171256 -0.175163974567548 -0.229990470577241 0.0167979026455257 -0.114979861736726 -0.0754200704929383 0.0346861926459885
0.00101567189671468 -0.103269985859215 -0.0320260735491585 -0.0840565785292057 -0.0792156280980972 -0.178219299428878 -0.00390800824404282 -0.190765261422016 -0.117909961347262 -0.0574440915709166
0.135262084304791 0.0145690593681978 -0.0290377145712595 0.289652067259645 -0.134298111798928 -0.287554526392301 0.229687708044528 -0.0516462004082468 -0.0752047372201413 0.251402638087759
-0.0876993988749486 -0.153702826054514 0.01943248473854 -0.192629493674407 -0.179767139678043 -0.0317364898030762 0.0452235558873536 -0.253272880668 -0.151405000290186 -0.0686584903322831
-0.0671934041573234 -0.0786647230602423 -0.165123035738123 -0.16364215822656 -0.0894314323323662 -0.0144852077875216 -0.0490839060814429 -0.0797379966494497 -0.149421873553071 -0.14424532799035
-0.110260673786149 -0.0646128281807761 -0.00728117800551552 -0.00467013385617179 -0.094141989614425 -0.222705593332948 -0.0633332806293196 -0.199593232189434 -0.107992427155001 0.13703843230119
-0.0315333488943598 -0.106177790016953 -0.0222733747118379 -0.010949707371873 -0.0814205399334349 -0.143217062953577 0.0070565191009247 -0.230490919267089 -0.0914977265663585 0.0192670114126706
0.119301124637875 -0.0634981628605184 -0.0410615143963198 -0.147292056520705 -0.387704549152582 -0.160251878358209 0.00872389874213221 -0.0151198247041882 -0.00378446417414655 -0.120823983929804
-0.0183714690491472 -0.0682621899119904 -0.038548960056779 -0.0425698830359017 -0.0961220781075796 -0.293604843444058 0.0164347732443893 -0.222029858429791 -0.118796065379653 -0.0313556609121309
-0.136255538018541 -0.190433738987867 0.0685722502827775 -0.320939919873336 -0.0686405191835508 -0.0904169976735552 0.0482887878087478 -0.193408717571398 -0.243787011185866 -0.243741850145846
0.113731746727153 0.018620731060146 0.0131442041517119 0.31322733489557 -0.114099311249588 -0.276851472397856 0.219398215973583 -0.021696156718003 -0.100798797855457 0.276864645729179
-0.216773827194762 -0.186145090336261 0.0203013590274326 -0.243354435230333 -0.106232525994297 -0.00508281199026799 -0.0530813157239724 -0.13041176937153 -0.229453132100351 -0.31587488352383
-0.236030192783292 -0.212473234243945 0.0372408426431493 -0.196979311604701 -0.122379348813428 0.0209528387141046 -0.0989148050214849 -0.166545635388697 -0.24185498212454 -0.302104823243547
0.0211517561434341 -0.0647026374010187 -0.110554968140724 -0.142318740322647 0.0112796397962582 -0.025579814736314 -0.0845413307623286 -0.118841927022267 -0.122091830704608 -0.196892331538093
-0.158884859740956 -0.2146167430681 0.0538928787208061 -0.253208613575054 0.0166034662478682 -0.0828096202505157 0.0201154394223763 -0.19140098961797 -0.19421363192057 -0.193767386222009
-0.208617528181144 -0.126597506175065 0.0860898442257895 -0.229952914204844 -0.186062738760106 -0.0948129403267866 -0.0881985395500222 -0.256190738990359 -0.209461655226728 -0.177366748491678
-0.114860380515185 -0.16823992939677 0.0268952867442216 -0.261256384117078 -0.0821654706622319 -0.103810033931279 0.0476714517273474 -0.192080140882515 -0.223479599536153 -0.199569917277666
-0.151234661733878 -0.119269401522193 -0.118747345836392 -0.129807043753863 -0.0935738986640699 -0.0552609835526987 0.0651565787532567 -0.281532084088374 -0.0265380738989651 -0.147942483134893
-0.0182011250450462 -0.216322838620525 -0.0446664631481624 -0.127675988936973 -0.239798267179489 -0.241470152930595 -0.170836037972683 0.119787481318341 0.105674924635826 -0.0841876177118836
-0.119165024312641 -0.0718190613332738 -0.0151523884520654 -0.00342088895063676 -0.0818149976123014 -0.241142931195507 -0.0772451758515212 -0.193942656150217 -0.121519351265332 0.137112867953565
-0.0568174947673465 -0.0554151398387198 -0.0788833619741055 -0.092445178099268 -0.072346585173067 -0.277603903963958 0.0390196034855777 -0.230661957219117 -0.0843004230011007 -0.00682949170856631
-0.0355605721509119 -0.0376426963384464 -0.0809931698596785 0.0126309182571961 -0.161750452995483 -0.183658434047743 0.0382505342689296 -0.146504162384545 -0.105607379078898 0.0434294824584522
-0.0221413354487157 -0.0709341608075481 -0.0812555897036789 -0.0419732240229341 -0.129786594579307 -0.216761020378191 0.0713569467619042 -0.140313504923507 -0.0347530310096958 0.0809635577118874
-0.100614012099029 -0.115224535624148 -0.0354208741462287 -0.222369026915434 -0.145820377280759 0.0204888066097709 0.0976527595075079 -0.205610156366338 -0.0623068300986137 -0.165979609373484
-0.00372129448629299 -0.223443610934251 0.0213745767293454 -0.32729440471562 0.0420388274389446 -0.0847472403166282 0.114434906783291 -0.0253442682993424 0.0540254952205005 0.0253560493127095
0.200550490749892 -0.0204712080084588 0.127510612814479 0.306308744905109 -0.139174027280006 -0.0922451278054756 0.272984100971877 -0.0349092975157039 -0.0125551845012328 0.18595020179211
0.0269159985637129 -0.266377505627759 -0.0196761675806238 -0.337689578315008 0.00673598150745616 -0.110154380181102 0.0902935410377952 -0.0533088286745341 0.056401389740862 0.0439934107837093
-0.217259948800579 -0.104794589047936 0.137589605071587 0.148480468579767 -0.117864763746811 -0.0052290040396589 0.175939086921167 0.0133824906514714 0.231056219988127 -0.118586378121194
-0.0463445315326629 -0.0215667925527526 -0.112996287798839 -0.0338819841375233 -0.16574509694242 -0.224599914098994 0.0757111405530284 -0.129119250177104 -0.0494530541868969 0.00152576881002784
-0.159203142028846 0.0162874503395687 0.0890308653043903 -0.250485265409111 -0.139364530319318 -0.0399134980727032 0.0165519442064466 -0.321320700391367 -0.178450438316671 -0.322799704101808
-0.265172721266632 -0.129791892256244 -0.00960210381898184 -0.293292792415894 -0.0353203018260692 0.0160276082599136 -0.0568836845740425 -0.139901573099608 -0.214051394544015 -0.235637549441989
0.0507361904754166 0.0956396541532233 0.081582398517661 0.181486212163808 -0.194041573505979 -0.0828437138011629 0.0952346378773393 -0.109966193312832 -0.0233795189522419 -0.140393268939063
-0.172950578731999 -0.115475458501277 0.0747505618916427 0.114474711738876 -0.121748057450772 0.0365397487895817 0.212865011411952 0.0124023316315742 0.24017850324805 -0.11421648354452
0.0246891575458664 -0.0696266288811668 -0.0785960829417807 -0.121733597417198 0.0044048541125215 0.0474758443371878 -0.0527712429963542 -0.0816588021675861 -0.184190776761287 -0.223753319850665
0.157184424901177 -0.0393945561441402 -0.0814408070523327 -0.0318333094132743 -0.395131294452639 -0.297283893259836 0.0241449607571396 0.0220501534177255 0.0261995574036905 -0.0919459215420826
-0.255027936745528 -0.265166299960318 0.133917817886767 0.0727202431543184 -0.0240383011667157 0.0999194445214289 0.187922846051621 0.109689947319085 0.156508409773665 -0.0290944742465922
0.138296568364681 -0.0649057241956952 0.106523730666734 0.280280421990531 -0.151524222829342 -0.101646208140782 0.220154580930077 -0.0734712631216178 -0.00366623184386479 0.147564949628781
-0.0433337962819369 -0.173158323057189 -0.146062355197729 -0.054696987991982 -0.26920735292498 -0.175543979279422 -0.218360505762953 0.0702011781952624 0.0973614148875509 -0.0773765003509183
-0.0731633984969438 -0.0362135549395584 -0.0369507437837882 -0.222440062207462 -0.142601184010992 0.0299737258535188 0.0917138268915501 -0.389921899204884 0.00844807809931739 -0.101402499029898
-0.00396289321214141 -0.251606309563052 -0.0106204668392701 -0.280695924711411 -0.0155515026859261 -0.0592203771692126 0.195370169082902 -0.0871688571553405 -0.00212435628285169 0.04597464779542
-0.0411305204774318 -0.124352331667398 -0.0377918101057457 -0.0838900493360651 -0.0860187409307245 -0.257400992559765 0.0601154543969366 -0.228417692842791 -0.101107177890386 0.0336784878091251
0.0428729700395641 -0.219376500850309 -0.0464750326694238 -0.275020867085333 -0.0712412918084946 -0.0844288776093262 0.138327519104816 -0.0722020510152084 0.041362209025302 -0.0353077618891477
-0.0658166429949708 -0.047386918423604 -0.0550536241646122 -0.207892538812462 -0.154867107670233 0.0265295436884657 0.0851271053524154 -0.377648980039418 0.0045630628521302 -0.0876552478578647
0.0738944798646584 -0.00328210541849087 -0.0610411221891276 0.27144326773049 -0.11129711331922 -0.272741643235396 0.210076851204393 -0.00720125236956808 -0.0459558620753119 0.218310888641596
-0.211309523481932 -0.0593997610680704 -0.0850628100080355 -0.138289187719828 -0.0907348854524801 -0.0256686890367648 0.0435018437292033 -0.336254685575794 -0.0313468858822088 -0.113276629260653
-0.229248040039376 0.0696490285677976 -0.104527635233309 -0.0406468478822367 -0.25782801843004 -0.284742260461754 -0.0838198589231276 -0.250141702309551 -0.0546146323114916 -0.0262358072314843
-0.228128602206076 0.0398783435560012 -0.0500562846275691 -0.0588599711221914 -0.162839740489219 -0.224589826078493 -0.0154478176172786 -0.256146095858463 0.00627415892361984 0.0196350399195502
-0.296929897958936 -0.123955633189618 0.197730957638572 -0.29575699846272 -0.117922566804826 -0.0837544986658294 -0.0147182401752717 -0.209303140181153 -0.291862942570832 -0.142271366902793
-0.114256703190348 -0.0823927941447658 0.0357716832709255 -0.12253089918081 -0.0865167378206367 -0.196574027182874 -0.0383485017504841 -0.237805401302154 -0.0984821528186264 -0.0695214902241574
-0.258413948404928 0.0839204659716869 -0.079598731660028 -0.0698940041754457 -0.233322011994533 -0.301915438944018 -0.0829299912257558 -0.257720956459128 -0.0256179150510132 -0.0831716899472233
-0.169250827357274 0.0628218729578251 -0.00413783346560323 -0.202642306496802 0.218487171458134 0.0736571979377708 0.0980667152605593 -0.0553672510138357 0.163562937538972 -0.164141878876615
-0.19869893677879 -0.0828393813380308 0.0219937263166629 -0.210881638617161 -0.143213554306067 -0.0190958686771889 0.0601279561410137 -0.335704444857914 -0.0391399052086925 -0.0260122064649139
0.178247156243195 -0.172751661545772 -0.132395883643401 -0.0282031973386026 -0.376586080606663 -0.203942338050005 0.000501462334948778 -0.0265488801653295 0.00186544014705862 -0.132048685257229
-0.0340357052781008 -0.0495740677536671 -0.140252116630859 -0.12526578060479 -0.0242763551165653 -0.036468420290106 -0.0679156172354956 -0.143738983781708 -0.0959437235763435 -0.190941692758638
0.0927726129927481 0.0460626793991585 -0.0082861260169843 0.297053775599254 -0.134753066104975 -0.268513354298823 0.209556564519249 -0.0366322399224241 -0.0522660342477923 0.203945782363471
-0.0823941093895928 -0.0930756955423877 -0.0694920842300676 -0.0949015134143836 -0.149729248022895 -0.131176015471111 0.0296540777436987 -0.257905358851464 -0.125065713556401 -0.0397184236518041
-0.163787740936054 0.000937844081406486 0.189783687843021 -0.322161369740507 -0.191285078899887 -0.0283429365514729 0.145208882507189 -0.415329713629012 -0.0491252813457888 -0.0376956648142074
-0.193884449306923 0.0340678912168573 0.195518300558667 -0.28474870170517 -0.182959379263923 -0.0493526450033595 0.151430524180634 -0.410143056550097 -0.0763640661448331 -0.0334207565243766
-0.213717039190202 -0.0835595952585188 -0.08664598711473 -0.131825508248917 -0.0908775021762146 -0.0464547995454413 0.0230567115656949 -0.335241154549957 -0.0195947803315193 -0.11369739971226
-0.119676595761122 -0.236440374887106 0.0494774968895289 -0.290463715928142 -0.0579086032004449 -0.0937089825845854 0.00884901538847284 -0.183149699461558 -0.23341448148743 -0.213739139378449
-0.100704210465679 -0.0660927740523289 -0.123372322825412 -0.172143870061227 -0.0628582694224481 -0.0310227085953331 -0.188220449912798 -0.166914847746554 -0.0747926149131455 -0.194934378843739
0.0301904610397294 0.0535690984260648 0.0967651887397026 0.156197556068395 -0.220308821931214 -0.0588718795153721 0.116142114916447 -0.0617780103167508 -0.066408855231019 -0.147639224195422
-0.152387465498825 -0.155842423788353 0.0805026363966869 0.153713648686574 -0.105261493783783 0.0254178439645733 0.201542161291832 0.00741779013249779 0.239087650301067 -0.119736659703215
-0.175023134875863 -0.116245797591547 0.091239977453447 -0.283277247230785 -0.0610048284331174 -0.103012770020115 0.113662159243221 -0.19407954659087 -0.204258663073846 -0.250345663624758
-0.154245334281345 0.00116076797994466 0.107277582387102 -0.218692079621711 -0.162753796511061 -0.125908741747928 0.121030905515522 -0.369957851459343 -0.111182875435095 -0.157047853932617
-0.178489246635087 0.0256034079226788 0.184462575999566 -0.297550769875591 -0.0929760427880016 0.0134673821231438 0.157500759281145 -0.385291950655918 -0.026592275276381 -0.0414197092344149
0.0243057950441559 -0.0184684261773558 -0.169225043249357 -0.128426461786897 -0.0182601938138475 -0.014844722110108 -0.0431292985742581 -0.109786916438467 -0.147497672571387 -0.181134856303803
-0.0100309761863585 -0.0128557377906241 -0.165434232362598 -0.112097616527778 -0.0216473055280198 -0.0722113184392377 -0.0531173402176452 -0.0873329199832332 -0.15500679717541 -0.191243219166905
-0.321893878323505 -0.0893268547513823 0.116187771144517 -0.165252600963841 0.0177789803172959 -0.14124410120245 0.195395933630994 -0.276722314870283 0.0124220907512341 -0.159650451146562
-0.170741003235957 -0.190655111416278 0.0739977487156247 -0.264853774561121 0.00482241766838426 -0.0608657018744351 -0.00305943007090482 -0.165175652634898 -0.23325490351174 -0.217754420169324
-0.260377393579152 -0.115515869572566 0.0167394329448306 -0.316689599048962 -0.0427834624349632 0.0375998424489498 -0.0800824946895902 -0.0913488481586715 -0.249304366587228 -0.303734973747138
-0.11181811814182 -0.0172347935833603 0.0278547478897954 -0.0368014186043751 -0.131123231958741 -0.228877248492867 0.000768599639153475 -0.204378821051108 -0.0984840447109664 0.0994535675586552
-0.194320723431899 -0.129906138449861 0.12937027278498 -0.227780302243362 -0.179447963901352 -0.0785379033884718 -0.0922604957607954 -0.24713321972518 -0.195547829515441 -0.18706011042942
0.0195949726716342 -0.053498583285157 -0.0955357052848771 -0.140241084540642 0.0582380145559151 0.0155173637428617 -0.0372413534599502 -0.0967536263128126 -0.197358090593937 -0.19019273168482
-0.0347195479273438 -0.0137592529603514 -0.0902136376721061 -0.0778894967293798 -0.109932920880692 -0.21623653171733 0.0858974105621378 -0.159057308427027 -0.0462812406984473 0.0718970251874062
-0.0405400045618933 -0.087462287588819 -0.11914406185304 -0.15653701183666 -0.0462744206660628 -0.0170609799168983 -0.101619639089938 -0.135113805818372 -0.200515625019393 -0.145333005604
-0.111446237700647 -0.11590833691818 -0.0612547969479376 -0.22601433214087 -0.121761786723708 0.0867719511308986 0.108464980460249 -0.181822835359169 -0.102455809682194 -0.109886825616893
0.017624933084561 -0.0822218611350705 -0.0630054893096557 -0.0339353027768954 -0.130637887801664 -0.199207484260819 0.0614866002476459 -0.116310617017468 -0.0274824921541511 0.0237748482191677
-0.111610178067311 -0.166810622908809 0.0332331321035262 -0.284526290119703 -0.0603630114750173 -0.0395101089981552 0.0281816745913713 -0.201360652994652 -0.240871391404541 -0.17432476476543
-0.0797227841398611 -0.0836672584325126 -0.148639535551477 -0.147953049765994 -0.00737626106841045 -0.0309587000750493 -0.0380771614622334 -0.106646226923287 -0.105661886989786 -0.207061172896689
-0.147242749221635 -0.14780701241911 -0.0256954080939426 -0.24952177015178 -0.180767439463643 0.013583661687315 0.0941141852603328 -0.23339417105919 -0.0561000715402543 -0.129745740068691
0.0930139801317033 0.0779563733133599 0.0976828196248277 0.15476677517063 -0.18282470659436 -0.0628962735776213 0.0901750441146231 -0.112568419374005 -0.0344573810453266 -0.122463806064965
-0.163658506169908 -0.138555987657547 0.0806852291489344 -0.265098649286023 -0.0579933218258294 -0.0951819108342723 0.125651422796615 -0.178227120124949 -0.214755616334365 -0.266300729961038
-0.0376973178932877 -0.0569602557458846 -0.0560137671707757 -0.0524219278383974 -0.125989668829956 -0.139133424678991 0.0206241070393041 -0.263346585225732 -0.09990338128899 -0.0326181331663363
-0.19234587422656 -0.130234027789709 0.0927265490673185 0.160045119086022 -0.0801295423439119 0.00510058351416967 0.214355397639722 0.00387720212947312 0.219622221590184 -0.146687145794584
-0.0547916032168519 -0.0769439274837258 -0.1522675765352 -0.164169754641127 -0.0927952011357724 -0.00229726528369993 -0.064266835078014 -0.0901107804552786 -0.127299184839381 -0.162932466190346
-0.0529700830290459 -0.0673907671730738 -0.0338101182302859 -0.0332573920971412 -0.110812379439669 -0.207897914333485 0.0305661171173679 -0.218387328735565 -0.066324031006343 0.00258571108311056
-0.192523276405285 -0.00192976800060478 0.231500327810082 -0.253437655118749 -0.221615438095322 0.020726484634047 0.185646742277879 -0.354074012581682 -0.0402877742283681 -0.0230237607235753
-0.0880069842405226 -0.109294033896173 -0.14985926433905 -0.158451480314247 -0.0111251162902845 -0.0354388151498469 -0.091330086725088 -0.0849382321056557 -0.103734846828768 -0.237879665613422
-0.1606962141733 -0.129655027245271 -0.126183141316159 -0.1348564554511 -0.0949846935705772 -0.0642056991502968 0.0658545030201962 -0.301819854551612 -0.0372899551615158 -0.141181674750008
0.147173400303416 -0.0467539834772748 0.0795067422180417 0.2746067118204 -0.114313732159203 -0.0748049960747966 0.221356842265549 -0.0113365051763797 -0.0171794416183491 0.157031690261195
0.159511956018487 -0.0313917663778581 0.09718631587975 0.300737004291212 -0.144149195310994 -0.0701386088961258 0.244884953443834 -0.0285420586519126 -0.0236964998902572 0.148809197058372
-0.180607609827178 0.00146634428948941 0.187359764076103 -0.259858062312817 -0.104655666219689 -0.0141298797825461 0.149056264091416 -0.406054824711926 -0.0177450654847801 -0.0337936710375237
-0.171809273485671 -0.00731843059598526 0.229895307325073 -0.251487573501195 -0.189221621697777 0.0107283349816283 0.141491005358006 -0.359633171827888 -0.0462725055997066 -0.0127448183916221
0.00639910419152195 -0.254289256108843 -0.071586812338468 -0.372089937364495 -0.00277463687689181 -0.114338471035187 0.115906150770535 -0.0879202002114981 0.0272036493300018 0.0421510891565541
0.0427748105848945 0.138065352208062 0.0768072749208972 0.183941255624867 -0.189471268774047 -0.100839507284613 0.117567465801448 -0.0864359113431977 -0.0375927463374006 -0.126022902673938
-0.149671940612834 -0.0907361530296415 0.166335819141437 -0.229090150908162 -0.117832918853943 -0.0125718912401923 0.105880302765186 -0.365501997359532 0.0192207113357402 -0.182030019019227
0.014924647940059 0.0851009343775605 0.0739643886112607 0.165012634036973 -0.222673014500332 -0.0692050877641327 0.11977138533471 -0.0686623190107576 -0.0328686926866602 -0.130618762011754
-0.100435259334359 -0.137166471657166 -0.0304912275873328 -0.251346903186014 -0.133288544251549 -0.0393773851931251 0.0648813328359104 -0.231553129881902 -0.0870462145027591 -0.12102568110372
0.0626298312825759 0.0828847705242249 0.0859579684949645 0.14478583123885 -0.225024110196898 -0.0878591078656474 0.122774350096333 -0.0388928416675591 -0.0673240309008829 -0.125628702261412
0.0732872846627032 0.0127466623102832 -0.00988098308608996 0.277872016062447 -0.157611273522981 -0.296490314563686 0.207788778171947 -0.00355180873979368 -0.0762106766640513 0.217967615928506
-0.162598428231849 0.0704850116420643 -0.0323560437092833 -0.19288440857038 0.233504080368104 0.0668053421767669 0.0970625565008297 -0.0311542245648871 0.150480765589701 -0.18742926931855
-0.273347534598117 -0.11909096924557 0.174076360387228 -0.301693391513001 -0.108021386303708 -0.0874070724487853 -0.0109437305384836 -0.206896656466851 -0.272921823515965 -0.129215598534628
-0.0824074372017422 -0.0121314608506077 -0.180961392973444 -0.165073116574698 -0.0482183306638341 -0.0472291901161964 -0.0791781606557197 -0.077045426245501 -0.122746652072997 -0.139109115297311
-0.00905402883023686 0.0424626939761215 0.131721401097781 0.140497198892615 -0.222365118030626 -0.017311848393181 0.051223482325914 -0.104840889038056 -0.142346488821166 -0.110598681260276
0.100090870336006 -0.0269679947026295 0.092503073890911 0.250926613592222 -0.335096159673016 -0.128584286040748 0.0295214792335035 -0.126444333461675 -0.0327020686219171 -0.146813886205544
-0.0163389541705562 -0.28944699318348 -0.0586079195854458 -0.0971115139231524 -0.136389487146246 -0.0207181008218767 -0.240592417267945 -0.014415091910534 0.0616301546398056 -0.0684367861407504
-0.172966695503751 -0.103483990208302 0.149516687711079 -0.235926035893153 -0.103520386082625 0.0165468464665043 0.154220786809513 -0.30907550825037 -0.0422729045404856 -0.0751617966942353
0.095523194586052 -0.015412404958909 0.0908890339303665 0.233231916003671 -0.329777137705985 -0.115605936815691 0.0281616823902195 -0.10819902560094 -0.0344339550652493 -0.175249043154734
-0.196943517626605 -0.124224877088024 -0.0173504764742898 -0.188301777336143 -0.167498302470165 -0.0576844614940855 0.0488201831499994 -0.170448372204846 -0.0877825297238473 -0.0856705726569544
0.0995665137298698 0.0908454098223421 0.133868641971483 0.178848687877633 -0.217974539575775 -0.0699692178222354 0.0386863629531013 -0.11522105220826 -0.00976753531195515 -0.0941022513949387
0.142606582277014 -0.0589557926250572 -0.0319809058303317 -0.0642814631442518 -0.400406318016068 -0.14132085181228 0.0224562927569312 -0.0175672794429495 0.037535563734105 -0.0880062303847273
-0.0755815807287328 -0.056852941949729 0.0167216119049703 -0.0177216025341542 -0.164790497571561 -0.184259309680282 0.0699923030856748 -0.190094058877584 -0.0946976460410809 -0.0823703898730954
0.116409921091314 -0.0186709139094758 0.0746355609638486 0.273387273898095 -0.331015867547072 -0.0747795973208463 0.0199458305526713 -0.146615334552071 -0.0209746083097856 -0.161447354316308
-0.144663926669984 -0.156314956090234 0.0103850878219202 -0.12996719553351 -0.208742903086775 -0.0836172503074777 0.0583483171119592 -0.185783268151735 -0.0806784263163377 -0.184457122525626
-0.12043207356325 -0.0631174946140231 -0.00471204626168546 -0.16540225446983 -0.201505509206701 0.0298439043040519 0.126305173722529 -0.365032911149494 -0.0620186396525955 0.031106956326027
-0.274092384236985 -0.129681645950933 0.184131105060227 -0.304043145561678 -0.118879743798721 -0.120568881034922 -0.0347091015429361 -0.198212023185137 -0.271761699615575 -0.109080208499492
-0.159635744350312 -0.113784243074912 -0.0641799560507191 -0.23666665319835 0.202032540483437 -0.144672859269611 0.0902274364494501 -0.315086472224616 -0.00151325123868097 -0.198231697530511
-0.00239194528591851 0.0667360611188108 0.101776765356677 0.167295800917499 -0.168443245225883 -0.0912925027258017 0.153962854746725 -0.057023541651497 -0.0545269290716953 -0.105938991925214
-0.159198005167362 -0.129822305287532 -0.0551140355736666 -0.157895589399741 0.147490218064591 -0.124367074950276 0.0836635358239481 -0.317150101483071 -0.00487083920296226 -0.153422987242694
0.129856318310517 -0.00578391717502426 -0.0348895411739567 0.304801686657074 -0.286888150003182 -0.0809870157403739 -0.0183132446473265 -0.114543259148323 -0.163508505803292 -0.217854228102638
-0.0676265304164344 -0.0751883702062547 -0.111193008534112 -0.184598598088175 -0.0643130268420705 -0.017258321599079 -0.182264771163565 -0.178417385118713 -0.111764380932138 -0.149740257219033
-0.172609487687733 -0.0105132924880058 0.166635435772138 -0.247298806302085 -0.138643418589694 -0.0278338085711442 0.162783280151113 -0.379440023370785 -0.0254218839021481 -0.00279963511014815
-0.16764449653953 0.0177386619834169 0.197765433797608 -0.286276088466384 -0.131492606028146 -0.00470373925152424 0.162216904313351 -0.390542711774885 0.0247569825927577 -0.00725281472837125
-0.197839875471224 0.0171911014800968 0.203224570341006 -0.274285818022426 -0.153117326907943 -0.0538076316012104 0.134740327220176 -0.39498364363528 -0.0534234614578375 -0.0537384848727887
-0.16215994285327 -0.0348729376667123 0.250138918102141 -0.271661398787542 -0.152320573611589 0.0156007883182306 0.178068550282452 -0.338991762293897 -0.0310993809330572 -0.0164914559057769
-0.167843295343229 -0.0389423050008576 0.235881239152707 -0.295568018218313 -0.165426069682136 0.020418828778403 0.204128990785289 -0.333444293917998 -0.0292769092913865 -0.0148540854246248
-0.1835603545183 -0.0925700620324695 0.141778238039058 -0.258040183508617 -0.154169995751445 -0.0469383899821507 0.0908349957675598 -0.375100157041894 0.0479783279856313 -0.118927495009495
0.183874213088499 -0.031500214140022 0.108006632496753 0.294329433855608 -0.141455335483963 -0.0796744632423508 0.241642715244945 -0.0317516816401385 -0.0173114863419144 0.157010167604681
-0.0764855362088909 -0.171349076684815 0.00821573670696846 -0.198222898935428 -0.179018095395177 -0.0248798139740694 0.0623783289939569 -0.2595225643648 -0.156857779094561 -0.0827801882988306
-0.278149466187345 -0.144480172292575 0.0586071357345524 -0.127372275798335 0.0403539047143472 -0.155954956000539 0.1491040404307 -0.307656847722304 0.00459012559219722 -0.179314391256001
-0.153902348547327 -0.155079047772264 -0.099975116277965 -0.217458602627354 -0.090829406753002 0.00705694826345574 0.0437511349901121 -0.276921098293576 -0.0335557612761876 -0.0677656227092079
-0.176889953161114 -0.0112138586555831 0.230776492245131 -0.250105832557849 -0.191710751228306 0.0103405478518707 0.15968532520405 -0.363178646873337 -0.0517056751428301 -0.0195669116507703
