-0.166918813732549 0.261460809484956 0.245602251035066 0.299726082888108 -0.0364892599399651 -0.0714982998454425 0.266262820888102 0.285804422626636 -0.231518186870416 0.174429585053117
0.510676062666935 -0.290330879206685 0.0776844413399284 -0.219108441133259 0.187732066165825 0.0855306518770565 0.183794657716542 0.124669683091832 -0.125228171340943 -0.118087492016702
0.00697194633773753 -0.486644749634349 0.0707955050250358 0.274621436022482 -0.0637466832486495 -0.153848557874097 0.521829191316394 0.0648380598356775 -0.148255238652201 0.090945615003751
0.0214273686429804 -0.519252468145785 0.0448525256214127 0.183383340954275 -0.0464672674554886 -0.056578269014163 0.426615870578221 0.0598354232667387 -0.189116990224748 0.0925293775270478
0.367888970093629 0.138317068438409 -0.0371069415007595 0.222612641415646 0.0133715283996472 -0.220810364362944 -0.0688686813904984 0.306944837250023 -0.177257812009403 -0.0340368394621533
0.415064213247585 -0.223656989113217 0.00699947318993917 -0.273733798628367 0.329355968989767 0.127050390142103 0.150934385182978 0.202921133140643 -0.159795174386417 -0.0776612341990607
-0.231995281594172 0.334436750260282 0.207597990437504 0.182642900512374 -0.153098625275795 -0.198855369407441 0.324439774344399 0.419508656088422 -0.10748607978381 0.228305711151127
0.423760192851396 -0.273302692224047 0.0223899903284672 -0.265007463491206 0.325777101485251 0.0947277513559753 0.145480479075624 0.157909085140439 -0.180607836229173 -0.142417762039962
0.20269645148616 -0.411846235548384 0.0162308872670971 0.0950511284729245 0.0734010831917112 -0.145633717742041 0.602375073870444 -0.0756990626164826 -0.128743212114474 0.351551033446009
0.139340831231294 -0.55057431407433 0.0166816798137743 0.0525577308576012 -0.0721413149938211 -0.189447363021836 0.43854305373996 -0.111235842786024 -0.129214938870878 0.256269210062917
0.134615535785312 -0.502757693476885 0.131528024084921 0.0456510757878002 -0.0598782958475573 -0.0772748658964253 0.4095282278847 -0.0625728337752023 -0.223682176291355 0.109551912216155
0.109859513806427 -0.508956871035255 0.0708672475521477 -0.0159093977261196 -0.062899317725381 -0.197201336225699 0.566134655370448 -0.156457747983792 -0.191663030490797 0.0302133639778771
0.272926229502153 0.27324034662882 -0.0425969852388356 0.289173293909264 -0.0464767493603348 -0.10857744919202 -0.0926907810043734 0.294876435745812 -0.149168198229904 0.0988791961919695
-0.0211398974972555 0.405002801066169 0.247930242067393 0.33598664907259 -0.143912092455283 -0.287690742438924 0.302541016390668 0.210188801239136 -0.160063267263369 0.203606375358166
0.184900055037157 -0.454765331217935 0.0444413709144552 0.0465475017965143 0.100298358300654 -0.225956686949135 0.583915487690368 -0.0722761059937423 -0.163861328965042 0.385909706321186
0.0710004485763744 -0.376819451168596 0.0385156613929254 0.10677427767944 -0.0559886360170714 -0.0677813556590155 0.375726127786695 0.0107182131031759 -0.215769508024819 0.168841468615973
0.142887919851968 -0.521553650734595 0.0227901786220861 0.0795815477335442 -0.0574721916598943 -0.192257524931151 0.396339358903928 -0.119073686086093 -0.132303738491528 0.255551437664725
0.313117502910436 0.346520643714805 -0.0716714360552195 0.228258925685489 0.0120451579756918 -0.0766275268419784 -0.0456358212088908 0.332091603542476 -0.0799009851542808 0.132576977808964
-0.048640681773605 0.491785277009006 0.26932999707377 0.329118491630703 -0.216293660005434 -0.214837992998405 0.312127173696125 0.302054968403421 -0.147021088605917 0.106361512203006
0.16585560254976 -0.499881150057691 0.0207556290291839 0.0929228478130973 -0.0695573886968529 -0.153341718582578 0.391485786446388 -0.0923351464072929 -0.143903470575893 0.2465735756408
0.130403336472666 -0.503506464597584 0.133294025716663 0.0379092545030059 0.0454557745994589 -0.123045864795512 0.6224373392465 0.0429101939311933 -0.065390331661364 0.265592978993998
0.150697749431827 -0.41118434562338 0.0471612401410079 0.109243776201453 0.0739269331228562 -0.192168977152725 0.632433712749098 0.0382100240006377 -0.0833119325579735 0.359020647132091
0.0250612660860504 0.237315841355265 0.162399289265449 0.226907273841843 -0.174560896621221 -0.0550900076685745 0.24429342268912 0.318269819149601 -0.195608803689991 0.187085396527165
0.247383474130513 0.280066755375682 -0.0551803655541668 0.310141295660228 -0.0392309496719492 -0.117383248541782 -0.104319202164693 0.301925221241196 -0.145339573820581 0.0967192356476032
0.474446417209282 -0.30269979711214 0.135578592296697 -0.26974700857605 0.210134516579544 0.0980918567508564 0.186506130250442 0.0733325279899803 -0.295907139985519 -0.0947864385607867
0.322410481828801 -0.233449737354741 -0.00156570174815197 -0.2744254920023 0.223236088592131 0.0232573544731799 0.101427247149594 0.196470882972146 -0.133139416941997 0.0572536267489331
0.232889087952744 -0.491445247480529 0.19167336946003 0.113680475691952 0.0710115514237717 -0.17809328925878 0.412606898894591 -0.06779456643976 -0.188092733748461 0.0431663113790595
0.0345335740125338 -0.711000079895553 0.230793040885954 0.00451077320667113 0.218331721034855 -0.266596850154217 0.444501408130564 0.110625642111939 -0.403029265921336 0.272637199391465
0.23458464980174 -0.441425075446658 0.278732105067218 0.0265364626054585 0.167890352422382 -0.2885895317163 0.397597088653291 -0.127208615893087 -0.15051556914219 0.0455804742116302
0.23005140958496 -0.297097097084312 0.0520757646880146 -0.330170123578508 0.145141846926083 0.00655299810517213 0.0636575978544179 0.358044906915556 -0.163762052656654 0.108500484900942
0.334692376940277 -0.281313904024381 0.0514181994332598 -0.287894901039167 0.208603585959173 0.0278230329705929 0.114088483494528 0.231129091235992 -0.187628515143058 0.0296625430632845
0.276451009448018 -0.334747044176934 0.111597834558407 -0.316251644777729 0.194484892863958 0.0518622405784455 0.0982552835750594 0.230576845477593 -0.124110382577174 0.0808777985558571
0.0336316056648219 -0.471397321233839 0.0883140267197003 0.045839175465808 0.0897794929898348 -0.267469872536003 0.567774159281425 -0.0577932855538156 -0.248754946362863 0.0185986362912122
-0.00525046148505791 -0.679859810417385 0.0884160503149639 0.0271324873361116 0.15140893902806 -0.253123125724952 0.570218175906484 0.161750540134761 -0.415539607646319 0.268809847918161
0.316592721024292 -0.353042911161442 0.0168773902620587 -0.31268585300448 0.196324011838323 0.0735616668525219 0.114203777048811 0.241070056621865 -0.150735390626592 0.10346116755104
0.227416883228913 -0.702521346770445 0.0180604268116226 0.114166893117367 0.124602272257392 0.0485072865308763 0.234487091614879 0.00223881592700549 -0.381917962513024 0.15734272583684
0.274465781346604 -0.694688316036187 -0.00819042906027478 0.117825982018604 0.110530857257668 -0.0062278020785096 0.223125581425128 0.0449958122818407 -0.413990880953356 0.170857773640703
0.420484125891654 -0.315477817187498 0.15446508000923 -0.270251992289541 0.194784509285456 0.0497780214179695 0.0578436571297255 0.00941946952301178 -0.24961068695018 -0.152498741801218
-0.131043140491187 0.336014768564774 0.0362808601955049 0.245316820161186 -0.200569046977561 -0.0989716040032308 0.278676053844081 0.465290017714826 -0.223278453150759 0.199645400278556
0.417495723147318 -0.269098459455645 0.153399776061815 -0.220973846528033 0.281645760089694 0.108675269600568 0.118399892702131 0.109390538864574 -0.237103353728346 -0.0911556098614216
0.264533952976715 -0.725107319261799 -0.0140386587574643 0.134099074844841 0.129428188752979 0.0282421283672411 0.218439242950596 0.0288035819917124 -0.446438741734786 0.154085394761859
0.347710310327364 -0.217135036660509 0.0856283961741153 -0.287666917643421 0.221768083327037 -0.064326061176924 0.0101226200263018 0.185734060151055 -0.222328802982681 0.0665949310131177
0.198438771014684 -0.524930968679447 0.125009611728854 0.154912175195842 -0.0225618875593542 -0.0127125362107035 0.529591103518539 -0.00487570401858813 -0.187818068029173 0.260658679156527
0.215596243567063 -0.737095540210085 -0.0476780779923545 0.11210399262857 0.145756353464776 0.105639311692895 0.316625275057263 0.116694435022168 -0.408019319767191 0.222370459569055
0.223084727557293 -0.47103184250781 0.125754279393348 0.180123309420975 -0.0246555411603549 -0.218598661544946 0.478084614315978 -0.0491679142757386 -0.18790988557276 0.148235997589323
0.318105743701781 -0.281688450910684 0.108775989663766 -0.321725396245928 0.224361813343136 0.000736399059581852 0.0989253824566745 0.218862857651155 -0.113810789002645 0.0608180165433672
0.250995438349194 -0.711430096750123 0.0908368309109667 0.156076119342849 0.130389555393039 0.0321632094189681 0.345366918619536 0.0504000076502684 -0.368249813442137 0.283374244427318
0.468125713510111 -0.318138464319553 0.134632382622917 -0.286412174067033 0.276265653265954 0.112567728884172 0.237180239621226 0.103942209045827 -0.250587154496729 -0.0434994654284393
0.166011478392758 -0.511392282422522 0.276415967530545 0.172790599797709 0.0893559805387919 -0.190484195658659 0.431962833266178 -0.241419900758391 -0.251040116444339 0.0539173393971637
0.180984792552656 -0.428942387011185 0.198888952169232 0.172538548496821 0.0830119999095097 -0.245255665764804 0.519732465835548 -0.0549900768752772 -0.279072888033532 0.11767372154626
0.325284177509295 -0.250138565571348 0.0690646645030795 -0.304589618221968 0.190074579561805 0.0236934147389654 0.15082059083769 0.227844292940291 -0.185204569878231 0.0523314224256198
0.244327787521191 -0.305017639759517 0.0469789286378963 -0.354502819277346 0.146404085901641 -0.009410001000074 0.0949944695208946 0.351053336858117 -0.150003719199076 0.107393292201262
0.140736991166893 -0.413326627429991 0.171405606746478 0.0455088734166075 -0.0895534243485445 -0.241578056713602 0.425223117976816 -0.103059782936243 -0.208294634409609 -0.0119883623157956
0.170819168967147 -0.488671069423441 0.0156588533461269 0.162640358905729 -0.0405194891985463 -0.0917541129938237 0.499380403364766 -0.0525598755334175 -0.235130490594978 0.175301420352869
0.267834389488513 -0.718307399233272 0.0878670779592463 0.146764156836505 0.136138437926793 0.0221831486623989 0.346248332461768 0.0531154400958875 -0.369865461766996 0.297399389493311
0.222087014502134 -0.299778651262935 0.0329803201718089 -0.310478933394305 0.138989314850573 0.00608512402924074 0.0706925190060817 0.345103079251599 -0.1731525751504 0.0761777036043603
0.342286143625421 -0.277994218224897 0.0333792170689982 -0.305020562310676 0.227322147167982 0.0343141423399283 0.089021783584697 0.237882416905182 -0.150222923543408 0.0632951296706047
-0.16903806798223 0.346040916706192 0.0957654727369279 0.230081729462726 -0.163336233953203 -0.0945812083956531 0.316047670164457 0.446232378812061 -0.220065162635398 0.243797015257376
0.25353849774431 -0.757119120223268 0.0399272335866989 0.214658869898262 0.14394296842106 0.0481201620710345 0.321323885603724 0.0755593056119273 -0.31609998915438 0.238968469968757
0.215776215647731 -0.49532218935034 0.102351690843336 0.178432558325077 0.0822959026267136 -0.184689480330512 0.307591268180223 -0.0485477605781362 -0.187266255734861 0.219606864355015
-0.155576532268923 0.360910997526375 0.0745608392410075 0.234741473816007 -0.164811082009963 -0.0951125605135304 0.328978323999721 0.43361310611352 -0.201387820463607 0.235797992314007
0.322439819764001 -0.252577881810867 0.0697788477555166 -0.328979264053439 0.180692225064643 0.0192472911574724 0.0791167665150706 0.263339138023753 -0.168369510429576 0.0402360549633074
0.443554894101876 -0.284838848583158 0.206275321192359 -0.222136681608871 0.260952512735553 0.0903186192813459 0.177187150154147 0.0261213517664899 -0.16764370945743 -0.134947275633097
0.18004606723112 -0.691678716622862 -0.0780568279945568 0.0636978108810793 0.0663248696247213 0.0112697108450217 0.275501144933697 0.10731118039944 -0.340546250437978 0.22966852229472
0.341425480051777 -0.236564107163591 0.0879349549579835 -0.308858248802066 0.203591530774091 -0.056810871390184 0.0343413396074939 0.209930540584692 -0.18788720903567 0.0364069195153733
0.260477880014638 -0.739111872075851 0.0744239998124789 0.170060013265869 0.118414406226993 0.0240526301640453 0.341529570569437 0.0316605371144306 -0.353440208069144 0.27378995232001
0.171263242753228 -0.493279416171172 0.103706829313756 0.159401058285634 0.107263678469359 -0.189051977670907 0.36108441038408 -0.0868381977489132 -0.145882056545223 0.238251300688657
0.216033624166743 -0.308239951871513 0.0131959601359667 -0.326759431064775 0.142498282630225 -0.00812666298117285 0.0588200794227096 0.351584350787868 -0.166168461599664 0.0843010127377583
0.18589072085192 -0.446557962718307 0.27300459416654 0.022963038068694 0.188761353841856 -0.249010366909822 0.420994109659288 -0.0951848219574449 -0.147389162309214 0.0212446159755219
0.0209116770520253 -0.488530249736949 0.0406112575068543 -0.0040340423469255 0.111709148875305 -0.141425406224441 0.600836246179537 -0.06094140030835 -0.255131568191324 0.108166732826386
0.258833793433812 -0.749821862050214 0.0448686536764718 0.187512040669926 0.138528754830301 0.0515603866125825 0.31182563888392 0.0767093900605226 -0.315883802844394 0.248065653077059
0.247678783942751 -0.739872659151119 0.0101279092971535 0.198206130234805 0.115232079051489 0.0243119244090783 0.367737823540417 0.0471387992171266 -0.365684118562534 0.222093054622435
0.104724577254162 -0.472441219919662 0.103697624501123 -0.0151975941512581 -0.168772153552367 -0.112048256453652 0.495020633971087 -0.121707341573342 -0.202403486737896 0.0440095346135025
0.342163674392773 0.28272436015102 -0.0777842205407196 0.315999107114119 -0.0442316601919754 -0.0895147953034234 -0.0514455688174989 0.30314945922222 -0.17751058663055 0.117758648973193
-0.10514122521408 0.298138483585043 0.164072191220517 0.24704953942762 -0.147081303975983 -0.0835377769078212 0.264599996728922 0.328143445857103 -0.170446891840672 0.22362049096085
0.285272048109238 -0.531701370693541 0.0815081777789651 -0.0958438496690391 -0.052709265616334 -0.0710332481719332 0.408812818408887 0.00464633466977707 -0.116540794950154 0.0983064999714503
0.076169341513385 -0.583036749248456 -0.0187161272126831 0.105163962504629 0.177268721560871 -0.0541633473593207 0.486050437667366 0.0316548960643391 -0.272665667238097 0.111996440584129
0.135916789431593 -0.49269180429492 0.0860915557035368 -0.0243405365011724 -0.147069220692531 -0.0685992818143153 0.50713660484638 -0.147828395414616 -0.228378636350363 0.0389547198869253
0.191134527010951 -0.468553449174314 0.00953096357022576 0.0524581316675838 0.0753227211278544 -0.186444711224867 0.617173826645117 0.0134666452151433 -0.109541058361806 0.334543999084139
0.204476526706159 0.275261710670024 0.00380636469982054 0.293325207257845 0.00447974976677836 -0.134415857285012 -0.0773840521136981 0.308486726957518 -0.125676492391511 0.0507745521715842
-0.0415345164122903 -0.565802146606165 0.0405252525830729 0.133161745462384 0.267367050234328 -0.148859512893371 0.406307182083294 0.0831270457341613 -0.221730369899261 0.235183576533378
0.145503467631762 0.252029147493581 0.109331175429504 0.186536354153502 -0.306006246607404 -0.206951521828754 0.063438695605036 0.43173972892462 -0.210760742013259 0.0920400448136449
0.236910661420779 -0.410421557769599 0.0592449312172507 0.000939416629827518 0.140466577359404 -0.0034036269608193 0.500105948905545 -0.0885060369122331 -0.133747198848572 0.111531190485796
0.125968356988162 -0.56077746261007 0.0181023015107148 0.0763755422185538 0.0154351103072289 -0.113313405893218 0.356964595844907 -0.103594172868998 -0.311011446060531 0.155116371589094
0.588420786227048 -0.406862965630509 -0.0268047742696377 -0.249590865683006 0.145533997810084 0.167548888369784 0.134300076540835 0.0569645057832425 -0.100237373524066 -0.0349195920597251
0.39987873814751 0.0990877608339309 -0.0249370001592127 0.266915509840033 -0.0105894399106166 -0.150183405205142 0.0918393058793981 0.421918531602555 -0.21322460777576 -0.0547548069044253
0.129387839147003 -0.519058559557349 0.0180723956728867 0.0863299682060658 0.0092176314767482 -0.171702458901548 0.30682816584253 -0.0698883739481478 -0.203731539574113 0.172174153998426
0.30855825692878 -0.699658273498737 -0.0143592142449584 0.131255949773637 0.0550066644298607 0.102347847397802 0.438500416144291 0.208461447841051 -0.167676225070182 0.213324155264945
0.104663387807774 -0.48718467762555 -0.00748262529249958 0.112801102610608 0.0507770490541502 -0.168356846870248 0.383688697422709 -0.0773436590746761 -0.253163395210686 0.156373443469269
0.538925600002196 -0.411880410069279 0.0900732099142185 -0.240812430212567 0.317201872812231 0.26860707182605 0.0990296293907892 0.0795638040885223 -0.0555475905706247 0.0162213522989962
0.0860249143142521 -0.536222644820523 0.00698683240191504 0.0590102098599297 0.0104038898630183 -0.19393790308443 0.340542068193032 -0.117131339981596 -0.191379883609945 0.149483532558556
0.392727797667372 -0.308735355782281 0.0254379776211108 -0.233456814395317 0.259967646786265 0.0736825822087142 0.180857360128696 0.15767088003462 -0.146168538827547 -0.0758086323435268
0.126048801479405 -0.560583259154126 0.0357896661441575 0.0518292865256444 -0.00504846131162514 -0.222366539451021 0.333305525713733 -0.0922345751903804 -0.215544230745308 0.162659780471906
0.112434399661713 -0.575597876339172 0.0156355228883869 0.105805444534575 -0.00332302150803247 -0.186311345357758 0.304467659739487 -0.0892087329942035 -0.23091516178804 0.119764930015911
0.294786902530987 -0.555162509013102 0.0423212860679986 -0.27701642335124 0.179491908245449 0.058265676874791 0.185715486478505 0.128757725609322 -0.252613653305134 0.0169764746151245
-0.0140953667655042 0.267354056843306 0.207266164591321 0.208029095598622 -0.371320869614134 -0.104145719133529 0.0796175128413289 0.446197700452037 -0.211349728061551 -0.0988903639422599
0.148297268154585 -0.546575408596128 -0.00517491426425455 0.0829712407369798 0.0488539391697346 -0.226898753347263 0.365043034466491 -0.0776939898274597 -0.206212684170296 0.145973000101051
0.378891448846416 -0.406982865227563 0.140626157298403 -0.352624736729934 0.0923091133714242 0.0548439279704357 0.25089428132514 0.119338398850994 -0.284432129469523 -0.205464064387732
0.0753237070132096 -0.598669752553668 -0.0448776532268258 0.175915214453712 -0.136482100057285 -0.0619441315198247 0.431399043266288 -0.0983605372576069 -0.18077635587737 0.217396072980402
0.532335101153393 -0.380114666407552 0.102233944413234 -0.199989134983277 0.255654116075181 0.21903092024011 0.122366255072836 0.101549513862005 -0.0599789546655576 -0.0332338975481928
0.456260184270184 -0.373800271549702 0.0880249480161851 -0.324623439229806 0.10892309784919 0.119050424716445 0.210126161883142 0.26448202969958 0.0599811344822544 0.0299626566805239
0.108131381566816 0.330895165563399 0.187714480219919 0.11923200689647 -0.281902631974219 -0.111021174575536 0.0695816299748298 0.426639096175946 -0.200603804919625 0.0332934875638528
-0.00706620389409622 -0.567941672917985 0.056926717427124 0.124090700036496 0.27707437479608 -0.128867837401579 0.412310579943444 0.0826890696424041 -0.224132025366306 0.238391446726007
0.278188152698593 -0.798669999101069 -0.107486624532026 0.0890460751402031 0.0733853840993896 0.0473803559241638 0.450546437588145 0.110509721050591 -0.188840455924739 0.270455730685593
0.260477880014638 -0.739111872075851 0.0744239998124789 0.170060013265869 0.118414406226993 0.0240526301640453 0.341529570569437 0.0316605371144306 -0.353440208069144 0.27378995232001
0.170130257342411 -0.446309667995925 0.234330697765664 0.0837676094264624 0.193162346736173 -0.204606414786759 0.45951158051818 -0.0861451451538582 -0.159052780236881 0.031851490779411
0.0349782670667706 -0.485357846249058 0.0322957580663222 0.115561894832995 -0.016658326456374 -0.00168881596375571 0.201225835674583 0.0733733663883299 -0.331408058157347 0.145826075729176
0.197706020190258 -0.314968634462047 0.0363710768845572 -0.332339624098236 0.152681354870111 -0.0143320351758694 0.121335583407667 0.357001029239963 -0.119923725861932 0.124805163792224
0.0946529403361595 -0.443718335747634 0.144642687618211 0.115156601182417 -0.0370804358845262 -0.22747107806964 0.430141541147202 -0.101560723730582 -0.19245534230991 0.0254201615455396
0.335550328823014 -0.219271280358925 0.0435693327759409 -0.370943769158913 0.224022512473593 0.0410385962793711 0.079733759937574 0.229283908204651 -0.157653298526797 0.0525481363342856
0.423098547431563 -0.296297066162447 0.169304221830719 -0.249424313822478 0.172166784930273 0.0576874240134371 0.0611888609225788 0.0314621726587969 -0.26192795514166 -0.160908897227291
0.302008170278694 -0.29621920585046 0.0478676426360154 -0.287628447689324 0.209964282265584 0.0156421338939858 0.0857171332492663 0.241640113046661 -0.161911820995604 0.0810780844741377
0.150529517432681 -0.403195391999952 0.194873324982122 0.0611846837573345 -0.0807669283827802 -0.176119148258865 0.45966782655288 -0.137333955542787 -0.170927933575704 0.0359213493955153
0.426753098754124 -0.30246441843895 0.243249274357381 -0.236967498148705 0.278921658885714 0.133603756303872 0.184133536900693 0.038877947858264 -0.16487984122988 -0.103916858000654
0.451138925288691 -0.359790075359366 0.156624571978377 -0.279624245359044 0.302409424079868 0.1198542955697 0.212966550172933 0.046518484496766 -0.241400356820301 -0.0242114628769059
0.125420158811147 -0.509468853534171 0.238361461364291 0.176064676988609 0.0785361174235376 -0.227844705156537 0.444124920565525 -0.234220274325584 -0.203437769582571 0.0870191158210257
0.193792813095354 -0.74227272994708 -0.0523922084621982 0.123963341722607 0.0781769120722186 -0.0190818735062081 0.308542048955903 0.0979082801206098 -0.32883087599382 0.267908875481821
0.216180435964112 -0.736835676595659 -0.0487471114479187 0.0406863019699178 0.110024829253932 0.00824917772244081 0.240555163367216 0.110452503412427 -0.322660590026078 0.245471035541162
0.398848603865771 -0.316167196762154 0.189857369113928 -0.253365895328725 0.204320009686943 0.109322023136157 0.0651418351789083 0.0843578414885199 -0.28612806561633 -0.131374294143865
0.131943601279367 -0.407490684058563 0.158025403725121 0.134517480511173 -0.0863791099688223 -0.250689708045484 0.463543477215409 -0.101101206715339 -0.146649626357437 -0.0077192743202363
0.194240928582732 -0.396074098678458 0.126196268077237 0.149724508138312 0.145480827196796 -0.160605003411414 0.569732639067785 -0.00481724638878487 -0.124065313759634 0.342473833097114
0.34673830172349 0.283858646739576 -0.0527865182371453 0.306152544749205 -0.0319694484883913 -0.0813753035188163 -0.0349134063087838 0.306823032590541 -0.199109481516559 0.129120817606479
0.156618880482146 -0.439205169359153 0.0582205334927001 0.0112684869247486 0.0666008814026082 -0.148272007868244 0.577699926651573 -0.0920753786922999 -0.133957795124801 0.359470802108569
0.0849296275538673 -0.520122624021334 0.0886475023638318 0.0590676699564508 -0.0506200156198909 -0.195500227734131 0.425142539528857 -0.102838615832206 -0.106995903334126 0.205619370040326
0.100137837196658 -0.481558844504401 0.124204389457124 0.0593763766009008 0.0387690502828288 -0.106877436979577 0.579864119132665 0.0257615086283335 -0.151883148881405 0.257868563637375
0.104739433073625 -0.366979194474305 0.0294967577827128 0.165473970901016 -0.0496914689021511 -0.102350008051744 0.437067589219734 0.000242766529038249 -0.185686718202328 0.218204778862497
0.148565895050988 -0.406545897094083 0.0749781704649849 0.088584430118833 0.169664665531427 -0.116629214454062 0.54644844847426 -0.0403060423339898 -0.216693224889928 0.272800786815428
-0.0420506141950581 0.307622441677953 0.119606158075061 0.21196337502677 -0.152000577204578 -0.0765920105804135 0.253476832930436 0.316937894883003 -0.152196270768035 0.211819512552285
-0.115114047879661 0.362544664976287 0.245007545736443 0.317038452309842 -0.116781184109658 -0.21903147594264 0.31112257286614 0.22143564083636 -0.140814057578758 0.165198053636097
-0.101165987271427 0.359665473579201 0.268881367836224 0.336964796626381 -0.123476302683049 -0.24644989847097 0.309540011214321 0.228863723761337 -0.145154953356392 0.153620182614529
0.153218349996064 -0.413566494386636 0.0574346087862183 -0.031679299447642 0.0963692784144147 -0.258164689943727 0.575730294812983 -0.00642851224805142 -0.126408116466011 0.339590416682381
-0.0186967662535789 0.441080080821371 0.274780079359109 0.325749495834626 -0.170586948197127 -0.240956341121916 0.325886753281699 0.280560036343177 -0.156774164189055 0.121757114700597
0.0213485147371842 -0.616420947563959 0.0683385362316373 0.192694704537852 0.259717266037372 -0.13841288706402 0.445794877014545 0.0812046991934106 -0.286851662957255 0.176391226872849
0.162536109322571 -0.429001249756669 0.0583406438882805 -0.0290140401310603 0.102980840282789 -0.237592834087708 0.587949939897582 0.000447628219433196 -0.122219919973305 0.35666308690404
0.245708802527663 0.270929436133973 -0.0588701285016343 0.257964566559042 -0.0157277095041322 -0.108951218401332 -0.105660040492241 0.270409000551943 -0.073674425886702 0.0658538389833971
0.282168764657593 0.355895938353018 -0.101590173169179 0.2756464000818 0.0232001970017797 -0.0498715567639132 -0.03212689797329 0.324651850072439 -0.0895346055046549 0.119204065869808
0.219765350938434 -0.41492150958822 0.116770325742478 0.110490785954387 0.0882648678984177 -0.198448328767723 0.553403195983724 -0.0116403828130571 -0.11420796835758 0.353564017625048
0.0961160898311754 -0.466254812067415 0.0583354821438367 -0.014053949386372 0.100721661439444 -0.192745947527934 0.580296345166072 0.0252376324903481 -0.191255517369915 0.129675861519868
0.00802642761749007 -0.56639452428374 0.145204933450385 0.15439546352133 0.112073013182188 -0.110747545704329 0.447502200812061 -0.0543471813693616 -0.315529891313047 0.168018943360058
0.104258952264028 -0.526656641255299 0.0974766421985867 0.0428566411266973 -0.123558720596157 -0.128226082110101 0.45747840274591 -0.103543486794801 -0.250499724645567 0.0165739004652541
-0.0881976977204441 0.299870628609515 0.158639270993615 0.242976855127208 -0.148102346990598 -0.0906346098078129 0.259468630499641 0.306914694603837 -0.208958452318339 0.215954590036472
0.171186584936668 -0.435578483096707 0.0497417847021864 0.0204060098116916 0.097795523704055 -0.211659926899437 0.518508890700759 -0.0481719540391995 -0.049804171837977 0.345356242535833
0.177068725909726 -0.447738219394014 0.0439444063910366 0.0365200486049276 0.0969814738553664 -0.211194044680796 0.510990686353181 -0.0385182492670581 -0.0510157963453232 0.342982772137134
-0.15818380817944 0.219598961287967 0.129047754547903 0.301214440466656 -0.141563358247751 -0.00658188535266094 0.188117500617572 0.31410627410514 -0.0216154474564459 0.0809352734507712
0.280755160230357 -0.772065231944936 -0.0117771178715455 0.177522939404712 0.18902005632424 -0.0902140689889222 0.319879487129463 0.0485636486377874 -0.352551033106609 0.212690455059456
0.241684672715593 -0.706916026159607 -0.058325979591413 0.0584780645386135 0.043174142573512 0.03116144625542 0.297262296840923 0.124395280757675 -0.325215322970384 0.188725260903567
0.219574039758937 -0.790839645146017 0.0368264671428548 0.209944224136179 0.104708227774594 0.0589124715331177 0.33483656660231 0.0608761633475507 -0.336767619915398 0.260002573928572
0.384512085313525 -0.234685387120651 0.092823795088299 -0.234364875574538 0.220767060274822 -0.0710376752298511 0.0162147335650752 0.196019122665286 -0.200307154544825 0.0512018056233209
0.121932480860155 -0.518503869732089 0.177814441693492 0.0294716219700385 -0.118311152272445 -0.0224910836158936 0.204780957613644 -0.00767894777814858 -0.262415019572605 0.281675909138887
0.332679011524566 -0.276119600226764 0.0757082588933346 -0.309528700860723 0.218228488623383 0.028138492745046 0.072479505508124 0.239714504435838 -0.164050176815171 0.0582895737302307
0.192965571827016 -0.501785621633275 0.214940894179594 0.114898650967692 0.0143839306841258 -0.208611683998138 0.402937021592717 -0.0213241765216673 -0.147263603008518 0.0365377000170891
0.113666562390887 -0.45794627250843 0.253988257505447 0.128311003094568 0.0806846158982234 -0.242950749234934 0.39584691897143 -0.226479049456971 -0.20839084075482 0.0675480989458719
-0.206592998511881 0.392029261220027 0.11684625737288 0.251850459322624 -0.0651383777087087 0.00474178798609573 0.271063268815018 0.50202868422177 -0.0526116748273493 0.233153732632326
0.244927970160785 -0.683991509456659 -0.0811664364393796 0.0414688256293614 0.048220338856689 0.0597500927288357 0.29889231386927 0.111020849970752 -0.368981170478115 0.17905045108417
-0.00501772980290729 -0.689011172493115 0.0934892289734513 0.0306726608550701 0.155248269175691 -0.230527908313959 0.585987925385168 0.158056669180999 -0.427022698524513 0.251891287204132
0.0951391579833472 -0.461526109717197 0.158213089679053 0.115740630436592 -0.0128305816144322 -0.214544634276581 0.446569184063232 -0.111245729901428 -0.155199647307328 0.0354473324857573
0.139724915043345 -0.50949391780729 0.176987910718402 0.015644716782506 -0.151970001444639 -0.0274988436769139 0.212845465613627 0.0175651258342874 -0.241948811358867 0.278901540334757
0.198733429655225 -0.750078312521365 -0.0482657425305149 0.0616533317282641 0.107775532093504 0.0367557749119482 0.223669301885205 0.127190222664912 -0.306309523737911 0.22507409327875
0.207551600678308 -0.490733045163686 0.215502366042891 0.11763531905903 0.0807474975587903 -0.178554763552064 0.383303570951873 -0.0726682664405715 -0.160197910150917 0.0563077976070409
0.24835210425689 -0.726597520339043 0.050095507623316 0.172684677581046 0.145629025136904 0.068533083011522 0.326868349697965 0.0524221226164819 -0.335811835507859 0.22744892279726
0.137619686355435 -0.527157019583938 0.217852555001087 0.00557602225611704 -0.0569462269194053 -0.0851807579273197 0.255480667847979 -0.0634928904908739 -0.173761420773762 0.252270437336478
0.164745278217347 -0.51020185470274 0.28340552652703 0.167924202023378 0.0546440220718285 -0.185388433838516 0.409798963283444 -0.219415889273477 -0.223559483405742 0.0912951223922012
0.311845598172832 -0.2701014953761 0.0893473465023407 -0.311988126380525 0.185469271269067 0.0133711581644476 0.0555362221016632 0.293882842870129 -0.146190767990541 0.0508662106271734
0.29668407199219 -0.260291016669796 0.064233086211294 -0.321504618660039 0.183631725303329 0.0105399486642999 0.0779254772934356 0.25897977054059 -0.165891588989641 0.0585210370177003
0.327437898388067 -0.259594824122803 0.0645954719963852 -0.3051836417181 0.201294082837493 0.0244508025314779 0.126765759497553 0.220378626284446 -0.199640746770382 0.001966227759377
0.21825598786276 -0.497669350032539 0.0983662304952896 0.194984836371625 0.0797899375552411 -0.218676443443122 0.324504507179446 -0.0568132407469699 -0.170709964823125 0.208800290967344
0.013819095929553 -0.505750243215285 0.0431893260205374 -0.000922244870980708 0.13595892596527 -0.13579775153029 0.582618507474864 -0.0706008394826675 -0.22105414561241 0.0971592799126226
0.113093845084298 -0.510112552994819 0.237456658167018 0.116719239958027 0.0618757851295014 -0.168151921197631 0.458149633978547 -0.27467365162065 -0.276699322195994 0.1241997976816
0.450804712224646 -0.402165875271688 0.0764243937104036 -0.307129640101618 0.128044279933859 0.137237282588917 0.189682770416115 0.247080437980666 0.0417970080026213 0.0177774718621093
-0.0166063893098664 -0.554776648532065 0.0506921113531025 0.123286550368604 0.268224398913837 -0.119785114245219 0.417590618107244 0.0816759433009923 -0.227306033464885 0.244590938036108
0.248927141102473 -0.68971072000992 0.0373730639810903 -0.000186345124143352 -0.00950939290595582 0.0702315907481392 0.266837858276202 -0.0329441747579717 -0.226361756695508 0.128008470482895
0.228005718684477 -0.755219211475893 -0.0581162137694713 0.113443100547568 -0.0489752470220138 0.111129083617441 0.460438936203617 0.219591327516105 -0.139749426134073 0.252721726394614
0.148428617583549 0.237792771649202 0.119548413823005 0.169956036475718 -0.306469682500984 -0.173538465177433 0.0818594070240266 0.440582435151592 -0.247985643346395 0.0949154608126257
0.343163233830445 0.0993614136322971 -0.156578966357817 0.371257975199062 -0.0488973628066011 -0.190254818058989 0.0113695960014162 0.40011144448661 -0.302209456550169 -0.1098873025952
0.0811728253325189 0.148713070119425 0.120693821310124 0.208104348069519 -0.209698831886439 0.0141202403275179 0.0208347802446133 0.442573542286765 -0.242978588160106 -0.00168899600043652
0.339658718474054 -0.454485899263931 0.0694713767239225 -0.294499666480737 0.209183676829541 0.00866463902457777 0.0937425388776516 0.131385089273462 -0.184883745865437 0.0195735561063161
0.0696951680632523 0.324649707768559 0.0817593262465022 0.292218988908955 -0.183649040252926 -0.179697345050258 0.0527702283452758 0.361355378128575 -0.211415222828778 0.0216255224445874
0.211644664427251 -0.430391032211455 0.0498412965267568 -0.0338679393521738 0.118369463896994 -0.0153749642717328 0.470088090620705 -0.0528007844233253 -0.147530546567475 0.104544547612635
0.52743835570314 -0.373263106910357 0.114700880648101 -0.245761970127932 0.119300616454208 0.0730280442489747 0.174870512420854 0.257501049342326 -0.0175219146012803 0.0487328347121786
0.393491197343343 0.117074360425412 -0.0284026402489937 0.262405066583485 0.00528061870251923 -0.132625315103896 0.100861435182769 0.424882515489136 -0.24283272340943 -0.0422633012898758
0.474216304048813 -0.394358226975407 0.0601562900986126 -0.188386131536614 0.143417038527862 0.124048565297732 0.145879671740838 0.288302788916066 -0.0137032833323896 0.0548169922030468
0.230604674276732 -0.738607668860658 0.0738506556981653 -0.0568932862556129 0.0510783510191187 0.103630149012096 0.310567017988487 0.114438657654642 -0.238147513803685 0.14083857073443
0.53793569122756 -0.399529790561314 0.085395939676226 -0.221997538993666 0.299252361939647 0.269732344252138 0.100493711301442 0.0787973076052016 -0.0452971170972246 0.0354539016704053
0.00992832869561576 0.255102624723423 0.217750543193862 0.229061827586694 -0.367699780102405 -0.114132436890186 0.0813223356650176 0.448752060947002 -0.159373726742525 -0.038981066205093
-0.231480085006215 0.356767301286986 0.193523747694685 0.23772368252174 -0.112309365741505 -0.17151731825056 0.352863756341109 0.321360247435224 -0.0432255503898752 0.189274671912439
0.285764982607272 -0.334874083965096 0.210388874721046 0.0961698916565113 -0.0525800783252333 -0.156237379686278 0.493910807983744 0.213423434517454 -0.286471673838124 0.246119696136603
-0.119247849838867 0.374647589020855 0.241893334372425 0.268475297689669 -0.161500306061235 -0.0671675883151888 0.279805526488036 0.37580860230256 -0.211371117355129 0.185182227686275
0.170145294170238 -0.366934664047077 0.0639771877071858 0.0145498963410676 0.0657965193783206 -0.177158751043753 0.51313384793543 0.0637926070889844 -0.244522945634203 0.179760032310716
0.292712218750291 0.241271752553471 -0.0314740865926112 0.175823411998744 -0.0301814201876512 -0.079571401492382 -0.0575449329770226 0.403127368328059 -0.212522262855248 0.0489853388450223
0.334566953669066 0.22507745513814 -0.0466089844127087 0.27605132465654 0.0965969118734577 -0.225948416689755 -0.068389850178959 0.291408624932819 -0.147995256453479 -0.0758571633457176
-0.0240200527263694 -0.519522017796497 -0.0915699691176116 0.215793545292191 -0.0361429811767931 -0.0452997102767994 0.442765455038473 0.0568925135954651 -0.221821391761553 0.0157903507465908
0.365820581041636 -0.347676951790261 0.228034050929326 0.162018485712054 -0.0579520169261978 -0.137393088102008 0.466930788815157 0.179439419778239 -0.351714576373302 0.193166323496847
0.313119314381803 -0.448744800936019 0.0366396946590355 -0.376224671142467 0.238840490086329 -0.0812018696593961 0.0557606508147563 0.172457910029062 -0.237253880257857 -0.0819480329726058
0.29691993382783 -0.277150339019907 0.070895324075203 -0.2520414130081 0.249958772814904 0.100977604436658 0.140730922908194 0.225817407873175 -0.203810745954674 -0.158541510864129
-0.0127058701576309 -0.492437180092057 0.0265687033533296 0.225462795527755 -0.063232863204677 -0.154268570883878 0.459696346380816 0.0459550550690574 -0.329056756410411 0.067440354970128
0.0848295579848451 -0.45869346424435 0.052434864763006 -0.0463849524581233 0.0638466985651576 -0.123532944734476 0.39827944122425 -0.0647310011405203 -0.251491563379836 0.149336566183564
0.310302285376824 0.17610050046283 -0.0770473356204433 0.229482536843037 -0.00223706003017227 -0.250327960336126 -0.0880006282604587 0.275986325370549 -0.170848124221826 -0.0767168673022761
0.420859694875279 -0.272584202414465 0.108965110743904 -0.182938897528535 0.262445709949106 0.171348295654832 0.155551627493868 0.184927045255619 -0.153965440875512 -0.0890355257463352
0.0276057818174554 -0.488253901634582 0.0398373459207903 0.290536656582748 -0.0540789100943373 -0.101540294025568 0.579993328805183 0.0771485205334929 -0.12502722086825 0.09935930843912
0.092539250746824 -0.474138150781712 -0.0167712327794423 0.260507265945871 0.0489589091647724 -0.101129018275444 0.586090237292636 0.0144490268009098 -0.250175782718758 0.0877297333763757
0.299221853674085 -0.277499523703449 0.112786480947983 -0.305324516921427 0.236908865569542 0.00573910184159985 0.0895342597607403 0.204858007926656 -0.151199243206458 0.0816641621161251
0.151886374896684 -0.476210087959552 0.271666255245236 0.156349038367949 0.0932238064821762 -0.186859941251036 0.437327500248702 -0.23889576187399 -0.256301274707061 0.062926789421716
0.26058643323894 -0.762553563155967 0.0533674090922336 0.197456147607283 0.127749653116454 0.0589130423712945 0.289139296413615 0.0825585775002795 -0.289340033667448 0.262495596205843
-0.131133870454024 0.326003382196434 0.0711441446240773 0.207726744638811 -0.207057804133895 -0.117463353535607 0.259871884244193 0.443779784331984 -0.270712833127786 0.172180675387299
0.24248281873404 -0.718597801487928 -0.0580550573763182 0.0670385318266988 0.0498022859738272 0.0258624358390858 0.301630685362142 0.123709642649443 -0.332252758434697 0.183225275637972
0.0172349701444479 -0.645229838114448 0.0586657442527571 0.00175961255664524 0.131940060498809 -0.227883737558191 0.547143906992847 0.144924768003685 -0.433160986822523 0.307858030448724
0.202670632811534 -0.738750188246 -0.0554548123445578 0.148784728110066 0.106969490055962 -0.0328180794550727 0.311390060905085 0.0936022989218776 -0.331439792473326 0.272922329248009
0.216180435964112 -0.736835676595659 -0.0487471114479187 0.0406863019699178 0.110024829253932 0.00824917772244081 0.240555163367216 0.110452503412427 -0.322660590026078 0.245471035541162
0.568128764116985 -0.421780654397809 0.0649085251322696 -0.225709193705698 0.214594666965944 0.122594607469778 0.105275014192981 0.183190516738984 0.00620080701820097 0.0210751080418825
0.564141354087354 -0.389408036920316 0.0564102216346399 -0.241465440445742 0.194177563624766 0.146749141097036 0.107515988182777 0.185382870579798 -0.0474659877456215 -0.059974526799616
0.0255849074956934 -0.53964509289315 0.068783881123882 0.0776357437971124 0.207231526126263 -0.0565417006028451 0.512371007286575 0.139269391361752 -0.221262662891979 0.373893010925414
0.572755204501301 -0.399657038217609 0.0450234378099434 -0.224319304955868 0.199244792961464 0.120479017480752 0.0769012088151558 0.202078220487654 -0.0135318990852963 -0.0224232139922539
0.384539539792448 -0.45649859860514 0.126260879256021 -0.315651810859019 0.108336143339428 0.0672817342554529 0.26531183516724 0.14075688553346 -0.271622560444312 -0.167501353478308
0.0926147654722764 -0.52568056472406 -0.057609931694352 0.0906100196163337 -0.0229663325706751 -0.125672060397008 0.359401363366423 -0.14299390496434 -0.238931066000325 0.168015784352915
0.272482513731167 -0.773104064058269 -0.076444566985001 0.132954979620152 0.0319766570286159 0.109010378785458 0.422970045907191 0.186433151002334 -0.211616759170057 0.243392820787299
0.165421583267322 -0.507214870055752 0.0501719828617931 0.0329656685378639 -0.0174844008962356 -0.135222216119823 0.465313073078858 -0.0949814368798734 -0.263075265224253 0.180754575938969
