0.0786878468275614 -0.132584281174966 -0.148912419440124 0.0403739257708354 0.0246452162806364 0.244846867789385 -0.0132118285715719 -0.177916020575284 0.0618185326772057 0.216213001734072
0.0335535552034794 0.0772429682937494 -0.181881591853275 0.288139066415475 -0.134342296058404 0.112810519366918 0.0731519839538673 -0.128725527123774 0.135314619497441 -0.0203030396206637
0.0633725519472027 0.0797764082584624 -0.218423721675846 0.252467838213045 -0.0648846201327495 0.232590750455186 0.181905478336864 -0.151283293762743 0.0901327624497601 -0.0534632904432815
-0.0147334292568693 -0.0444194368244023 0.0924989108505836 0.0835915498660071 0.0938663785400226 0.399084290040934 0.196148121935297 -0.288757981796344 -0.184410819243649 -0.0338786082379517
-0.156833053157087 -0.248880094431409 0.0280501809136906 0.037307206369994 0.162152758519225 0.303128160486373 0.149019878766749 -0.284336179437984 0.00802631218223176 -0.0571292752896862
0.00136341233931992 -0.503377890262165 -0.00205938532406278 -0.133360122389549 0.14065078778734 -0.409424608565462 0.439389634732001 0.0043093503619703 -0.00174750432456037 0.0710306002009946
-0.0149535035799854 -0.0759294597242166 0.0484457507354488 0.133574638222735 0.0921316217749385 0.397520025250979 0.204910471966655 -0.283768462822258 -0.139106085948344 -0.00833577911725682
0.0507981578140018 -0.0379081011428149 0.14187082941132 0.071954075292945 0.153656732244668 0.406424799996028 0.221762964063646 -0.144158272572545 -0.123961446278702 -0.0181308676972426
-0.138918594359219 -0.246139377647759 0.0608729200910407 0.133316554792419 0.103106262735582 0.370921065184223 0.12846097918324 -0.242076170057989 -0.0553927966713152 0.0672455962264635
0.156290998123952 -0.0636964508281968 -0.12537791645527 0.117507580843551 -0.00301110171636429 0.191904004099123 -0.0588294142158372 -0.124949787879575 0.135306684692499 0.310090202103396
0.0407679593648234 0.109032380667778 -0.160345237809258 0.247205590563032 -0.163426387298816 0.177167674973498 0.191318218794132 -0.164515538750074 0.0860501879855375 -0.0144612399294783
0.116057703449572 -0.0789438736201228 -0.172984803678029 0.0237746702373379 0.00612040453978234 0.267024071774185 0.00934028102884107 -0.156142083009598 0.106872649340001 0.22966241260604
-0.0605999750214861 -0.155433607822818 0.0283640490872608 0.182049248473951 0.157008371062541 0.321337295290311 0.269659797852695 -0.187978387185386 -0.0874214647113987 -0.0352328402646061
-0.187527506573272 -0.383547669966731 -0.0125951223857898 0.52590172386454 0.283445456409945 0.532647753621096 0.192867697985657 0.0909693435596782 0.0835394057417503 -0.109172715776742
-0.0320326349833369 0.0295825833798202 -0.226558789327323 0.347451387270593 -0.147323089334064 0.14142551403889 0.201360831938139 -0.113770704373028 0.0825458108734814 -0.0800989295273282
0.0364946630990195 0.098522085951751 -0.135788480018005 0.277291572271327 -0.171122817364393 0.151416227701786 0.198283193351302 -0.105143079497292 0.0926471014183195 -0.0468010189323841
-0.0772047164237003 -0.301670493323181 0.0493731641873675 -0.0326630639762262 0.0880889041778559 0.39963688320559 0.11378137236721 -0.259046934992373 0.0248710235881685 -0.0872060952340294
-0.0728897649368277 0.106110584022003 -0.0666633232716851 0.191828024471896 -0.149912194988252 0.135832162514631 0.0817294390651113 -0.0793860155549523 0.0266068131616363 -0.00625859922253316
0.163399511319989 -0.134449263406285 -0.116518829703824 -0.0426370028611106 0.00457059905691496 0.159341756894091 -0.0320979026617959 -0.115122548642512 0.0984473802888139 0.157966152381349
0.120352925992051 0.0598566473817349 -0.222049851236715 0.303103079775871 -0.171808792953261 0.113650567988805 0.167400401479239 -0.0706018084010607 0.0755220438532034 -0.0899380556507167
-0.0923747965837635 -0.197767185081624 -0.0396783643529752 0.474288345002526 0.244609096763629 0.31857158280082 0.263775249816386 0.0542443098511467 -0.0353621880168585 -0.0216601323206477
-0.00982982448204199 -0.0794053573022265 0.100010029124805 0.0929459568621201 0.0593718439782488 0.38835771173808 0.164697586397792 -0.135463601365525 -0.107510875641053 0.00851441085203814
-0.0130280065128678 -0.123353958273799 0.0932804835583817 0.145985965256352 0.0865786496490359 0.357036440660178 0.127474151926958 -0.226773206240104 -0.118344095956408 0.0188928787001143
-0.0662960016663261 0.17302939902211 -0.0770155747821423 0.111837274889418 -0.163007496843038 0.184396922954843 0.109393523458905 -0.157580459789376 0.0936998666152755 -0.00402253729655316
0.159521423182839 0.0534185707467509 -0.169888735092195 0.304648357691886 -0.125306577698195 0.129320309445333 0.168293785364637 0.0139145645307591 0.0441797632842246 -0.0638362859381495
-0.0301684363027115 -0.269011268071217 0.0807475025518783 -0.00931403612615765 0.220418071849182 0.382229893246128 0.127719794652112 -0.257078304836856 -0.0414352155952483 -0.126259177416846
-0.0640478945740619 0.144815180721552 -0.0353751543311207 0.263850923670477 -0.109075329979714 0.136969601660739 0.118980084305219 -0.0972177148949373 0.056350346494146 0.00438928577833038
0.156065359471734 0.0583287858461785 -0.151682142134938 0.255097121606364 -0.145565737428966 0.165103180753903 0.244174821284463 -0.0258083429738976 0.108388653437496 0.0763012338731811
0.112407671644122 0.0496922706457862 -0.150233401908621 0.266936403549491 -0.0902272228424252 0.174569909027864 0.157736563617573 -0.0429246154415727 0.140600469275726 -0.00387504347049085
0.21235671783123 -0.0101029743909137 -0.11822491302632 0.268245992335954 -0.145337228333185 0.0808220530194848 0.212228981196793 -0.069834634964379 0.0599858270254337 0.0773789926837184
0.137813682851473 -0.0112265643130565 -0.059378550153568 0.0425041318641736 -0.0124877480203445 0.202132908215238 -0.0192182077944587 -0.0890775286904766 0.115705102921139 0.286888379048751
0.0390130650560619 -0.147886929171492 0.0811973040501645 0.0752636274547775 0.0157504093959488 0.170370892338038 0.102823435568074 -0.0608250177033986 0.00444962216029428 -0.0205430980965209
0.0992378630616692 0.096899877886175 -0.226387096320896 0.325472580686655 -0.175449914046084 0.120936065614917 0.231252074532108 -0.0455339966149964 0.0851245677932977 -0.0660903231076432
-0.019278385795772 -0.122443271735064 -0.105218316431067 0.499678456498277 0.311643552564349 0.31729253807614 0.232074115386865 0.0649841022160061 -0.0244028273392527 -0.0803568913926177
0.0739326506429979 -0.0631184165318583 -0.157656623164156 -0.0705685261100797 0.0024286622846162 0.217971357139722 0.0431109589251585 -0.13639275798332 0.0852025117718471 0.173458370338861
-0.048402011064011 -0.504382276362421 -0.00385812649819669 -0.123225323930618 0.160590375077369 -0.423319379911607 0.331837544552788 0.0724629670881378 -0.062751299537749 0.056198111785944
0.0700190803644806 0.0627557078241053 -0.23966490515925 0.303299793805551 -0.202986818559087 0.171641367186255 0.225538014191538 -0.0553644850775151 0.0796595607123887 -0.0700563572527735
-0.069852926035271 -0.16297887495457 -0.104818386921858 0.447046420297316 0.234652868442332 0.23507936147478 0.240726505375861 -0.00218834024396522 -0.0940797129513841 -0.0392706515881734
0.147210364841402 -0.136398238412594 -0.106929971310378 -0.0323439178372202 -0.0104507767651902 0.218724973349618 0.000775068994270923 -0.108530861304335 0.0675761007580633 0.184143074582032
0.0987373287052768 0.0784601725402273 -0.192441091185845 0.248787034449755 -0.186837095798255 0.09846571748385 0.13779398395478 -0.0109132675371366 0.077753503120091 -0.0405473827780897
-0.118969971767014 0.0817903850015208 -0.112819573284388 0.167217154270572 -0.156128439225995 0.134632305260622 0.0871663732220433 -0.166901535063942 0.0797869556245742 0.00536274883866221
0.130344128569364 -0.145981360495372 -0.110404413318015 -0.0687629051049458 -0.0239781948814687 0.241915132263493 -0.0192504728782683 -0.13913721933724 0.103132856659097 0.175250145024453
0.095390552701657 0.11612423675303 -0.246473586059262 0.299819642998565 -0.183572284382148 0.132564059269155 0.202727035079048 -0.0678838543404061 0.115948234122177 -0.0617639222295415
-0.0682409419582559 -0.169861720448415 -0.142899707383063 0.509845057330096 0.231982768147846 0.276173063970171 0.285101264635292 0.066943912067107 -0.0129604702162312 0.00926867621181967
0.0183070849324858 -0.0253965806077076 -0.083431503843766 0.28555204337765 -0.150214150272457 -0.00833228256339541 0.058663398744207 -0.109490406683801 0.0428743814468745 -0.123424727809126
-0.0140905396477998 -0.489008868740061 0.0153892722217549 -0.0696989384125654 0.221020436961887 -0.410828033024451 0.287283729518833 -0.0184029206365591 -0.0340408561765329 0.0468327595816035
-0.0695972821865244 -0.519875690390468 0.0271953657105133 -0.114427367000066 0.170421576757393 -0.417717344621486 0.31740656763834 0.0364738881774905 -0.0642450501574718 0.0363734300174935
0.147210364841402 -0.136398238412594 -0.106929971310378 -0.0323439178372202 -0.0104507767651902 0.218724973349618 0.000775068994270923 -0.108530861304335 0.0675761007580633 0.184143074582032
-0.0460656503747693 -0.313017592310331 0.0158197131382345 -0.0226591653887009 0.0928530372797401 0.301695193688883 0.126180054765627 -0.27058367863824 0.00340037674181255 -0.0348109401910689
-0.0121380396428917 -0.534004090599485 0.0231175936352232 -0.114667266754539 0.19530674316225 -0.414019163084561 0.284469044432904 0.0524979125601846 -0.0955712056199205 0.0367004558998098
0.175841445151206 0.0495985194076371 -0.166137580884918 0.281288101932014 -0.118680147568883 0.149435489528054 0.246617441510693 -0.0511364951984997 0.100986497856313 0.0786193699218056
0.0225283999435459 -0.0209789993111189 -0.0856623141800179 0.307223320064125 -0.13326219455831 0.0107979901215759 0.0666487553736109 -0.112784898928094 0.0352864215289839 -0.119685732659654
0.145560122344607 0.036829319850712 -0.173499530365252 0.309762311213041 -0.168088843572825 0.129877096389995 0.163415945644933 -0.00478006256290503 0.0241655684997062 -0.071266380781965
0.0632706228108802 0.118625310074691 -0.185667307734082 0.256444328890386 -0.233913766140059 0.121624895012964 0.149853726348197 -0.175503008955414 0.0985225701526677 -0.0475640572716544
0.0513389114146772 0.0610821642914709 -0.260618818514787 0.331793167302782 -0.189917142727479 0.142783022982102 0.198758280159459 -0.0844262397185137 0.0843717028059591 -0.0622950813429781
0.0390130650560619 -0.147886929171492 0.0811973040501645 0.0752636274547775 0.0157504093959488 0.170370892338038 0.102823435568074 -0.0608250177033986 0.00444962216029428 -0.0205430980965209
-0.195241413691782 -0.259622950373712 0.123645626459087 0.659592699722778 0.297874427268067 0.488532918373316 0.0962067146855441 0.0556356137735413 0.125399634974875 -0.0428206792601498
-0.0712525015542972 -0.134312144575229 -0.0938481649153737 0.514963550422869 0.254516340894714 0.300219005222674 0.222396283003818 0.0234073270589435 -0.0571997738497244 -0.0790719465191204
0.106195358109959 0.114234410893537 -0.095526434739575 0.310584628482471 -0.196744394282757 0.14815924859023 0.181943406890965 -0.131651128874114 0.07403764748079 -0.0838811535517439
0.17910475125365 -0.0725318141164479 -0.0890506284760554 0.0708827239365806 -0.0762297919580794 0.198247022932636 -0.00309382398079674 -0.127970428489929 0.152017824640073 0.355773596479302
0.0220850880553834 -0.151487007274565 0.0829385386049788 0.091377491300675 -0.00409456336985436 0.185652465511916 0.11193981585864 -0.0553963249193188 -0.00464471976909466 -0.0392063098526576
-0.0162421904318297 -0.495262337583453 -0.0208389535783791 -0.111626696963423 0.246017133669746 -0.406641527203682 0.271466853801347 0.0326930986557045 -0.0420099272476997 0.0381571459686271
0.0884487688476954 0.0949683946480994 -0.150368338904376 0.300554038961602 -0.208795165491247 0.194381749090756 0.167487157698541 -0.146913361400866 0.0844895776373275 -0.0514575387856218
0.15657978865662 -0.0456975894970509 -0.110241449960534 0.0496486074089936 -0.0568384147859285 0.144036731596063 -0.0145442835162538 -0.0908794557707759 0.121332073726282 0.319099332954674
0.0350564406946516 0.0938334494371266 -0.166633169210767 0.257990282031421 -0.228417900529014 0.161843002517542 0.209622849207359 -0.093635115645889 0.0904478442198245 0.0207386086882302
0.162311687185772 -0.106409727322196 -0.133520316815946 -0.0454823237239732 0.0562387427679124 0.232519550918576 0.00301815643073549 -0.0981214578179219 0.0918858883572316 0.172395334896175
0.0178406246340946 -0.0393007838708322 -0.0793074503443997 0.282191463626906 -0.115154673476131 0.00842644147523418 0.0676210156689564 -0.105623339819183 0.0458641634624761 -0.117383948084828
-0.0726432951010879 -0.144587249494579 -0.0463816227828572 0.471547650926146 0.25132395311855 0.30574688570018 0.285377188079992 -0.0133997575742781 -0.0741401087249358 -0.0635774036642641
-0.203349959405838 -0.260828625716104 0.0329522316742084 0.567430976669215 0.330593168843949 0.439201048522329 0.126353601916333 0.0692549452286629 0.0904076075299981 -0.15281092711702
0.145560122344607 0.036829319850712 -0.173499530365252 0.309762311213041 -0.168088843572825 0.129877096389995 0.163415945644933 -0.00478006256290503 0.0241655684997062 -0.071266380781965
0.0310822754237079 0.0212422033045828 -0.158982006556734 0.256909145322917 -0.147513156147826 0.146273708460986 0.274916085395588 -0.0984741344983474 0.0501158734380349 -0.0303978426486587
0.144198230386284 -0.0684873669856986 -0.119943209509701 0.092035701814389 -0.0254872951282368 0.145463504719399 -0.00568844605526466 -0.0949682015357619 0.166584642420211 0.326008942287518
0.136695852025242 0.0923104057512084 -0.179283459203507 0.235177178300615 -0.156826073998796 0.113471852491826 0.128357310437526 -0.0916757393469662 0.0741666257202259 -0.0946144222328807
0.134854458653388 0.0688638703048924 -0.178994341009339 0.303021628398733 -0.161321793338373 0.142155403367912 0.21544527813122 0.00465731911865314 0.0745118833158084 -0.041424621123852
-0.0547542038490836 -0.0510389086746318 -0.108069174992045 0.255404916753819 -0.0658594107276799 0.0681840022335134 0.0785674167611598 -0.148437712391928 0.0821720110766126 -0.111043009864622
0.137478262046877 -0.0547822221496152 -0.104859565568972 0.140514773695579 0.01069018008802 0.172497764352455 -0.00474938936913707 -0.138737121032341 0.135582331494898 0.295627598572888
0.134901925183325 0.0458398507769556 -0.0720200020713276 0.244143087807206 -0.111064438056139 -0.0307341561428056 0.0506492002866651 -0.138265564729067 0.0284044921612021 0.019665293003898
0.0695486746826567 0.0611493223249163 -0.190446488649207 0.281978115331057 -0.178637189665074 0.158611181125255 0.164690101306594 -0.109393390360629 0.0847987179791719 -0.0769353008462232
0.143499651477014 0.0166706871980549 -0.134160683959355 0.220121392131449 -0.173484715578805 0.143716117197034 0.257744667798582 -0.00990938075769007 0.130323006820448 0.00697407710986466
0.165705252070192 -0.00512117591254659 -0.0513643377070615 0.0899953267006316 -0.0492277550109813 0.16623174993998 -0.0881374187704054 -0.133877354265528 0.145465236749956 0.362306171411906
0.203662656210341 -0.0674548865322778 -0.103304025720057 0.0631390406907275 -0.0038453300696464 0.196921674428203 -0.04569210667978 -0.123785797561341 0.143323681692159 0.303148713790151
0.109230769972125 0.0785040288581889 -0.170936288659639 0.266195043229939 -0.154230794915159 0.154885482621186 0.179137040351655 -0.017027674059233 0.0484903243188852 0.0176757289733327
0.139548899598004 0.0425511190623723 -0.156301872716806 0.238301612619556 -0.159640228453228 0.155208946761163 0.211185985824723 -0.0259813075671945 0.11887288100113 0.0783478933443722
0.0423120563194249 0.0910351931089704 -0.167419725663108 0.298158971570534 -0.129331607377793 0.193785483720676 0.174401457042956 -0.09086904161905 0.0945666592617136 -0.0613323183857196
0.104308878687506 -0.0137610870906489 -0.178816374798964 0.208656174357905 -0.253774262598513 0.0177015218534034 0.056649625743316 -0.196288201995504 0.0124740937966796 0.0259117728034469
-0.047347721087113 0.113763535355557 -0.132303408878917 0.136245945310516 -0.175977268696968 0.180182556916095 0.0561835553261627 -0.163257553880433 0.114780792509791 -0.00490281304177709
0.0654602087876895 -0.151563269670174 0.0651235031752421 0.0717457314458741 0.0115976791813687 0.139874535082193 0.126506496493279 -0.0612887419170405 0.0184487244656522 -0.0266573393448581
0.0757467922953289 0.0812638918165603 -0.166128186268028 0.275754663990262 -0.102514211750291 0.139972263354285 0.130642572456475 -0.0506225049648545 0.0740108659516799 -0.0156565975351855
0.115048060828585 -0.0468101757188425 -0.133558932941859 0.222407801501446 -0.21277024409849 -0.0301802767212819 0.0642650821917344 -0.178333139925093 0.0409273205743601 0.0632938198590311
0.0721469590171571 0.0847107417495378 -0.162086419088204 0.294190203566229 -0.170797319238966 0.159623119363975 0.166748578456298 -0.197302606417876 0.0670477023726397 -0.00218279939612059
-0.0810316776821071 -0.299811764990025 0.0502272894417906 0.0150677476531355 0.110003620681669 0.354726682896941 0.132131921985235 -0.289983364671373 0.00594703549304386 -0.0536353469601419
0.155042835520384 -0.0826408054388118 -0.19072140371097 -0.15512516752886 -0.176266310291158 0.311784849637701 0.0385776588049865 -0.0700457294080968 0.0412234263148033 0.243638798688212
-0.0201410682841519 -0.23963429661812 0.0468490688000976 0.0299965913409989 0.189800080581988 0.348870742395785 0.153954417978132 -0.311395158812941 -0.0768073462753719 -0.0977337789464077
0.0506338394421233 0.0293708104494626 -0.191053957051016 0.262053336783345 -0.112608884802986 0.0652662593244485 0.165701619645132 -0.0836572946942154 0.0305908823373445 0.0216888249827086
0.0444454845529736 0.116567277558246 -0.192685891346984 0.241352716738749 -0.115967644220615 0.11278177049379 0.191783769871584 -0.0395192046077418 0.0603300385723553 -0.00467848161595026
-0.155927828554664 -0.327630274761701 0.131980823419002 0.639816895871418 0.327520139418442 0.503368088264204 0.0926297388179786 0.0378736504412732 0.124627035273462 -0.0277104705513678
-0.0324300688401516 0.126469919031945 -0.110143934184133 0.159872188720103 -0.147013601122 0.129538168820465 0.100380879140945 -0.0967907461660198 0.0378683075928058 -0.0050503038223266
-0.0274071464371674 0.0866304053935886 -0.0803810996770852 0.133057590530498 -0.149414310313136 0.108498049205402 0.112826430263917 -0.102779831839891 0.0451932185717713 -0.00772580173372384
0.0789633431342526 0.111967274770958 -0.239309090493383 0.151584273870627 -0.157986224805123 0.0747371422315532 0.170751375410103 -0.0645333969626775 0.0912541046989051 -0.0726339971406876
0.0327481415498739 -0.163679469581216 -0.145921895015542 0.00383429868535654 -0.0506736651961479 0.230695411307719 -0.0277993565790492 -0.176820682064726 0.0498981497746044 0.184379100670556
-0.198993844400856 -0.34023972876341 0.0468991543756087 0.534078713100993 0.323585121394305 0.448730373721466 0.0975960174771619 0.0114099496073851 0.0719600411080198 -0.0997010670677489
-0.0987228535248209 0.0181989980975571 -0.188117956929579 0.256269390103548 -0.217810843524287 0.145398764211929 0.0487261404623914 -0.0153037838647944 0.0707513739729695 0.113213785617792
0.102955032450918 0.0559824011866114 -0.17290865783419 0.236794101089118 -0.108303679896787 0.162285165722961 0.144969567297073 -0.0453335431448924 0.0806060206565183 -0.0219813754753307
-0.0434311397791135 0.0936490274047831 -0.0429451512053587 0.151881245910759 -0.193778072523795 0.131163135872958 0.111535974775203 -0.120248490749314 0.0519098852813028 0.0173337913189981
0.093042806819995 0.0114527959750198 -0.130674719587827 0.320355727635492 -0.106426467386734 0.16567635162665 0.157458385317868 -0.0727921632576892 0.0248651919994178 -0.0436488644868626
-0.0740408176062701 -0.163668952431948 -0.0696795500432191 0.469319130487337 0.211042547207424 0.298220865518586 0.306935641885939 0.0446921087497701 0.0131696287120359 -0.0180534123704618
0.0995607793521764 0.0803588075360148 -0.227101624135427 0.323633520038862 -0.19154983735722 0.159403878069444 0.196080127530994 -0.0719991441520664 0.109602720869826 -0.0935819985141371
0.0207487193181616 0.0799815947966113 -0.180967303506802 0.284882659423542 -0.0996769350503757 0.185294237904891 0.185742136169436 -0.0616692185435009 0.112733329518142 -0.12574597068419
0.0269560812646038 0.098344216255781 -0.219643422174843 0.240778039075138 -0.0833099960407942 0.124502308462909 0.213724749475202 -0.0298324451612017 0.0473975829668035 0.0286653474493939
0.00808290731264017 -0.0770904899250817 0.099259142258133 0.12507807295224 0.0635682315035733 0.337682089017202 0.119199529441388 -0.164920996973027 -0.112490115104425 -0.00579165548001183
-0.117494883711622 -0.16373085702917 -0.0381863424687582 0.438518670041263 0.224550239270571 0.281216180837409 0.285417581711588 0.0613930586648895 -0.0443020706699843 -0.0674062011479307
0.136238914908423 0.0665939041504558 -0.162012475546081 0.316501296825214 -0.135170287559602 0.122856777575154 0.175103430468401 -0.0380295152216825 0.0824622957222463 -0.0785680132454636
-0.0492302076322109 0.107029470751387 -0.172160951472929 0.295411688519913 -0.223909930012949 0.120150215445982 0.222216053435752 -0.190620074021448 0.0506231589089181 -0.0301861591118355
-0.0673115595426682 -0.144318321800509 -0.107860249734835 0.494788374508953 0.274655221619244 0.243955373881392 0.315684063938067 0.0985194608275675 -0.0440872303857854 0.00910189364979484
-0.116908107128059 -0.292954020556291 -0.00800733570297576 -0.0224996133770986 0.163305952852441 0.39504690997634 0.136352889906587 -0.365454269362985 -0.0385616723583309 -0.0443571316571943
0.0870367440539297 0.0282713666774648 -0.237244688289664 0.320945532727488 -0.208017266395397 0.163160726611157 0.169165569452472 -0.0814101349493834 0.0659484162732949 -0.0656730201120592
0.0151777519289704 -0.155484047942333 -0.187624353155254 0.00340303812741373 -0.0240236250052086 0.223387070843823 0.0203953167695732 -0.148048773152023 0.123404616444175 0.188685907047353
0.156944474802894 0.0636676362444199 -0.153877792687507 0.323805113840185 -0.16094944922883 0.128552396451144 0.150941998800148 -0.00860464938523772 0.0624017073546172 -0.0824206277899761
-0.182931880285544 -0.297625463231789 0.0640389046126052 0.64751001512923 0.263009465255577 0.465758718869294 0.128766899031022 0.124088248477947 0.0447654747827811 -0.0746935902645022
0.198017521938979 -0.0970493756923945 -0.102407700107513 -0.0676796589272905 0.0350135682638937 0.196628162610817 0.0116472643268499 -0.137457916178439 0.0798351379242714 0.157723036392333
-0.222592607669331 -0.245096153732896 0.110232534546548 0.48187382166882 0.26218169763384 0.441651813456304 0.174658239568915 0.013661617113419 0.0373419387509386 -0.0779748702538366
0.147821091957525 0.068078635198678 -0.159154462638042 0.305894270326471 -0.189610318263338 0.106719792899915 0.225261860106976 -0.000765945099220384 0.0839032139625372 -0.0487657438751622
0.120560759349974 -0.0239862866014134 -0.178756911202177 0.21211695358881 -0.122506129581495 0.0985754809691332 0.159789139123027 -0.108651672113799 0.0368195629269306 0.00872344377388888
0.106627402785254 0.0506399539194392 -0.126911345376437 0.268848415060922 -0.158232032340154 -0.0286065687467259 0.0501863071078407 -0.0678164651703616 0.0473917077299867 -0.0412324670875235
0.125270468468575 -0.10600512965329 -0.109966404816293 -0.0319738476259902 0.0697946279749224 0.228142525793445 0.0207836840607788 -0.0860309171174611 0.0951442783648218 0.155966501389956
-0.236394637567524 -0.34474993530735 0.0657489110603498 0.492410651887601 0.222966599603271 0.450571012435069 0.129538260474554 0.00598622643064636 0.0562286220153715 -0.0989998050352608
-0.163279156774694 0.0646706828224954 -0.0782998537022422 0.13932152225901 -0.118683453942638 0.133727086608199 0.0704304192445565 -0.166537235090468 0.0902157074022277 0.0284839991263593
0.090815587420802 0.0503300987613696 -0.158074879935634 0.288299710383493 -0.0711920439909401 0.0881255286741541 0.151783442004469 -0.0868364384514092 0.0386375490287436 0.082177940513076
0.109455388580035 0.116366690552735 -0.252216321028833 0.205262595288677 -0.18669148933025 -0.0429559033793595 0.233910662943946 -0.0858973222392817 0.0129683299320063 -0.0943152467888527
0.0854505490448872 0.0300736698471574 -0.18866369019233 0.19905018426737 -0.239332887612256 0.144862937925649 0.193425076232287 -0.0676874335092896 0.155444483947462 -0.02957274913357
0.103290067873851 0.0110300822195967 -0.210984529199803 0.267074359400494 -0.174830617900593 0.111558913521239 0.150512841084964 -0.0270555485795027 0.0238147100608596 -0.0520768824236648
0.0880573821977221 0.0749280467587805 -0.223068275827051 0.276264273436856 -0.129845498024991 0.254304007850169 0.194926744840111 -0.102856099818411 0.0617943960024902 -0.0681286815685256
-0.0976942810938642 -0.219646498548102 0.0828035273669274 -0.012290121225139 0.0495316632462025 0.341835882085433 0.168834206426982 -0.312194756852715 -0.159389929212481 -0.0452625678496632
0.0157232878408175 -0.0664499494792904 0.070294449278386 0.0974037063820037 0.151145525323302 0.446476974001643 0.201063547598289 -0.165267558523622 -0.071214088845256 -0.0250795743045135
0.0242637218906705 0.167827779107989 -0.183084257914875 0.286837869753098 -0.241373728429234 0.148551560400043 0.163554532627524 -0.0140242399423125 0.124651388336797 -0.140936099480071
0.00878771259880358 0.177623936992482 -0.168975650151661 0.287215655217086 -0.127381671323965 0.113279016634233 0.159043572607114 -0.144216146880553 0.134175052041356 0.0115315749155619
0.110702491172323 0.0674308089527032 -0.194939333309227 0.249738872238693 -0.210039421511094 0.0440507440974988 0.0527242332710258 0.0159774542746774 0.0486447123714001 -0.0106067636463015
0.000884391613929207 -0.0871596427885032 0.115826334857529 0.11694161892581 0.137161307205551 0.323644463916186 0.103096207218741 -0.189755832140311 -0.135187961003173 0.0181877557849908
-0.0616526064484013 0.0998178969288099 -0.0830545487391577 0.220555239482571 -0.167214030731837 0.130285994400774 0.0851239210159501 -0.110161479876794 0.0160692949824349 0.00659594298478889
0.112497191187096 -0.0256115118517122 -0.12177879750018 0.0167067285327559 0.0172551862624209 0.176370785510152 -0.0160986726299484 -0.101227228449759 0.0937585138951611 0.274065219934571
0.101552203401687 0.0306427111895448 -0.153722546076132 0.263482304626368 -0.128539038971926 0.134739714550073 0.235063920594556 -0.0043413750410344 0.117049819344598 0.0304234018047407
-0.0870305499884435 0.0333480622768917 -0.0300608320889655 0.152753907508927 -0.147825838571303 0.171547496414411 0.118750379779748 -0.123159142893529 0.0909268320665209 -0.0333097958818185
-0.086548886785307 -0.228085626911011 -0.0405178056658461 0.44994024485189 0.217665876656131 0.265544582227858 0.312619889014009 0.0377281636920658 -0.034557720177225 -0.0607612539918597
0.116816257367006 0.0145338010512807 -0.183822829760114 0.258857000801508 -0.098828163817644 0.104143863339435 0.182131353474951 -0.098852250478288 0.0745872833437114 0.0465840904434725
0.113118939156495 0.0394833414491565 -0.128574502453939 0.252431873149959 -0.14226265441501 -0.0198857060874251 0.0536039484162162 -0.0975681744333615 0.0430247820235007 -0.0186578188155572
-2.610613314548e-05 -0.0912255612023652 0.127577547597009 0.112973589109082 0.0996341395395322 0.348392983880755 0.0999571216499926 -0.260162045787504 -0.120395834860622 0.0228434448231834
0.111283934742164 0.0609209397775205 -0.177407967547124 0.14423206260129 -0.204574119897867 0.144149175790466 0.108263352463755 -0.0518757618615095 0.0770930856236044 -0.0825905260194147
-0.0969716099759877 -0.15603757203099 -0.0904006212376115 0.499717617342382 0.195196942621434 0.280487461509122 0.333823721597099 0.0628998792921427 0.0131838575750103 -0.0321777421003392
-0.0810215731252143 0.0629044902542234 -0.184883934829452 0.240981871630458 -0.168786703677072 0.143168744596655 0.0433718045558043 0.0130031383725359 0.0136435660356152 0.142776449854311
-0.119990635171624 -0.133861850302433 -0.120150354351959 0.523882423949188 0.198169280732792 0.266221168947453 0.293697125114694 0.0130966000490003 -0.0157948944630191 -0.0285608700497751
-0.148608952034754 -0.270168399266731 0.0595290666644856 0.594723922570767 0.340802780658518 0.510894715573036 0.111878188548995 0.0650611527829848 0.0550426023468089 -0.0476556609175862
-0.0353966449408302 -0.113619751055369 -0.0990076026486159 0.482145396974509 0.302343572002232 0.314581996824448 0.249392708317147 0.0358827168771832 0.00856806170195031 -0.10540413145448
0.089019298681079 0.078081688070326 -0.213295850969467 0.181688947876455 -0.163934218152285 0.0764748185572025 0.149015096733701 -0.0994449103858035 0.0974003921500309 -0.0410557828691625
-0.0410862951561174 -0.145203759340857 0.00657635912118934 0.14158005863016 0.158553375949628 0.333733016905663 0.22873307903048 -0.211550105564954 -0.0821009209504338 -0.0615889263116257
-0.0617402077788622 -0.16249626891223 -0.109343887240937 0.432016409663614 0.265932933035006 0.30478871619801 0.278843540491933 0.00837525725264636 -0.0820986547197843 -0.078604704044924
-0.0349419394335395 -0.0762078121923356 -0.102289744522866 0.316389592897508 -0.0822213240872198 0.0601362886501412 0.099162126131315 -0.191289355665582 0.0873845998271453 -0.108455363842176
-0.0327400772707027 -0.238764414396762 0.0724476578945739 -0.0400057112068597 0.154370230098709 0.398380716930585 0.119760094477424 -0.292819850012903 -0.0157254837553035 -0.0908667267349349
0.127012792994896 -0.00529136724055417 -0.0830200120343382 0.258762240073055 -0.0977191609187997 0.179502980586594 0.168934179120424 -0.0413890675214125 0.106109735352191 -0.00797284347525975
-0.060238641925174 -0.093812009461149 0.0477605637801592 0.0817771065866457 0.078432081118297 0.393364369332612 0.170014833067436 -0.200190870170502 -0.10528373500474 0.0400368708900371
0.0137068510399757 0.0922262707040146 -0.141818401870232 0.238258282065032 -0.126701394340929 0.163993174020139 0.190832868551181 -0.0128377936703537 0.0596172439878085 0.0658096109799179
-0.210624969245091 -0.351706667927484 0.0473043203262339 0.546863532309009 0.252479945893897 0.530447769229073 0.152645582877904 0.0502000483223505 0.0399086080022198 -0.0350902373970604
-0.0474344050464195 -0.461887125227716 -0.0104040009296063 -0.153274709016181 0.203237368564387 -0.451994979711982 0.325645673047292 0.00968712761115196 -0.0739180135125179 0.089071416602452
-0.0410566025600216 -0.0724310496763884 0.0665094198847225 0.099206048981185 0.101592955984884 0.405975007445875 0.16482102302179 -0.193255680890856 -0.0698173501311825 0.0346596143641421
0.0246665156630443 0.0292453634421322 -0.220122122359317 0.339366455062421 -0.200066314448373 0.128709508647277 0.173439112584312 -0.115682855339363 0.0748375370557533 -0.0664304972145171
0.1831671763767 -0.0666877983334881 -0.0863494315076249 0.0732621797075958 -0.0283709167420899 0.192031056512763 -0.0233744490988268 -0.101058758394927 0.129995204650243 0.271333675379339
-0.0259621137413492 -0.225719619011045 0.0626238701374576 -0.00859459762534782 0.161236280069386 0.410466301489986 0.119286292390247 -0.308951141994475 -0.013146185865045 -0.114556028081216
0.117723262484833 0.112164517669387 -0.165417153691769 0.223435470730261 -0.101195631929708 0.173360399213934 0.175445874810409 -0.0239890564234022 0.0809857574248973 -0.00568467491864857
-0.00397383226355165 -0.0697242965563791 -0.0776536477653571 0.26405483596018 -0.066309125880991 0.0214405997037419 0.045626045341268 -0.168626604122691 0.110435864335489 -0.0997921285483425
-0.0323504354640763 0.0864950136166838 0.00863867507119912 0.262731860887726 -0.117331343830861 0.18062638996221 0.131712996488409 -0.0785325276210194 0.0409296918586163 0.0701579049477362
0.217858881175804 -0.0178441768016901 -0.0995830562786406 0.277525998112156 -0.133436231051143 0.0789340543401143 0.234467344219071 -0.0421601885876038 0.0432594520805576 0.0840360679569204
-0.0789408836877773 -0.241754725788212 -0.105815989453162 0.46349709375673 0.242329278091598 0.283982523880373 0.252509719795204 0.00427443512363464 -0.0707168130589565 -0.0551728034624387
-0.0275173051373486 0.0548509616788691 -0.0501380029878905 0.192860313707959 -0.177842350059771 0.1469015919327 0.0741028819093764 -0.0882156012068292 0.00882038076059275 -0.0369406977006563
-0.175137654102073 -0.259176926951407 0.0770024968025613 0.648296293306092 0.236247828090872 0.51493403889528 0.0852761772276036 0.112611079428282 0.0832399489155025 -0.044965465647961
0.045397467368109 -0.158882248273428 -0.142134702048583 0.00117326049371449 0.000102636267014584 0.161932062392489 0.0111364897146415 -0.128036718782476 0.0705066775096704 0.231366185420396
0.15055918049713 -0.0457545378268426 -0.121910542552618 0.0623493707578394 -0.0184878175470758 0.162038239134023 0.00863022835755973 -0.116876927953954 0.139868699146719 0.316415393500234
0.128797512261713 0.0643171291976579 -0.192670719406465 0.302241524366508 -0.154304680959167 0.148977637329092 0.13669162471153 0.00344201041443577 0.0486021647053059 -0.0732158236416748
0.079287943374646 -0.164213331735943 0.0692361628971874 0.060766491481054 0.0455964056701321 0.175634682468642 0.117669845470966 -0.0713109948981613 -0.0102004274466253 -0.0321020794445824
0.0659035812883056 0.0349813568605432 -0.161047647380559 0.302916475073246 -0.171625857024166 0.144071840745602 0.205276580582763 -0.137369824374902 0.0744703505157299 -0.0157414922638445
0.0788171427201136 0.102889198858895 -0.230142653389503 0.19970236100408 -0.172223589760473 0.102131602236426 0.170039369374736 -0.128627165943411 0.099626167851362 -0.0534874126219191
0.0406900200416728 -0.168330215318443 -0.153024655765213 0.0266084219792627 -0.0263235695779987 0.225101960553694 -0.0349899848003004 -0.174414182756206 0.0864398225280582 0.162932912225721
0.136496964323403 0.0615999476054471 -0.163340989825672 0.314690729113793 -0.169026148220045 0.12611972889019 0.169347703108607 0.00123610394580372 0.0582284815047936 -0.100918554978259
0.0947946477748391 -0.0336044312122793 -0.133818142344899 0.161319386763497 -0.256363060895122 -0.00657883876348266 0.0955856516019124 -0.146978627730494 0.0364857087164804 0.0717656718212441
-0.101122337300479 0.0358149386077026 -0.188584904836251 0.267588053822984 -0.180536779909949 0.142876667125899 0.0718802126779981 -0.00541584613856496 0.0449769441992391 0.108740527381254
0.119647290852095 0.0465023430771529 -0.154418292536738 0.214703092545247 -0.122038580822003 0.179211467268332 0.172660916109764 -0.0127935422315389 0.0901390383263491 0.0783858545935226
-0.0537547026500998 -0.210398944528286 0.0408742811062121 0.0556344160913434 0.0701943507530109 0.347374462794048 0.0880612047795998 -0.298295755340155 -0.101592149392826 -0.00571642592887415
-0.0103953958809817 -0.0748013654931544 0.0811586015394648 0.132710616392339 0.0783905856908343 0.413987919805284 0.223006701882334 -0.259106062895929 -0.0876199642299036 0.0195291202056505
-0.00618623479503423 -0.423685983142551 0.0263533105936478 -0.114684216516179 0.182714664932406 -0.35324483331746 0.343158737239302 -0.0233940353916896 -0.0538032568509946 0.0638441880017755
0.0752273593073019 0.115982166325987 -0.17088288820253 0.272520944322492 -0.173949666649212 0.140934223112087 0.199507499303073 0.00774121855082351 0.122649751510196 0.0715179660482494
0.118445630184464 -0.153036424138814 -0.172538184142772 -0.122623093638783 -0.208806417659614 0.113959380045453 0.000866034283766417 -0.0442660823309553 0.0576998001873415 0.237622571922543
-0.0709047598312676 -0.0272778862850228 -0.109509640673595 0.180253821831257 -0.0868623046601146 0.0563282936299036 0.188592402581282 -0.137431272439968 -0.0296202411811081 -0.0523755130135328
-0.137855953046294 -0.213891502623608 0.0551196481935846 0.0113312204441462 0.14343403801762 0.269567362974015 0.170738556288224 -0.281251685025172 0.00915253726520731 -0.0937952751686398
0.103180169865548 0.0714758537989479 -0.229779868394925 0.273335444217189 -0.0547563246769707 0.223079460205063 0.236867354760993 -0.117063039553643 0.0507770111918532 -0.0822629271643418
0.0844010295987249 0.0633849678291855 -0.164273640191821 0.26023856201885 -0.164891375390276 0.109982446594448 0.155403234746434 -0.00215036547481121 0.12069500316145 0.0900740672099105
0.0826372835216067 -0.149722470555733 0.0732983222084397 0.17607272274704 0.0817143868539593 0.162748899169141 0.127926555159932 -0.129117312741967 -0.0714468336320867 0.00697819915130747
0.0297375833428077 -0.439709413892726 0.0522081543861508 -0.122875809527294 0.150372594256565 -0.369000783815288 0.338107503309877 -0.029646364281407 -0.0550305395134304 0.0875164169725054
0.0637975005643594 0.0987803290279499 -0.256894481422347 0.261052473323376 -0.107407614529981 0.225265652483929 0.18387720418513 -0.0913157520582717 0.0799455604263886 -0.0571441752392267
-0.10768730951696 -0.0692175476707244 -0.00799420913360468 0.210891425547418 0.163924258583786 0.346070434661958 0.192815914458833 -0.109562498961111 -0.124019813566022 -0.026506988451831
-0.0184346702705048 0.0320279601519714 -0.03515986946087 0.240431974517271 -0.25247446623834 0.23960086623253 0.0421371521875454 0.0240472034187964 -0.0451635865817306 0.0386656948319846
0.0681142248992603 0.130853262702633 -0.257271524822042 0.22675500726826 -0.138443959510374 -0.0467414830688769 0.225951403101271 -0.0608380260203251 -0.0139609982695099 -0.0195680483690619
0.0660382087753441 0.111668260139467 -0.147829335505995 0.260219344940081 -0.135458935681432 0.14194482495241 0.128489670195757 -0.100006027198343 0.176289796894232 -0.0551144480811102
0.149683140626601 -0.0605979702732247 -0.0667029756483609 0.0469143443429777 0.00157756233540941 0.163827875257333 -0.0225416804836026 -0.141563738106843 0.169680364219209 0.269025711545388
-0.0630217280579805 -0.214077531611845 0.0641024174331084 -0.0486383118600305 0.152638587634275 0.431462109238849 0.118505319206214 -0.326639902463148 -0.0125152328701727 -0.032708266198394
-0.135991502829612 0.0784326209608817 -0.117363564706936 0.146492115721537 -0.167840188743674 0.18564497323974 0.102118131854678 -0.122391647713295 0.0970773166631931 -0.0408583592815833
0.0345926140310194 0.090070081614945 -0.203720795435383 0.281184143524702 -0.18855326699021 0.136832783319307 0.183142385957927 -0.111489406393691 0.110842226546392 -0.0318899317291681
0.147068308075579 0.00679360211176842 -0.127720936374175 0.0417885556107542 -0.0652881370199345 0.165112470710006 -0.021734090363566 -0.0923126988713521 0.188853589550799 0.306709618863005
0.00818332482135125 -0.0637935210749755 0.0882772309531448 0.0886746354074085 0.0403301999868712 0.399380359462692 0.187057416197235 -0.166085446195356 -0.0956378220320428 -0.0338572655194126
0.0869187013054651 0.0798056305601429 -0.181493245020965 0.165860171416685 -0.149414392671219 0.101233640355048 0.16172794594452 -0.0796521828179722 0.117732501055735 -0.0288703748793897
-0.062717510853701 -0.280429992285089 0.0361846483126768 -0.00273715254531393 0.146378632946644 0.369223370154789 0.153959914677235 -0.357463081807338 -0.0322217036399317 -0.0809826386733351
0.0815761870090833 0.0373557855503015 -0.216421499993551 0.293529586915426 -0.22030837546241 0.0486947153874711 0.135612988967959 0.00709262587019123 0.0696753514266136 0.0457567179626559
0.104737811947172 -0.00692840627360967 -0.174760618707939 0.209295451639771 -0.250159606478467 0.0187340516808351 0.0746522118432893 -0.202109367525146 0.00985549910654591 0.0239061606544061
0.00690362967099406 -0.0421301601597176 -0.082370412494468 0.264924862335421 -0.0901581130266624 0.0435200915880989 0.0902796485877043 -0.145121375584207 0.124402918604488 -0.100200188328875
-0.0912990186778445 -0.273285738598259 0.0886226286151908 -0.0250604636637195 0.0948786074738014 0.368910724996466 0.111375109618461 -0.275149599015228 -0.0869965725877035 -0.100622616879979
0.00876384616431715 -0.527797131597888 0.0462714214382865 -0.132666540762381 0.202260134608433 -0.424737567854122 0.301006656016513 0.0499749111919121 -0.0786134317551671 0.059463369938271
-0.214032768446538 -0.290360954645991 0.0436917950291402 0.535875925626862 0.332048897534734 0.438892448715878 0.113512806635066 0.0352073795519392 0.0466705756112753 -0.0989315796308857
0.223681826550718 0.00454722191456422 -0.100799289882022 0.285562892178171 -0.146302024098977 0.0951010039517128 0.203740455679696 -0.0305680793738929 0.0600509373508465 0.0294463764506645
0.0592857432435234 0.103074111249479 -0.0932193278677803 0.231491979564922 -0.142217436968992 0.101014135949526 0.158904009175628 -0.177884774432302 0.0768550040022797 -0.0393446648926644
