-0.0690549472651412 0.185110444343887 0.152386220349107 -0.31116178750016 -0.41970440171837 0.0118672394974914 -0.0137027840309285 -0.033920410489798 -0.289026101564076 -0.0461249770036928
0.0709324286006816 0.20672395270292 0.143724094747253 -0.2348286651915 -0.0511391294390434 0.139832131994124 0.0253337364257497 0.0298239277553623 -0.191729997265266 -0.248877923600974
-0.0932204714978953 0.166843113603525 0.239501633084867 -0.199073450650496 -0.314305408880246 0.0193099533980883 -0.0167431903053801 0.00359270173372757 -0.233592217833471 -0.183817122011926
0.161901349360461 0.129024072030759 0.169121056583465 -0.17502200324803 0.00233576540773201 0.118968609522264 0.232830725747547 0.0504099998333047 -0.418188124993293 -0.393647449318807
0.00575066243074206 0.121952204025228 0.36795146389898 -0.115299753809998 -0.242943131702152 -0.0279229758698294 0.0988087379628169 0.185754416736958 -0.259498010122063 -0.105084907109259
-0.0763603307082391 0.0692375185269479 0.0907724701049815 0.0380006432639631 -0.276183962090207 0.1634292601995 0.0904930486973387 0.0123759183837145 -0.325210821359047 0.086231549733728
-0.193783847272522 0.141445047895779 0.308310107348878 -0.024699413318165 -0.300917172435834 -0.0604426298774493 0.11373977730811 -0.0028318083710378 -0.206212687599652 -0.0430377814639295
0.00577980021024736 0.119270603749476 0.191540873630957 -0.225009121963972 -0.119163535289029 0.0567093191097549 0.11463696017495 0.0426797286966601 -0.498659314057293 -0.332083530401414
0.0698716743291413 0.0746630716999818 0.156240319195105 -0.048179272965216 -0.161924533889969 0.286420513506527 -0.0275756388565392 0.0318521684259094 -0.420929761247435 -0.482961571661046
-0.222697758898094 0.250354403733586 0.306362975365045 -0.209393534889694 -0.18653032082755 -0.126661650714396 0.0391014582904406 -0.030425555139849 -0.215702172522235 -0.043231923747167
-0.0976172096234461 0.154925876040144 -0.0758316597610226 -0.14726054445353 -0.113339979605667 0.1023600870077 0.212670134989418 -0.0993143366177958 -0.0816363807611521 -0.00825868809022392
-0.0884821147598241 0.282628044361156 -0.158080195243897 -0.167421483551298 -0.149472856508506 0.176332467731892 0.152234586131847 -0.0960074616065226 -0.043834424499625 -0.108163043713088
-0.158150450134848 0.306785094480725 -0.145423041981774 -0.11267679701192 -0.182785360136068 0.180260121538909 0.0133244118254172 -0.074015366795443 -0.0926795120035767 -0.25947265061779
-0.181517995084541 0.191907085118352 -0.126501909339926 -0.167654509495827 -0.132284285989831 0.219894138219098 0.0593251292070499 -0.102238624416382 -0.0283727590281724 -0.0926333878555024
-0.170703321193641 0.115415871537628 -0.110573986913253 -0.117765791720106 -0.152593414911208 0.308999442341817 0.0504775761774505 -0.226337098537263 -0.085901195459588 -0.303736481129266
0.122682851487522 0.379210647886783 0.0418890043654895 -0.126582856582157 -0.151967697451993 0.202292196048059 -0.018791410766862 0.162031308490553 -0.30429245858419 -0.0987511321889922
-0.093573336676614 0.197872265948799 -0.0874993033071227 -0.11252028300034 -0.225592659624531 0.201042615036586 0.0162360840299892 -0.0454444403348542 -0.0134338643823364 -0.229509445950153
0.156582141199978 0.429085800803084 0.0328000609445038 -0.200159789761856 -0.217036735800609 0.23093106719284 0.0121946250946973 0.132073871890718 -0.213559452880592 -0.125727821405699
-0.135721015056076 0.21795746505578 -0.00587161561924161 -0.088595351669174 -0.18553421865437 0.20510251006801 -0.0126253081709138 -0.0840128213981277 -0.161198737067799 -0.358268840215634
-0.00084686978070507 0.163161476732814 0.184399267132675 0.121181942380273 -0.107120572083557 0.146846996121849 0.240112085096933 -0.0297873956379395 -0.330314796849177 0.0646199786389519
0.197864689741703 0.396509271257733 0.0320273649507432 -0.133997230012616 -0.274386276631491 0.245827310829817 -0.0524975620990855 0.134093762755534 -0.276792388737008 -0.0936959409284046
0.0190762179942262 0.115691512480041 0.213976489455369 -0.102272163249288 -0.131815675241048 0.22446564529472 -0.0605531244440753 -0.0178990595703417 -0.371653813291339 -0.481088345353467
-0.0314672711301852 0.163828554554068 -0.0825557300135163 -0.241618059820466 -0.164471094274426 0.161384168355875 0.160324963146411 -0.161597343166216 -0.0160139193565804 -0.0691915510212159
-0.141989881649725 0.171408098318917 0.276721797921743 -0.291974027239302 -0.307269601728441 0.019008293962899 0.0810167411991426 0.115408724991836 -0.387958612625853 -0.182177713615446
-0.0844588330462786 0.0472842047792888 0.253995078398108 0.065440788696012 -0.0645808305830258 0.0880166274393019 0.360592168580711 -0.0347661525655015 -0.418689920425003 0.0819166964404074
-0.115181373262099 0.148002150220866 -0.0562824938632538 -0.0608058859528 -0.152986987068071 0.184128905837143 0.0836416767887254 -0.0391517796769917 -0.224129410822362 -0.310200994902002
-0.0925806580299509 0.199680079713739 0.220219649275919 -0.231109110440704 -0.420084845655036 -0.0576386590271689 0.102225249942708 -0.0306371508710115 -0.486754682486706 -0.201553726593388
-0.0479663073518983 0.263806516648866 -0.125586355735332 -0.0880146959636984 -0.198556738952878 0.242426818405513 0.0602863328200454 -0.0651231536733601 0.0478067155155191 -0.166281621995632
-0.0937129731747248 0.106454721050576 0.127597321939941 -0.0788755086100193 -0.0374318486600939 0.273187008982362 0.0691079260613706 0.0389386148786844 -0.131416961524606 -0.496217087062796
0.0944689294802153 0.127328007558687 0.232814994098212 -0.131901073344051 -0.0872177725627412 -0.0079626615309408 0.141017287070768 -0.0231115592614536 -0.439871573297568 -0.326563855039079
-0.117204078283249 0.225024524616891 -0.0502287062317269 -0.129180637906821 -0.17136671754074 0.250249892505171 0.0970011664899434 -0.0556876933089928 -0.142321761799813 -0.299412415418572
-0.279479284477327 0.277409072385499 0.242314140196212 -0.26490165760939 -0.150980798552142 -0.0882963288694603 -0.0197109791263873 -0.0165928701334069 -0.256080214336229 -0.00364007021950997
0.02744996438121 0.0813563747435716 0.207050437881854 -0.148215935591185 -0.102306623312381 0.0264954769074061 0.165439418358208 -0.0251184870876681 -0.402765034720202 -0.33167990436239
-0.118592024641837 0.168802693530016 0.118981533614519 -0.0712370462718894 -0.116976791539614 0.275623326513611 0.0863990067835709 0.133479743885481 -0.144742835489469 -0.555020384089336
-0.0833128275612473 0.180705635241367 0.00334738891208784 -0.0354235389460764 -0.0955273073870019 0.152156105113577 0.0804444156584766 0.0188452111049063 -0.139473911012576 -0.446104404961589
-0.100714728822373 0.214985039363338 -0.0312620920713895 -0.0751143935461398 -0.244167150053377 0.235585263063026 0.107551950602636 -0.238823066149068 -0.038047541498361 -0.0867057569643919
-0.0745283402625987 0.11065755515009 -0.0722373759656156 -0.0479628258206644 -0.185736521631971 0.189935302287238 0.056554381576071 -0.0441967570580467 -0.208481618951683 -0.305102087598838
-0.159861625050138 0.230332920708338 -0.139654317206164 -0.174707743370775 -0.123906241291428 0.237059466390309 0.197196483300441 -0.134419445968465 -0.0884640643964105 -0.154120297180194
-0.120814753941093 0.156732096251222 -0.160157402929476 -0.1149152142659 -0.190528246321658 0.172589532219977 -0.0224691505438839 -0.143510261796138 -0.174266513532187 -0.106161881683678
0.0884768333873118 0.183371768512272 -0.00540624824043254 -0.15091438935692 -0.0618982344938871 0.0702857735566668 0.11880857745115 0.044213085905017 -0.249659408666092 -0.40044978741134
-0.252095683448933 0.234406091137863 0.200965756541051 -0.198482818277821 -0.147622847831105 -0.131392142962247 0.0339993251661156 -0.0756150580474637 -0.33657004117552 -0.160435280941264
-0.131414274020078 0.228329610447257 -0.0814408051058673 -0.109985132471612 -0.196380316277955 0.241428613780984 0.056104324453034 -0.00672565172887597 -0.182651329099185 -0.338590615039756
-0.00582443351446922 0.187550767026608 0.127622799557992 -0.188515798714194 -0.299255487330041 -0.0400391755070484 0.0200579709400818 0.0396303989432005 -0.466231489234891 -0.242992516512064
-0.144887209551329 0.124277894226738 0.11955534422661 -0.0726000605258864 -0.12167329870099 0.248895625881774 0.0766815133743239 0.141087206854888 -0.129749243535938 -0.519784542960116
0.207559757734116 0.516298467944887 0.0166268220837693 -0.190255876299889 -0.179044153934724 0.24811588429898 0.0148957954034653 0.16270868635729 -0.267384975974435 -0.0325362438838256
0.00136467725370532 0.26799665677507 -0.155042025307958 -0.169823020050844 -0.137604438811007 0.253686844266002 0.165118465110126 -0.149718876527134 0.0556597260737588 -0.199505551861848
0.00257657226929987 0.15348132242694 0.199196313698501 -0.146700023206184 -0.262753705046876 -0.10314176513118 0.102046797883529 -0.0236376357287661 -0.448013521985136 -0.348301859830677
-0.080711659285448 0.0624602998489574 0.226758229336658 0.029772627249621 -0.152032362737778 0.110340459060672 0.288929558887355 -0.0707392987691167 -0.390128525323669 0.0537396440571015
0.0922299006986335 0.127967322124564 0.201161639934752 -0.221584674869552 0.00944207726501932 -0.00897959445862773 0.151130607488664 -0.045713666167469 -0.395905068347559 -0.375769831359507
-0.254304442431414 0.22388255033173 0.335099785208193 -0.190892708495705 -0.179339285927762 -0.0778329427756055 -0.0327590240745367 -0.0499606821111415 -0.190859300907786 -0.0495441484903037
-0.0642571901305301 0.221849878502454 -0.0716048607078128 -0.0900031024875117 -0.243022865024223 0.181479549402455 0.0583032828963959 -0.123259967489814 -0.0645653639577112 -0.0673479791247936
-0.0508257825408295 0.265431044920919 -0.138280393837161 -0.0715513991105814 -0.187191806322527 0.247434915130751 0.0658118383785509 -0.0516339926012328 0.0333170935642906 -0.180005973823993
-0.169198827806601 0.128562565679602 0.134428209154208 -0.0319888545899392 -0.117321046001496 0.275249844873404 0.0776985933258973 0.0796920622762727 -0.120073332810483 -0.560402034172001
-0.053284497813081 0.18164856175406 0.286631410058341 -0.327153829361167 -0.326408015324594 0.0604059947046128 0.116950548518759 0.0878663253974224 -0.442467178821785 -0.142628557240086
-0.0171651890537257 0.12438097483085 0.13596043349992 -0.239352665154876 -0.393271589157937 -0.063073188429387 0.0498985669135058 0.0375217373873911 -0.377589729290921 -0.24234485846359
-0.0416440107143567 0.267338369982834 -0.0957224107519556 -0.155190817666773 -0.183635333740354 0.225099645227313 0.201325704294525 -0.169315862094428 0.00995057880596922 -0.136978882391494
-0.0109282377958052 0.300805713459905 -0.154780275661527 -0.195548741824899 -0.117645756905233 0.212764780115302 0.182287891106068 -0.147871309462184 0.024936313723452 -0.216755044173337
-0.0159624361382209 0.243420037512293 -0.203476450985108 -0.138376976398486 -0.167720037075947 0.240394688865405 0.166980679929717 -0.0759693418345832 -0.0213582395555392 -0.160665491627092
0.121038931019114 0.221595761679896 0.0391453671093858 -0.247022537974887 -0.0847344588469554 -0.0454818208141817 0.102942105931638 0.0906604305041894 -0.362350615922407 -0.215749699631112
-0.0820411033175774 0.145330418842831 -0.212359674857023 -0.161970397376303 -0.10410027151585 0.226440914671118 0.0546368697688271 -0.230664156968984 -0.0293484218368559 -0.210492930532229
-0.0372314316836615 0.219973913434565 -0.129532137196397 -0.177175837555007 -0.100445532989073 0.265698839927703 0.117207758146709 -0.0700449171970506 0.0339382997272602 -0.198956305305355
-0.114930998897618 0.150466400704906 0.204993023088589 0.0636648369035283 -0.0888771570060479 0.138415299893784 0.305348517334326 -0.0446345158608504 -0.3568245152816 0.0559637099612908
-0.0827148890117372 0.20354011039806 -0.0563045678847311 -0.0865258993975902 -0.25310055120879 0.166448217877055 0.0901771448356994 -0.111180845117495 -0.041855637638196 -0.0653870582179229
-0.0514693490126224 0.0613490444789817 0.163306098663798 -0.107942609602487 -0.00362713016593886 0.248351098781224 0.062748076152085 0.0489237076180482 -0.0611805350843457 -0.552835636224493
0.0264753962135528 0.147271140389299 0.0729726802433581 -0.220827695509489 -0.12180133000585 -0.0227572315823487 -0.018313884722257 0.0300379748205322 -0.340842965426307 -0.273902541301643
-0.00395239271536426 0.145055011768653 0.179995211073419 -0.170305203767418 -0.261215011758537 -0.0926151764666638 0.0997385192292643 -0.0486564854686489 -0.441290763261388 -0.320226632963788
-0.0241276674220569 0.158578098824053 0.188616583837735 -0.169189778856404 -0.260028769421021 -0.0819548908447073 0.112174612172998 -0.0600358250727572 -0.44880115871304 -0.343194804488733
-0.0376995928625557 0.164912178429974 0.13618756452281 -0.21566326961225 -0.294725746393236 -0.0859182524970086 -0.00105629112276652 0.0307552713276885 -0.441336306359135 -0.241023230744259
-0.0454303625212273 0.17139129325672 0.287068141823938 -0.322724068918162 -0.340825667080243 0.00922750069546544 0.108952570792262 0.0567986628129408 -0.456160083499345 -0.14974527341277
-0.0923754160810173 0.178915274564285 0.0817413837526679 -0.0596154888698371 -0.142074931560425 0.182638940655241 0.0939617458278916 0.0223516769884098 -0.140817050809783 -0.477162237963586
-0.0351881873452699 0.269259297090861 -0.131443306934634 -0.173307665120179 -0.211501307870936 0.227954450366731 0.184883607265289 -0.154842075586754 -0.0342115043887722 -0.16405389512908
-0.0610121228490445 0.27091489647499 -0.121515626533872 -0.177450273619961 -0.129871346453638 0.227681037317624 0.12724315571088 -0.0769175465881845 0.0614567242671175 -0.155350665765823
-0.0444611644364177 0.278588297512865 -0.179249673938313 -0.152458316341095 -0.176882564525738 0.18986270516601 0.167879874225086 -0.120786698337494 -0.134372260197987 -0.231650997118802
-0.125454410352315 0.0508124736131109 0.26671332147843 0.0951469422952064 -0.103151668701302 0.154896940965229 0.271979328576063 -0.0479852961177007 -0.35698535357216 0.0589317810879507
-0.100962864883869 0.219223344670181 -0.0300291263886085 -0.112453971307177 -0.202210682149619 0.209236111021411 0.0459463946021926 -0.00336492274414048 -0.183182323554782 -0.342381100262687
-0.147332480293179 0.183682834791292 -0.0181356846682628 -0.0577498618971646 -0.200547501135098 0.222830513470013 -0.0217187765993823 -0.0502871621925293 -0.172713341854181 -0.352081787785564
-0.0469467301836153 0.188600755760023 -0.0854056440129074 -0.214272056169388 -0.150177041738225 0.180191589838735 0.144396146844965 -0.193530355110108 0.0196989908266656 -0.080405003293704
0.117751607652527 0.397992798200671 0.0311843376861083 -0.125037466384594 -0.258445621278437 0.209743273435034 -0.0349073866481421 0.155284653833576 -0.252838832818074 -0.0827514522448251
-0.133541307721354 0.157525436503259 0.308375942620217 -0.239254438590962 -0.348086616931825 0.100058701910467 0.0808484661739807 0.0919018341212487 -0.377344083105398 -0.178185911695488
0.194195775337171 0.423261389873376 0.0647816511785073 -0.108946202421298 -0.253275300544927 0.199947111941862 -0.0434560839551638 0.188577427714342 -0.309966181110083 -0.0704329677686398
-0.114052016153285 0.20926145911649 -0.00234065114189564 -0.0534221986851544 -0.262423243485689 0.226712404020553 0.1251799108103 -0.193638428684698 -0.052649125790243 -0.114713507713182
-0.0349391218010744 0.293452564506742 -0.109009667368099 -0.161012564452087 -0.22529210643983 0.18198584665815 0.202267902147724 -0.15718728550308 -0.00223849110566479 -0.176440135788872
0.0169341326850559 0.292650694627973 0.207313123841692 -0.189409622460645 -0.336873150013841 -0.0681452644083969 0.1496093696221 -0.00618149868177374 -0.460190148225542 -0.252301158174422
0.0517824360508504 0.0646865267192944 0.220555489602489 -0.19571670006157 -0.0963324952485435 -0.0116088211717995 0.125872389400307 -0.0489760290445518 -0.456403074844935 -0.365717459662904
-0.0822264372930706 0.118931244264842 0.115581621886658 -0.0818068753328557 -0.100957966720307 0.246305594211083 0.0300772776146915 0.0641224423157144 -0.0745524096203966 -0.520757211793705
0.0856429566774038 0.228371162249068 0.0457617734821909 -0.188649959499593 -0.116863798347442 -0.0541920944978897 0.0679230100379266 0.0704046750788896 -0.306018018385697 -0.257550697651757
-0.113752390187427 0.177438739709335 0.284220325907843 0.0279300939070941 -0.108446932398091 0.160298424344368 0.348541247937451 -0.00314542373175453 -0.377293570424538 -0.00956718881336287
0.0259271912757354 0.204201139875951 0.0418714235087502 -0.223273862925893 -0.157419164566506 -0.0419375255256613 0.0523537173699199 0.0783564291421334 -0.293552934111906 -0.256530613402446
-0.161291648306623 0.0742181215856304 0.207426126103919 -0.0643297596649699 -0.0822491918801299 0.23166421044502 0.0797975168572451 0.0445889682453991 -0.0857364306289711 -0.47447882600362
-0.281543315757145 0.263367919282177 0.215977563457749 -0.214039300148111 -0.158254074403048 -0.132522846494892 0.00995837959917728 -0.0273762318824992 -0.309770336068905 -0.154649258504427
0.0481700349815667 0.137864129406725 0.14944004650464 -0.174057972092292 -0.048031148541097 0.0586971804391313 0.14538756661861 0.00148335511592007 -0.389757183076862 -0.406608871643645
-0.00744313605251921 0.145309016375275 0.157328627921475 -0.197590380756141 -0.359100816643416 -0.100488599322177 0.118909375501395 -0.0336873193048381 -0.469357283861651 -0.224929277957375
-0.222600014978807 0.227366375029683 0.304900236263926 -0.177571379758995 -0.143048316988538 -0.0638296510061735 0.0128889890761907 0.0342662254409725 -0.260339671031455 -0.0573995812998252
0.0650254837142828 0.204616240614707 0.160586787315452 -0.16079325742262 -0.327205933579663 -0.0668948663714244 0.0975749112525194 -0.0204947928367079 -0.448539403088543 -0.320015902596606
0.092244293093576 0.21407602480283 0.0749369373122335 -0.203979469291578 -0.13793106464124 -0.0543767869793573 0.0576036170344626 0.0500827617687824 -0.304962199194136 -0.275672299978894
-0.114958952587465 0.234551031390465 -0.058743671744431 -0.0740740230039584 -0.217566605723153 0.248301680393061 0.0607264493929721 -0.137367700813 -0.07896374652746 -0.232825915706979
-0.239952302011682 0.194983342004967 0.331382709303756 -0.165384084388096 -0.187533425221554 -0.134167599567023 -0.0325374713737222 -0.019195134476934 -0.222160910200142 -0.0412909748318544
-0.196584908293146 0.201196338847998 0.295040729526354 -0.244657041217717 -0.155507849518696 -0.165120816524485 0.0218518392059553 -0.100275074448865 -0.224087305467456 -0.0493917233960921
-0.198647658103261 0.261516585633271 0.358055873342334 -0.221646498384973 -0.187939735278264 -0.0808083286589746 -0.0347772460335658 -0.0464707532395423 -0.217656389005603 -0.0537254456148229
-0.00401184179231539 0.135135906920534 0.137886834506462 -0.187661201406388 -0.2670170235057 -0.106394424646523 0.113325415918515 -0.0639714532540132 -0.518516745812601 -0.239976480284713
-0.165166268373698 0.222007099566175 0.299692163126634 -0.230011502677503 -0.127764997705869 -0.152027627975004 0.0161277035854487 -0.108681380366991 -0.249325779252288 -0.0306871268050773
-0.117788369748253 0.17304731350674 0.0275342033546426 -0.086760569271932 -0.272571955087571 0.230564843328943 0.0959296954004668 -0.21317391661571 -0.0622741346856316 -0.0989507995072612
-0.311224736188743 0.245960263499723 0.202517898665749 -0.195068702779024 -0.163440221255422 -0.133039586690132 0.00219247934522622 -0.0375937645562084 -0.273616684183783 -0.139458365636528
-0.00201804622392138 0.154892230641988 0.146006489524045 -0.151472275050273 -0.350626578527155 -0.0624998362546936 0.0459995992672043 0.0324492089886827 -0.452914586100206 -0.257855434479154
-0.142488356781765 0.13468878304633 0.0652045672542639 -0.0298154111022605 -0.138350175838481 0.194090459041489 0.0484058285311206 0.000921024223028056 -0.0366717528443064 -0.367742500831498
-0.0580802911860955 0.221673662230761 -0.13506713483928 -0.169083569016845 -0.154950931771057 0.132746775835488 0.220447368554876 -0.0710732873959538 0.025240219407166 -0.115932119818847
0.0684037975105579 0.227983969838159 0.0762246124606935 -0.205744558167565 -0.186732641021902 -0.0224230966058144 0.0513857965410677 0.0482610253933359 -0.316175154133837 -0.216311972122588
-0.103137021883027 0.21622978656109 -0.132731824938407 -0.18030101993797 -0.135768658880988 0.210586639544544 0.0550285204058462 -0.0107161636615101 -0.189320371129387 -0.295562354002237
-0.0254731509013222 0.137548548223734 0.172048857802203 -0.175635618341923 -0.284507856425919 -0.101026981586474 0.0903442622485226 -0.0250567186262934 -0.440165278095529 -0.32649830071276
0.25479452088352 0.550604702680673 -0.0212814215965469 -0.230044685701551 -0.216181838044777 0.186938397908436 -0.0124416604504075 0.101113110146216 -0.32665895928358 -0.0582943698246472
0.077406652461409 0.188954344659035 0.210671617928801 -0.170486417823138 -0.139736804559437 0.0547502195547996 0.199930457518622 -0.105528306901464 -0.36827211924148 -0.423408510762848
-0.0847124728968275 0.286912306218694 -0.146987036649753 -0.169373871253832 -0.128338009704686 0.203893309905679 0.159200686023782 -0.0751142949139232 0.0677382778349661 -0.148865093366448
0.0707276083762211 0.165672412167721 0.0727443561817986 -0.189867442761496 -0.0980336610132793 -0.0675749060970293 0.0304086466931494 0.0569439380956036 -0.346697977964532 -0.259924887046932
-0.166045793929854 0.176589241003783 -0.137922803541708 -0.130336868459111 -0.193800617295786 0.0800023721842408 0.130175961260906 -0.111385355770133 -0.0780624122288632 -0.052989111488351
-0.115450330836059 0.186767970628062 -0.127211277126519 -0.0885674816123525 -0.174831967934751 0.239490907365199 0.0338237276929646 -0.0359374912583313 -0.127185002013091 -0.303728129401956
0.116657278989918 0.218756381250522 0.0829705769545813 -0.24129745171481 -0.0617038462830257 -0.0566439646208179 0.0894699789743651 0.060896950684327 -0.328002580768576 -0.254653705867857
-0.0212880530629647 0.160347723804414 0.137181924344132 -0.209905778485843 -0.387465672811239 -0.0510320603331437 0.0522007142341786 0.0530730578184291 -0.398825477384955 -0.265806877070043
-0.132689654161784 0.270148068092603 0.32567956199673 -0.25175786694269 -0.227511343175177 -0.0819097543635902 -0.0118780336412037 -0.064811358554748 -0.180818102193425 -0.039675193055717
-0.19690089084795 0.293966477058895 0.305214685578964 -0.270636217743021 -0.16918965065021 -0.128222095003893 0.0225080704024122 -0.0407383361372317 -0.27440062866101 -0.0389495491106173
-0.245343070016809 0.242364512953922 0.215948730943097 -0.220131480463453 -0.127671137697316 -0.164845238761737 0.0265951814275366 -0.0774565594935602 -0.30673440229316 -0.169628510649347
-0.0828665786148943 0.111230619530571 0.124195900142049 -0.050991507278115 -0.0427992180866213 0.297769463480143 -0.00069595842829609 0.0882378551143969 -0.0751871204755947 -0.469004641762879
-0.0415847982329174 0.212823474283956 -0.0934435175122547 -0.152682230846602 -0.170826755010265 0.179120610685544 0.192413975222213 -0.169269468424491 -0.0295299037887612 -0.102553566892084
-0.0782188299555221 0.0727283658326904 0.234645041795782 0.098552737116575 -0.088585943095292 0.154593388624891 0.299021942803105 -0.0728204382884012 -0.331200997294844 0.0838805787512732
0.186858575993447 0.397146610930313 0.0418030783351475 -0.145973830920757 -0.244919711790883 0.188979744996722 -0.0138607890445165 0.147893935132174 -0.271516077064801 -0.0192988382903598
-0.162417144600029 0.254034515349657 0.315045876496365 -0.202698545224749 -0.209156188303289 -0.123080625543118 0.0410034953649068 -0.0163486364026371 -0.21001124178199 -0.0446232604449905
-0.137378856976027 0.225309317145242 0.00495829761678486 -0.12783186466751 -0.249399728917549 0.193043214532243 0.0565376628241495 -0.140243514885524 -0.0631351548469447 -0.221194190966524
-0.122644051315954 0.0556152800563092 0.181884888987472 -0.0898895099511669 -0.0720807183679478 0.347488155052529 0.0611588025255901 0.0633424512886571 -0.100810935669201 -0.490522385547772
-0.212205402613752 0.203396683493366 -0.144480398803247 -0.179403605010349 -0.121829627097095 0.235505331665993 0.0703365831642502 -0.103006129848517 -0.0450389644809096 -0.082253423977912
-0.0386624934087688 0.0893650253888799 0.0399799311707736 0.0783536330595754 -0.221456657945024 0.182083850150566 0.0920682224157735 0.0443505945942377 -0.409913796233071 0.0773449095560968
0.0290942668455192 0.259993412604304 0.161639691953184 -0.241089728976176 -0.05793505659364 0.0167852683640105 0.188015704106497 0.0243684694915777 -0.38411009602504 -0.307994894921235
-0.182852207010965 0.237917514121298 0.332666745359432 -0.150820822153275 -0.210806336710507 -0.0824994454075599 0.0477777453476564 0.0415264173846267 -0.317842499610641 -0.302404219344857
0.0260751652112232 0.0649264470906815 0.0394535191619685 0.0388023414145453 -0.181598641318024 0.24632286297065 0.0866201020710826 0.0789512358225556 -0.411753427473059 0.0882961329433786
-0.199682597496173 0.210046540309864 0.317346824994702 -0.117903379466206 -0.234745897746892 -0.09791756038699 0.0626291573235804 0.0703883631712728 -0.28980032043436 -0.322439610482289
-0.167086651483396 0.140078695410742 0.292448233882286 -0.0703001510054222 -0.297103006012805 -0.0676493561976849 0.14852725120744 0.0149074789334452 -0.208865036606108 -0.02693467965914
0.0816639038073376 0.09568262288036 0.111864779251435 -0.200408821951975 -0.0902216005732884 0.0635192141170957 0.114641953300521 -0.00966484128590244 -0.431688773272019 -0.284140966105131
0.0272788518182968 0.186505681523246 0.242853119531616 -0.27551475050199 -0.137560202928976 0.00346270489505057 0.0986447608818515 -0.0274717773074469 -0.353410574167427 -0.325252855740866
-0.130257697846803 0.203871202557439 0.218794880913039 -0.260873528297228 -0.45699383107133 -0.101596494260057 0.0970832305738265 -0.0273398994970918 -0.477597741974844 -0.210459675276714
0.245369704975959 0.457388116071808 -0.0040097143221871 -0.219564127526358 -0.248488545757474 0.221831907958177 -0.020179058000282 0.161256533460656 -0.290220213170678 -0.0926496130481575
0.201834325073333 0.408238746475071 0.0287406441283679 -0.128618871533599 -0.296051701318074 0.22323614941449 -0.034288890250702 0.124186289569639 -0.267663544575392 -0.102111390755647
-0.0732291292145885 -0.00743683798425101 0.244765589745221 0.100825915722025 -0.0549262409918558 0.133501881382637 0.363536845390231 -0.0537596840421091 -0.364548416256597 0.0357750828851553
0.0711039739060096 0.2104950869479 0.11319460245194 -0.203358500858659 -0.166147938117407 -0.0396410276442677 0.0349732262794201 0.0200631151005169 -0.320220932921085 -0.309458144691452
-0.17977772974022 0.287784058699705 -0.0722371964226837 -0.0706344173484925 -0.161872075164915 0.239694556355766 0.0112331647706184 -0.0793303011077871 -0.0187244940847996 -0.215076620768959
0.162458176558084 0.458652437663175 0.0203917214627836 -0.153818351766667 -0.267133275108235 0.212161460095229 -0.0170180535386025 0.149560741030978 -0.264093057553229 -0.0321568139391776
0.0929032408268759 0.218596049656563 0.196883057769304 -0.207524493728503 -0.0649931676538132 0.0190122487492799 0.199444758154231 -0.0480013650918596 -0.417751253918034 -0.454593637872792
0.0497365363477292 0.171685554009256 0.0763168364622209 -0.204709992536177 -0.0989452937404672 -0.040977433425167 0.0465604838941588 0.0431236354394857 -0.331422997388408 -0.282714917137407
-0.160090179059565 0.243870212612118 -0.128107177385463 -0.141276645363193 -0.121843677033498 0.283326217140042 0.199728140572203 -0.109805209177743 -0.0766858514742026 -0.150309228409639
0.000601689677960184 0.168954008317923 0.159963105843127 -0.223825667161731 -0.30760761638812 -0.042778674146853 0.0753025803078764 0.0649223416283064 -0.420702890899806 -0.221353005857834
-0.0952551858182196 0.193368589455635 -0.054446972428572 0.010022842535065 -0.275644663815332 0.214786252805845 0.0883780657217799 -0.24817908196918 -0.0105528069899728 -0.125536870968903
-0.149192987917076 0.107420079521444 0.0619573443820247 -0.0395062559670697 -0.140439144186469 0.207950597229519 0.062011813702537 0.016825281651588 -0.0315511467834459 -0.366857904093589
-0.0659864303976933 0.275631765746667 -0.15052888598204 -0.113598758978277 -0.219714439598792 0.318962077219677 0.0682842841046292 -0.0793089102953774 -0.0140747691402145 -0.189296456116347
-0.113503909604083 0.181491140642088 0.177148183340031 -0.246441672657702 -0.427947362559658 -0.0634999829815433 0.0792369379059086 -5.86242670073921e-05 -0.473548627206513 -0.222925698683287
0.0570148054523273 0.238789149851985 0.0693669591646665 -0.203747424605903 -0.187250761251993 -0.0320654705827727 0.0493228294692636 0.0412798082248458 -0.300142873456938 -0.20849657786021
0.0450563432176957 0.216708307051054 0.0796669440012451 -0.1767343817466 -0.0944268484433238 -0.0443776568626748 0.0653546789548192 0.0693242615334635 -0.336779293204039 -0.262045408927666
-0.0138821936195342 0.0976168512538229 0.230415384852493 -0.188787562911671 -0.326482365905503 -0.118993168850279 0.0448922566409574 0.00853211177137854 -0.512796671300668 -0.297726974946175
0.0315372519614989 0.201656575408451 0.0411926633677739 -0.204537601592578 -0.136695281138988 -0.032857765437268 0.0742693184744616 0.0622642526118402 -0.287526102631534 -0.262203901976532
-0.0288300643038118 0.226851194515887 0.245270589587733 -0.333459172301871 -0.348757378830827 0.00170164392003148 0.166645337200774 0.0819794124539138 -0.433334674002628 -0.215468214112887
0.1960293483464 0.471743453423247 0.00237158573054251 -0.192322008038638 -0.230623003803274 0.159459812309498 -0.0157965196303357 0.173203767278053 -0.367521743752623 -0.02304208221551
-0.176948556289462 0.207200533651067 0.277105960668688 -0.278396902151769 -0.14865407972961 -0.122319717069428 0.00883425623259694 -0.0876683867159717 -0.182182843709046 -0.0388403997121495
0.0995434950500621 0.234084029895532 0.0627531635622673 -0.174889351876869 -0.121794238076292 -0.0421921795000519 0.0213649544393343 0.041175400746001 -0.296909403095111 -0.234113401648916
0.0409315552668691 0.10572711708395 0.165676776085661 -0.187155540631252 -0.0468541059842618 0.032508040023046 0.13470377795298 0.0233331348370559 -0.415733772453473 -0.432635751237545
-0.145844955567752 0.246812835969194 0.307630336956706 -0.257493942331556 -0.137012003247669 -0.155828914103423 -0.0127117595257889 -0.0819437868256141 -0.261165784766576 -0.0205451477401047
-0.0879946461459199 0.137348405391501 0.133080028344428 -0.0579926064047765 -0.0815128894790208 0.28654517882911 0.0476612516704669 0.108015906011875 -0.114800241803087 -0.520406561350109
-0.0041706657678049 0.13673309950092 0.17969487660241 -0.150415511749576 -0.35013232721707 -0.0829979217025613 0.0326451052172432 0.0136975586780468 -0.451396227697599 -0.260978481583787
-0.275779869323382 0.259044739336557 0.175770333488532 -0.221230556670623 -0.174597802852756 -0.142933664849055 0.0191650249079308 -0.0210446953895361 -0.316140444087233 -0.146217387559837
-0.186198872856038 0.265268423758329 0.372310603102633 -0.213502315775904 -0.186215132036436 -0.0886288452340939 -0.0630700247822544 -0.0412364292944976 -0.199333241428763 -0.0247075082521982
-0.203539697754849 0.258861314207096 0.363807337528438 -0.223646585554272 -0.203397672681056 -0.0828112893363716 -0.0356108871775231 -0.0424210251067319 -0.218962602679958 -0.0547898169353586
-0.0258016906911809 0.146657523284001 0.139995799133094 -0.140438665411379 -0.365016283748743 -0.0620496973742288 0.0421424227259078 0.0123734554519544 -0.439223574457727 -0.259573100568466
-0.1136469411461 0.259258269927924 -0.105296913340615 -0.158441402394219 -0.137413995945804 0.243875399301216 0.0270559971289293 -0.137003968259302 0.050331035230881 -0.129541781581206
-0.298243392153083 0.282907588992393 0.273649216962221 -0.203264009263505 -0.152834902948991 -0.169365822941271 -0.00412534197228438 -0.0315237654037749 -0.345111754939304 -0.138210622494316
-0.0438604533768203 0.214739640596353 0.273839789449898 -0.343204663822164 -0.345639084846897 -0.00886100120409969 0.15230833647113 0.0834182797535017 -0.436019117905536 -0.210615794787681
-0.1171915114932 0.180963839398247 0.0902296543992487 -0.118625150628884 -0.158644209648573 0.214827922646401 0.0962522256581688 -0.000544012934980403 -0.158375707196432 -0.533998531859872
-0.0585464996229238 0.235845063158221 -0.114450537256778 -0.108161085747088 -0.17035352404761 0.105301648101923 0.121773000303174 -0.144206186426763 -0.0964006179407068 0.00196046446070228
-0.104454122489981 0.201270891767366 -0.00032001822303037 -0.145524923621499 -0.163183756442952 0.172134211486976 0.0728313699117242 0.0381727494732603 -0.173540391956663 -0.47586204557713
0.0761488484307946 0.14179656826468 0.15563923960325 -0.174719670436697 -0.0518239554132546 0.049679318712801 0.152954613212911 -0.0160826184002064 -0.39947091662274 -0.412452487146151
-0.109363808573211 0.179892155116163 0.300360582102007 -0.339481986021818 -0.282808540073749 0.0406922322008835 0.0741798211084193 0.0951876109586539 -0.456820227410242 -0.191733593035923
-0.0760396401056564 0.128231941542557 0.133228871104986 -0.0344253375917866 -0.0802610848835736 0.2669182879036 0.0542354644247605 0.0888992893086824 -0.104395657244058 -0.514141362550395
-0.155278321593304 0.0690689081550346 0.197674939382348 -0.0584809879877591 -0.106428377085575 0.253544543505101 0.146839077183718 0.0524684622614934 -0.0711816075425621 -0.499877866206793
-0.132425062081315 0.180229281048866 0.0858208656372725 -0.0645942870618854 -0.114207230348699 0.172379263603755 0.0354611774675819 0.0308884457151799 -0.00183559831217558 -0.414210419962834
-0.112008228651499 0.128374871311786 0.239468923133506 0.0112334477039605 -0.118840879510423 0.162483789743639 0.293942170987211 -0.00782589042987818 -0.336778055826929 0.0433470551952103
-0.0101729041438756 0.227598537240253 -0.121744441763894 -0.101111189217453 -0.185904128825134 0.165790191962956 0.0546092528757264 -0.133665778478108 -0.0691293808044686 -0.1598846115241
-0.0687455439050316 0.169040097517353 0.0614246037969491 -0.116594504509478 -0.13580363835082 0.207532502469554 0.0506362005455898 -0.0209040368236374 -0.157656064740383 -0.510646485051973
-0.132168027475162 0.149382646196946 0.0832783364064697 -0.113765392222041 -0.143949534378093 0.144600786314073 0.124708801672847 0.0524369014533762 -0.165259586711299 -0.486596725785698
-0.239264992138079 0.187948239072911 0.308511078829471 -0.155460462629608 -0.192271154939751 -0.105464071589268 -0.00795689983712049 -0.00540643908897604 -0.226081623350449 -0.0564888703265996
-0.189934077547293 0.0988778926353944 0.221546334525168 -0.0131492922736945 -0.311666270530331 -0.118539652113141 0.103406392184482 0.0371387554942863 -0.350101010732682 -0.126328159711479
0.105023538248636 0.151055027817289 0.119087212250585 -0.226971246546482 -0.0435819838055681 0.0347697091728439 0.100451410796408 0.0534801725474961 -0.428384812175176 -0.231124504051198
-0.1682373237216 0.261725150219708 0.386785502194535 -0.147969359720289 -0.194300286923442 -0.0753474168594272 0.100459201637567 0.0253326938146562 -0.354035981188202 -0.295479457206703
-0.0392139206703225 0.114613389157619 -0.0650702265578415 -0.0399844763051217 -0.269834482122478 0.258513989323856 0.171855874250751 0.0201587563840596 -0.1207423294453 -0.45012791674662
0.0405895136919581 0.172397968745222 0.241584734100537 -0.242286110415614 -0.126329618191962 0.0365836757613493 0.116199136101548 0.0131202427284454 -0.315540168468256 -0.321957465916783
-0.0303989034843317 0.108377709457811 -0.0509487492892524 -0.0192366405181302 -0.260113872462445 0.244225853787448 0.18377593524364 0.03458180703042 -0.161305861552019 -0.43572754681883
-0.113483205823815 0.174913857750966 0.232967783859583 -0.178161541117633 -0.307276352860201 0.0212647122366927 0.0351760579850573 0.0229230335115482 -0.234544115182116 -0.171993981290571
0.157622834666811 0.144514530387259 0.0818036270098831 -0.182345592796183 -0.0457666795991951 0.0587468745566915 0.214458787710185 0.0561873873653958 -0.36705525501262 -0.330152332791868
-0.107498626433814 -0.0718890425472945 0.179587246008904 0.0992291477362007 -0.138672272436713 0.225963919559368 0.267963611375883 0.0482384508881308 -0.267752762193058 0.15720466082057
-0.0521372746031671 0.241863441632329 0.166199815194181 -0.381699753712988 -0.185267566446252 0.229714285071924 0.110137790694401 0.0822214643012746 -0.304261686975388 -0.376358720631149
0.0992140022517567 0.110827496832448 0.158309275403713 -0.122527029317857 -0.0884308359618326 0.141478588811555 0.0961021060814921 0.0755452393268716 -0.332522779135275 -0.349204031136189
-0.0832182972093123 -0.00869408147846797 0.298842624960205 -0.16356687283694 -0.238393645954592 -0.0357834659344421 -0.0113965307690683 -0.0264695736692413 -0.275274355376065 -0.130090329902478
-0.00349433862212473 0.0813910536021852 0.361412582384434 -0.0704813845033507 -0.306344006792124 -0.0719623230506562 0.0553473297851767 0.0408962579892682 -0.194111422758789 -0.0762463155846016
-0.211296201358791 0.0964048707475743 0.285020032189866 -0.101194825063988 -0.253481479400646 -0.0799567082289607 -0.00331285633754244 -0.0037263878617331 -0.212042884693573 -0.0844988767820951
-0.167174631934998 0.092854606895068 0.287131426960828 -0.0673223980638342 -0.272943951160368 -0.111477673816758 0.111548539776528 -0.0271493910209868 -0.212775548155658 -0.0144351716922595
-0.193869759684263 0.247489533083918 0.375901933300245 -0.128939752554092 -0.285579655911615 -0.118744544421098 0.0614830015306532 0.0238484349994868 -0.37260640898622 -0.3175949469664
0.000665304701010172 0.141247730450986 0.0894185607648485 0.00173093220694007 -0.151667630225964 0.233658683683438 0.114719362255421 0.11632632472944 -0.0529537988525347 -0.451512263921224
-0.0989983767823686 0.16837622648917 -0.0233142769433676 -0.106015848359489 -0.185851595347511 0.283007132477508 0.045927349349879 -0.00569087344784694 -0.148323421850731 -0.331098861257185
-0.0715807981922168 0.264907625801285 -0.156976514153861 -0.143725572919517 -0.0256747432126201 0.239778524010516 0.140678382508495 -0.144906151706673 -0.143428221598774 -0.15666115292356
-0.142740249416086 0.123852726757427 0.357258321102569 -0.21932934529924 -0.282590905180474 0.00237828326658186 0.0891652186110482 0.0909398283149082 -0.41181571970103 -0.178464779061111
-0.107006816492601 0.181378842910599 0.272807442359405 -0.233500253013225 -0.436486386832616 -0.0893559237240082 0.149585604891032 0.00182853873791856 -0.482742969734876 -0.196959476242994
0.0696383812532037 0.210437159390353 0.222616047146193 -0.156163779719861 -0.350817333240441 -0.128744060434427 0.0923548565589164 0.0202856063638263 -0.543460542071004 -0.288671799192964
0.161543818574242 0.0943770483439017 0.168844638573756 -0.351629889599641 -0.107937450815462 0.21885013360916 0.027162094474487 0.00202626206897577 -0.279604674135579 -0.290604898129445
0.0471072494735442 0.153044251072294 0.0362584246695016 -0.192114415763871 -0.0069831551770931 0.0936572240421808 0.168167395769406 -0.0395901778580567 -0.224167474983539 -0.417182007603011
-0.18892453589452 0.176787014881341 0.0875295335505121 -0.0404798097094754 -0.12832497509884 0.245673564453072 0.121760518817242 0.0744981379334772 -0.0531813052915773 -0.502373552652061
-0.215032853021972 0.252699015111552 0.261512790988537 -0.225813325346896 -0.189676728951276 -0.11544105766043 -0.0362105808008494 -0.0973784813790595 -0.301244270134162 -0.144327408774156
-0.114316162395483 0.168439396809895 0.229734630837693 -0.277172447446776 -0.378128694403329 0.0590007810648677 0.0939721357087674 0.122023819887471 -0.472040809200856 -0.132841369533478
-0.185492748660114 0.268277220506991 0.370825456175578 -0.213178284335664 -0.19446411974541 -0.0885425037860323 -0.0521900065147595 -0.0253633923532948 -0.21925755253489 -0.0580934712514033
-0.226496922175371 0.236109454019226 0.239444503059399 -0.21316267209504 -0.204177545499479 -0.109338206262256 -0.00100673772326608 0.00766723599691101 -0.252492977742556 -0.0672836005844391
-0.283304157967917 0.291356417687005 0.27303381042526 -0.200156135319042 -0.168336304713455 -0.155368466816086 -0.00140124759473893 -0.0262990057915428 -0.352450695927901 -0.0968270538480867
-0.0776918313561349 0.226974712652601 -0.0723487845428508 -0.0857020905454864 -0.176742234070009 0.178686605414967 0.0899796399223949 0.0271402343951587 -0.138877180670739 -0.321699261724142
-0.294288346605461 0.196928867921103 0.330094501927297 -0.178762744111295 -0.204292847831828 -0.157905722809328 -0.0591329898433576 0.00441359957051087 -0.225955583375229 -0.0939266939743419
-0.0964702311100195 0.152316618128621 0.066124476419983 -0.0967289214881026 -0.13214950582111 0.118551258427657 0.12095916760267 0.0493918599601583 -0.1336996931552 -0.509995626658277
