-0.143318071788689 0.13769161471701 0.379357030822593 0.0287145696865051 0.242650282862796 0.297939443685623 0.170826225388063 -0.0868804108190301 0.430323602947338 0.0174716471757577
0.181218598167399 0.192894182947742 -0.294862081386885 0.145576512830342 0.273360645380611 0.306447080807326 -0.32692970126028 0.129029817124381 -0.0451306703033666 -0.187928859482024
-0.139025463298002 -0.00703175935431811 -0.0232937883579562 0.202079987990348 0.0314065900138343 0.0346562746293724 0.282790266302752 -0.140634474409163 0.0399948100598303 -0.0598406972326243
-0.250143117461626 0.134144924801007 0.415208152447711 -0.11553807965788 0.0883247032495311 0.308342905877364 0.128148870295297 -0.11327155438467 0.43931375795155 0.0138772584752364
0.314105414148194 0.225124782076911 -0.218171208020634 0.0836578812382086 0.0900730972972425 0.16715467489477 -0.33539427906233 -0.00543253771770722 -0.142888407928761 -0.0464976842511624
0.131434573006871 0.249198375696873 -0.215777930994961 -0.100246848810667 0.0288650347193003 0.297890860886245 -0.375562100010627 0.0187268452835661 0.156593650548265 0.0129493508189977
-0.0657572012220365 -0.0496864079723966 0.107723347759704 0.124481661840315 0.0566297143179058 0.112809628054108 0.145504977877524 0.0081761098257784 0.0771243590191829 0.0582972352397835
-0.290977350619843 0.113200850188117 0.384585321587896 -0.102849170235786 0.111973301549793 0.284939730325991 0.132442300333343 -0.18591146001163 0.459975277014798 -0.0424412594507839
-0.303115944578488 0.151424291834154 0.351538892797524 -0.0724226148118811 0.1482835048491 0.316757298874568 0.139974507486991 -0.209121057134724 0.483021674614315 -0.00106263588136179
0.127372781921856 0.232079529091523 -0.24899895550159 0.00272875397294837 0.020925631542441 0.274797955011904 -0.481251669655897 0.0359588215361226 0.0804788045258202 0.107576899909139
0.220130368293835 0.226609815608764 -0.162825410303774 0.158007449592695 0.25314983434788 0.270422367805874 -0.552906559053428 0.056715137989398 -0.0694848889933132 -0.0776384804628034
0.315425712292585 0.187183350182215 -0.190350878954141 0.099031220544732 0.265308640758762 0.292376435926689 -0.424255124378076 0.0407111201437815 0.0501660313769186 -0.20272863004266
0.0905984411175204 0.249175611232013 -0.203357204813809 -0.018751114625563 0.0893169819852347 0.259740576886644 -0.432946618507381 0.0211978446409038 0.00870938306480327 0.0218341086877228
0.124542277511714 0.246515000642678 -0.177317314494482 -0.0305643516214838 0.0973058702368477 0.258745776819773 -0.429792833535351 0.0186262206509292 0.0131477992306375 0.0369803520210989
0.197832765474305 0.29261554787778 -0.225600062518823 0.0360022223647918 0.127381788282692 0.223158826352476 -0.355320406696669 0.0733493027221614 -0.138365416921913 -0.0970181875038716
-0.376990043794492 0.21990207327055 0.401353243060196 -0.0736914880475688 0.150395631804338 0.395957848673895 0.133201390701546 -0.1458311796804 0.487574473070247 -0.105954333788074
0.157252399998112 0.12779298506372 -0.2554510984704 0.0882588719892232 0.118402393222414 0.1648617165358 -0.368991250719605 0.0130776897266918 -0.0752706223197331 -0.064565299045785
0.231729049554937 0.201369929782365 -0.224117828569571 0.0378428247331617 0.110519591222545 0.243258707936845 -0.350052792214735 0.00552180566614147 -0.0697603520883863 -0.0319616096987369
-0.110010095236121 0.0199542535256124 0.134104581508468 0.0538788283720231 0.027566640198861 -0.0243215029710067 0.101721583608402 0.105954841264393 0.0665429523446135 0.0785424997125086
-0.229513363709114 0.341959167982039 0.196834542124369 -0.105346322078427 0.0853987255229083 0.496689180512981 0.104830084225912 -0.20516481217231 0.527366660352699 -0.136330132745211
0.229845162948516 0.150011070710704 -0.203835752991627 0.11804010975147 0.203356509573467 0.272196836731423 -0.450650547829221 0.0675016015937373 -0.0496394142059288 -0.164741394151119
0.241988866510208 0.10855896902351 -0.204724308984841 0.159815425440556 0.190938870832938 0.213254501176195 -0.360730436170176 0.0701771191258429 0.0106295181089298 -0.0837768518563524
0.175259724685357 0.186246670568631 -0.240177310677921 0.0579564173361765 0.116560116241315 0.258680059022982 -0.347143333901112 0.0484434968928443 -0.0597394474692342 -0.054219525231857
-0.0588221077628456 0.0252213133999861 0.121123380803676 0.178250651744617 0.0633262056075495 0.0596759289290278 0.21415346482519 -0.0668473545508917 0.0979319695902581 -0.0914084388663091
-0.103179427966411 -0.00534076447298745 -0.0531240949410397 0.232377885191272 -0.0137433813094381 0.0354628234394063 0.2470108883645 -0.10558265034124 0.126910393462364 -0.078705606389378
-0.0437631441757491 -0.00513218332216198 -0.000570960154900449 0.24732805625699 0.0106823515700839 0.0253783112600122 0.286866663655088 -0.171494213702886 0.0218115074848655 -0.0872597315599116
-0.283745145623023 0.293124347934883 0.168229462021075 0.0145677398187225 0.0907916255591145 0.425913691169741 0.139821153577034 -0.270016009146895 0.457784137219605 -0.106464762943975
-0.194757343704039 -0.0136035016734892 0.0150937611896708 0.329269504277355 0.32255883988473 0.117196946647737 -0.300821576259477 -0.0139142823573232 -0.281668804202791 -0.0432274923465396
-0.203643593602634 0.0536574502760763 0.0370065477729357 0.0794442846934108 0.0513636252975538 0.239507890077736 0.139202100746197 0.0839534674689244 0.163278753912633 0.0204871695235507
-0.155175283089777 0.000490503395007721 0.12889540114774 0.135112163828499 0.00924534272051705 0.0428513762946571 0.175648740166353 0.0617464224078311 0.116453749526115 0.0820814936728894
0.226212949264748 0.286094100106575 -0.22379580835176 -0.0164331097468107 0.104422485905594 0.164184803601415 -0.37838636993634 0.0746169061429345 -0.115137934579992 -0.203290473556285
0.180555409322053 0.160546199595194 -0.243667333947897 0.0633239055514488 0.12524988634367 0.241614085231917 -0.326112808338964 -0.0507235294896296 -0.083988079216178 -0.0163585616375929
0.155695989342276 0.241747554813816 -0.186852556386771 0.0652488331722076 0.133915125761421 0.252803976371357 -0.341279913726025 -0.0455642132846901 -0.0930131074213836 -0.0537069911397244
-0.189692357075665 0.0398530044576547 -0.0198170066913631 0.374194173582037 0.23786856542074 0.107905793677782 -0.190765640435879 -0.0642783973024556 -0.170013231429697 0.0155413327189739
0.242932393696021 0.232586520770051 -0.195634061839534 0.0764453907433554 0.22799301491991 0.31368357921938 -0.400110020320548 0.087711826626488 -0.111262390457161 -0.0686608830212331
0.230717663481389 0.235090628511925 -0.217556551036473 0.0942652943368871 0.245458344150444 0.328561369339782 -0.372031550258775 0.109647368098384 -0.0996271056193863 -0.0640917469330311
0.279132068422945 0.179894384255235 -0.206458016699295 0.0875154185746349 0.209951096041672 0.320012095728272 -0.435683065169558 0.0703781438469338 0.0160779437658979 -0.140147589499583
0.268987081990553 0.159688877355578 -0.127365061928749 0.148294978298732 0.258954213161925 0.270075195018588 -0.368690158181963 0.0864380041552321 -0.0427393736829796 -0.182789019747774
-0.172559137915445 -0.0108104516251103 -0.0264157136440388 0.357040088109921 0.31179314506353 0.0829225468596945 -0.24726422436178 0.166041506532556 -0.133261757338259 0.0150628904905782
0.123321051872058 0.174509349191603 -0.218171001373976 -0.0323830041951264 0.036578052828741 0.299869019561967 -0.403693040199806 0.0557577549103027 0.0932688177388683 0.136139906893012
-0.229099673749237 -0.128860023222257 -0.0576595436988925 0.258681766912698 0.297311292137429 0.0891810986172728 -0.179693385567174 0.108209600614019 -0.263354361592084 0.00110000906194401
-0.20447537274661 -0.0237874039834335 -0.0280225322859799 0.322986218416228 0.282617023775832 0.113376432474303 -0.197685271474969 -0.0435165203663381 -0.158119425872414 -0.0486872502717342
-0.2446009896055 -0.0685805111888046 0.00469320250670587 0.21281756791031 0.271115647672587 0.0775982156775503 -0.252839580302465 0.0835263972164385 -0.248414132044878 0.0624501773626892
-0.0936191630087709 -0.0272593939820256 0.0869211561667098 0.144283296917042 0.0459953754937181 -0.02093796863919 0.14086678572147 0.0457457330472129 0.0718934206200848 0.0453900610935253
-0.19758089436361 -0.0976247818523391 -0.0779604328904449 0.383055936264058 0.102040912001643 0.0147563077137894 -0.195445161859876 0.105952371998561 -0.216064162677974 -0.031300735795116
0.208919925218732 0.248815201632873 -0.161782977131996 0.0480151530268908 0.303336639209863 0.355526448644065 -0.409825193415236 0.0155081724051297 -0.0559543111370207 -0.146703369299889
0.277142459396496 0.149915688814923 -0.204509167657755 0.0854136619312719 0.104055192421236 0.131944349463531 -0.288040464287116 0.026299836907939 -0.135321455189904 -0.100643058192166
0.253086292878801 0.0724914279289122 -0.260190029568195 0.0904571789876981 0.171267247799078 0.253261849355837 -0.41134408838435 0.0619750909185903 0.0223177739083707 -0.108007571843503
-0.137883114023733 -0.000978258420700092 0.152941587309938 0.138172162294262 0.0186418598063702 0.0453823575371378 0.185324235590134 0.0552454561736411 0.135031238562393 0.0517498128232949
0.180555409322053 0.160546199595194 -0.243667333947897 0.0633239055514488 0.12524988634367 0.241614085231917 -0.326112808338964 -0.0507235294896296 -0.083988079216178 -0.0163585616375929
0.034833092963696 0.0253048717642815 -0.0149387874352831 0.048160986555548 0.218122802647381 0.182248979518854 0.189854080404129 0.0295698105431458 0.142562495329819 -0.141265332764364
-0.347232434820839 0.301834114822961 0.182466517889513 0.0125054094789012 0.131813099129618 0.411508154587006 0.137773769013191 -0.256171833949634 0.475941428252167 -0.104489131166997
-0.137413404535216 -0.0253855682108027 -0.0317416620157652 0.348863903516615 0.299238133470207 0.0661252847689253 -0.278049853443025 0.198064281215065 -0.146703896458223 0.00539760375865069
-0.210498596213383 0.0601568378888262 0.065683742561033 0.0856478851102709 0.0635465087480196 0.25169051081285 0.165019514034785 0.069023409767471 0.13655242675923 -0.00909263242033161
-0.0696931756769262 -0.0220785061015945 0.109578638933676 0.180064715838613 0.0466192124563669 -0.00887135593679044 0.150859846498834 0.0502980908540506 0.0835387564776199 0.0314834228395279
-0.116128769174147 -0.0160647939555571 0.163904807520468 0.182398721249082 0.0435567100682443 0.0355218916283255 0.170966952007 0.049133541070816 0.111783735138955 0.0585014758348922
-0.12786079972661 -0.0318816705688303 -0.0571119726763851 0.361452411444997 0.282518505315145 0.129264859871314 -0.191680971620162 0.177317205076504 -0.127629386134759 0.00445406565078348
0.180555409322053 0.160546199595194 -0.243667333947897 0.0633239055514488 0.12524988634367 0.241614085231917 -0.326112808338964 -0.0507235294896296 -0.083988079216178 -0.0163585616375929
-0.187112880689079 0.0470557856999825 0.0803926351712146 0.0871515387584474 0.07670150643945 0.259820917341119 0.158402112635502 0.0508569511688081 0.139509120227997 -0.00772237450354863
0.2085348305271 0.289469419271646 -0.251201460219803 0.0859395820605998 0.0549960769791429 0.19222290754926 -0.471109365812513 0.162955208187281 -0.0331009124730478 -0.084197642683573
0.214347083582997 0.264162592545983 -0.210672936750527 0.0161110600355904 0.137241628637194 0.180737647999378 -0.370186190806892 0.118374728640288 -0.0500419522312327 -0.116223316708741
-0.206114850161824 -0.0213406304065947 -0.0159793053468738 0.342013481164578 0.221474584084032 0.0372052080521473 -0.312958669685393 0.113311424438548 -0.114962638688437 -0.00790499827305688
0.233068088562713 0.234485645256947 -0.183472843033116 0.0910952216436202 0.146868558780094 0.224180282433618 -0.339833014715941 -0.0394916871906727 -0.14706130748217 -0.010515854412792
0.300803203949664 0.149296349743261 -0.183235461309819 0.108327435310855 0.0622369256035005 0.140975740976218 -0.299324473243068 0.037637708538546 -0.133831327024511 -0.0608269729620097
-0.0866188709728107 -0.0348475291417866 0.10737727625124 0.118177374376982 -0.0262160333997865 0.0590727075118135 0.156538807584037 0.0195833027783953 0.102988514086192 0.0510760795027423
0.208695085491093 0.226795879357509 -0.206607244400086 0.129029766075281 0.261946405546801 0.324901900404398 -0.38364123627269 0.0871776391658795 -0.0682756908366779 -0.126567064443789
-0.329009136759272 0.286099447270135 0.139392510281657 -0.0208824111548131 0.0908511927009113 0.417417147178142 0.141026040800929 -0.235968266714648 0.463072691723861 -0.164280508803447
0.251539327576984 0.0801825240378445 -0.273492893333326 0.104440084318724 0.176716004181548 0.253750670474042 -0.409785847558098 0.0566620890017539 0.0169021284134019 -0.0954536797721721
0.300803203949664 0.149296349743261 -0.183235461309819 0.108327435310855 0.0622369256035005 0.140975740976218 -0.299324473243068 0.037637708538546 -0.133831327024511 -0.0608269729620097
-0.172559137915445 -0.0108104516251103 -0.0264157136440388 0.357040088109921 0.31179314506353 0.0829225468596945 -0.24726422436178 0.166041506532556 -0.133261757338259 0.0150628904905782
-0.128006931061368 -0.0128146354134791 0.185583039388418 0.142695513330481 0.0407532659253106 0.0613535489524587 0.191838143726277 0.0341686433730431 0.143381630630237 0.0505331325384325
0.166806940397846 0.244620439036135 -0.15303563760229 -0.0438564237714322 0.144730203519523 0.209292351112579 -0.422263437239127 0.177156945743795 -0.00590833742875199 -0.0277486369853282
0.249729797484245 0.265371407642368 -0.232908136735888 0.138758324329705 0.190116142831831 0.305056245130791 -0.521046043486179 0.108170251022771 -0.0645699709010824 -0.105772425821935
0.198220964551629 0.226571615013056 -0.22429250448118 0.105615572939146 0.223460601476134 0.331758143937763 -0.424339737742065 0.0806025437112694 -0.0196322138924377 -0.160139896553466
0.192163891221192 0.238231875098049 -0.226981648736999 -0.0079710749185987 0.154222418663801 0.232290595368242 -0.374052277900548 0.120879681072645 -0.230786690986636 -0.18780835735376
0.197623905132965 0.305409513932375 -0.197601082905547 0.0377770587615393 0.116356852667073 0.187638510830634 -0.376678694191687 0.0769029061558543 -0.135121944454287 -0.0893931693265851
-0.154635627661169 -0.0341029904610918 -0.0234864086237713 0.348913388822525 0.304861452628207 0.136305585514074 -0.287867222561656 0.0206577273492677 -0.204509238055182 0.0143774237219205
0.0974152292063812 0.301150124377437 -0.121265187882674 -0.14034110636677 0.0761155660310543 0.281052091343742 -0.470126843183494 0.0666315220278638 0.117664519759046 -0.015720348996393
0.0844615915952653 0.293515307828205 -0.145564922597627 -0.119539509531552 0.0512452547056926 0.304474061565587 -0.435166505927212 0.0522977773156697 0.123898661923133 0.00401025012124161
-0.263960877863552 0.286169241765357 0.219724981050809 -0.157500043335691 0.16555796510916 0.50858567888559 0.124972114623665 -0.163250873890923 0.46034732010894 -0.157884829578496
0.180881058879125 0.181548848267846 -0.349155971625195 0.0826463157234666 0.160136515961147 0.13669595822895 -0.462106100691901 0.120761989499387 0.00267050907019442 -0.131756380101526
0.278194842398333 0.317397491835667 -0.210427416076763 0.0234474320023269 0.112592021951869 0.193149976121736 -0.347812544354673 0.0495409856988419 -0.143921046916362 -0.157941392609136
0.091387131827155 0.224075794233333 -0.14985793818111 -0.0403595340323436 -0.0742578418760493 0.306788529093896 -0.417111735005225 0.0449015604232368 0.0957733812960564 0.00972705447534396
-0.213494138623764 0.123944534456718 0.479548698211089 -0.0216653050758997 0.201814155933048 0.397668489313893 0.0920609735149646 -0.209712369366755 0.42714843648525 -0.15073799367605
-0.0982482437658479 0.0418033739259179 0.0282991795463133 0.173358795809262 0.185174015462675 0.205917278978637 0.244491442948708 -0.0238891856178122 0.129374807150457 -0.112029175977036
0.300346193953063 0.315315962487469 -0.221720576904562 0.0283990396385288 0.140867054727878 0.213379747096955 -0.349852254239495 0.0597156235392353 -0.146467546058265 -0.193383279236829
0.186192710362761 0.238830497390664 -0.208782935003096 0.0509010491377989 0.132217849626412 0.201082140554868 -0.377352905840649 0.123093563937715 -0.0724164661231374 -0.00156861118637398
0.283573022074463 0.302655018814259 -0.23945712229515 0.0400839787370234 0.109674361761614 0.18919540415298 -0.313898313910521 0.0714181338246848 -0.118714932748443 -0.205570457185218
0.249350020807123 0.245715335780601 -0.269718563691728 0.071006505254524 0.145321135013448 0.245923173357637 -0.423685579445085 0.00756035130595025 -0.211115275534239 -0.0326691061400261
-0.128905737002184 -0.0428650292939778 0.0454069526195119 0.286236269710182 -0.0469055655150977 0.00134652780107308 0.26742885099308 -0.134127224751141 0.0946137730517041 -0.105478479254783
-0.207704230180376 0.123831128875139 0.465552706581813 -0.0549873285342426 0.200230652143613 0.389821519638185 0.0898977929742455 -0.215382372231025 0.43497452896018 -0.131558392869325
-0.210466281871534 0.133589445108456 0.283121914559035 0.0217219157554422 0.196251651958441 0.345949168479333 0.320101683192592 -0.420700593282528 0.254074657554906 -0.0721696649052795
0.103003428112118 0.125642423054133 -0.199059448333965 -0.0296221786650636 0.122148916928169 0.176811997631589 -0.385801383998476 -0.0408080368667608 -0.250462687098521 -0.0335429559541965
0.173119061374451 0.199242827929487 -0.249658002071665 0.00136133782242755 0.160985399676303 0.198726997857553 -0.465084965996673 0.0512990849928585 -0.108767436727829 -0.0703152903290566
0.269818145870026 0.265720773902415 -0.226875176196 0.0213094735924287 0.0908439077542844 0.196686715824578 -0.340733556652069 0.0614361326769388 -0.0959619634443881 -0.19622811513098
0.228768706271028 -0.204502422732817 -0.219471433804506 0.246437638244837 0.149627588564588 0.0504155576768532 -0.0604420105074755 0.162736382364731 0.070035267328063 -0.316448738886398
-0.260350594895685 0.141495636053306 0.283829176543628 0.00512758362565009 0.205034713677925 0.313582534189743 0.312670247995735 -0.461859551282632 0.248597872257167 -0.0939346388107067
-0.160572647742599 0.199940893065248 0.360674050159084 0.17840660394193 0.354402970205277 0.33763677349103 0.14400220204375 -0.202633192393478 0.502450284603136 -0.0541052433524842
-0.242989006560789 0.126622028504008 0.537357572438265 -0.0430046483496222 0.28327007007776 0.467061589248694 0.163995847359854 -0.163674554531612 0.535439601889575 -0.128147732327617
-0.110712810410383 0.00684895775321204 0.0362492392488341 0.258931497828033 0.0876114489268571 0.076584135635474 0.317345260832088 0.00860809617588125 0.0967841373391219 -0.0697760223518574
0.0308747941523701 -0.0651106397405496 0.0156812667174399 0.0979278115869775 0.0856664737516649 0.12134440214752 0.17079865255204 -0.0125136306810281 0.0841065417715491 0.0642210117526182
0.0973773069598334 0.270120630994083 -0.200705967227526 0.0490721327912511 0.089128213524993 0.194605294731997 -0.378237399480677 0.0938918472786157 -0.0729210474703622 -0.00125158785152069
-0.259207861446556 0.145159203574066 0.523165324977397 -0.0420586386309463 0.310466913991226 0.448640547244764 0.122977563358784 -0.155512107030483 0.552139485986119 -0.109364627085915
-0.280143258004972 0.153436989464092 0.479383365448612 -0.134217171063651 0.204305202461335 0.363674422793378 0.197469791405339 -0.244262998111762 0.425762701418886 -0.0622856516715521
-0.0274509667301207 -0.0281002019563356 0.0944280745229945 0.118559438800759 0.0124849374913933 0.0173218075352752 0.129901423028663 0.0612498780236482 0.0659655013418507 0.0531394390300771
-0.233809047337209 -0.00768509138572198 -0.0285228053269215 0.324765230861726 0.279172060172373 0.134368885375579 -0.191160876397142 -0.0638007143351197 -0.133968013916647 -0.082615197814254
0.142413360657931 0.26967053587649 -0.108237913151147 0.150529095531696 0.218362250045899 0.246013865621211 -0.473862754246153 0.0698977416737648 -0.0684875718121173 -0.095477907898387
-0.101584429527108 0.0210204581908477 -0.046884543882924 0.23499534205791 -0.0259614482039552 0.0343575757453867 0.237299602945033 -0.101198792961121 0.114202290732675 -0.0681841502505377
-0.12926308420461 0.0194072239763585 0.143093259825302 0.140909779703357 0.00405603364399019 0.0410868564031367 0.189871927307096 0.09501467043604 0.128088468615544 0.0844690029642158
-0.118090534925769 0.0276341512466624 0.122623162986907 0.12826368105254 0.0142359563033944 0.0641375073306547 0.197310533314182 0.0637449341286978 0.124832262042174 0.0675920132524619
0.0753954929622696 0.226445696848362 -0.167417532330489 -0.0343283193335316 -0.00193907380848327 0.255853882877792 -0.436543307761968 0.0205551189390203 0.0334475797787717 0.129322612580241
-0.0677778760055593 0.0018217947834004 0.10173237862965 0.155111718237826 0.0347880461261156 0.0258961386387674 0.143779453939559 0.0431439168685525 0.0725312050738808 0.0357314767622551
0.233068088562713 0.234485645256947 -0.183472843033116 0.0910952216436202 0.146868558780094 0.224180282433618 -0.339833014715941 -0.0394916871906727 -0.14706130748217 -0.010515854412792
-0.19651673093697 0.0669326714588994 0.0497975005999566 0.0960060390488304 0.0584345702563696 0.240589651215049 0.151507515300737 0.0654179187113425 0.12145171384937 -0.0322091421473607
-0.139655134810166 -0.0485599496544318 -0.0301546318523281 0.326343922825599 0.096844592306846 -0.0170671718098478 0.244967379563889 -0.145839776789604 0.0614001751138868 -0.00617565438162977
-0.137471543876277 0.018982440433033 0.17987701456124 0.142263413749854 0.023806993587902 0.0518477857356092 0.188127452315999 0.0220137431075525 0.123839751354479 0.0596770973440479
0.0172684938476068 0.0679194359855733 0.0360230946774695 0.00959796528638347 0.138368154009551 0.140032399568063 0.249985298444916 0.095570061358636 0.152762160891698 -0.103757638458401
-0.0763575294041206 0.0371632027202192 -0.0269825351601246 0.306217926492289 -0.0285885725220936 0.0120449050956338 0.271106758945627 -0.142280426352635 0.0864752869897409 -0.0696624196668324
-0.189986899885797 -0.0200117169410941 -0.00411764611425891 0.344985771879339 0.335497637923422 0.105783394002071 -0.313446262310913 -0.00166070582667542 -0.278349396027582 -0.0274857511829684
0.249652609912111 0.154064816203247 -0.256761434616627 0.200421775770509 0.224832895034497 0.274198808465233 -0.424642680893124 0.058229745586374 -0.089434591366076 -0.195606975096836
-0.107142280404708 0.0534044619424962 -0.00492329756466384 0.210868553555663 0.0144567733283663 0.098484400211891 0.305849428851656 -0.0811364438201555 0.0657965253761572 0.00511599037199967
0.0109137516745742 0.0457253182568578 0.101552104180278 0.136694639637177 0.0375961578418301 0.11145127556864 0.145868438650371 -0.0422651792538295 0.0181301664461982 0.0017468363075597
0.0996647462417774 0.271777377887009 -0.124606101089871 -0.130675975936358 0.0505199117254893 0.239484288589377 -0.417378115380441 -0.019298132157653 0.085262530135525 0.015106845838769
-0.0870444422053206 -0.033551237022495 0.129873705411739 0.0789615463172002 0.0358640400003848 -0.0148551239965185 0.133977720911589 0.0736622592633822 0.0890920715708272 0.0805294771222027
0.309871353556057 0.211927607800364 -0.19417927455795 0.0821077177877849 0.262425105357676 0.297565130646773 -0.418533886348041 0.0475908569568595 0.0623505631099809 -0.216492993651339
0.170696388750835 0.250880823156708 -0.222677637461723 -0.0821624593770885 0.0261352376861376 0.23739851844032 -0.408299597700976 0.00854083466146899 0.12584552137203 0.000668327189334721
0.246853494927873 0.155978331576618 -0.214999510149353 0.155271514371367 0.168294130088274 0.198449227702166 -0.352953474243024 0.0176288144848382 0.0119182575979525 -0.0462853276087487
0.117592465731128 0.217909002687917 -0.204050367684931 -0.0202234155106512 0.0711423804887449 0.228976141919512 -0.463657267676229 0.0281095391725675 0.0735002922479844 0.0750247059030621
0.205874447617149 0.242601325626065 -0.211706463320279 0.0265957046439307 0.111218101633542 0.177231170207109 -0.397849484694806 0.0618196402651876 -0.140411978595887 -0.0624753420330378
0.228972597512066 0.178124866495414 -0.223889045698148 0.0889250317501021 0.16038862932807 0.168815229994147 -0.493564479740747 0.0636285768595696 -0.0630916212531158 -0.157591230933721
0.233586278078015 0.166204722723982 -0.225982929093651 0.084310872264881 0.183127137386615 0.176838765321666 -0.493527584171204 0.0688737935946208 -0.057933907969753 -0.157764923939629
-0.0809181306276672 -0.0219851382953693 0.0631330417052662 0.284932318241586 -0.0182970499091794 0.104906473827244 0.261001905686353 -0.204924270241051 0.0573141247538619 -0.0193820503232823
-0.238057492341888 0.313462076428607 0.197451284359873 -0.111375186581132 0.104453634721138 0.504345445835869 0.106147427884773 -0.190705709178845 0.522844598501929 -0.14247430725091
-0.172678648407387 0.206773802874067 0.416545020222728 -0.017126624795689 0.332184030023095 0.310023870504568 0.223352121952663 -0.0927159526960205 0.45203282419201 0.0261484717172223
0.114423047628097 0.305624707101487 -0.223328451646988 -0.0720770983959148 0.0448280711033828 0.242035377301302 -0.392601948833652 0.0539963007222623 0.09899156252857 0.11597134881672
0.231984153093583 0.122159965670173 -0.217811230044717 0.158477987559862 0.183905276948676 0.188828308390159 -0.372438775456204 0.0668233588958496 -0.00857911089458394 -0.0880221687913816
0.172234621037702 0.258019626170003 -0.225890242393349 -0.0057967422466918 0.0653706451630543 0.160803443848713 -0.336146846413449 0.0634687475328922 -0.097381682188659 -0.0713962154158839
0.173544681057516 0.14363738909584 -0.235685005750164 0.0139949217228277 0.0937955147252662 0.127903873706477 -0.358191669542618 0.105259196328457 -0.131545832227957 0.0123434185346931
0.241865894215727 0.243082426126318 -0.222656211275399 0.0207975476231893 0.090298293251704 0.240798784774639 -0.42786817755708 0.117567647506263 0.0191971026236078 -0.0638153855424267
-0.143221231081287 -0.0202256864276732 -0.053753338105004 0.308577608768872 0.157026382182098 0.0425079037283742 -0.262428337452764 0.139112676703151 -0.202133912293823 -0.0516789895901171
0.212684051592922 0.148411275927436 -0.224548387327645 -0.0240218096367577 0.100437695607891 0.138794648994261 -0.333834508723434 0.101320163964976 -0.147899664315169 0.009056965569111
0.045892137344446 -0.00260155840606775 0.0793351927423832 0.108688011327937 0.0707326690942308 0.0580270855458934 0.168308202023526 -0.0611033921487862 -0.0113869230116597 -0.0280466034355278
0.201647864186689 0.0851218736490398 -0.295875371273223 0.085252349368844 0.13569549397278 0.163431115840927 -0.330470837930615 0.080863458319778 -0.0745045873641572 0.0139406009644044
0.128754577315217 0.291069831906129 -0.225891622112349 -0.0796329600150489 0.0426489121876111 0.229668470132707 -0.401660820732484 0.051911387071711 0.112039241505107 0.156291324169879
0.253076486395452 0.245868179989102 -0.233235353815832 -0.029979109665589 0.117094290074149 0.215132720801637 -0.376211389786855 0.0855757854907293 -0.117768058897231 -0.127600066952472
0.16486040107293 0.200761466332522 -0.234121436220688 0.0911277762949231 0.0572552595967704 0.188725954949704 -0.403949703682962 -0.0545614730414627 -0.12776735766456 -0.104260237885977
0.00182819120256397 0.0193648828751506 -0.0304875311442035 0.066274447158693 0.219593231853538 0.19794142879468 0.185589177310708 0.057606043413247 0.140951371486195 -0.130207284840703
-0.142651507120616 0.0063445846726369 0.0729470138791172 0.16038193553399 0.0282696599247056 0.0337443341390707 0.175955359907613 0.0405218647764347 0.181590570934403 0.0310632818013751
-0.347532351027789 0.228689016187524 0.502189412956971 -0.0103220764670278 0.182115019073585 0.321914782371071 0.12250698762567 -0.295858392861351 0.509017889526669 -0.0921927470389343
0.153928061537336 0.203355482242432 -0.11870963296242 0.00868464557373229 0.117474324738356 0.191897275658007 -0.365043465746678 0.12554627578585 0.0240245571172479 -0.086437887010059
0.268831835597154 0.196280181237687 -0.26969322483341 0.209880226254993 0.203548134427499 0.276919957471246 -0.414755240566375 0.0499576934432376 -0.10676014819618 -0.213958655012027
-0.218464251189207 0.0433140653588001 0.0699090670562655 0.1045466791636 0.0692327713952676 0.251363829200123 0.167449182465112 0.0818658802715487 0.124515419623489 -0.0129437666055099
-0.189273660928047 -0.0784619175339983 -0.074367021913782 0.319808570849908 0.0884795504369569 0.0414144436951851 -0.211827451993852 0.0985191928518265 -0.223693653157842 -0.0355113103721521
0.0986910600938775 -0.0205936129366393 0.00380213955954131 0.0220587510483803 0.164517168450954 0.180544597212724 0.164175432963485 0.0674760236700714 0.0689313942456594 -0.145422302327097
0.0962455447124632 0.168847442897993 -0.233763967778823 -0.0869531460491312 -0.00535038470797423 0.263609704510624 -0.426952584313627 0.0532492749790835 0.0808559456309111 0.095219851143507
-0.316978439968745 0.273952366009093 0.12756658947962 -0.0346885251379165 0.105167451365242 0.454125786150955 0.11504505798262 -0.240663540768484 0.47818270467937 -0.161453732604523
0.193010021306897 0.285144336629541 -0.244030544809971 0.0736108239243434 0.0532718258688562 0.194214188463787 -0.46533433388864 0.161775681017366 -0.0297172679887123 -0.0705800860156169
0.167555032358764 0.231904844405603 -0.134548948513839 -0.00070782692910947 0.135602917437877 0.151567148452648 -0.394775875425101 0.120742280990041 0.00277076740555883 -0.0579745260307946
-0.17401872663357 0.0289873570060758 -0.0440053964663355 0.314429274743454 0.272121925493838 0.135924978897286 -0.146160521697928 -0.0452834303169572 -0.159183574310723 -0.0659084155989881
0.243789759032043 0.196391916744051 -0.198046364206028 0.0594307592736491 0.218220083078623 0.327266409731361 -0.400024492428767 0.0592244324034135 0.00295869142155875 -0.120317697956589
0.268555644418962 0.188340278637495 -0.206299456837247 0.0849325486568808 0.215231706123863 0.32525656112222 -0.40010441436735 0.0530098070398275 -0.0183773987531844 -0.126328128912146
-0.0935826811911927 -0.0070744261542352 -0.0456639367680408 0.232354831101268 -0.0178748743894405 0.0223971560892455 0.253233923375155 -0.131376487002085 0.151811073704226 -0.0635814493561061
0.208732081492395 0.246994471028691 -0.24708127619672 0.0594827929054064 0.242452403937953 0.290427754606334 -0.3845723176912 0.0818292972899312 -0.0733827099971109 -0.109608571071241
0.172673752959214 0.247693246497668 -0.146162713308074 -0.0319168378099806 0.107586927298646 0.155302269138245 -0.442000705390766 0.16335205341944 -0.017035577825346 -0.0267514307153597
-0.292676278235636 0.294186092821545 0.145090307124539 0.040023311365042 0.0742368748002812 0.45406572051187 0.137560185827156 -0.238648142534922 0.489483032714139 -0.11121888638013
0.0189654304014551 0.0402313422515832 0.000844850091632961 0.046879207577474 0.236915191324074 0.182899063944663 0.188862120462271 0.0203555278810845 0.131277667622952 -0.14814583239483
-0.170386542469537 -0.0791117990264254 -0.0172834356590099 0.407262226217936 0.208861581636269 0.0830444830898967 -0.109646168788552 0.0358921996148635 -0.235140993267261 0.010202150102726
-0.0827125730943878 -0.0571643840959616 0.113066219815437 0.135441593017063 -0.00224634733375772 0.0258641926781731 0.153245211428205 0.0623245901781678 0.109898445146096 0.0683007476757516
-0.071771049011878 0.0278778185539103 0.0563532254116104 0.111698362923335 0.141518202907862 0.18792955441524 0.181537223731755 -0.0145052835043636 0.125966823846938 -0.0306913408184032
0.148631474417807 0.117185002517928 -0.212344120290435 -0.0373542419102828 0.126980898389473 0.188767903080482 -0.410702765370719 -0.0426137922196318 -0.244708289659431 -0.0347856120879764
-0.267387249729345 0.156508652888688 0.4070887669011 -0.0353888210946278 0.216433127566911 0.443885178236221 0.0711280718300507 -0.180398642960578 0.455142120936719 -0.152793089659712
0.123525100341061 0.244144657649407 -0.22107245519918 0.0441380073613346 0.114579395221676 0.189068570638569 -0.407409777422605 0.0883773185965122 -0.083328566471121 0.0122079268686501
-0.106166011120874 -0.0353266629265283 0.0159887031073095 0.303137579625763 -0.0297587337615799 0.0243050634702437 0.275798757910384 -0.141931902820918 0.116607098237925 -0.0916964340981298
0.186928695038295 0.202002649574129 -0.355146854608321 0.0597591060802086 0.146788307176068 0.142797333467963 -0.448776580508147 0.121621157743836 -0.0167063516194962 -0.125739310459305
-0.17743376494789 -0.0207328135525727 -0.0191283661359324 0.151939630754282 0.0581709756698164 0.0979248287498432 0.203249753627121 -0.00197202387600045 0.128640306045875 0.0554051332632607
-0.0956543968911907 0.0626943360961034 0.090062999938082 0.13997029124944 0.131626364772749 0.206661584701503 0.203111150534941 -0.0222950899498393 0.109827466215416 -0.0422008643013314
0.109802915047935 0.204381855725609 -0.247066352635116 -0.0469136162140492 0.122424470309012 0.18929375165243 -0.364497270795664 0.042966598977416 -0.18735877613142 -0.0579497310698524
-0.0957763829268392 0.0719546773173407 0.0345657958169969 0.136416385869154 0.0106552443785556 -0.0466711682790839 0.204501994896977 -0.00570966485461984 0.0785526573731236 -0.00858063495766465
-0.0972271542680606 0.0639028265651585 -0.0476906337634924 0.120399510757703 0.0636850744692571 0.0852795205004681 0.168889546670534 0.011875890486426 0.120401546716968 -0.0388166087278535
0.0958286030126904 0.313351917732698 -0.211188354091773 0.0299493332495576 0.0199757329806164 0.23677623721883 -0.530641014482335 0.0224710511104853 0.113652458697361 -0.0382108168274136
-0.283697027136783 0.182049522725429 0.501444378111045 -0.117348957533806 0.29519160906711 0.458778856027589 0.111759011019558 -0.125134713586796 0.565737924385417 -0.145205522376788
-0.0923786850005798 0.0110048626569194 -0.0623105352873613 0.244439228524785 0.0659203445348906 0.090938855921138 0.235562491385105 0.00478254373469114 0.126598554955246 -0.0371349430416856
-0.125256711126059 -0.00411196694471574 0.066204749237107 0.225312599483404 -0.00893722546979643 0.0246079929490314 0.173844005467199 -0.110923993109863 0.129502585055317 -0.0621582391208711
-0.107783017050065 0.0080725594887653 0.0190155007761348 0.1043860005091 0.0380845324985247 0.0771585912918918 0.166831420616882 -0.0743894824155266 0.120311289622155 0.0375893575769195
0.234411487229084 0.208870851921451 -0.202030379243871 0.0834673530715789 0.326012482960994 0.301037371864251 -0.369095611714365 0.0522121762884371 0.017863741091433 -0.140607645606761
-0.0144261428594502 0.0239159677965739 0.0242718181110893 -0.0125987152665128 0.104628730597101 0.2066581346599 0.201656417272522 0.0190576410517305 0.122050956668361 -0.166179742018146
-0.265517964375811 0.317813895324878 0.158502962656058 0.0172455543105835 0.132687018746754 0.419460576540509 0.119102550731557 -0.181409375494933 0.465146401292481 -0.112650692991582
0.314105414148194 0.225124782076911 -0.218171208020634 0.0836578812382086 0.0900730972972425 0.16715467489477 -0.33539427906233 -0.00543253771770722 -0.142888407928761 -0.0464976842511624
0.220689288133609 0.196977215814188 -0.324687073367573 0.0825758546526661 0.175410748668329 0.165755068138043 -0.380014240048409 0.131362972957246 -0.121061699524603 0.0201605763078468
0.185502078922181 0.243802098268702 -0.205135783614638 -0.107551229205548 -0.000483888564800989 0.29192872176909 -0.397669350207618 0.0292536840742498 0.116359692365775 -0.0519234586738982
0.273806078159741 0.197257687331819 -0.209812411328852 0.0751568468009223 0.312303412359677 0.31651169236461 -0.375182747715778 0.0536167292070311 -0.0562583566254497 -0.12973771750436
-0.252563889098628 0.145563903581712 0.429713623688436 -0.140321593581027 0.093468501879318 0.296956455994593 0.131603511082638 -0.114239421999659 0.449677403314957 -0.00665793011742448
-0.29262033157957 0.109183280331971 0.419749491134648 0.0112173758516305 0.198319547065204 0.51127860955245 0.141107376876034 -0.138642356308356 0.569923830401065 -0.156847534286409
0.233541971564709 0.151842325916528 -0.256567990942717 0.0196909396567031 0.111824540993951 0.125840404405228 -0.420732057149088 0.0599977478407066 -0.14174881168807 0.0304147841002263
-0.206373960342219 0.0827174441335591 0.401313482527625 0.0237271037330836 0.220693726343162 0.296855791291913 0.103199185367307 -0.147320160242646 0.409579264891138 -0.0699091428290189
-0.214342578065948 -0.0192356225109464 -0.0162320889158424 0.411025072025111 0.203482256016503 0.0688746123111207 -0.262221628216255 0.097168841195965 -0.214974348973607 -0.0420809785623289
-0.205020279781086 0.00834560147465123 0.0280577508876551 0.333292845874965 0.224718764950337 0.0690996527407695 -0.184315859761266 0.0694414379114022 -0.273999839131916 -0.046158333178989
-0.0287519616862763 -0.00302594134488053 0.0276503681859122 -0.0231315090751861 0.104839109573635 0.186969617770695 0.203005719760632 0.053680684889567 0.113687088006424 -0.177863478940987
0.265412849848244 0.165134316927186 -0.313317586384772 0.152157106042131 0.257306256497345 0.282117353304984 -0.417857879240469 0.0743430444846641 -0.0641301226263979 -0.18517477870246
-0.253192923109307 0.150969022195926 0.402490250825391 -0.127102845999619 0.0869916959492166 0.319617199094797 0.11544805127816 -0.0953238122069456 0.449229494370955 0.035932955870874
-0.00726334522434871 0.0569075800924086 -0.0154309489976753 0.0594562055772233 0.197658071576597 0.163850366220094 0.188832636562554 0.0205167896349505 0.133729624357261 -0.112267698256377
-0.188657792629652 0.0253333911904492 -0.0333389242457447 0.346003124261865 0.261977378669692 0.142589536976799 -0.152771676468134 -0.0691518190725853 -0.161895217724501 -0.0600950881030068
0.175976672252593 0.214604659233448 -0.229500911933067 -0.0130851557401302 0.0414617119070166 0.313041540635938 -0.490615065353417 0.0831825471336799 0.13368566320609 0.0936695822732129
-0.210611554553511 0.0120159942713089 -0.00373307943368472 0.368285363881643 0.255962672740919 0.129187420734298 -0.215106611346393 0.0204947759034275 -0.156513490809057 0.00793949411240694
-0.187596376019908 0.0339511640533479 -0.028317593953223 0.361626952807389 0.242359721333035 0.110836979342741 -0.18858216129995 -0.0414197817273502 -0.182956991637965 0.0164848772579482
0.268817122729401 0.186472500442583 -0.200587906928453 0.124184238873495 0.0745577855761206 0.12916917273638 -0.304242151090404 0.0373176602721235 -0.113892731482142 -0.0590592479714845
0.224509745683044 0.222585228278296 -0.201656921838251 0.129111492225561 0.121300100399832 0.191736171351028 -0.318828951742281 -0.0465912798728741 -0.167185756422122 -0.0037962387968578
-0.176416852558566 -0.0331921244262802 0.0469915475920359 0.310840510463167 0.207404055837719 0.0862015486399277 -0.243143736412104 0.128678585574363 -0.118934825568769 0.0258947490285687
-0.193259280098832 0.138825837983844 0.458037527012969 -0.0481459066571225 0.208135398969208 0.400117053678698 0.090834950712214 -0.219132083637132 0.451170972055377 -0.142554205089079
0.029084627463152 -0.104050495352598 0.11952533920371 0.0680268211306848 0.0678631400489242 0.164532330696588 0.122007969294328 0.0204213090640756 0.0882953546773813 0.0482475129429524
-0.210466281871534 0.133589445108456 0.283121914559035 0.0217219157554422 0.196251651958441 0.345949168479333 0.320101683192592 -0.420700593282528 0.254074657554906 -0.0721696649052795
0.189335093527557 0.244726832753678 -0.175504655463107 0.0480548899011572 0.0196033496244119 0.254056743162142 -0.501222027522086 0.0350118661748657 0.088675089168034 -0.0483886588287152
0.200759837316249 0.187237951933494 -0.235701133350837 0.0411905743054226 0.100720379830532 0.207901814822003 -0.366456602690226 0.0847876550186286 -0.0646787728056334 -0.135830389959978
0.180182727771125 0.247328319331773 -0.190501194379176 0.00603048575363046 0.104747677786428 0.274090005566717 -0.472321510667694 0.0910844125698127 -0.0777112981506983 -0.00417257203419316
-0.216092506092776 0.124165369423543 0.343375297121699 0.00727446609888975 0.156531984508806 0.231357414485178 0.204966968445939 -0.453716437855173 0.334954610555086 -0.010364446345914
0.193978273534147 0.310164254019545 -0.195718432914227 -0.00851579464571415 0.0373324362738269 0.210586367288398 -0.458756326070538 0.0461794366640987 0.107517712809329 -0.0533035787399727
