0.013514977229644 -0.00431079748948493 -0.108196078228969 0.244131933206097 -0.220660249227447 0.195562152718057 -0.190102017806774 -0.431837924863396 -0.161176697021734 0.000782090570303519
0.0806531077778491 -0.0649806818934502 -0.0778378435073668 0.200523769381371 -0.181862059251187 0.195298914957622 -0.189387630236218 -0.372008108193425 -0.149656320732335 0.00705227632645743
0.0163695326926911 -0.0535479706156303 -0.283080593120368 0.285909214076395 -0.166323360523457 0.193218518081453 -0.116409387453835 -0.390023955442944 -0.150194509286563 -0.0981858788396045
0.16804887291003 -0.00549954205470721 -0.0321841666300979 0.156229934182774 -0.192825944667384 -0.174609255301289 -0.204502475159036 -0.306811849018899 -0.281548554237153 -0.0192173905656974
0.0988253133477438 0.120252072088815 -0.0226624717892457 0.0850023627398205 -0.231425076696475 -0.00768561859893382 -0.0478471708154894 -0.237373143900772 -0.212643762470157 0.0871401542808939
0.319377379339365 0.225680957309356 0.183661923589303 -0.523037054972421 0.159474103380495 -0.167694420532745 0.23783197135258 0.159926593794647 0.241195033901952 -0.244598845425465
-0.0655144549641375 -0.054211004157136 -0.316128927644895 0.391374194188503 -0.271493641211716 0.195485670324094 -0.181094425095638 -0.305747078360796 -0.13510351075785 -0.145803203101477
0.369621901168722 0.155961283875162 0.238787110953258 -0.529407278876647 0.219054006617841 -0.120107445137924 0.246907408770484 0.142741028164591 0.254384743158469 -0.234769688053571
0.154388213703853 -0.0674682649921283 0.0620038435715484 -0.534474646587525 0.290570161886603 -0.0511514265612549 -0.180784287480362 0.000960659284661637 0.194651085147266 -0.225038371811773
-0.0318606298230737 0.0467772267166325 -0.141112015182509 0.237956000174915 -0.227349472984103 0.218963573268422 -0.233945819133153 -0.362876678862444 -0.181480413948933 -0.11558012944952
0.312880410129178 0.121968712856233 0.260573845917737 -0.478817229165826 0.167562186698368 -0.142683144012698 0.179968045465491 0.116373499938124 0.271214765729276 -0.132896494715935
0.27185001101746 0.0921674438296166 0.266432207638512 -0.294633798721808 0.055189554825152 -0.0476646423500612 0.191562361899505 -0.0918381050431002 0.293333520894625 -0.0748552001905111
0.353322824400339 0.116734184492684 0.349360069877657 -0.501708826565033 0.235036719573338 -0.0100778296474879 0.12342893402062 0.12017699512607 0.327469076056983 -0.0567745591081249
0.0542373856594297 0.052087795174698 -0.00587989965037405 0.0882765520054524 -0.369045006243159 0.0212778447589878 -0.0235091556247814 -0.279298396293601 -0.190789351811511 0.0999274946459722
0.180245684790615 0.0295336766388894 -0.0159300363245589 -0.308938761892351 0.383229682593326 0.123670294034463 -0.152748014133838 0.150170116028217 0.472082995765291 -0.00542436198961929
0.230453860889753 0.132992622611825 0.220300189783651 -0.315742041518262 0.0831985062353104 -0.0504578800481132 0.129499425836726 -0.113798779714524 0.278387375893903 -0.106821025673375
0.125663810652619 0.0662738115485331 -0.0669932396053068 0.111703446417573 -0.25856471385949 0.0836798838601767 -0.0308147654866538 -0.228234128732076 -0.0189648622684527 0.132132414859725
0.344211753010911 0.123712184345508 0.241416682330278 -0.413469118887161 0.202195342776721 -0.162693771169745 0.165055865695668 0.0980734131371299 0.305817759523426 -0.185409712580436
0.23352162646789 0.0113869721840553 0.0726576473346163 -0.751214166487548 0.295708881399342 -0.116049406138069 0.0338322725290868 -0.0486409520702024 0.27711881233261 -0.21456847932619
-0.010150997716302 0.074997937728228 -0.135039656953447 0.249929621400062 -0.207443389175003 0.199962535949566 -0.236054035392278 -0.368456622376982 -0.13472576061357 -0.120821879703183
0.10100146271201 0.227713569119842 0.017201666046853 0.213568403872338 -0.0393240776574498 -0.0121864998050531 -0.0757623677785597 -0.321950813104915 -0.136724623311554 -0.057950287972793
0.159545224507918 0.0686319792614082 -0.0471899547476427 -0.270398076589519 0.347308345956591 0.0808661386794548 -0.100396096876874 0.126699585124688 0.456360374663874 -0.0796665871467334
0.168980939006994 0.148679186489062 0.0549810698619585 0.229267013469099 -0.125471297443313 0.0856907260728621 -0.117779383842198 -0.291752326985523 -0.121046643017644 0.153166262116705
0.180245684790615 0.0295336766388894 -0.0159300363245589 -0.308938761892351 0.383229682593326 0.123670294034463 -0.152748014133838 0.150170116028217 0.472082995765291 -0.00542436198961929
0.120221179420579 0.152400874091535 0.171158402792947 -0.332035582327969 0.139048655916843 -0.0292454567297534 -0.0291275789574447 -0.0978947248701065 0.294136374593151 -0.0867358411776795
0.0914424753321827 0.142379161264358 0.159891462817538 -0.651756214198526 0.220797141815749 -0.0827872989140402 -0.0682412400492668 0.0158213933272804 0.181550363651104 -0.290979904769674
0.0692559161963705 -0.0167222467899515 -0.0702331035948971 0.196316314354007 -0.0922655483492872 0.0418250256007542 -0.143442111808308 -0.237772287695743 -0.138159997079182 0.0437632243254826
0.19760529715378 0.121521665822468 0.00412916597200773 0.182502815126516 -0.242749696732317 0.0549057921866088 -0.103725013651538 -0.309786781668044 -0.0764578539168019 0.155124308885446
-0.0253364639046982 0.0382238543734241 -0.0131133310951797 0.182267684929352 -0.15323306585209 0.017306128833563 -0.218163388501233 -0.261175619673223 -0.0747632329356135 0.0282770437128786
-0.0343677112838338 0.138006766846207 0.122438768821197 -0.615546684376538 0.320002990273688 -0.0412508389135657 -0.23545523868343 -0.0188594139010858 0.265039341377261 -0.380082408525649
0.201793766395533 0.0935305554073307 0.132196733914766 -0.277352497311363 0.152680953793042 -0.0677687101440508 -0.0420699164941419 -0.0764646745141251 0.303913999943668 -0.0883752043374248
0.346885761612198 0.136291034815975 0.282455004987029 -0.409019710419532 0.184676458225664 -0.167909191868836 0.230332788214327 0.10935973269034 0.295560725374373 -0.136424331822606
0.150122569968493 0.160483264352436 -0.0405508043367053 0.163772446270795 0.0247834185469573 -0.0355940680980022 0.0255453006870316 -0.333817112486126 -0.170873953238123 -0.0055311927781383
0.113646492696081 -0.0644511723531734 -0.0793555056116958 -0.437951604677815 0.301602354142487 -0.0397187087831003 -0.0697841069569155 0.0566572060750333 0.440193364254816 -0.0771206592091899
-0.0664384421649813 0.0620782343036981 -0.0753632287336626 0.0332219581779588 -0.167603286746323 0.141347933055173 -0.268712393750437 -0.190258473037873 -0.131944343650532 0.0566487417626257
0.00290783672573757 0.0147119427066769 -0.0171022367494752 0.179958504174342 -0.158584047866269 0.0913630242205427 -0.174684441088308 -0.245195450250428 -0.0996627269676339 0.0331239575914504
0.0579200114245409 0.147284316508502 0.119701706391625 -0.655093670637168 0.218496339100073 -0.0336869241597465 -0.0224841522541106 0.0393787768212238 0.173078315031338 -0.307395929602251
0.0542747180819921 0.172728135525137 0.165686071543254 -0.658432346857557 0.308933104025746 -0.0958100852394678 -0.0577337849405058 0.0409986387910117 0.251747536370405 -0.305349593150316
0.354104620829223 0.173446548964024 0.230316741361515 -0.399216971150345 0.176933457793827 -0.110269141247229 0.2116808601534 0.124764394644062 0.28214787372739 -0.224439394115404
0.294823823674311 0.199458522721664 0.215349061999173 -0.398649522706624 0.151918013137428 -0.247585192985052 0.156266493542231 0.0918004637915599 0.368273692083979 -0.116658261059248
0.382331752948854 0.147805737532509 0.215606255178499 -0.404177857670715 0.125782545278403 -0.0923886250760587 0.172140686632737 0.235003424586062 0.283800058180692 -0.19477436386747
-0.0301107933547617 0.142713034511725 0.101838275532141 -0.660879230760568 0.305667210546105 -0.0679810864938846 -0.232840588907317 0.0231342947162813 0.264676903209255 -0.374711847378305
0.183800527125923 0.0815547640033268 0.145055191471728 -0.288785986093059 0.162514245089017 -0.0586517068243133 -0.00427256296869835 -0.0903954438087266 0.301454315566493 -0.0972041769460292
0.307756471411849 0.151101374005241 0.192442749503524 -0.423579390364125 0.124615090993761 -0.133743446232157 0.198435227269749 0.107496621585139 0.316030036247984 -0.233098393777856
0.197065324311841 0.164793174770214 -0.036290690583631 0.16596630600915 -0.186759278713772 0.0700559620439565 -0.170857502187904 -0.242177433978249 -0.0792947589296951 0.128416197778082
0.0721753621031742 0.186163625179978 0.0574217064607429 0.138611015343968 -0.24313684706194 0.0144065780722052 -0.183652720907519 -0.137341720835179 -0.113772924572397 0.116382087302119
-0.0844239267910881 0.0641274371296053 -0.0680747942794954 0.0388871330732849 -0.175378050105854 0.130072958025702 -0.277661549615045 -0.209087302504881 -0.128806711999028 0.0640150145613676
0.104426344218601 0.147385151378073 0.014474919761359 0.142874792150454 -0.261119624777491 0.073150434230815 -0.181067717824494 -0.180634317145342 -0.106974732636174 0.104689438379908
0.317996779506577 0.170844114716958 0.22862823309511 -0.347424210414256 0.148867949042302 -0.19679173175711 0.105178134860445 0.164200306549783 0.3554998393995 -0.174543452596683
0.113112582887697 -0.0454221934934385 -0.0799048707101633 -0.403124784342033 0.312674462333625 0.0195852603194072 -0.0575994840200059 -0.0158768737453816 0.461295034340429 -0.0121484719731215
0.327571640123583 0.163417724858379 0.251726216834092 -0.432251608219551 0.175274907645555 -0.235387422464002 0.0984898797849861 0.0549521766682501 0.366689948502898 -0.113764095234161
-0.0709591118333997 0.149668690565872 0.145481385943118 -0.660767578524597 0.332337567213718 -0.0808067829121607 -0.280953550301604 0.0291363310911903 0.316865048718594 -0.317483538864418
0.042958195229329 -0.080660870209299 -0.17717871791671 0.200962531475144 -0.177383418258189 0.211905347360984 -0.171855829719346 -0.385210531905364 -0.103313531791029 -0.0944926156807156
0.0782389066172448 0.121114113237424 0.0162898614678819 0.164641255589608 -0.258330616224558 0.0553051636212453 -0.176477597300938 -0.188090980082823 -0.138360810000061 0.0832514005065769
0.122458892063446 0.156427127756958 0.0871228544777699 0.0733770060698999 -0.302149917445646 0.0598384909076921 -0.315231424159988 -0.33811735709607 -0.115564848108031 0.19129025107633
-0.0842596694774353 0.044693886104365 -0.0699468994165103 0.0314777677471492 -0.177986013626798 0.118459796567939 -0.25226129956995 -0.199199840634085 -0.152426270165425 0.0372487238941875
-0.119149910199511 0.0480444682262123 -0.101106563212637 0.0556957330221011 -0.241525494044269 0.139405757004024 -0.190683418285087 -0.246373817350034 -0.15809770806176 0.0510360725173018
-0.00844759853455394 0.00382970329179537 0.00898454715142241 0.184188850837422 -0.124092450834281 -0.0165569131477127 -0.180697820078835 -0.26509753948351 -0.0628280235468344 0.0468577397279886
0.284967669702084 0.182283230397838 0.230439023335734 -0.40161341151929 0.144601667873196 -0.231066971182571 0.162395149591902 0.0928326562465379 0.352395435841479 -0.11285006520565
-0.0905414732666777 0.0332567172990215 -0.109091452474436 0.0982128412066319 -0.249547584138391 0.113967592470049 -0.201757754383702 -0.252996569552373 -0.139714568514713 0.0374634723773529
0.0984055869423224 0.137526010365088 0.156380665124086 -0.638739899446539 0.220560003051455 -0.084429805844331 -0.0670117228742427 0.0162223277928362 0.170260935912712 -0.285243813012107
-0.0339983263907435 0.143295969905124 0.120844132715411 -0.647762591569796 0.336243173485216 -0.0527729860550304 -0.245483093150569 -0.0167620659941776 0.238491788035496 -0.350859336285183
0.103312410021225 0.138318573009007 0.214521130114912 -0.400884947934374 0.114278220024692 -0.078472710699909 -0.0355515633181285 -0.0711538657825238 0.287418367434139 -0.0962894281930406
0.0789177703399557 0.107221633997826 0.182276815090055 -0.655702396125292 0.261807069753023 -0.0874759456318817 -0.0307915812739185 0.0168107931961979 0.159975732406781 -0.292187468282612
0.141439882753106 0.0779496404240031 -0.00299419124014982 0.0321844240682816 -0.32895193120244 0.122001150253196 -0.3087192183684 -0.289043018159282 -0.0605006120284883 0.183930998840547
0.324027962052448 0.147549399907689 0.217144709845337 -0.450838299796877 0.1556146874079 -0.181379528355532 0.110674652319491 0.0899537683285922 0.34147556739596 -0.130174129971702
-0.0640227759179912 0.141307089434884 0.163160224615282 -0.603555620529738 0.341575283645619 -0.0800536459574314 -0.250155007997967 0.0549323171688969 0.247256295916719 -0.384568037820448
0.14653512590551 0.0732043756677138 0.0591186366432805 0.166785054841674 -0.232811581233483 0.0139173627465118 -0.0758436553077251 -0.257381175691164 -0.262254000778468 -0.00014684987747865
0.0283292390307982 -0.0699623997514084 -0.185137851982305 0.211149820476395 -0.173360553877889 0.216763215899728 -0.163979304691201 -0.40229518062705 -0.121994518992513 -0.073449991705855
0.0736644937934118 0.0468686664381294 0.215196131753067 -0.577682577775357 0.345023276370664 -0.0639637695226913 -0.0316188616096251 0.0356590916474618 0.222708524580585 -0.316145930923185
0.23614699106884 0.00228967055790017 0.0861356090230449 -0.653343475493449 0.338550611572436 -0.111345096694829 -0.0068117116149345 0.0691548065412105 0.163159217472475 -0.312948268641687
0.0391434998533852 0.0187207336575812 -0.0648930920179049 0.201590807217019 -0.11793104568296 0.044863761749128 -0.189541768802062 -0.252730124441397 -0.164990195048264 0.0509324071725912
0.228873161206224 0.0457677215276935 0.0341218164644 -0.642630269649907 0.297178734632566 -0.108645914625298 -0.0308458765442788 0.00398783003228052 0.185814680858383 -0.226230661592289
0.379209997431992 0.183762646408072 0.293752271788497 -0.480989101684721 0.182977653833934 -0.142846370054457 0.237568091867567 0.156420569240683 0.299238055525405 -0.275390768227736
0.0950427679701346 0.10458132456283 0.219546565649299 -0.469985736028806 0.205621108418554 -0.0748280214986157 0.062557253646537 -0.112140378958045 0.40024248776003 -0.0662923873355818
0.401609595336917 0.1662421011861 0.204388282263193 -0.484711862361333 0.238079289886341 -0.11779675080477 0.216355048202983 0.141278166946039 0.281916731080673 -0.193795857196433
0.253866814931491 0.0780225606121812 0.06704612808925 -0.708764096393108 0.279207148778858 -0.169996348573652 -0.0126929983502985 0.00181355620005919 0.185301415141093 -0.22637116939845
0.238589730418247 0.0780414881284986 0.0706721600093971 -0.718740710713926 0.272360851412841 -0.169216963716644 0.000874336891336464 0.0189091520761964 0.16853089456173 -0.250243203097099
0.0710135554459299 0.186968296766392 0.121575252652861 -0.448927809467363 0.0946134105466916 -0.0811774314437521 0.0467268048111373 -0.0985824749217702 0.46129071697533 -0.0386233415277728
0.156600449632003 0.129320592874943 0.0471314805757973 0.206273467918295 -0.151384740473628 0.128551921034614 -0.039901596925234 -0.213204075140726 -0.0705352607035972 0.24050553427658
0.143339096536208 0.140395737685934 0.0454551793732486 0.0605699330767828 -0.342363875663608 0.046713934367476 -0.29143473602214 -0.330325371690543 -0.193688673788535 0.23467560494004
0.152449692465852 0.0799681657749058 0.269526829973961 -0.336791884602017 0.111993320199253 -0.0285843795255288 -0.0774825677927916 -0.0985121228643661 0.330058043534271 -0.0893969457314645
0.136005656836927 -0.0346524016798979 0.0508859231534002 -0.618330313384465 0.336375177209347 -0.0954204871180936 -0.0524008476548548 -0.00478276978163395 0.21184495368086 -0.315388853961396
0.0507228381924506 0.054471031056464 0.0369304681888628 0.100675277976288 -0.394854204201683 0.118242699522284 -0.0705288164387217 -0.302910630834273 -0.139839415104516 0.155089952094844
0.343004918285455 0.173306011152455 0.32624890048134 -0.417206190025534 0.214056780824968 -0.0941409170877399 0.172936761964043 0.15287792506702 0.425248068326677 -0.054410786977233
0.119050282259278 0.124567161439687 -0.0268966084767659 0.0823103336660941 -0.350188914582731 0.080491713370113 -0.26622897311625 -0.3359782445666 -0.116227181880732 0.155181613922043
-0.0182482260237727 0.0183795191181648 -0.0988443703078355 0.187816915214638 -0.204208795220295 0.0153421798360338 -0.208695808406314 -0.296970749005789 -0.200936349415118 0.0750067925983591
0.196611637645452 0.172871637398461 0.148546575044314 -0.308332113107074 0.142978602594868 -0.0609450471376383 -0.00537872435868637 -0.107529624167203 0.171014094709371 -0.0610971479134838
-0.0471620611187587 0.0840937755748404 -0.0316228852061699 0.155895500227749 -0.156113703557018 0.0804121876341635 -0.115274380040149 -0.355317282392729 -0.12473392735136 -0.0282697271914559
0.166251383268539 0.0698538690373609 0.0395211659044982 -0.265795155055976 0.36278085027533 0.212603011563023 -0.088076956392549 0.225946216768729 0.509228939703948 -0.0551189483467953
0.191775382115915 0.176026460462351 0.148775349817029 -0.285324318712183 0.16781915150054 -0.0978365837582606 -0.00936101750967256 -0.137319666033896 0.155838976705526 -0.06345347693882
0.045946329428553 0.00260851438355389 0.0102917164866496 0.0947330868280021 -0.362989727672239 0.0387269066169414 -0.00620533286179689 -0.18021787875884 -0.153345445896206 0.154715244390093
0.0548158566630022 0.147749090979238 -0.0254009199426251 0.0641236678541151 -0.409646511859551 0.0492788164948959 -0.259166749117726 -0.310466697890286 -0.109779228402586 0.104728649896883
0.173951697564566 0.0696928461656602 -2.73015477171719e-05 -0.256131052514855 0.385993057872759 0.186952785286679 -0.0907852017052751 0.200579435134468 0.504277309980108 -0.0690113156101289
0.143130678661417 0.134342353241605 0.0115946878695655 0.0523833407048882 -0.337225648671775 0.0497213187155553 -0.283437440177325 -0.329869860765239 -0.168005870877243 0.195784389829081
0.233450442773954 0.118067934462224 0.133574284530601 -0.286037591952997 0.184537848175731 -0.0731792062204756 0.0348851452292227 -0.124007381068027 0.239813193039475 -0.0801440027463308
-0.0164480435311003 -0.0351107852333554 -0.239727390296725 0.298263679712825 -0.139707099422739 0.107765080087398 -0.2070493493433 -0.391507951707326 -0.128242956019563 -0.0302923361351714
0.19692973661389 0.179380392042304 0.122507958723579 -0.294079495408248 0.131633737811468 -0.0262433228921593 0.0475899971550503 -0.14514443495586 0.184779623634941 -0.0747904962525846
-0.0193254275290451 0.12832141363965 0.0496656342875338 0.163282656716621 -0.163802516697914 0.037306992760969 -0.116899319630747 -0.290942824487487 -0.0747525510006657 -0.010109926739143
-0.0219289805169177 -0.0164179325859046 -0.256273466414258 0.281331223846005 -0.158895743171068 0.15939835618691 -0.207310926711433 -0.405310711382383 -0.138089605264222 -0.0463267829729195
0.0497056856590049 0.164188738369463 0.049287783454891 0.151295757925171 -0.14740532106074 0.0462610192852287 -0.203416993744483 -0.358648229265522 -0.0912559661937457 0.0351900401174398
0.0825145922622962 0.163630072784762 -0.0129301312704392 0.0519397443966584 -0.380497219091365 0.0297648796352688 -0.242127559868206 -0.332216603854437 -0.139284484688225 0.135852305122487
-0.115071319229885 0.0655262282388257 0.0037501068872602 0.187443514003584 -0.291203210801768 -0.0264006013907751 -0.156632286409697 -0.221321691690768 -0.16720382749074 -0.0617965217471478
0.220898626275327 0.106747440092699 0.165236073220853 -0.273281573894905 0.152005713729458 -0.0728829880835786 0.0561765766949289 -0.137170536976212 0.23220402287118 -0.0857476948201743
0.067982230921903 0.0132758403924 0.0222431977877658 0.201773569565648 -0.338044596136209 0.068382780550023 -0.0824120397897496 -0.209496158910972 -0.102442807472577 0.185285976873847
-0.0250190054147313 0.109188083657381 0.0903142992495773 0.145445918301635 -0.171087927537656 -0.0426251206584332 -0.175317972275321 -0.394900666147681 -0.10179054392707 0.0626237669365004
-0.00129324200128716 0.0572552542037552 0.0113048865742089 0.148516814644227 -0.35824336106106 0.027978492811689 -0.0677394661834209 -0.243411095752555 -0.159833254734359 0.156183927551786
-0.0536204715411111 0.115113656353226 0.039155836626964 0.13370954285335 -0.197572258464872 -0.0354542958605576 -0.135603316667346 -0.287791278837292 -0.111320011364057 0.0363049720995113
0.375710549245994 0.173098828114955 0.262801948963184 -0.408660926328742 0.235231598538866 -0.142953216207525 0.109883504921229 0.0561233143103663 0.398118834417706 -0.130227935406358
0.26370211050248 0.135468874128596 0.111330345409031 -0.286491455917782 0.0951987390768938 -0.0462942055918858 0.0618011028789781 -0.106268955201766 0.191256242896219 -0.121113092641107
0.0488667828094848 0.166495566901246 0.0261725517866599 0.265721165153301 -0.11819936180854 -0.0148064794946525 -0.104333483887591 -0.257683911088502 -0.163348384024433 0.114659712744815
0.00064570885764245 0.0896680870838949 -0.0293091528218558 0.158839319231533 -0.207296522315115 0.047214093081651 -0.0859552732396412 -0.354252982156314 -0.208279402481396 0.0198905295090756
-0.0217758354425864 0.11085725706816 -0.0311798462246586 0.167028895850929 -0.202452251458423 0.0182699313433716 -0.0609333713104054 -0.321162975750124 -0.187397812181316 0.0884344074576616
0.156093091000033 0.153495595084701 0.0451419337882615 0.253096612648068 -0.152889396297148 0.190959275868514 -0.0849093184016015 -0.260438305647218 -0.146482671616557 0.0733204356835746
0.0469498204292693 0.0283029702428801 -0.0519921369459045 0.0488454922807389 -0.283787595004292 0.161345333397083 -0.0341138370094446 -0.196858742182617 -0.25191522696939 0.1271872322901
0.0564486104237596 0.175811005757483 0.0395681792100963 0.210745859472304 -0.137810478348248 -0.0634843789083081 -0.0954758543049379 -0.250838467478087 -0.103314074282029 0.0777729336773627
-0.0561436007381544 0.143409669504432 0.0872096244779184 0.179560759908871 -0.147667857290564 -0.0305904373068565 -0.171772771310478 -0.373801878698178 -0.0721017380429712 0.0514024747262617
0.0334029758973768 0.159554060015226 0.0208974693710921 0.260840809026397 -0.087554987755515 -0.0611057747985328 -0.115886138259072 -0.31104146320156 -0.103333183517872 0.101369854496538
0.366726945849972 0.201638488487997 0.245072820486344 -0.448849982658516 0.170823541495077 -0.163558931114169 0.0673517160387191 0.0467469937427694 0.396765497247758 -0.135272587555153
0.0308745559018002 0.0359929475280718 0.0194278012794604 0.144762260041611 -0.330229515790485 0.0679750536507741 -0.0150421649810837 -0.250212308643494 -0.134824024815545 0.174394112105926
0.1735274158338 0.117037382407053 0.0528517914523784 0.217002463681564 -0.163718787117036 0.112905998969321 -0.0627146666379599 -0.231665893164906 -0.0788312036451369 0.234267378545812
0.189348083703548 -0.00821560381952 0.0305052777856806 0.139108971771995 -0.433945506465282 0.0366859718170446 -0.0942295870667455 -0.287424592724357 -0.144480736412568 0.142304550965723
-0.0846338766768402 -0.0314768460655411 -0.204483184448289 0.197972049481472 -0.222668008261594 0.137279741854734 -0.222618535496015 -0.333069292364427 -0.18380119809694 -0.010088895123538
0.0346998631914187 -0.0315624368100972 -0.117005437944728 0.195630178441285 -0.267580337311358 0.221707933218969 -0.237370147953165 -0.33614083358064 -0.188480661765095 -0.125161662125609
-0.00937966596900152 -0.0247210199397629 -0.106116162188682 0.242685604987081 -0.171736961299423 0.184470211727591 -0.171576467312529 -0.453309916427396 -0.121047957053053 -0.0682322084085975
0.442629459481664 0.216927236341762 0.23183889783562 -0.509914406203785 0.189574205873974 -0.0965326243341833 0.224019090503313 0.0771947393974969 0.279600531780493 -0.225393914023146
0.408355356280985 0.163270486594959 0.281134827446808 -0.503967565279827 0.17891956891934 -0.220703117958169 0.0728442547816052 -0.00268547001167864 0.101543989754986 -0.169369659914468
0.443831032698676 0.156522905596711 0.268950052484851 -0.552986102601566 0.190324485628708 -0.154696799107613 0.278562076638635 0.167307427052902 0.29964915137516 -0.237522783965217
-0.0588020553514073 -0.0564102261969969 -0.317220333219664 0.376929067216725 -0.30434117592818 0.19276661990895 -0.132102837395552 -0.276290036397332 -0.159011540140972 -0.0903743359232975
0.198307539370814 0.0268952217176635 0.0964656314481843 -0.619786082379516 0.340577507330693 -0.0441609555870736 0.035125749408884 -0.000419253960559415 0.156561399343934 -0.238362269467568
0.204784064960964 0.0559463255483317 0.0350731970961253 0.185766953478839 -0.0975497663366798 0.119052851322214 0.03537112922474 -0.223198374788679 -0.135533747056289 0.222619586818469
0.0136995651639199 0.0876899926543073 0.11748081874524 -0.635517517153852 0.285848345166264 -0.146329621049537 -0.197549300004285 0.0423237276384078 0.212893368912556 -0.203564911869488
0.310735285498817 0.211845314121261 0.313676379358454 -0.442606502901677 0.174132447743373 -0.110449938303918 0.218826328088366 0.234584347321101 0.324440689984209 -0.197314421210943
-0.0150074959041259 -0.0587736952347232 -0.133532180208784 0.182255728049983 -0.246396261331804 0.200471360605498 -0.210160792330499 -0.412001631371761 -0.209641797487384 -0.0637472056602665
-0.0200859260656332 -0.0153769333461033 -0.153547662091395 0.187485975691492 -0.234851518890637 0.250757275495538 -0.265733739900792 -0.426144996902385 -0.198367160365959 -0.0705849957739717
0.309323232744574 0.193876497557062 0.322062104710021 -0.439564664882354 0.16894607418647 -0.0960773536375785 0.232403220105575 0.222116895141362 0.30493340790841 -0.176575200672019
0.19264909261038 0.0675682562323739 0.0546986282769228 -0.696832734388684 0.318492474475289 -0.160166455010053 -0.0238742694474284 -0.00962207418601676 0.149688836259235 -0.263621834183719
0.373679515811493 0.139526925848183 0.204499448366809 -0.459606616648163 0.246273792424755 -0.138988308219668 0.13121676769542 0.145113513450703 0.301770752003346 -0.164462810844924
0.115459055698226 0.104033343015211 0.15134635036821 -0.395440482870717 0.160110499318961 -0.0938936542767283 0.0802282898212107 -0.0774563378810618 0.3919477324495 -0.0288905004125275
0.507596341333714 -0.0633368065657168 0.25459226449231 -0.419428981941696 0.251413494426514 -0.236624739174135 0.0282305280634007 0.103647764510085 0.295305938914082 -0.0844222749151537
0.387516227648478 -0.0945739558504152 0.314490246068502 -0.46532113350138 0.252250852116079 -0.24682402232597 -0.0649228735913562 0.119233797232531 0.232750382954283 -0.106431123480387
0.495228656812582 0.00608582341168345 0.294065828606982 -0.413301759172961 0.246351654191898 -0.243473556574835 0.0154271633685973 0.0665928097882613 0.222617234084012 -0.110926833525758
0.423409975276605 0.194124031002449 0.228461124957754 -0.511814951877927 0.151178702916771 -0.208527118057041 0.12936892208001 -0.0542434410818516 0.099905172893142 -0.193813617497432
-0.0867796029420083 -0.0637638507865953 -0.204872072365975 0.193671063435019 -0.281561851337215 0.105774034877195 -0.204193710479335 -0.360350267353336 -0.173414687672966 -0.0354966947176588
0.321772815514257 0.18802845006113 0.255039625799216 -0.416067739645316 0.176515152567405 -0.197276461751247 0.125814755421585 0.084261079228245 0.364338373898742 -0.0866881057275213
0.0951965418836572 0.127200565384592 0.0112194824726207 0.148286667727335 -0.260425602913775 0.0585932676990612 -0.157606787727646 -0.158334530554787 -0.137125898018575 0.0813042622558278
0.374180627524608 0.0961266354374324 0.278502053146652 -0.429085814739633 0.216725890890254 -0.109934083201293 0.270694462055967 0.10855086059163 0.318807588096585 -0.188285087837887
0.290722527359838 0.172997598318158 0.223714564072797 -0.396300003975419 0.130601823260834 -0.254922573331568 0.152389034148203 0.111206519090282 0.360802993810782 -0.118135590897086
-0.0393057527993287 0.136989962633174 0.137293024000825 -0.649320068357519 0.339677191579445 -0.0393659359762127 -0.0402372047046598 0.0572705103391902 0.254666046059514 -0.383928420993026
0.0951965418836572 0.127200565384592 0.0112194824726207 0.148286667727335 -0.260425602913775 0.0585932676990612 -0.157606787727646 -0.158334530554787 -0.137125898018575 0.0813042622558278
0.217605443652286 0.0783915213595678 0.166203266679718 -0.267033374863554 0.137441759199207 -0.0320499579164931 -0.02499358925839 -0.10382331609682 0.322407582209275 -0.102147240419939
0.095267835353246 0.0169511332292194 0.204361814459125 -0.595534347789602 0.342412919891954 -0.0663155759317075 -0.0568194218680527 0.0353934797012894 0.252760780099196 -0.292421329014999
-0.0825483362808636 0.0342998242496908 -0.301791623768816 0.218551866144187 -0.2110291554781 0.157366462761091 -0.188901033257895 -0.428151854446402 -0.18380328043027 -0.0458604499799917
0.0221906997668934 0.0984961171171854 0.113112662401807 -0.641558826812566 0.290414144333027 -0.0831613974204655 -0.0774615588876064 -0.0228109952026917 0.214111508099234 -0.324720948190735
-0.0656939864817632 0.133659786767932 0.123350581932322 -0.592430957142653 0.336969489023397 -0.0767552285457574 -0.239702964445535 0.0118422199572133 0.258642162052757 -0.327380882123676
0.0749787985117387 0.164202156395311 0.176769897397116 -0.309060246788869 0.111552806997553 -0.118088191795656 0.0519312071058891 -0.178157626866064 0.373725998830209 -0.144286991060395
0.12981077275584 -0.0428958052785231 -0.137126273327987 -0.368472130239849 0.274955393271543 -0.00975488986377377 -0.0403689371713829 -0.00398480151042214 0.445504048081296 -0.0466991200288417
0.0366178768078391 0.184007159509809 0.141768772995408 -0.536792179405597 0.340621622949075 -0.145828347658099 -0.0448095739782736 -0.0252745108725994 0.203965708068201 -0.312156555818425
0.16481973426572 0.13833614276221 0.00327429522035205 0.116988614708054 -0.213903111713573 0.0644582585668647 -0.14313445391466 -0.306766271532489 -0.0568497393275716 0.122468777245046
0.000370489330214517 0.107271285508867 0.174044125679506 -0.606666315795224 0.262726801909445 -0.0790700380166196 -0.290109958667667 0.011580016294721 0.205752983590488 -0.420847783926987
0.122796138385647 -0.0456906424496742 -0.0969434275796035 -0.360817644806829 0.271977409413567 0.0253187455030142 -0.0255936905698933 -0.0203864253893921 0.429610512735272 -0.0415448254628933
0.0739814900233398 0.161756611478232 0.0639762906310455 0.0831873407754904 -0.272024766009785 0.0654379403941356 -0.304785945059955 -0.350583169980271 -0.125783853697538 0.194596023950035
0.159073546926048 -0.0596579110064625 -0.0487969343436927 -0.415890786371291 0.2859830555606 0.0171276849807944 -0.0674925348233315 0.0318512871506636 0.409153699907945 -0.0359528173572677
-0.104912338672767 0.0596639053110163 -0.127177970360396 0.0859389209307876 -0.248719169151392 0.0981795523513431 -0.206407352761274 -0.291286028822783 -0.170113796359816 0.0392214632462974
0.190769394273001 0.161770848645961 -0.014189000663959 0.148513555056212 -0.182097481299446 0.0915035082327733 -0.17659525309079 -0.211322204514164 -0.0919985406700111 0.138546802076312
0.339563417794027 0.206377641287106 0.235160415463673 -0.382382294013802 0.205927915278676 -0.182280706415442 0.101598723661768 0.161866150007338 0.366433567613007 -0.153624130543871
-0.112585991841533 0.0486005807006209 -0.104932866993537 0.0609439560591316 -0.229801956867705 0.119597578049838 -0.185088208578241 -0.248092907291098 -0.14477613617423 0.0234467946204171
0.329801097037523 0.138911188961836 0.243509666441515 -0.418849126750922 0.205971619575056 -0.156969412640598 0.200221925457712 0.15531910707058 0.298588892292368 -0.185748125233351
0.0467019456253231 0.00328765540077575 0.0779862685048098 0.165177926746365 -0.397164320340883 0.0477331363501267 -0.0560977381154083 -0.249589545976174 -0.130717048332725 0.152923815588918
0.136471899686222 0.134421920878118 0.0199934163476054 0.068566356933375 -0.35475737496503 0.0565654728660953 -0.280897079975524 -0.343571855527263 -0.166330714734249 0.205113488726201
0.0812025144363347 0.04666551297495 0.0332844378543442 0.105029728937314 -0.294053853640599 0.0618570883467 -0.00939752958801757 -0.295997183437237 -0.119425090403123 0.139103656741998
0.41069451196825 0.0998882439742526 0.205871044947066 -0.497335091899338 0.106751437435027 -0.0852555573383348 0.170091828357705 0.0288559144509617 0.300884409404707 -0.149921007854465
0.0555604495478937 0.145711645598483 0.0463248279783745 0.304531390907891 -0.164226942650414 -0.0284296620865833 -0.11766842449695 -0.269923537164172 -0.0649012127202052 0.0850131942969482
-0.00630293613714793 0.185299960184375 0.00929334412412865 0.114193842453771 -0.169974564516681 0.0157522852656832 -0.192223247809096 -0.322916346525811 -0.119519005795936 0.0449670650401071
0.409626087746143 0.159073051651769 0.248134445078336 -0.448256120087178 0.184042481844965 -0.11424983358842 0.0912673842176967 0.0887483863012679 0.382102788440686 -0.128000812681898
0.19646442926588 0.0486190773189692 0.0658808878330472 -0.241989601641856 0.355627505752385 0.217471303802513 -0.0990679909132117 0.187750493930451 0.48485723732542 -0.0395346699768572
0.157717457118766 0.0170099724529649 -0.0612989003249707 -0.397407544798197 0.28975346279335 0.188134191773849 -0.0580422075766599 0.179851218028185 0.410297014657871 -0.068010889428253
0.166108705842586 0.157317208814353 0.261225656471204 -0.366843522011392 0.100242574761589 -0.110895273756199 -0.0882185273505062 -0.112123607631231 0.314271581002398 -0.0544821100766351
0.0261582757573636 0.0799445219466563 0.150104188254772 -0.606061181347346 0.219254558802916 -0.00559850009169283 -0.184996646779133 -0.0199629779874749 0.205401827406088 -0.355475841573067
-0.131627631050436 0.0513258777199097 -0.0313689320963136 0.170666445545395 -0.259756578275956 -0.0371347629751309 -0.178514535072403 -0.222057130489941 -0.198154288848885 -0.0179673247340671
0.131425785423843 0.0767378158473248 -0.0346302210705197 0.0784102840536265 -0.344251503645943 0.0798781687774199 -0.280043732587073 -0.338155108738047 -0.177847460734039 0.176173405367971
-0.00300587125159332 0.142528402092976 0.0176667665069156 0.147783759126425 -0.14791123027681 0.0294027830307081 -0.171302527260451 -0.313753162826389 -0.116496096926637 0.0316770561361355
-0.0271616515401345 -0.00713642752985235 -0.222718429498376 0.294564263245567 -0.172284846110341 0.182508707393216 -0.227212518582117 -0.414165681609814 -0.151516331476792 -0.035813364184028
0.0623970620156574 0.040404405831723 0.0471485605384321 0.182491472283498 -0.33163700380914 0.0415686649627627 -0.0610800388217286 -0.257691813945602 -0.085707789417674 0.168892416633979
0.0499993960108663 0.000767256550145562 0.0111626291543786 0.0465470262776061 -0.212404532512375 -0.0965034876026119 -0.220225899557407 -0.315221880097165 -0.205785074453736 -0.0254593903571955
0.337158409878704 0.228132799741174 0.196189682461782 -0.511067004837947 0.159619203063085 -0.180378856966564 0.229691874153081 0.222365200535197 0.226199277493999 -0.235707109682582
-0.0253127933552931 -0.0321231387018228 -0.152841919867526 0.206633153861573 -0.219443545946353 0.259657151318523 -0.251247309240195 -0.438471641945507 -0.214198188898738 -0.0732679667367477
0.37875814932204 -0.159903834160017 0.211023603832036 -0.463609832866182 0.196474816951144 -0.283900124405616 0.0453147696493549 0.0567831023653498 0.33426984759435 -0.102410465558774
0.208599558429987 0.0283709027634126 0.0537257398967101 0.164507361407377 -0.105401348329729 0.119366681987471 0.0596716884569996 -0.20726710258375 -0.141670457202431 0.214919727254022
0.342041662134454 0.168592033206903 0.277670274186867 -0.365627288139202 0.193009213309437 -0.123946594504552 0.131333084396805 0.191796855073825 0.268419300192212 -0.177018583688605
0.214529340897728 0.0436610957267952 0.0798282396333016 -0.63248223043531 0.302245619512137 -0.123943670350168 -0.0440792204957206 -0.028850777393302 0.238599377583768 -0.219607995676997
0.0218938062655086 -0.0710845865258259 -0.25153791671969 0.232738036223221 -0.283145273557459 0.105397514407346 -0.224006218380778 -0.367767555307881 -0.113772326205036 -0.0403569153376551
-0.075638795222222 0.0717865098295054 0.0581840849004138 0.114083872269522 -0.214343355388112 -0.0343898910343678 -0.190641817728444 -0.336547628361844 -0.207559460069983 0.0150578195781272
-0.0494543602808029 -0.0264622159336222 -0.323583170170817 0.380053374816119 -0.283669999878617 0.185064542948802 -0.149617909344659 -0.287177369583401 -0.14751250371062 -0.137266331627991
0.230143271615691 0.0293822759372822 0.0547018150323613 -0.643562834672172 0.314147896571911 -0.0985921153956378 -0.0632646597283523 -0.0302974152074652 0.243279176604605 -0.209124796316607
0.03283972558492 -0.0236832496037295 -0.298232176042129 0.27587512706094 -0.195096841997561 0.11397155835285 -0.156408782482653 -0.39015180015397 -0.151116921615014 -0.120296602222264
0.000412949360166327 0.109108156662025 0.0934528499070342 -0.634390942642842 0.279816004352357 -0.203002569726906 -0.0693050827900745 0.00950028889312731 0.234224992892496 -0.25545426376513
0.175305808188393 0.0945806079830571 0.00141887647445911 0.206560811735833 -0.198977663117714 0.0824738029864801 -0.200865202240586 -0.308792844755392 -0.0784866048555148 0.189087584409427
-0.0558373668023338 -0.0162509961620147 0.0103151833317509 0.0719815904726901 -0.287447699184492 -0.0147300823014738 -0.220777008465574 -0.269919589260922 -0.193747985854489 -0.0304635622773501
0.207353315950606 0.0886510968267636 0.00764381297825671 -0.748322461720377 0.410177877984043 -0.151635776828856 0.10300813492082 0.0245281553658293 0.201937471359207 -0.282013063135559
-0.0297059779679197 -0.0544637120101536 -0.287493865909983 0.36407793495916 -0.280145706536925 0.173112540041329 -0.144372125266469 -0.315254526593158 -0.154259805436259 -0.15472599875099
0.165421927887497 0.0452358648492827 0.0402106471000111 -0.615987703048855 0.284473068339305 -0.146834163575673 -0.0411285903904328 0.0212653271072339 0.255087604347384 -0.192688160973195
0.0885543078815883 0.12893234425616 -0.00391252549440268 0.120575444935153 -0.242530926916693 0.0255671474746626 -0.0450321094630037 -0.219306266803619 -0.212079040619703 0.0965614660248615
0.406111720295247 0.157057598703275 0.205876697997141 -0.454645753612501 0.133459681930016 -0.20514754649196 0.120417489130952 -0.0301308361147925 0.151367006488804 -0.211160442141432
0.382143622663004 0.0568713302317713 0.189565258051653 -0.447287587905406 0.236195232198103 -0.0655293897086923 0.211948093391105 0.215193734822058 0.293734449355051 -0.02667416151258
0.343898427469815 0.159578059559475 0.230761622768874 -0.525653093095772 0.21264215889285 -0.134206243984781 0.252906156515761 0.127724483650741 0.263470970988808 -0.237990656939652
0.0743100449779234 0.186314225749607 0.153945080859174 -0.431294435735771 0.150430387663571 -0.0795519162461896 0.0558795739355521 -0.056021536020154 0.411302433583546 -0.0691832510215184
0.389221658478639 -0.164710415544098 0.223317119203563 -0.465511342698116 0.219030570009036 -0.279971017187142 0.0393684885931388 0.0420192863041088 0.333147622541648 -0.107365628943431
0.110645027258828 0.152239759746643 0.144539976761353 -0.393164446539722 0.185982215158044 -0.068755713658531 0.129418860805028 -0.0522540045053082 0.36313946976079 0.0352224792513716
0.392405720925704 0.133520791020884 0.228310946859053 -0.445103412307031 0.166111926175448 -0.139157088682469 0.0785179739182505 0.0415753178895162 0.369440883764272 -0.174659818129973
-0.00523357619219504 0.166105834928064 0.222459949502168 0.201867160677635 -0.182532623000741 -0.0688972611715608 -0.102254407135008 -0.278883180252423 -0.174458112343611 0.0214671490764206
-0.0154055971933309 0.0502222640528261 -0.0969202691406139 0.19562075137454 -0.198939243265286 -0.00682196418899949 -0.240800849185924 -0.295423248327614 -0.20003078728275 0.0621599858267907
0.0398971494284912 0.057909768359371 0.0650674009767247 0.168942791532127 -0.317504583714433 0.0616209679200218 -0.0831899219778566 -0.266652775434772 -0.0837929024450941 0.166327386345384
-0.0978554815605961 0.0292404212329364 -0.00667959269002907 0.200687246297264 -0.266669980295926 -0.040418510412152 -0.168669602671482 -0.220598461169099 -0.159545232961582 -0.0089650165061092
0.106701141279199 0.151166170546252 0.164224088744602 -0.420717610256 0.176904951881099 -0.0996864250859946 0.132382134322093 -0.0562157102101607 0.370139316570481 0.0186600176959772
-0.0590046861889645 0.200485754485504 -0.0214688594723158 0.160746210535864 -0.180228630442767 0.0412043277410767 -0.10213093481316 -0.318169996428872 -0.135258176932503 0.0442673422949322
