-0.066415970646729 0.321077952962253 -0.234923175950034 0.223129093630193 -0.451612021504471 0.332229904133395 -0.140372604093918 -0.021957768161355 -0.333816779109573 0.0749215376983751
0.0870404989770588 0.288912267965391 0.0186530028148685 0.225183346244768 -0.0557509293388221 0.26062196596642 0.26350533233616 -0.219820059358152 -0.0326444514918245 -0.0580907220455496
0.169561865959753 0.192474915032121 0.104402985675986 -0.107584810857163 -0.191519343040668 -0.0452696219651609 0.0889901905310354 -0.192128927847879 -0.283160662640779 -0.027628406846559
0.15574860130638 0.289717026698535 0.064952433906018 0.0966964524788509 -0.0590995260611051 0.228827281308345 0.282488644419681 -0.271907916327757 -0.0847732542682712 -0.0554688938662272
0.0976160429973095 0.163544286482002 -0.188739021018825 0.190593267377038 -0.469579591042726 0.456060392115574 -0.278496762954998 -0.141178798438965 -0.0152366957207558 0.0968626966772328
-0.183903836371358 0.324547275271917 0.0898567064197476 -0.0120085492452517 -0.125106682248117 0.0868186682428467 0.13880629085997 -0.207517094246993 -0.0691949801872185 -0.0820482255559741
0.0744100284524121 0.191388105357807 -0.246805666543096 0.333110567063782 -0.437170869135502 0.402837889876327 -0.31476559378953 -0.169900183943823 -0.0494552304077853 0.0385659088650962
0.125951098618197 0.204432329796982 -0.225890481607145 0.325618522944085 -0.465045306301875 0.404659406264946 -0.273534578120049 -0.150741956601232 0.0207403416734295 0.0396823899702313
-0.0856074501299779 0.265700315410435 -0.172619258725299 0.176419323811376 -0.441915952651178 0.356293726781952 -0.185130682220679 -0.049192228679067 -0.368298858562142 0.130231096586127
-0.124787977585362 0.278057437900099 -0.144695767238561 0.195047944445508 -0.438755582021 0.470382930994725 -0.168755763757987 0.0296087633836059 -0.423993911290302 0.170889826866299
-0.170606541549551 0.381954083246625 -0.127375751490634 -0.188748043798479 -0.088805576055279 0.169503730570856 0.113321662984646 -0.216203645478781 -0.171546675988966 0.0168806740289021
0.139197076736864 0.157968009880057 -0.325071389505197 0.00208659665996509 0.0429493956932403 0.260876638123703 -0.380474218892168 -0.548791243906102 0.0189445378554113 0.264251424928988
0.113112155024027 0.231914463076472 0.0957766621154508 -0.146979245702589 -0.202252817164523 0.0219064145105981 0.147678288587692 -0.16605509800695 -0.232855941500879 -0.0471384703015332
0.100373219229006 0.185101012908604 0.0990072187069967 -0.179900126248235 -0.210154524253487 -0.0157984087727511 0.0826323661670887 -0.156995272172348 -0.22432734035077 -0.0577134597378328
0.0954853870387969 0.357637347946518 0.0756171904544358 -0.09525592511501 -0.129448038419446 0.15846693731697 0.0673185431862419 -0.0393942509450582 0.107438491769097 0.0828063023243812
-0.173557583819716 0.367184208713186 0.0524666237949553 0.0251618548438535 -0.221791757881247 0.127839111121347 -0.0419906767150541 -0.0995955426527919 -0.0240706252850108 -0.0433028113660357
-0.105214406575664 0.293920648389993 -0.180537708318562 0.205509350126028 -0.441441568704392 0.466054764472071 -0.205118098446882 -0.00386102957306233 -0.374473871491036 0.191931029416096
0.133185609860697 0.13236838151768 -0.0670534795714713 0.0705951353726502 -0.0441377279469334 -0.0756874261073601 -0.0187161428059267 -0.100521606804915 -0.0581352837194876 -0.186671132165308
0.0964706295176516 0.177957665123814 -0.273966951969348 0.283311654208654 -0.448156204326625 0.40174463493451 -0.273994869179563 -0.205084336271286 -0.0104357576077177 0.0300282760762694
0.141046665166693 0.286078306764077 0.00843196392546693 0.190068546984721 -0.0688408183603471 0.174938982345998 0.212070314526113 -0.275673764425651 -0.0957392698665384 -0.0510064855047447
0.0221932911959262 0.276872599186154 0.0924616434662698 -0.0866355925774462 -0.0409892807086299 -0.021101988910071 0.0802324005494935 -0.0725929217529137 0.0344984811402887 0.0609171513594885
-0.146213276557683 0.338418225873336 -0.13841311545977 0.315142616974353 -0.340358256909729 0.354267409257951 -0.161774044633383 0.103590300222442 -0.265487180605834 0.117312224675214
0.0936099311030116 0.204312337815278 0.0206394061403734 -0.148152291616464 -0.0824717189847883 0.0247089487549476 0.0654063915737011 -0.148053285367703 -0.104501935596732 -0.0645775381687435
0.0757386870510511 0.216293765947148 0.0925510677935475 -0.165116326416826 -0.220547205507952 -0.0253915553467057 0.0686576986732809 -0.202803174415765 -0.234655663406708 -0.0373897343994554
0.164574014169718 0.161344088760428 -0.401994247955266 0.0390530990755456 -0.0882245728816678 0.252864163511775 -0.370938447281012 -0.444878893926448 -0.0405063591088622 0.176120648719732
-0.209304280527888 0.404250703783099 -0.144061060620149 -0.150254960084549 -0.0973568710148973 0.105494854438037 0.0671171309050037 -0.193786425041909 -0.118493540628389 0.095565473195933
-0.202591351999033 0.421548656088527 -0.153606918390988 -0.164443431419269 -0.115461353615858 0.076267370139349 0.0861928516331369 -0.158487455204038 -0.094460372758746 0.0720153501904946
-0.0429404242088371 0.32003640471119 0.013621917570834 -0.0536712393919305 -0.128509685544822 0.0528876486654636 0.0282842092603816 -0.0619933959462646 -0.00641860353648516 -0.0560990371430235
-0.196526205669654 0.160477619634266 -0.304480008058517 0.227449045392102 -0.294837475969462 0.346010727676035 -0.172343702425276 -0.113259764796283 -0.296661825321014 0.205441034251709
0.103791459117611 0.155256404310195 -0.224983094336428 0.195011701670913 -0.355776178326879 0.458886829047993 -0.257054858238385 -0.0983620255527906 -0.0967243906678756 0.0638878824942761
-0.184281083370008 0.214225551992035 -0.296313845544406 0.240899583834298 -0.287886095537341 0.405963450645891 -0.106552226709154 -0.0846911563212632 -0.320896337658723 0.217414703041923
0.119732433031791 0.220275771340534 0.191532025443857 -0.13211805926426 -0.197640144461779 0.0229451811811988 0.138188277192815 -0.123134109768087 -0.315434891912906 -0.056356003185435
0.0435511758549052 0.264730525856468 0.0237224292577033 0.178623869832716 -0.00766930054705267 0.239734594098473 0.267565611884977 -0.260193184792958 -0.0831463924399058 0.0185498364306353
0.120491659809108 0.206974055316717 -0.346519499219494 0.0358312692550185 0.0337646871388968 0.353399879556522 -0.318703261955789 -0.502971012119319 -0.0663227002111464 0.294222582221742
0.061374176370582 0.291466185561931 0.0803659852658536 -0.0626443115088426 -0.138186045441656 -0.147816335609495 -0.0618866474410176 -0.0988957091624344 -0.0738252016470764 -0.178909315225967
0.188977122423234 0.201645152252885 -0.39219653358817 0.174245142065936 -0.464104219655208 0.629959212956368 -0.294139282418876 -0.311288783361359 -0.09485259695747 -0.0566874173492236
0.0785017476742089 0.274237563405192 0.0476347074906556 0.164613555928314 -0.0631702838711645 0.216588284994058 0.248306048183639 -0.335297545573501 -0.0515760960654058 -0.047471582188726
0.151869604779641 0.225373040903876 0.197283594318756 -0.11429052805446 -0.205087372720464 0.0362080262350196 0.180710692831444 -0.114064270664244 -0.297131599394214 -0.0467893482945161
0.119670935591923 0.17852405663469 -0.208561714044963 0.273956600464333 -0.422561184133516 0.548655456136559 -0.311321416821255 -0.170569563512134 0.0222025883504037 0.124318955714758
-0.179959475751726 0.236831609212467 -0.276040745429194 0.253152142644707 -0.334204577495785 0.349116688957365 -0.0967098628786795 -0.13898020851707 -0.305111241195776 0.204396514517288
0.0831659070810324 0.208495316181258 -0.224316323028252 0.273174544615619 -0.507991920861919 0.491942084564681 -0.265473385024056 -0.162981090851196 -0.00713425783747967 0.036003490648453
-0.0674327832457589 0.262405432867618 -0.261464645619654 0.235725952641853 -0.501007020618691 0.350905965982745 -0.139382509661758 0.0150480674038095 -0.288924723352709 0.0497541263846065
-0.074751541818959 0.325191450126157 0.0356344948502992 0.0344210626446261 -0.133034818370474 -0.00759652330544235 -0.0386875947492191 -0.142102084730379 -0.0670812045012104 -0.0865251335790501
0.147321822075463 0.161558535801038 -0.441896630525433 0.0519122152379889 0.0159950808116195 0.253923091026972 -0.382355601373335 -0.351807890283458 -0.0627818743986655 0.208552720812137
-0.0435783988928904 0.316491062956773 -0.181193858817957 0.250743469950048 -0.325499969822052 0.349700497998364 -0.20939542274291 -0.0385469762704076 -0.308331847592456 0.0517633961907907
0.0925872959008289 0.170196229867331 -0.168273100761922 0.203797824720058 -0.479666573581259 0.448019834574947 -0.268406202351368 -0.162227304852923 -0.0184171521552142 0.109741817171723
-0.0189026248293431 0.284951124973655 -0.17872801600482 0.241540790147423 -0.42193477929539 0.407668129344429 -0.200075990088774 -0.0274312481171834 -0.288557261905321 0.0933637432292672
-0.132678408244658 0.354129746767127 0.0835966856255438 0.0164359512798276 -0.0964061471314841 0.00819640442604958 -0.0183250349584312 -0.108971491550896 -0.087697641114289 -0.0378023127186748
-0.153484785362937 0.382947138387065 0.0744099313191398 -0.0634517070545374 -0.0756997175414438 0.0859204792351124 0.0778933476201897 -0.160784913413843 -0.0997285651081808 -0.0150051792598872
-0.153923061090403 0.311883271596952 0.115296161268706 -0.0396672684843231 -0.0795025922449593 0.0705081213466364 0.0539641602304495 -0.147292097202257 -0.134898834726665 -0.0447356539340882
0.0885080614839455 0.21619964454286 -0.249313067531334 0.357372022173513 -0.431056342356069 0.420928699172565 -0.281609924711568 -0.166550784988245 -0.0216031049629149 0.0312987797778657
0.0981998269206331 0.301156485451959 0.0547669151576473 -0.0557024376712541 -0.152906750695339 -0.0775512088540861 -0.0983106209008275 -0.149286955918603 -0.09950002210686 -0.188671666859574
0.0753092740315978 0.263273947162539 0.141252762604802 0.212995321784575 -0.0429333644463473 0.21815021581069 0.243418878517794 -0.21686113922851 -0.0236225224720265 0.0133577315575579
0.116311929129537 0.206426578565549 -0.35657216522267 0.017552309295802 0.0147965036101191 0.326459691583349 -0.333698979776632 -0.482075361968246 -0.0682092070164988 0.293205773237627
-0.0674327832457589 0.262405432867618 -0.261464645619654 0.235725952641853 -0.501007020618691 0.350905965982745 -0.139382509661758 0.0150480674038095 -0.288924723352709 0.0497541263846065
0.0969778672511181 0.275626541270183 0.11670601357493 0.211501075778443 -0.0358653246224559 0.240780489464249 0.270281425788661 -0.217468527696339 -0.00697448106597283 -0.0221770801185438
0.118072215713783 0.247208215338781 0.188604486226847 -0.0914719681669549 -0.237806428573516 0.00425620174876389 0.1474772157874 -0.126784705376267 -0.312982159903904 -0.0319688394334247
0.137153140189524 0.17510528863182 -0.163223056364355 0.179573267822795 -0.462170378309133 0.409762740818489 -0.351711355783061 -0.171186289086084 -0.0186707952643052 0.0721722217902744
0.0831758272953928 0.354939391386252 0.0469871660335185 0.194560492913542 -0.116757970428993 0.233850076906524 0.268509412240156 -0.221873238165314 -0.041122385121221 -0.0496059841927798
0.108292391914289 0.200347281467779 -0.378492710134595 -0.0361637187263512 0.0424692683955061 0.296950985595489 -0.283413058916815 -0.458340823537147 -0.0567911196164247 0.290757785230105
-0.0599073163662795 0.359373905240777 0.0498212950664433 -0.0734545405345683 -0.130288829968582 0.0501006898373039 0.0644381998878796 -0.0458536015390002 -0.0587186041679811 -0.0276789033844903
-0.0998977672511107 0.366148964935976 0.082361905495014 0.0125289287003842 -0.0987978131009039 0.0150122849334376 -0.00572347727781151 -0.101708921264037 -0.0878544213892379 -0.0428240738340068
0.0688616232004303 0.270916410815676 0.0873053116949421 0.0599155841921287 -0.0854982424424354 -0.123384867440346 0.0505221412330358 -0.152231683118171 -0.0731886813948009 -0.20830053488134
-0.179446737575318 0.3218868598404 0.115624738809719 -0.0600621924558273 -0.0904697205331816 0.103967852424562 0.140227825223219 -0.19244687203915 -0.0580430696118362 -0.0435437798906056
0.174671958076479 0.199478621422367 -0.409941651256291 -0.0314054311079802 -0.0649911989508061 0.274002507219684 -0.354209231005744 -0.503291401949444 0.0148382548040798 0.227969846972406
0.200721498623548 0.133768285332812 0.07476529587799 -0.0126401914114043 -0.124204530925795 -0.263325289559803 -0.154759772262569 -0.220572263027792 0.00204516120806558 -0.196900949524667
-0.0971082340825275 0.368395174687144 0.0432024181174646 -0.00876870553862493 -0.127729701153372 -0.000927974951916224 -0.048281414082855 -0.0864044808256367 -0.0253847960685988 -0.0472612761362233
0.110646271194813 0.180043649181155 -0.239196181511454 0.300058634317827 -0.456527538423178 0.439614447515958 -0.255739630861866 -0.1500119973989 -0.022292518430901 -0.00179755304375643
0.0982138811248992 0.220195453392218 -0.254057549963825 0.337099788976887 -0.446620024906167 0.390133598055016 -0.271761566701427 -0.10201053626132 0.0543145436287593 0.00264751334375833
-0.178660310114551 0.325694833651757 0.0771514869265423 0.0118186188867929 -0.098191152435773 0.0740805552143572 0.158709418085479 -0.209360503703642 -0.101202473905326 -0.065649182693099
0.0661142476407316 0.322715114197743 0.0364983507271335 -0.0486290015202955 -0.12460416673765 -0.136620078402097 -0.00999877423199699 -0.13736994036556 -0.0813234573968202 -0.179198774981726
0.0838177940756199 0.273582292808687 0.0669193603961017 0.162429284097678 -0.0428204840020495 0.227269630140086 0.247340949606978 -0.342346044911904 -0.0565869063134702 -0.0458767523584559
-0.0667888721072083 0.34680252756815 0.055731751826514 -0.101529205419712 -0.0780814329471134 0.0464588123616115 0.0965680225000391 -0.129059343965771 -0.128630056699758 0.0238517480431902
-0.0456783833677624 0.299627754394193 -0.253996076605829 0.22119997424461 -0.44587352585041 0.329197616289821 -0.122825548585393 -0.0333913743704763 -0.315094161306173 0.0665753329961499
0.0839171175121213 0.308948033362411 0.0663332214588394 -0.0339025287022545 -0.116565616339198 -0.141842110328277 -0.0125119193265292 -0.138761838917479 -0.059167600605099 -0.18788985504298
0.117295473551454 0.233246074506981 0.188655909450115 -0.179502620232045 -0.16849652852204 -0.0439939307207682 0.108758565139278 -0.159353114421206 -0.317996974184195 -0.0114446199590232
0.0740645157040273 0.332194592297064 0.0554635210197807 0.206760375006393 -0.0923950656647191 0.227353852294323 0.222651494825498 -0.192073295959706 -0.0640411737351472 -0.0433201922315869
0.0981391749044367 0.299564181070334 0.0544871727316283 -0.0613359526284897 -0.150177659951387 -0.0854864636551451 -0.0807818932515925 -0.144996342102043 -0.0942263080742921 -0.184988726429841
0.125614107062487 0.220372776870855 -0.355458327130067 0.00354187756072898 0.019432334849441 0.321465747566942 -0.337826144796206 -0.491675992749398 -0.0737214658191282 0.29830122868145
0.0999984388186293 0.193983896678079 -0.382886720037453 -0.00139900912212058 0.0390040973375266 0.29606240079048 -0.296480910101616 -0.451415202239961 -0.0708713541142534 0.292653717206794
0.0649643819921178 0.2295084389377 0.0625818593835966 0.0442117232365637 -0.13642692075516 -0.0698619046226431 0.0524580263870319 -0.0965909829654039 -0.0905972260210109 -0.223843701701596
0.191862470869815 0.203996210032299 0.132400982825503 -0.0858749137185021 -0.195498844879679 -3.98756918660696e-05 0.0883089790917089 -0.166637987163704 -0.238806051937842 -0.0376802581920728
0.0728374803391331 0.260284668121923 0.0270401416867143 0.054264453289638 -0.132412908291992 -0.123255813995312 0.0494284001338802 -0.0851674923881107 -0.0817958658034962 -0.220550277077572
0.0914383669228658 0.367792822852716 0.226172268305473 0.109971940921857 -0.100624731207179 0.101895528223111 0.146044432715948 -0.289138093065285 -0.0101635782267564 -0.0892359274286313
0.0966941094871759 0.200844105004473 -0.189972234428806 0.190313966363799 -0.458529670322908 0.448898141629625 -0.304855067990511 -0.145723633945518 -0.0174748047947978 0.0982254074375424
-0.104813433446174 0.357821422596556 0.10185968391915 0.0175517893272103 -0.110610602654501 0.0115323001458594 -0.0299733781037037 -0.120514401927836 -0.0852271259438813 -0.0441758775934119
0.111636185211599 0.231011951088452 0.055798868246689 -0.0697407628284479 -0.239409065889404 0.0264628466121414 0.117294424325721 -0.174950867816313 -0.303876842903938 -0.0858669447043075
0.109611732442435 0.263446484001725 0.0602087636258292 -0.0713151128493822 -0.138884904732927 -0.0881610093959718 -0.0644994856360152 -0.163325292070633 -0.0728757819669828 -0.187994636841064
0.118498556890731 0.224178136083429 0.12622136037516 -0.114371577881224 -0.167444216995535 0.0180889682883164 0.10345482347132 -0.186723233803689 -0.284555236205162 0.0062215054047801
0.0695798587463647 0.299943142569602 0.0716311308021826 -0.0517123160042281 -0.0885723680397301 -0.126450866494887 -0.0360302270957009 -0.0891167650486537 -0.107465443925857 -0.197972976296923
0.128811046747309 0.227313101239804 0.0593984922282063 -0.0831561970817523 -0.188525909207767 -0.00638901030032219 0.134161726945788 -0.15078195994303 -0.251319717131961 -0.0302334325166394
0.13182615683794 0.188554786018055 0.0636249785865744 -0.0881178857327041 -0.22589642374653 0.0305911588320521 0.127989506389292 -0.130099981172315 -0.271722416313951 -0.0732499375831874
0.080551051029908 0.306736544575422 0.0261070140021623 0.192722849465163 -0.0385626091122955 0.178971421089228 0.251850578598284 -0.330772826468197 -0.00231685614068655 -0.0668785661200622
0.093947688782216 0.195358991582332 -0.24282260570812 0.285013150662325 -0.500309204149611 0.490779800384114 -0.224748010135451 -0.148281380723946 -0.00938870803410554 0.0467636313793521
0.091881540543574 0.287493657311718 0.0108483524798344 0.230339757738574 -0.0321695762667778 0.26815441355063 0.287342828875143 -0.216774021336734 -0.0458075300659385 -0.0339997006953219
0.177151621591337 0.141256373813327 0.0824431973047695 0.00390418736521512 -0.0919205314829735 -0.248688985902236 -0.179803349564048 -0.219809059343206 0.0139180839007907 -0.208277773553006
0.0742685235828614 0.209714281313105 0.0244785013884787 0.0693543323888179 -0.110937187375452 -0.0972720956027001 0.0624491738849049 -0.117599215509137 -0.0996075484489762 -0.239249843525893
0.110035907823806 0.186651310869196 -0.257664823473599 0.364368935058915 -0.431909818041506 0.364492446761958 -0.260967404093498 -0.127986285896937 0.0277095802506773 0.0039714668077162
0.135734482496193 0.261135515714279 0.0374008703221763 0.0515932829789968 -0.127926817838297 -0.121846087465463 0.0448328820082911 -0.156268709803786 -0.104121712748182 -0.224050588709122
0.207372793032135 0.208432791222697 -0.448076716796163 0.127324269660871 -0.00110580461326636 0.281869863978172 -0.384082175376353 -0.440089439160313 -0.066986824746211 0.27490686803794
-0.202189825004264 0.409263421308046 -0.117114714729499 -0.182349436530759 -0.0958052123010985 0.0903703530434795 0.082333991077713 -0.225316895986049 -0.113890164840856 0.0451908459700487
0.0857568233058998 0.17341660827229 -0.280870614849153 0.281609728743144 -0.520353158316456 0.445133215368461 -0.24254440357802 -0.125123556028804 -0.0146449119731188 -0.0294699610348219
-0.0692329318146166 0.3614803265255 0.022601665660992 -0.0760777289802603 -0.155315751351298 0.0700380212339825 0.0274170835408492 -0.083689899815696 -0.0278322605834227 -0.0454936636216538
0.0733352251664317 0.329437035432295 0.0708675832388076 -0.039252176325347 -0.10499672693125 -0.122901826759797 -0.0109052995947789 -0.132669700820932 -0.0605923363328119 -0.189279259251907
0.100633601421609 0.118472479919323 -0.136778073930002 0.148946146712291 -0.491699857429066 0.427823207540766 -0.327030496411493 -0.101722856723363 -0.0370994667279688 0.0455102938567922
0.165324210313446 0.143932040100935 -0.451371863980216 0.0545012008598954 0.0173268639227853 0.263063108204394 -0.362867729736955 -0.338440672044096 -0.0838723226189006 0.198543641421269
0.185928414150164 0.164981270553758 -0.427915553704436 0.0806366373754376 0.0285556688838035 0.28780927802844 -0.355618418483455 -0.356050034445014 -0.00689798772835423 0.202201827577182
0.0936233851740837 0.20614143794814 -0.34736175235418 -0.00607674273134646 0.0355308362661099 0.302743581219602 -0.34126758763851 -0.459098760943523 -0.0686812230371522 0.294291975361248
0.174600554303737 0.206528018388781 0.119892819238567 -0.0908555672476005 -0.155602243677172 -0.00237481718124462 0.135257498865342 -0.17182526364563 -0.240259147694368 -0.0806285998709652
0.0363917956057082 0.269568884909571 0.0810362788391245 -0.0487135119052771 -0.104080598360651 -0.0823654971519564 -0.0198115900811861 -0.0756632930003178 -0.0764544185789594 -0.195938403253686
-0.052233952600496 0.331057122384381 -0.159817716514093 0.252538568528991 -0.340502799154758 0.342342458165907 -0.174934035140121 -0.00612843609753013 -0.332665361197346 0.0547799009033442
0.146494131779195 0.248354501818312 0.208297272550519 -0.103847354959718 -0.197516619881037 0.0178868443382332 0.146140247163785 -0.1338966814489 -0.286330543581688 -0.0153097856607786
0.130379509440455 0.178977198479529 -0.153744637497067 0.155526670791971 -0.476693721742146 0.465630445786778 -0.316374274624326 -0.161352354611002 -0.035508025255298 0.0484522808729245
0.11016315431527 0.195864578586726 -0.364366901050003 -0.025097344333886 0.040442097006272 0.324612955529675 -0.301067451854801 -0.46093802444445 -0.0494764548439919 0.284354819767536
0.0746642449218262 0.191732965019717 -0.236527156214326 0.291238195722291 -0.504014755110788 0.396163978710859 -0.224898185461697 -0.140012049910102 -0.0390932597728827 0.0660950610907214
-0.0572772750847014 0.292770405038172 -0.255072332744171 0.243911280540722 -0.441543715323118 0.340265025020337 -0.147894513633298 -0.0373926808718718 -0.301615549837523 0.046327546693054
0.155270906003428 0.176586748369673 -0.410065509841145 0.0685738933130301 0.00127038004033329 0.249876471150091 -0.322031657151534 -0.345883752160533 0.0144701802879591 0.212966117455855
-0.0997378281421274 0.362054425554424 0.0292530851451634 0.0593668263374041 -0.137697554374652 -0.00474847457003568 -0.0505759812019745 -0.13968885303407 -0.034838026837961 -0.050573510965841
0.156631379535438 0.173868936929057 -0.441526095826406 0.0610175035235071 0.00884091652150596 0.255901377023907 -0.383002232433694 -0.363327137703084 -0.0526188413002915 0.208889431901943
0.0821728564921634 0.269269560495689 0.0687110666714083 -0.0585935011797757 -0.145748517688673 -0.145385425704629 -0.0275364536470914 -0.0886387228234814 -0.0890882400236942 -0.170784002322807
0.148582330835603 0.232444599400769 0.124751746263175 -0.087243290130057 -0.163863952757856 0.00249659864784819 0.128083336478949 -0.137332770092141 -0.231771053916768 -0.0329291712910919
0.071371125607034 0.283416094987179 0.0458609154267728 0.154893597493506 -0.0547105969217515 0.196283248729329 0.223476273493376 -0.332550021677078 -0.0305985229031627 -0.0463105879974295
0.09670788170554 0.199228445716076 -0.353546573588413 0.00676771402759142 0.0313774924404893 0.293388974475438 -0.360006432192039 -0.462066136631689 -0.0585061621035681 0.31305168148276
0.099442488418992 0.279834367365173 0.0997930135138883 0.216586206276823 -0.0126026355095195 0.253757441172819 0.289238568260564 -0.216371013183245 -0.0260132021679772 -0.040776781209607
0.0759566645086854 0.27212957469847 0.0491684969442623 -0.0527548530377897 -0.152262440797165 -0.0839947423995692 -0.117744581041351 -0.129634958006839 -0.112816938951817 -0.185413729587331
0.180762317291187 0.257034638383553 0.00420417994730049 0.0438827775190029 -0.19295832881149 0.222297300254727 0.191674666677655 -0.259763843567793 -0.0931793116961742 0.00635096144105107
0.0826512497398481 0.184921220156244 -0.227587572684465 0.275910040389539 -0.539671933866643 0.494182998747004 -0.233939810581976 -0.165080170325638 0.00103103867447632 0.0246629882424316
0.236672833646648 0.163484459674494 -0.342245927933647 0.176320523735481 -0.338520884825596 0.635687930403439 -0.235853964647246 -0.316179238531035 -0.00435856093841683 -0.00215737292246931
0.084327292566819 0.199283424008461 -0.242371623113985 0.293848784382852 -0.510151274355117 0.399109832731134 -0.17029246074577 -0.195822840662157 -0.0665692937102428 0.0831010780095201
0.192011961667403 0.194327426332492 -0.300776952680798 0.178312224988363 -0.344858871833966 0.603308572013371 -0.208374495439204 -0.307382496486546 -0.0150276179416115 -0.0257143433534389
0.0535600340149537 0.198726237406367 0.00409453864443715 0.0637109880901466 -0.127858103388427 -0.140505323177073 -0.0328177100983925 -0.133333020318816 -0.0581616631474799 -0.267901856941507
0.0994988325088491 0.278639448968079 0.0936442879888078 0.221375756893055 -0.0188045838002755 0.255577402386599 0.270731882884815 -0.223370113169377 -0.00639084632878904 -0.0273970629597896
-0.220361025954339 0.416149268947109 -0.123334211613085 -0.198547685508166 -0.0789590354565729 0.102343875306631 0.0562456869141977 -0.179742223131011 -0.134285359497327 0.0772223965211498
0.13521482254974 0.218449717881452 0.125474590567453 -0.0817457004303128 -0.174202201626345 0.0141327716747103 0.122729175512774 -0.161705064670399 -0.178284338416966 -0.0325835673737224
-0.230605710700422 0.398478904981922 -0.0920038507744399 -0.235321886946984 -0.111927801074348 0.0687441221686598 0.0455961179640338 -0.203012261089682 -0.153157796129624 0.104984350893812
0.0848697887001753 0.167074404001479 -0.193161586127773 0.338939820276518 -0.415777245058867 0.446028734180789 -0.251960211610012 -0.177064688171187 0.0160807951505176 0.0896874241721512
-0.0890310317566001 0.328933072133713 0.11158055444618 -0.097019665606972 -0.234495686128929 0.0325477750714403 0.0733078724799027 -0.221523136945255 -0.00574069323991649 -0.036194361424836
0.071371125607034 0.283416094987179 0.0458609154267728 0.154893597493506 -0.0547105969217515 0.196283248729329 0.223476273493376 -0.332550021677078 -0.0305985229031627 -0.0463105879974295
0.0876234894899406 0.365846664402368 0.0362549832311875 0.182879871571482 -0.094171917549311 0.252694618198211 0.267820591551526 -0.208108184858675 -0.03161816880783 -0.0402824251209909
-0.163390159429519 0.379561007835891 0.0495275352607158 -0.0616974986935452 -0.0876974513967423 0.111172808903742 0.0483964128732717 -0.1283787935765 -0.134691943736171 0.0205627323276547
-0.179035006138517 0.323347981536474 0.0981082340152919 -0.0121047203206614 -0.112921610137732 0.090298419983606 0.150311367538006 -0.214776914471001 -0.0628790322859102 -0.0880906261538223
0.151847974500977 0.221293405608621 -0.0606292768929817 0.144598078281479 -0.178430061284303 -0.0604011160215719 -0.0112068204517544 -0.0584241076616057 -0.158210678576817 -0.203180246711689
-0.0139923690180687 0.0345963807251241 -0.144051726368741 0.167435081513632 -0.282935119449741 0.323740240723834 -0.253112862877043 -0.467933559238692 -0.26332229735926 0.171327512904766
0.21211951176611 0.192629491191381 -0.402894931929658 0.179196748446433 -0.392724015572253 0.612937403377419 -0.246590679044873 -0.268671922101373 -0.0634933642183182 -0.0774126480968418
0.161127565402361 0.208517911556781 0.143576595880084 -0.11893755880824 -0.166617706600924 0.0236340663150774 0.120062666529861 -0.160247019851177 -0.29095342113134 -0.0436127414880926
0.0412047533218202 0.190081621490447 -0.223672174745963 0.366148202494545 -0.470676870272622 0.41483025784704 -0.310590675356841 -0.101605537875567 0.0209366348478244 0.015713488269194
0.0929553578355269 0.171013009184025 -0.238624240312369 0.284878596569634 -0.519311962583571 0.42139628781227 -0.241203809343633 -0.146943195083041 0.000171667011654983 0.0185106620627383
0.0651260349954454 0.186146781108619 -0.249221934009617 0.301124721632036 -0.475791111372499 0.446284987747841 -0.257497040092186 -0.135656114293705 -0.00461665847092384 0.0107120893498435
0.0698452237012116 0.172769586315609 -0.197983188844921 0.335879308979935 -0.436477536858787 0.394447895954266 -0.286084242177722 -0.0905655876728249 -0.0402742613179712 0.0106256977539273
0.149216235612337 0.215151371753497 -0.416647443075943 0.0712206805557651 0.0294830938874061 0.193360331658491 -0.338504237117589 -0.355919370648894 0.0116117387984664 0.175709637054054
0.146489567043502 0.335680116570012 0.061280432854192 0.161318864376353 -0.0647572811111945 0.169204578112914 0.223106020532848 -0.21207830115615 -0.0669432951495343 -0.022977035097233
0.0972640479276812 0.188131949266093 -0.247468273472256 0.279249764059782 -0.535829987454319 0.43605504887751 -0.239137909136976 -0.1550718245771 -0.0334901466877736 -0.0199628169701688
0.072451397390477 0.196474412848403 -0.219070640051758 0.346483568840503 -0.435871639635036 0.398314544852832 -0.282351195786762 -0.118772690149052 0.0238064558641987 0.0206775765754909
0.159968012585951 0.202422802007192 0.14285388718146 -0.0969886950123944 -0.182357243648739 0.0243933491878658 0.110192555311901 -0.170487688939275 -0.273912839434729 -0.0353448985020479
-0.0904501452175176 0.377215436278178 0.027899659907286 -0.0815175922756274 -0.130099942987827 0.0786174164259078 0.0320307274415782 -0.0685802582011298 -0.041152165196705 -0.0133349354435898
0.0879800206002601 0.180674135623933 0.0868012170256916 0.00294638651303784 -0.182842623729305 0.0208499037907598 0.0754370262028036 -0.117726391766114 -0.212614306662765 -0.0367340933413209
0.192674405254518 0.17987562999456 -0.427298756123726 0.0709929910495221 0.0408833403188046 0.267252731756269 -0.363216651092601 -0.340187261479888 -0.0314223008019512 0.196180369237139
-0.0800771227535488 0.235135756901546 -0.275671267404839 0.266367184361898 -0.489412016535081 0.338028492569371 -0.117329114230871 0.02311124079124 -0.343805480562378 0.11628046325805
0.0911837814947191 0.280450553539205 0.0673525613925808 -0.0868802551931065 -0.112706737319672 -0.092685427308248 -0.0640881796958068 -0.132366199115091 -0.103163811710569 -0.242768762177595
-0.0819137946273871 0.340208466253191 0.0391495222039425 -0.0750620245844359 -0.130377804893184 0.0653573511423245 0.0343137715784784 -0.0768713555702339 -0.00606907813005151 -0.0419935013774764
0.081458748938175 0.228027932058176 -0.21391014862284 0.268461717186595 -0.497154574083535 0.459866878364263 -0.240285365776006 -0.140050301266112 -0.00621993425289912 0.0583524369068034
0.0816899252439112 0.0944938454152537 -0.046415138214318 0.043029666717722 -0.0609328485826567 -0.0693905684096184 -0.103021603082918 -0.0996656633438272 -0.139761510673513 -0.234499691452164
0.0936218667983288 0.20711758257407 -0.208661404498517 0.286407186009216 -0.48762130408534 0.457953676680871 -0.243212104924735 -0.124888962156078 -0.022605902221852 0.061521541347095
0.149216235612337 0.215151371753497 -0.416647443075943 0.0712206805557651 0.0294830938874061 0.193360331658491 -0.338504237117589 -0.355919370648894 0.0116117387984664 0.175709637054054
0.195303141406579 0.20443407842361 -0.44015582629715 0.0866599161456279 0.0101105547287229 0.279659685637668 -0.386481644571397 -0.346316862135032 -0.0243834283273286 0.189413063690926
0.0885080614839455 0.21619964454286 -0.249313067531334 0.357372022173513 -0.431056342356069 0.420928699172565 -0.281609924711568 -0.166550784988245 -0.0216031049629149 0.0312987797778657
0.0921992104215448 0.187385047750561 -0.254637262699608 0.318318576992485 -0.504062198182023 0.406831115277649 -0.176715019536901 -0.190255002582671 -0.0247669153311248 0.0923220619405507
0.0889232362405584 0.300042129721085 0.0551427576831893 0.188299334776867 -0.0878303769525495 0.252481300241749 0.315037277682743 -0.221262963403168 -0.0572170188196456 -0.0425813997307383
0.0937412779263649 0.249978518983019 0.147808570650528 -0.16942440178915 -0.18727794335741 -0.0310941531592239 0.116756099024725 -0.0968283174640722 -0.303980408515458 -0.105572299138891
0.129885857767035 0.258203936318815 0.143053521339391 -0.0935224780350931 -0.171291242562009 0.00704325723395608 0.151172675254979 -0.118071394535856 -0.309313152151755 -0.0403032480161311
0.138653520490501 0.197807305403634 -0.436830826154375 0.06668968091218 -0.0610520758293763 0.244783812207084 -0.336815968754235 -0.438963764238553 -0.0153687059601242 0.197544128266972
-0.0563680369881505 0.376796946678792 0.0359734832395776 -0.0704908123313879 -0.0758688473393372 0.00483459526346433 0.121729158146405 -0.210093178509413 -0.0270079795070457 -0.0273459970621558
0.0566180363505354 0.253427271465652 0.038986436886992 0.0602195606414129 -0.139343947503616 -0.0919944911477767 0.0691223010997529 -0.0858434796555956 -0.0951479169348479 -0.219446667960712
0.156372095558708 0.211095599228559 0.184275010037223 -0.152902265950754 -0.0644642292692693 0.0341105161870934 0.263750868704954 -0.130682657556228 -0.15152058645269 0.0029461648053994
0.0574135469075228 0.187148952003953 -0.259446096137179 0.279246170357953 -0.499138138812021 0.439888193842665 -0.249561981899762 -0.137525728283304 -0.0551948850789697 0.0857286418635707
-0.0228496395516251 0.287085143310603 -0.192047658267214 0.209209409381338 -0.427723121930582 0.402404550308084 -0.204811332474351 -0.018463262970335 -0.307409609948383 0.0736440799689898
0.164589341652231 0.194199537117681 -0.404213795441828 0.0631395191604088 0.00677690071219772 0.203558928156175 -0.340202607364384 -0.374882261540871 0.0123420037892626 0.20698397279759
-0.0954795288833994 0.233885806152329 -0.311516301502752 0.155366569971953 -0.45259270610995 0.369378613242954 -0.129946214569648 -0.0147631653054304 -0.359056524809367 0.133448541207038
-0.0347325063474119 0.273715882254256 -0.197282875587948 0.21549490056768 -0.449138943579161 0.368684653626969 -0.151241586928427 -0.0189361543396286 -0.309606125790866 0.0627107571959248
0.0683344440017591 0.174867319634949 -0.166664902518517 0.185159065785661 -0.490229958678387 0.475692375937809 -0.276631148668946 -0.161995008537094 -0.023119466655051 0.0874828011907465
-0.0734827798922692 0.393076480135266 0.0410565760776876 -0.0439073571503068 -0.149324021685549 0.0537785806367003 0.0447539527835371 -0.0547173314992621 -0.0477484957790217 -0.0525018272302584
0.0936233851740837 0.20614143794814 -0.34736175235418 -0.00607674273134646 0.0355308362661099 0.302743581219602 -0.34126758763851 -0.459098760943523 -0.0686812230371522 0.294291975361248
0.0407705832780501 0.217698456598783 -0.238816860675277 0.301347742598213 -0.491683706092021 0.43573014558126 -0.241314047367834 -0.136569658741175 -0.0275830283436461 0.0605620000354784
0.065241673078424 0.184604959316638 -0.237982222221237 0.315027174288958 -0.494534260935907 0.41357146006715 -0.256755448977157 -0.134466783039723 -0.0348766571819971 -0.000493797534889661
0.0817943312201004 0.186526803433024 -0.190165689700665 0.209170992180932 -0.468582772328814 0.46663217643227 -0.30424217672496 -0.136679075860598 -0.000405305583565781 0.0977815711523485
0.0423040117766414 0.275298015610035 0.00377950418687693 0.167479977846507 -0.0174375114042403 0.248780445660721 0.238035253003979 -0.249771711865197 -0.0670983929829987 0.00657478014227824
-0.235376335517976 0.418494161152702 -0.101518852313707 -0.237574107103551 -0.0901164745752741 0.0779442232862133 0.0510347087489848 -0.204504640300838 -0.132304905027492 0.114801290526639
0.125644574207903 0.23743420601345 0.133320932153437 -0.0712041947989807 -0.198185570596743 0.00834225633485361 0.180146402212989 -0.106974131512135 -0.300138300170513 -0.0939935277201757
0.195127503797062 0.191033478107084 -0.35818262047416 0.153646071498916 -0.451970148855053 0.62178852788637 -0.267325763884456 -0.278570014043633 -0.0918180811019164 -0.0247873832245086
0.151296129417869 0.230957657886682 0.0663429165988841 -0.101199662328487 -0.186872524851358 0.0433698194251825 0.110168152184594 -0.140311435907702 -0.268726865924051 -0.100330302688938
0.164889673237455 0.280693742285615 0.0581093009929449 0.0876034016677295 -0.0722575806812191 0.215935740759659 0.293383967599876 -0.272939655807349 -0.0605168534923771 -0.0511657457688496
0.20181245389486 0.124210900552437 -0.445255326457711 -0.006095761179164 -0.00474378811599051 0.268111477518835 -0.421031524297902 -0.494467101383477 0.0471845679016265 0.230380085862573
-0.220361025954339 0.416149268947109 -0.123334211613085 -0.198547685508166 -0.0789590354565729 0.102343875306631 0.0562456869141977 -0.179742223131011 -0.134285359497327 0.0772223965211498
-0.0288692801419171 0.275553967558929 -0.23865704533088 0.23580669446983 -0.451852724703613 0.331727720730688 -0.143764246294517 0.0260946746621706 -0.312564473568119 0.093216365184119
-0.111469018624697 0.22416601806209 -0.295040314251166 0.18070030867259 -0.43725198578399 0.377382855970081 -0.112100314780368 -0.0390729964841422 -0.322499891808777 0.133213184750068
-0.198825023050415 0.325886512838622 0.0741682035692207 0.00311105680439835 -0.121733737238239 0.0833832153834605 0.141595122680411 -0.200484467063547 -0.0556860858839196 -0.080150588177189
0.148966700839373 0.208375601895263 -0.388358091112698 0.103725063644211 -0.0187075201103715 0.27204166979191 -0.30958186945015 -0.40025672649319 -0.0221751195916006 0.240022185987026
0.0690951682533751 0.297793063553964 0.0586072601196137 -0.0158423816959546 -0.124230705492261 -0.117520728476764 -0.0178699134975966 -0.121649240407959 -0.0549581930453516 -0.18375773305315
0.11997043984451 0.351354847024376 0.0257916063700999 0.163238582214773 -0.0777639829491423 0.169216771582178 0.208071664215941 -0.23981025417644 -0.0834774170269764 -0.0600407671642954
0.0678399165684841 0.298826768683105 0.04242202387898 0.149830543666818 -0.0521609259238808 0.195059962123258 0.247240180428262 -0.337952473430147 -0.0467983509736008 -0.0509677348402648
0.129228694954577 0.196219775934013 -0.430571639760046 0.0622038775161954 -0.0568385391817942 0.246578069655158 -0.375882903412078 -0.453569630128068 -0.0322651430332785 0.199558038991353
0.0904865763565378 0.298118767719699 0.0558444601798658 -0.0621997617048038 -0.165818024448209 -0.0933945007341904 -0.0867451948938016 -0.137574164931379 -0.1084873040103 -0.194132215034647
0.196961764645991 0.123549241541772 -0.443158068622945 -0.0195856624612423 0.02090185448582 0.263991651853505 -0.425746654766831 -0.498853935748775 0.0350901576665903 0.224559891010962
0.107215303900657 0.188939362019356 -0.213359041682302 0.313737747131089 -0.447779618271325 0.38244552370234 -0.259256746128409 -0.116621222979956 0.0195045058231588 0.0439844676911815
0.0979425941967905 0.178525986322886 -0.270242074299892 0.302430570827305 -0.521136597208718 0.444955878584709 -0.244779211896686 -0.152118516644669 -0.00830058166120726 0.0115088848669633
0.152472749495902 0.154172311673951 -0.194014771817201 0.257437310255016 -0.390108791881742 0.545154432569594 -0.316766045103325 -0.167244283370934 0.0261216026544898 0.128019150512483
0.10478876623846 0.12542967653502 -0.120371079274711 0.153925462553937 -0.491237389839785 0.440968512207396 -0.338008347434889 -0.124221279139624 -0.0254087857524923 0.0631892982023539
0.197639392190892 0.221619706492753 -0.0723239382496622 0.125603359104243 -0.18788394210504 -0.0794761719059999 -0.0322372295269705 -0.101667947841862 -0.168785668846956 -0.196235589934374
-0.0783398329320102 0.381157761773727 0.0817117738056151 -0.0646789667685069 -0.108598448062011 0.0186224089935521 0.131973602638408 -0.192197888156213 -0.0524702285283696 -0.0572215395478427
0.195015887589375 0.214525083046765 -0.431551553420175 0.0672887548474171 0.00208933991756077 0.216940456783518 -0.358540319073032 -0.348056623733989 0.00357464135351726 0.197132544149533
0.131991555735853 0.338123407971489 0.0650664731783717 0.157634064319106 -0.0575298484383808 0.149043498597389 0.226882007656425 -0.209979589326598 -0.0642612304620471 -0.0614172767884797
0.148683694502854 0.164441462845656 0.151949476735652 -0.128845506927217 -0.0793157004534967 0.00589432625243419 0.241888294086947 -0.149726675121971 -0.206528916960143 -0.0198150166823144
0.19940865393868 0.153292734420905 -0.460856221231999 0.0539963715648627 0.0436682614330355 0.269716913322192 -0.353574487304603 -0.354937232210774 -0.0367864120470031 0.190039191674192
0.0941010649876355 0.238577603934617 0.140043949677628 -0.114251664616638 -0.145222487823235 0.0272446312666387 0.0931255813764944 -0.215276472502387 -0.311839477688446 -0.010951252340949
0.140099347552355 0.250348148380288 0.132364386352537 -0.134081560056739 -0.188903165307056 -0.0418214628033523 0.12509889088263 -0.111175084177116 -0.297348920919176 -0.110978119984973
0.0746642449218262 0.191732965019717 -0.236527156214326 0.291238195722291 -0.504014755110788 0.396163978710859 -0.224898185461697 -0.140012049910102 -0.0390932597728827 0.0660950610907214
