0.27078771298187 0.109519437586014 0.206891455894916 0.147454952940581 0.0601403426953582 0.065135296132854 0.178205435088095 0.288179105229271 -0.214525922616587 0.147940021521226
-0.192762532120328 0.200068332792384 -0.259519018836099 0.118479397864908 0.233699380359042 0.271974122358116 -0.0597362352987635 -0.180788517313509 0.0918189177994346 -0.149620252156983
0.149405563328985 0.192819300844355 0.143503118311669 0.23889442652164 0.0562980410950035 0.145611724965916 0.161336297114113 0.318502318623996 -0.139144962098118 0.172139529291947
-0.19235933432035 0.372666040827698 -0.242870526344243 -0.073333589304638 0.222415247099883 0.0875447262653334 0.00636213883186498 -0.157487529615596 -0.12212588216409 -0.0780493045103447
0.132982668874953 0.18358232040415 0.16672668881545 0.146469152849429 0.0388319387788226 0.0908640865857771 0.14084372349164 0.31424717029649 -0.196291777905084 0.208646197894466
-0.154801496660772 0.293339754513947 -0.284788608380743 -0.072568430212816 0.210787389631573 0.111364099994875 0.0402324028853348 -0.156580174452963 -0.0571721032998477 -0.046648412828506
0.125785238453482 0.312756644456664 -0.0619487249984333 0.0516344740541512 0.23021098186301 0.159899010813924 -0.29396107457556 0.221170340937458 -0.0373408301238905 0.088723029913555
0.128734134258754 0.183245393063088 0.152659930865679 0.120482585981675 0.0478748388917586 0.139625928037069 0.132922419011033 0.299693794426931 -0.230008161007601 0.207135762823015
0.066486182234863 0.0689845982428822 0.108963754169765 0.000702473544970442 0.0568576914648301 0.0345531443857738 0.356126333746462 0.251364307240511 -0.235165129791568 -0.0732369542257691
-0.150603446395054 0.218471051525866 -0.382453108499263 0.132222608173122 0.243891777438585 0.274339009197615 -0.069926710604704 -0.185792897873268 0.047520215160467 -0.0899151372817351
0.181813931533438 0.136076986619751 0.0466181659962169 -0.0278697559697081 0.249505623432499 0.510207307574885 -0.0819906067674069 0.109318416160064 -0.016586552870197 0.0741608631806763
0.25329823515333 0.155332982631084 0.199694509278918 0.199114446881016 0.00839972004205797 0.0467198591862485 0.160240827749883 0.302806236634682 -0.248670278057579 0.0954587348495425
-0.176786008906115 0.256706942009932 -0.364235620522976 0.148757580411157 0.281214463635038 0.315966083589552 -0.0730406696857069 -0.216734342679256 0.0127646413372903 -0.0393614812597042
0.211846564297116 0.131947947976912 0.17686789750568 0.184191338965736 0.0343642377066567 0.0773652390544999 0.182799043972676 0.308326376906898 -0.258843633143426 0.111326432077145
0.118693129343497 0.314497001491631 -0.0696258959124047 0.0464251097728337 0.241133296070929 0.171743438277189 -0.294765176216912 0.231731164663948 -0.0283525003576517 0.0875663486792842
-0.137478913644971 0.347950220886159 -0.271808662516433 -0.0557324900057587 0.219144063789548 0.13415406810329 0.0459362054535736 -0.183391242507552 -0.0988576304589754 -0.0173745431622991
0.116468691815856 0.160489846683923 0.209496294537317 0.1101352345407 0.0151624489400405 0.141833155124751 0.118551567132607 0.361162918230419 -0.187269426064783 0.223980247484842
0.119863504666828 0.198846106546009 0.142422799904578 0.183662956540748 0.0345706918090217 0.0705108904724928 0.141634305679194 0.286949136973921 -0.206839564194142 0.218635127797725
0.125236064792336 0.330864349385937 -0.0412253545140875 0.102714048010425 0.137252002121817 0.169357006451912 -0.238150182777993 0.244549303387373 -0.0307603403247695 0.0695673065231193
-0.185289400018373 0.169994522560648 -0.297190181446957 0.163533570156967 0.247790626438275 0.195224864839583 -0.144194764925123 -0.140808578550863 0.09001901445419 -0.125034170523829
-0.257295783081304 0.173741939972139 -0.314448681025581 0.201544753190332 0.248648732127014 0.261619413692183 0.00383422408137022 -0.172327248327965 0.0876876713799093 -0.0753924500078365
0.145316993671228 0.195562315509159 0.141191129468155 0.120354872824638 0.0171983692175884 0.124082146760677 0.152794959159255 0.325484461082791 -0.23368759030489 0.204528148066997
0.0960388059631629 0.205399334265444 0.136481659516217 0.145769229343896 0.0409365174183958 0.0963772988173315 0.132472546526289 0.328828591270453 -0.181165300203814 0.146741898305395
-0.219185137506427 0.137674040644855 -0.307566688741292 0.179206538232568 0.221801443849106 0.178016130373198 -0.110359445875291 -0.13374093911682 0.0906027137526779 -0.152301070456209
-0.0268394020406031 0.229034022920135 -0.293958864862496 0.163042033593193 0.183463353948829 0.185481055905483 0.0533196792935826 -0.0606224814589877 0.0837590029415237 -0.160257935354007
-0.070331757553951 0.347626176069495 -0.287346750120373 -0.0651971289649683 0.282863258102905 0.113223103323961 -0.0575990240124685 -0.100935506582756 -0.00811559302071786 -0.198590598354966
-0.046312438555758 0.281350220564638 -0.267371034900874 0.00830697300360109 0.263316254764002 0.168966319636346 0.0481059814036723 -0.0959850008494417 -0.0456495023148008 -0.0780860689135615
-0.101684104034893 0.311265971594649 -0.294334202107714 -0.0205982075620008 0.307059779779226 0.174424161244004 0.00429873662330564 -0.13501585347454 -0.0512913887582569 -0.154244306480068
0.221034671718963 0.175739847449434 0.209621435677607 0.171032350164825 -0.023851703801899 0.0705498682759413 0.102357624900243 0.286447633632772 -0.144756784929136 0.142343276806056
0.284700993887279 0.112581847830329 0.216736607745894 0.131652842657173 0.0532216741803943 0.056996134321289 0.228421671507933 0.339569957552751 -0.225651642994395 0.137576184502687
-0.14371692486428 0.311920807192044 -0.28045619545358 0.00841222568139745 0.26202989006454 0.217397824779508 -0.0576269699662779 -0.158182678279548 -0.00890999122030244 -0.112078360446949
0.223042556114617 0.215513273851604 0.201618293411712 0.185175368352352 0.0617781963009422 0.0821005432713086 0.0632213312423149 0.316319548947307 -0.172245095492154 0.18681170762396
-0.0549304076180748 0.183523691170119 0.0884008102700409 0.0116248517957929 0.0988922992395433 0.510402246579504 -0.08484217728062 -0.0840098623582802 -0.155380224851289 0.124072657908663
0.128388530306899 0.169159364724568 0.158284580105384 0.144839960701981 0.0585863646326514 0.112152605273373 0.127941055986804 0.359223969864774 -0.207582906511279 0.263803269484724
-0.00671864672065351 0.266153923140598 -0.221053146304362 0.091229208418614 0.227832106260704 0.151663931627837 0.0433853794424596 -0.152258038062324 -0.0228736397646489 -0.186880838935737
0.132190853835183 0.18728173613625 0.154029478103256 0.144074131410855 0.0502678753090719 0.104965045761508 0.14282163506545 0.316102885243677 -0.183396489504464 0.202402028886588
0.30216506052888 0.100677502845592 0.208439689050212 0.165781444219715 0.0713878957566037 0.0422921040910318 0.180916439524086 0.324645689155132 -0.233733427820565 0.16566841218356
-0.204906337838592 0.176290439231928 -0.254739614678466 0.151681100991 0.199775534166074 0.294774544354398 -0.0984316082728412 -0.204346372017552 0.147964525676326 -0.138541714348702
-0.065708062199748 0.17643878960008 -0.378160704499309 0.123400055770163 0.245198705502774 0.274612402799354 -0.111512033844055 -0.16354404144606 0.0206379531018553 -0.17688092475357
0.0446934667601713 0.22482676968831 -0.00297976153658402 -0.138360518392984 -0.197025676002813 -0.0150396321770057 0.09965166673537 -0.0129514172390796 -0.218910018975388 0.0134804383422157
0.0538404801212102 0.146504404814927 -0.208570367987223 -0.0866879574685017 0.0148041844797188 0.132398555201604 -0.155671735196577 -0.119102268770135 -0.0477977159877228 -0.0716587954783948
-0.116333924533852 0.223164106249699 -0.335074328196211 0.20813444554107 0.262103408372323 0.264305093958979 -0.0801384411910206 -0.178101473614354 0.0849949607325633 -0.186686645415452
0.140274673314429 0.153017816717175 0.0932885156018147 -0.0637281304555004 0.00039865952474345 0.0309062497272212 0.378452581850125 0.205016834898528 -0.23715100563494 -0.0859500366958869
0.217775971275135 0.127534675918834 0.169758595918457 0.171102876539478 0.0311233465542779 0.0260670807800852 0.0791459762707147 0.237719571408665 -0.246700132266944 0.133621337814978
0.223655372312521 0.177572611007711 0.185100919951496 0.159670212929972 0.0506803568621255 0.0863045535929505 0.05969461541814 0.326267022386869 -0.158489066862056 0.132698024388509
-0.0347849046600757 0.255186112412838 -0.263103284857412 0.0390844176097401 0.271756468765583 0.182771198888411 0.0327161446395876 -0.158917266733594 -0.0622786060248022 -0.0958888619957974
0.257482088911435 0.23256058996552 0.122565806892034 0.0924178306025619 0.0501067516266575 0.125483636343868 0.173720329399147 0.267994474521243 -0.126681019029056 0.205364113814407
-0.0707525882989277 0.353931747203759 -0.265645643030611 -0.0722381609198254 0.298387813627053 0.14270418016151 -0.0892636192372818 -0.0957808729712978 -0.0131542980671501 -0.184404823173217
0.171297754810794 0.217109536126396 -0.0439763549432007 0.0936227562881447 0.203611199502245 0.0758436763262002 -0.247002353500184 0.158693555994329 -0.0540168563144695 0.0929282780155454
0.162070271832389 0.177026854713812 0.152681413241975 0.131331671723206 0.0190890085513285 0.154767852466723 0.039329027922254 0.34136248195271 -0.197387352313992 0.15559214099778
0.181894600993125 0.221517901589825 -0.0413734809993186 0.098568760336362 0.199485413815175 0.109183275890126 -0.225546927700678 0.173273017455369 -0.0441192276809735 0.10763294283979
0.0745213787553931 0.0852380076230815 -0.0725212089073548 0.0363811724181274 0.0232575120538072 0.125190851983347 -0.189473531376824 -0.228996930946104 -0.0336395841779978 -0.0565815143298495
0.262884923520876 0.111381950307969 0.197323314971093 0.160493818775645 0.0612963108995038 0.0460510909629486 0.174749930390766 0.352709206098421 -0.238283414398624 0.14992252022356
0.185823655365185 0.16513897056728 0.191921378077686 0.178536657938107 0.0679120466526487 0.103724569921033 0.0740113983383356 0.32082106644016 -0.146218497834936 0.109585821856389
-0.195414573262159 0.203496003665346 -0.272159374705351 0.141366169511233 0.203967856989037 0.278824873706707 -0.0973746978777158 -0.208536063560924 0.113776527175066 -0.150958138089054
-0.0199368737366674 0.251145629772078 -0.0102454031017131 -0.121257220744876 -0.203944304347885 0.0462486703460492 0.114177562629131 -0.0478402323964145 -0.220797205528664 0.0404454432344782
0.0464192270005158 0.227122374798229 0.00801606949564407 -0.123410958578699 -0.202815777011298 -0.0125311899762474 0.0959967675883262 -0.0144683766610562 -0.211707037092533 0.00623859317220667
-0.185109620312841 0.195817668650368 -0.261785101791864 0.131398908095245 0.214546662554748 0.303872081181786 -0.108613246236715 -0.168473274444244 0.103011516647091 -0.1557325050444
0.269546455579579 0.226374337528227 0.132861166834322 -0.122486201427503 -0.0680734181170378 0.158516446684798 0.0422476404684366 0.218923064435405 0.131892531393238 0.171288824993142
-0.0177365072601666 0.291822034156475 -0.275869189248555 0.0455088295031113 0.257277384097504 0.154871607080225 0.0100760241276773 -0.108722012440745 -0.00789132221583505 -0.0933036405014545
0.110659140880042 0.310509072299856 -0.0129885138142904 0.0809620733569642 0.208758316797739 0.170878282827626 -0.243268870619126 0.207892430655912 -0.0233079704566909 0.0651612343766648
0.0187308926724254 0.225001129646275 -0.328679209153896 0.184653253443003 0.172983145952251 0.100998194159677 -0.00117170058193054 -0.120249321835836 0.0727392305790012 -0.132911917971345
0.309487051270515 0.167753582462605 0.146229053130868 0.190800819951816 0.0236576096042623 0.0581706651753869 0.0324853513463735 0.336102505206929 -0.15930628276038 0.176104660484071
0.109280298032954 0.104140249258441 0.0575641102694861 -0.0135153807022301 0.292708867453754 0.52247187380466 -0.0951736539558677 0.125084456282991 -0.00344707392412838 0.111205271955235
0.139882525833551 0.20134217221768 0.171332393091611 0.143260820480216 0.0468549605479102 0.13266263850225 0.160447979166274 0.300818139787755 -0.189329458879292 0.211968485340181
0.00677252870628757 0.265286434098386 -0.216114870931856 0.0971625211969242 0.218774304888213 0.141161728757413 0.0955164683813126 -0.165021670747107 -0.0444185479800805 -0.174392771757972
0.138378911829202 0.326459495949768 -0.0433352786957516 0.112560331076962 0.245690163290696 0.0985243008223125 -0.285578981419809 0.249543996042914 0.0116787054169643 0.123411133593604
-0.138685815217097 0.117312323025488 -0.30739491602421 0.131155181087875 0.251885665743739 0.163557887235435 -0.10075679815426 -0.173246289060915 -0.0319567258023451 -0.17113931117726
0.0594239566786463 0.2342754681627 -0.282296172092226 0.157484603312446 0.221748102890309 0.167231982778949 0.0451880858936255 -0.0664256070844962 0.0687829786368367 -0.159736794323988
-0.0129655569936644 0.231568133631713 -0.0128689448322989 -0.145895349922538 -0.187895902317707 -0.0239404311695059 0.122490902067529 -0.0187331935608918 -0.228137738982137 0.0408080746364101
0.00671495573922224 0.234921793028058 -0.329704688683315 0.141118137269476 0.123602660766529 0.106805770836078 -0.0132714953245674 -0.104827864723424 0.0601861856169723 -0.139374211083174
0.231583940888682 0.165595285067463 0.188925491497129 0.149926937391548 -0.010117873894816 0.0670171843183939 0.116162590922667 0.281792374354643 -0.127922804551869 0.161183945335008
0.292809677011755 0.14745515458118 0.156370930805265 0.189445441089217 0.0163614571589306 0.0246479823321756 0.0203100098884031 0.320153108994073 -0.172544013947166 0.178973670158701
-0.044026436366285 0.27904386880901 -0.279706016420659 0.0809026160110274 0.280830273586925 0.184557918381885 0.0176593537979471 -0.107865095535963 -0.048661037385685 -0.0792857778807734
0.224627397213875 0.124713167754937 0.332306354705166 0.116466174591146 0.0583303991954204 0.0540149424056719 0.0656026541107474 0.259966286681642 -0.267679767312013 0.110589409706431
0.024725346905568 0.100655714095166 -0.0769104090229676 0.0424842326944921 0.0869471889658311 0.0914792367755928 -0.242799049694777 -0.252975070353533 0.0402391318721354 -0.0432786973792223
0.138539520776066 0.168312053807558 0.0937460506514286 -0.0415889441936752 0.0231884107994534 0.0294124134374003 0.397846572661621 0.164885572344962 -0.172106199144482 -0.0285718904274849
0.153707972616262 0.184680693055862 0.11233340588302 0.123605650734083 0.0343777333254034 0.127108767899223 0.118095517013207 0.307628458843217 -0.191967513269217 0.209237346355276
-0.119350426092424 0.32132722539279 -0.284038992247404 -0.0361096071511853 0.284075202545602 0.175598636211913 -0.0301535054125131 -0.137571993559444 -0.0668090523900661 -0.178521567270079
-0.0340967841550199 0.237762489322232 -0.0069497320535299 0.10506291572331 0.138363948271187 0.407420489228732 -0.120501229510089 -0.148915465654916 -0.18976984692761 0.130627181085246
0.0260315291647626 0.159160575496518 -0.203122841192851 -0.00619636161916656 -0.0102156147987737 0.141219370085385 -0.185225203784771 -0.147874572468781 -0.0247541083216048 -0.117718266892827
0.114963621034698 0.23214603369594 0.0941983372113679 -0.0431643796570712 0.0495407657318727 -0.0449316030731356 0.286281490771211 0.181640804633813 -0.0592355036427321 -0.0092715729657869
-0.128143558213502 0.266329755251341 -0.291978907438334 0.116005443172301 0.224577582593954 0.254610662647367 -0.107657146217645 -0.146315783787386 -0.00239826424490784 -0.0623102357334334
-0.155904165700977 0.0815160539531203 -0.249474669370446 0.159904827101253 0.354269597269657 0.259994693288849 -0.0155197705451218 -0.103827932247096 -0.0335096798910381 -0.277241927731533
0.19621967677749 0.256717608920057 0.177326027576906 0.0383872918066834 -0.185944329787827 0.0492338004399093 0.286264633030378 0.237594795302025 0.0162104878244661 0.24864163209009
0.168860692752166 0.336573316148096 0.14751102250752 -3.49643129556182e-05 -0.18297560126725 0.0387429574988582 0.311665922022529 0.239316660224126 -0.00357781932384164 0.293582116917487
0.0763777744597045 0.154923089344446 0.12861606054917 -0.135396674521591 0.0370502204287571 0.141964028147018 0.37187787132054 0.142478481333089 -0.153866632954446 0.038906283355709
0.105282515492642 0.115893209387181 -0.159172256330962 0.0380491284724922 0.0329827972046689 0.0849994921000743 -0.0572930799878156 -0.252521107323675 -0.119394695745011 -0.113253939750247
0.118552751700167 0.216404006014459 0.0419103837474486 -0.00744950155783942 0.102693212675595 0.00463902023698856 0.375583244579059 0.184060497139293 -0.121013373957162 0.0362023888089367
-0.000623528125048234 0.0742552800934694 -0.186890596048465 0.0333227078760057 0.0493176286742592 0.123446426794487 -0.184515066222006 -0.256235473871738 -0.00581958810324412 -0.11110524375401
0.0677569807534275 0.22092143031834 0.106698613250363 -0.161351838951514 0.0214588839070896 0.0830259856010031 0.364446823137132 0.146978203532694 -0.155738710107768 -0.00980589547215418
0.0260315291647626 0.159160575496518 -0.203122841192851 -0.00619636161916656 -0.0102156147987737 0.141219370085385 -0.185225203784771 -0.147874572468781 -0.0247541083216048 -0.117718266892827
0.0865591113755548 0.1492536175849 0.110486284238869 -0.140083509021355 0.034044974079575 0.136116654988891 0.363375376637264 0.151698382953246 -0.159556960868693 0.0233211280055598
0.215321980809261 0.107045741043551 -0.0360562894442752 -0.101919128400147 0.25560573443118 0.480303138774288 -0.0842009845882784 0.0937650222400951 0.0406170674746552 0.0792765720938993
0.184678166443494 0.242014256494615 0.111425733597424 0.0105397695938233 -0.220157109322314 0.0218457801233803 0.282526515472649 0.214567969774991 0.0709290116011006 0.326243897606703
0.225315384930815 0.096378897799892 -0.00575324449459822 -0.0862297509682015 0.230491073959946 0.479379463151781 -0.0719625505250435 0.118633465365486 0.0781609578025438 0.103147989405293
0.0333156026737346 0.137434368260966 -0.177748767502949 0.0440579049255927 0.00180194900849419 0.0798522968098666 -0.237179455191055 -0.231805589123207 -0.0500032168140616 -0.0475586463780312
0.061972105553395 0.181843460522784 0.100565129735595 -0.125183415188431 0.0578137716990225 0.122842137718723 0.392739416487308 0.13002317761837 -0.173091746312637 0.0581928270410746
-0.144905438360585 0.0986277289022136 -0.296793331055326 0.120803172146954 0.345429757461265 0.229846333901103 -0.0296732608775269 -0.09332741147439 -0.0566079097255322 -0.235967230077314
0.0424355529676693 0.104295060036149 -0.151451939844365 -0.0161884314045091 0.0128377925764562 0.152389282623108 -0.22160650436836 -0.219151135524932 -0.0837029518730909 -0.0494251398454025
0.063938860923232 0.123605759314639 -0.164429483507322 0.0444592608682473 0.0199380343282484 0.0881586660312824 -0.236422665851784 -0.223093555635384 -0.0536635413313207 -0.0911284534292457
0.180734966600112 0.0613054116924348 0.0145519013962741 -0.0437007789361058 0.201271213380571 0.555081383144982 -0.090087288112298 0.078944428784739 -0.0928228272615674 0.131082692843945
0.181842160041973 0.322544051688563 -0.0973133126254603 0.0734411294949116 0.144143575755247 0.160966660687588 -0.23420291153112 0.218242200364767 -0.0483221099542018 0.125046354517281
0.0610815318308693 0.0842433957872642 -0.219604430835977 -0.00958364099356897 0.0271556389435636 0.114333395006063 -0.244274074178219 -0.242323699741707 -0.0844624070806863 -0.081692066734311
0.0745213787553931 0.0852380076230815 -0.0725212089073548 0.0363811724181274 0.0232575120538072 0.125190851983347 -0.189473531376824 -0.228996930946104 -0.0336395841779978 -0.0565815143298495
-0.0647725094471343 0.167561554327038 -0.393776937569881 0.107673942418722 0.236016015719152 0.265689764975502 -0.115043866946593 -0.15477954990043 -0.00656968117939709 -0.198504226345683
0.0103028962470429 0.257974309461756 -0.226509723464386 0.111497722839887 0.216048196141902 0.142681106503317 0.0562880454922018 -0.153001836645615 -0.0302172964035149 -0.189343226143669
0.137698122879324 0.179562224389853 0.139260496004351 0.102614609691263 0.0392566517214474 0.0965459930183048 0.133057332968914 0.320726168155293 -0.212321781473453 0.212812923914564
0.184231218215769 0.12661237782275 0.0448743584774258 -0.0097794660948421 0.275641166286389 0.501393905766775 -0.0900934666129333 0.0947718045710065 -0.0369102499011179 0.0787710685186718
-0.0183395998922215 0.306768500158778 -0.293077133118657 0.06766501300402 0.309255655848509 0.19125451628616 0.0141328077491446 -0.104342371472236 -0.0536849358711671 -0.0841904397567939
-0.0545590985378105 0.358410638978965 -0.280099388514153 -0.0557382645454845 0.271843744207515 0.12565208780897 -0.0556091855392237 -0.0944826973838599 -0.00500882805754037 -0.19072689182609
-0.0655637889342129 0.183526206125072 0.070989507272419 0.0240243030094179 0.0951880083893328 0.498721878558548 -0.101127151388214 -0.0825424622197629 -0.150034274110887 0.107893256933901
0.203112783891458 0.382434197142594 -0.0306098529498227 0.0507143359542646 0.211376242643679 0.0846944652668012 -0.192295794926271 0.246486519549144 -0.0284162404206832 0.0494044614440115
-0.197812889208422 0.195302883283618 -0.273807154518321 0.141972000142344 0.209615211875992 0.280037258125957 -0.0894949888176024 -0.195804069913684 0.109059529988209 -0.159163769119306
0.12701354353215 0.0901562866330827 0.0460554241655833 -0.0145700370208392 0.274494684208432 0.523815247259173 -0.0906300570462902 0.111228220661992 0.00300662853415415 0.114933266749704
0.115892453400716 0.291455734193675 0.0131339604922242 0.0893738074965542 0.276339935106212 0.132284077728407 -0.219452882367397 0.236337182514705 -0.0788043201460088 0.117730320309175
0.180413509639243 0.367841678275374 -0.00338289284917601 0.0763215528760064 0.223733966547819 0.086604086172641 -0.196371504705994 0.259775827538332 -0.0461476284353137 0.0451448549624535
-0.120630498974899 0.263048880088416 -0.260114031280624 0.178072086536228 0.170875495366392 0.178226978978219 -0.140771176592024 -0.162908297520789 0.130572339920321 -0.0835135181173682
0.037885515696969 0.294106852594498 -0.308225552724437 0.123611303706012 0.159888775261758 0.0848729105102236 0.0492576278100784 -0.0995003148078595 0.107335976114214 -0.124110173786999
0.0916168461996655 0.0897558533039729 0.116863259878779 -0.0631567925243111 0.0583513053420253 0.082294190066399 0.385905966956355 0.20573898048682 -0.203734920650014 -0.0689528526164014
0.22784899079118 0.18154865521266 0.218685844530911 0.205587527058373 -0.0498057732916065 0.0986187691681173 0.101323119672671 0.323292873120899 -0.168491895385268 0.167725049605589
-0.152248159248676 0.301896240562098 -0.253812818468992 0.0169786392574838 0.23919460021646 0.16447185332608 -0.00945214787460483 -0.139356326947967 -0.063110804973875 -0.149196914808488
-0.155779895837923 0.322268279618308 -0.292288098420322 -0.00911117569433002 0.23006391608681 0.1705542093915 -0.0121994752089171 -0.138611623376652 -0.0416452587819368 -0.202327604128391
-0.0358648171456781 0.2581430130828 -0.227182478439381 0.117037910037293 0.201800727218213 0.136571864846621 0.0700382208006768 -0.148613495223392 -0.0306280523721057 -0.19145399120852
-0.139282277853579 0.120973310977263 -0.340401279040453 0.13342851436972 0.264822604995002 0.165358290164078 -0.139577263043571 -0.148515811698084 -0.0755814875392892 -0.10283099217542
0.0695694962680861 0.0731951172996883 0.0972710428029636 -0.0171364422367987 0.0522890361789501 0.0477965691490957 0.357712202991822 0.251916460382152 -0.218526504951211 -0.0739686427984902
0.0996173812219552 0.280586707580375 0.0144900481455508 0.0770479775886199 0.238824494477277 0.121839718427111 -0.239114962578361 0.221985591623392 -0.107088742704887 0.105288003297465
-0.0952081681258675 0.225577777470914 0.0471883445398743 0.0111669160798758 0.0870277350118406 0.52866400681438 -0.0819372982429045 -0.111277897387072 -0.137788803595881 0.0963545446097859
0.138239250694126 0.155999544935748 0.198440880021188 0.109043319414842 0.0310312703704175 0.165058283026758 0.125383903417125 0.345734539594292 -0.170426472364122 0.221435937500019
0.216348616324787 0.161546159237995 0.179455271513298 0.117803171392853 0.0763426339380132 0.0617187143191524 0.0609005555250111 0.340686059194211 -0.138103843053994 0.212069083481443
-0.171232661293046 0.203402310303835 -0.230547946060205 0.180625976243333 0.250052106411572 0.283179780088998 -0.13572145526063 -0.191932547457862 0.124233068327444 -0.125206842892374
0.167445486544771 0.214643950214313 0.166771423860737 0.226518602724994 0.0433024138638089 0.114591641330495 0.1113490054478 0.272863614354454 -0.181232009487925 0.183194327842631
-0.128927018393534 0.334675505602718 -0.266127480000686 -0.0226944412176106 0.257601791395669 0.169922015266787 -0.0364243977813498 -0.130363159375815 0.00714786269127422 -0.170287086073373
-0.137908396165856 0.325452995681351 -0.288058124121545 -0.0353638803027914 0.301021045621539 0.194135720000903 -0.0346007959686023 -0.114427105365601 -0.0525691440757525 -0.178198783717448
0.0844063507136215 0.0997434842755095 -0.109930734271052 0.0292297153227948 0.0605380085808001 0.146133756236441 -0.15517722390799 -0.239135634795829 0.0717979260816322 -0.0535401152929558
-0.175613986317092 0.198923969191312 -0.248742322915003 0.178359371570786 0.245775730553796 0.285154344695283 -0.141623497198891 -0.191006270517866 0.113724605957888 -0.129707819715478
-0.0690475052641406 0.126110953525033 -0.380705254342288 0.114362636088955 0.256751712205476 0.276525620207838 -0.143890511405333 -0.201620909657994 -0.00381892103076895 -0.18370583690246
0.0164415120343231 0.27722886402593 -0.329361688133904 0.159886232941965 0.17534208369303 0.15820420868666 0.0583809987516789 -0.0821337631575473 0.096968066838555 -0.140531041876861
-0.128039632808169 0.109201590067359 -0.341675586833824 0.107493108429745 0.260555300316182 0.191744663276025 -0.131255026486198 -0.138157705885432 -0.059442903734605 -0.104159757726627
0.0546940702501103 0.0893294347323949 0.0944009369266005 0.00518843193051671 0.0662101198142316 0.077816329166833 0.388952791836461 0.256595534655126 -0.206201461414843 -0.0615481250403986
0.14609257598848 0.236877127008209 0.0875695561452322 -0.0102548096579445 0.0628945264784305 0.0213766625166577 0.251537083855396 0.1646084986512 -0.149883773111406 0.048592427422535
-0.131017200720922 0.3156588464422 -0.255496868893946 -0.0304249043327668 0.277456582073012 0.177094465770713 -0.028723700363937 -0.153749336628624 -0.0738067509541703 -0.159831513395759
-0.105217198163685 0.195278394556053 0.0499808012573556 -0.0160379238734256 0.0628643003629436 0.498553191140961 -0.0635246164690878 -0.0668172024960415 -0.128823409790867 0.0812507224468916
-0.0922462805748911 0.187783897093345 0.0962525162176338 0.00529868949664937 0.0973561373094664 0.528184388154821 -0.0782877556465604 -0.0629992357787428 -0.135608834802353 0.0957618343810136
-0.192783612962963 0.20016226626817 -0.268610181639072 0.129699249546425 0.213506581243745 0.292979564678532 -0.0769400896567693 -0.211028928291427 0.109977169609243 -0.14550518644519
-0.0677141683098775 0.194858944548095 -0.276827005616627 0.118063294333127 0.289756548901857 0.163708933907702 0.078837303679734 -0.143131393093527 -0.0236221654780797 -0.187283152079053
-0.00617895738087955 0.267694955811034 -0.229758457997927 0.0846326933953381 0.230640815551018 0.159510979178972 0.0417599397504806 -0.159253123332824 -0.0295257026869481 -0.176705722707204
-0.152447893637729 0.233311212775674 0.0124735095842469 0.0942376342443531 0.0501445809324768 0.475608352056246 -0.0563545394201148 -0.0738214977802705 -0.201038206632269 0.127410759088103
-0.0329311328376621 0.241387260790552 0.172092939457439 -0.0761148217110649 -0.165868751834666 0.107141893900448 0.150321021234865 0.0481720609667303 -0.281533403190394 0.0408365270685403
0.154362399242604 0.213264420673493 -0.0407123053564647 0.0944491933564904 0.18204889389452 0.095000495035586 -0.215612932919492 0.177856359326296 -0.035685450079099 0.0948755084221543
0.0912728233379739 0.111118420812456 0.126429008123837 -0.014260246182317 0.0501140110462538 0.0477329048603426 0.387779911033816 0.231008257751915 -0.206635378661418 -0.0371131809541961
-0.163626553376261 0.14869171096576 -0.290804431966369 0.173769873630086 0.210914567124969 0.172733524952171 -0.141077480271749 -0.168321864484651 0.0610978475342772 -0.150572486657983
-0.164362432519622 0.214046939145239 -0.268413762011255 0.149862130188782 0.202361951388171 0.2942843375222 -0.0989871268348255 -0.202816772576253 0.129291232385602 -0.148949003704622
0.207464471401733 0.168683553141729 0.163759126110402 0.123227841689909 0.0186082355126028 0.0528890170795858 0.103376391689916 0.225255336988814 -0.218255621531759 0.119473952741798
0.0867311880483514 0.333482599153029 -0.117573789862756 0.123677353595428 0.270643122821115 0.17968684143638 -0.242166131431185 0.197572318301864 0.0313610669659955 0.154464470242048
0.205667279830934 0.205213377735199 0.150184958319013 0.168347381040479 0.0251902364692672 0.0699530406516615 0.0660810286761633 0.303619171816058 -0.13517297959894 0.128855281183105
-0.116416249088132 0.254425746878449 -0.319864042575608 -0.0394380332320244 0.29803860107411 0.194351782198909 -0.00880130152337311 -0.0885226161391516 -0.00659016260851347 -0.0780374419130267
0.177032646809192 0.404595993825885 -0.0100266424885963 0.0515908895788219 0.231358533378926 0.0791927102778291 -0.200779646522084 0.253981490150866 -0.0316304917232925 0.0553689743720117
0.308915082306383 0.267537763124972 0.108052009888162 -0.105783159240532 -0.0997517124606725 0.185261877481038 0.0680991486639531 0.221574991832109 0.130096242829173 0.176405476564593
0.157373252939232 0.195706482794947 0.13002040190246 0.161913138294886 0.0205802618783208 0.0605792571222566 0.061731053805879 0.2976007708304 -0.183717761495359 0.0880864395993654
0.133539482114819 0.0944171557098526 0.0633696783995556 -0.0306110187326257 0.281867692633099 0.523244314338527 -0.0919208402380761 0.130145839585025 -0.00862992495721241 0.103483952898403
-0.0698617598366438 0.179340493450245 -0.372954707687148 0.120279401915158 0.241091200314906 0.273127068710973 -0.114930247171265 -0.162069216579064 0.0237887334277845 -0.194254516692874
0.140196401028279 0.27918633721274 -0.0198615895801263 0.0682708428289051 0.137664775749869 0.0871599806731434 -0.255664956872502 0.198788220133066 -0.0433219333859835 0.0922827792522307
0.118999051278914 0.15506344335467 0.0912252460468168 -0.0756578722149438 0.00707398643624634 0.0326979592586783 0.399669619288428 0.225095057400236 -0.24406169104076 -0.0876831791099578
0.16958471111104 0.204792973366374 0.147894410321662 0.127895942892372 0.01674498901573 0.135382064966232 0.133062489903328 0.295391903295948 -0.221960053255228 0.235610178187678
-0.1450139142335 0.213627502452752 -0.313488545147797 0.253695091105721 0.288126042786415 0.206678193517032 -0.0832921119936678 -0.159753771482842 0.110111421909829 -0.191214244295168
-0.097999916314187 0.17815526216185 0.069052082764903 -0.00123477778078527 0.0952038191388285 0.542210311625149 -0.0402817938694335 -0.09262240570042 -0.124621857346043 0.0819199390238429
0.245782708224975 0.124939952321911 -0.0166384341773416 -0.0403644211446524 0.178927588114768 0.515879390798323 -0.0911995379706518 0.0952862718470499 0.00490592718587753 0.151742165732727
0.0289317370258563 0.107655104608153 -0.199310076174454 0.045149698779352 0.00538360209739847 0.116402614621279 -0.263757948215676 -0.195495018852778 -0.0556528006559332 -0.120734427530095
-0.112018588044706 0.251284851143276 -0.290286403401774 0.109168608470908 0.224999600348557 0.261528761671521 -0.120989983012049 -0.13244312464896 0.00343341407222288 -0.0584385463743132
0.233046612477649 0.145270044272309 -0.00501793686967859 -0.0199229672071688 0.244223819764399 0.478134600731729 -0.178809138608516 0.131564241811509 0.0109473588639252 0.140229833484759
0.226315489523793 0.133096036499769 -0.0603197930601465 -0.0391935166418502 0.203251045411553 0.469479787226202 -0.176694480484047 0.169594447671211 0.0339562059208491 0.144255319089983
0.0708305403881023 0.186528058103785 0.118546396964162 -0.122399376696014 0.0106742094249367 0.118320109282635 0.374555534065375 0.11951288808111 -0.164910086416194 0.0483325366567092
0.0630013830654045 0.0938947761216525 -0.149114570606187 -0.0289777710320945 0.0173646610782569 0.152446766562822 -0.220116619489094 -0.244397512054965 -0.0991029730437196 -0.0705383260910078
0.00268133385175612 0.243818810079926 -0.369989003912587 0.131843336632127 0.189134549213658 0.0368789384490354 0.0437658553377365 -0.102236150466813 -0.0340795220935673 -0.123453754360779
0.282815535609675 0.28134502790294 0.156026357167292 0.039160545103145 -0.152018534773021 0.0973277642386145 0.296053303746702 0.206383058827904 -0.00723511286983648 0.295161161368895
0.221917073283407 0.238441246237872 0.0621854047298331 0.0121637727265158 -0.218415821322036 0.00786199281111783 0.303960418573139 0.221966237024706 0.0682884944596364 0.280519302145623
-0.158691983383382 0.221183044690616 -0.252381227704981 0.175919884738958 0.273338688176931 0.258745473172722 -0.0752408878046506 -0.205893369902828 -0.0633237499812921 -0.181702711630413
0.0408380352823825 0.111137959660512 -0.212074795059309 0.0343580882411245 0.00944866423327285 0.134136758176361 -0.267798427388076 -0.186655153151784 -0.0662029461693006 -0.132755285800084
-0.106925678622132 0.135773700465814 -0.358278953417431 0.202573700240341 0.236788347014482 0.224847094477909 -0.155054103319633 -0.18692430370989 0.0304631784754064 -0.157890555637687
0.222786146854693 0.176939567001694 0.111153596483791 -0.0939771703943398 -0.0703049765616883 0.20194995710891 0.0247617458548257 0.215925897977786 -0.0249755218972752 0.163446726009517
0.237396578297859 0.240987541091944 -0.0228984667590109 0.00645313873968021 -0.241172808248497 0.0722094146821187 0.293527497035671 0.220379769049461 -0.0323673555214023 0.39623227944947
0.206924477955138 0.239579051125377 0.115722406347384 0.00272712692007826 -0.220922113964004 0.0315952247870377 0.306132015540154 0.224564432962849 0.0605645780569982 0.325246529076405
-0.138211772948758 0.060952530161232 -0.274072258266478 0.100604907183041 0.330223171934298 0.212470576318158 -0.0435788705750105 -0.107481639910087 -0.0501354915726697 -0.241078429548325
-0.188009378476217 0.171255865641598 -0.30242074611888 0.116097089070045 0.317242007085248 0.294582453728117 -0.125178122156065 -0.255862423524443 0.0951607097506773 -0.0708801621405366
0.113874730703184 0.129088637790054 -0.19226873665347 -0.00394286499471067 0.0632640311566619 0.0929127255252674 -0.175353687411203 -0.210524102784098 -0.0643583292129176 -0.0444933296453828
-0.149996516938277 0.204780573973006 -0.359217495481499 0.159873177327205 0.257948375331333 0.307347009476662 -0.0795220058985063 -0.24863617933232 0.0550435611049202 -0.0547672610549402
-0.116262221159825 0.174259139987801 0.0398677338742499 0.00596183169814416 0.0627094483024463 0.482072765938556 -0.0605460312219746 -0.0691758464323263 -0.118752045598816 0.0958118191051562
-0.0469438710652104 0.180558230116233 -0.344041504690248 0.0898099103743712 0.27593214034617 0.247702450212403 -0.088261770957015 -0.188726817547845 0.03267760342348 -0.237888680040058
0.235267681363922 0.141642767545019 0.157687510150166 0.128996291344593 0.0260060371819077 0.058680031735369 0.0983364713896006 0.265894122338247 -0.219166862708259 0.122299451934582
-0.0564092365991264 0.271878173015072 -0.265459251869754 0.0999349770919097 0.284509855930826 0.181649038165204 -0.00423172254062591 -0.0750519969243489 -0.0229641014282745 -0.102277268664646
-0.0325774899544834 0.256018589455392 -0.261393334248051 0.0616261634549528 0.189159526374693 0.156762478666521 -0.0215547376797184 -0.158365469936777 0.0660357442042281 -0.136044819291817
0.175396489274298 0.162775316874549 0.145703703352149 0.156387161985001 0.0305284123646326 0.0597892090481131 0.0921177302844679 0.300777168785325 -0.205361033556619 0.0837106380238347
0.148548515990123 0.201080089582684 0.140479176287475 0.201932879468364 0.0388583234096356 0.0713165943847801 0.125826998998769 0.307759787097826 -0.220862244368005 0.213976750651052
0.0169431236157844 0.241911985465022 0.0462236584375606 -0.110853554583468 -0.179329743664383 0.0103472351342573 0.133921126887665 -0.03347353554615 -0.216967466413174 0.0530986485439193
0.173897695948702 0.258232152564407 0.0854025616205916 -0.0300812746845097 0.0284453040354371 0.00340900637438427 0.278398842815731 0.195754451984266 -0.12815772844282 0.0515340018167646
-0.140429212005473 0.30077103209925 -0.294591549260591 0.00338438824094002 0.240747925130296 0.186949389537142 -0.0148464455912532 -0.0798751167707793 -0.011246945546854 -0.18303219174544
0.0725916570000013 0.381198039782985 -0.0629984356463983 0.104240462172422 0.306856237806211 0.122949534751338 -0.271030320409059 0.191217620277803 -0.0248001931055342 0.158370272989223
0.255507672019488 0.158988255254999 0.335841097244456 0.124048476578647 0.0770758212047765 0.0297335308502807 0.0203229220772659 0.25236331808547 -0.263536231925155 0.122272925767133
-0.100836274366105 0.245078888773521 -0.298053402667336 -0.0160280485766001 0.299410488729435 0.191794260672771 -0.0351432111652368 -0.0752391549635057 0.0432379888700286 -0.122932771848163
-0.154479985897139 0.203486285314321 -0.369412747764047 0.18174594751053 0.263277466758649 0.307730618529543 -0.0965194693493701 -0.247761969191503 0.0344893528934529 -0.129389026068522
-0.165232072117524 0.238987717587358 -0.256651095976908 0.139531152549716 0.168457946994864 0.176729858100475 -0.124327215362724 -0.159023667302574 0.103639107441776 -0.0737248380660986
0.218747005128051 0.180807735224167 0.123746908142183 0.172591431804733 0.0368976629400989 0.0727881482186529 0.0715346115368888 0.316385266860905 -0.139543960065437 0.163695742301285
0.31887009609234 0.18471752550389 0.169760697394955 0.176553782809475 0.0349538148981354 0.0812585555206971 0.0366548327664287 0.291100661668469 -0.178137609387472 0.169316102966294
0.0601480179840424 0.358347381257454 -0.0842143204641936 0.140130474935559 0.296755245448281 0.120144639993437 -0.202925458001325 0.179928119273969 0.0235627908839206 0.14139776574952
-0.152447893637729 0.233311212775674 0.0124735095842469 0.0942376342443531 0.0501445809324768 0.475608352056246 -0.0563545394201148 -0.0738214977802705 -0.201038206632269 0.127410759088103
-0.15638912234085 0.246426430781297 0.0177188157139461 0.0897036709153406 0.0604755346662902 0.475796190658112 -0.0609084924575683 -0.0688929678037856 -0.216607060706958 0.132439723053707
0.189825400937281 0.158345651627057 0.122298849296502 0.192934727468088 0.0488369123164206 0.0474174499930127 0.113791120657216 0.275443010327262 -0.206648886508151 0.0644927979869662
0.240361075128157 0.257651222055412 0.0281825300245755 -0.0275571543476862 -0.24089390977208 0.0577474369611953 0.25513192342583 0.194143232348039 -0.0366001593395046 0.355653978299705
0.162468881782312 0.23526349112218 0.0329857880594865 -0.0417328611369039 0.0135381424323209 -0.0441383028130799 0.323740557388586 0.148245884312431 -0.108520136759104 -0.0338759568250325
0.0583785852543264 0.11552084005526 -0.176081889651305 0.00752025727689964 0.000646054531853277 0.218936153506134 -0.266911926323369 -0.187510765719237 -0.0506192121613842 -0.138550596391192
-0.165442019319225 0.0745339113589965 -0.260082013354314 0.107392537748734 0.395947179658629 0.25357310477275 -0.0594709130207149 -0.116391153688258 -0.0891557013097448 -0.282846913673421
-0.152825451701573 0.0896433335979221 -0.270269609052028 0.104929964317627 0.400150030461114 0.262984424838983 -0.0677029006251202 -0.115935200945302 -0.0988322456606685 -0.280215240675928
-0.118334787600793 0.0995265781690672 -0.306366564553175 0.136785817690745 0.391700794973539 0.265821019665506 -0.0636418793639217 -0.0754872404125339 -0.0461644343586908 -0.263262349001911
-0.141070401583712 0.0848853315955416 -0.282032914567905 0.106670610570713 0.360095331037312 0.25633554674614 -0.0432902243087031 -0.105606845355962 -0.0698553311598381 -0.249064123491057
-0.128143558213502 0.266329755251341 -0.291978907438334 0.116005443172301 0.224577582593954 0.254610662647367 -0.107657146217645 -0.146315783787386 -0.00239826424490784 -0.0623102357334334
