0.289380291274386 0.332731690033541 0.172141425790754 0.323243348127409 0.206619845237344 0.17587421579247 -0.19296899172935 -0.102685633326955 -0.24085311097501 -0.35256783301636
0.18726476233717 0.60984127202873 0.128011744496923 0.243039237333223 0.24117748853889 0.234381911995139 -0.0106210628490454 0.149881213193115 0.0343027956383223 -0.336258010058113
0.434271505549104 0.623844296013345 0.0462512220526852 0.261453933508272 0.253301873747956 0.176530850024194 0.0164682103210949 -0.0199086771757962 -0.271122527467498 -0.450915698788534
0.214950052648292 0.145196160333105 0.339100051076222 0.222837162465054 0.198228052262942 0.140376993093198 -0.222514650298696 -0.160274416828143 0.0674132983392408 -0.18665683254189
0.480123993454947 0.558057676584269 0.000576772749303827 0.259089086022332 0.182135137426446 0.223306535450128 0.0466280512105734 -0.016676989593083 -0.199562402107912 -0.398974762490984
0.331063346121991 0.494752671892062 0.23549233476216 0.125108193648552 0.311924328008568 0.103830080971078 -0.068283510073695 -0.0891236032580941 -0.0224902252703049 -0.199644503287687
0.236888167718294 0.554125901684124 0.150815256187127 0.184937707724096 0.218550505864253 0.251044902212502 -0.0238880347149342 0.164203142767352 -0.0342551566594666 -0.415833701672872
0.348073894121791 0.564993658879527 0.293038521659991 0.0161356786352016 0.377470544462761 0.136578285235857 -0.0102856993760375 -0.0894689818608549 -0.131986604150772 -0.145979407747738
0.226377180847396 0.25596667927173 0.231258464300541 0.217136984375808 0.235439740727252 -0.121207353490932 0.0314948571374238 -0.0652381839733944 -0.176332142020596 -0.244540858595604
0.235784602705182 0.234577899856945 0.0672052329837913 0.352665400540804 0.129412385163153 0.16304740941866 -0.0810285589601667 0.0397256672731986 -0.176568316506929 -0.453065554356614
-0.211971992931678 -0.0813008867744283 0.302617854833947 -0.0944120654218607 -0.3442486928063 0.492708197698963 -0.0585556301947203 0.133303217368382 0.0745862373839341 -0.325236113553162
0.392846169448266 0.459949193798463 0.258196459883724 0.159465198869885 0.348480255587619 0.0415734307970523 0.00944333081334945 -0.120127661397873 -0.155749264377058 -0.0770567508693663
0.479775298137463 0.438939689007849 0.00237158128515585 0.199801830417767 0.147018616699803 0.205124845557015 0.0283015586456907 0.0332714041489518 -0.308638551925408 -0.332187202532759
0.218707659391401 0.233331236428707 0.059106166238282 0.345261202018917 0.146094527605924 0.187505920648826 -0.0992270833580257 0.0207495570573541 -0.171984521715175 -0.447035289125415
0.488000985491869 0.533013087355033 -0.00126672148430191 0.154963273709534 0.157059307584861 0.304968441245419 0.0225890310742264 -0.0336448249449648 -0.201412058823462 -0.388764514756316
0.260967541819801 0.394925407945486 0.129207788428944 0.345545288739779 0.165141452641357 0.160482673311113 -0.0762314190335771 -0.0712544854945472 -0.153092535342189 -0.446803890660759
-0.104785806909821 -0.0872022063679257 0.400067657649645 -0.0947392824112519 -0.357537782676714 0.404519812419035 -0.0852265928064481 0.127403468800804 0.111887191917983 -0.284771751269393
-0.130657611931277 -0.0795458793528428 0.293354355413765 -0.0998934774243002 -0.245805605815673 0.347900358274096 -0.0360534307811479 0.11193807033467 0.154551623167095 -0.31523953607407
0.238884025350781 0.266749416414715 0.0809977247565122 0.348622871454293 0.114555053506525 0.212486340429532 -0.10547565829389 0.0690137465745502 -0.171868882295426 -0.429081858369453
0.159956520767187 0.362099578865623 0.257666910392888 0.274051822904824 0.255414547426532 -0.190479105501726 0.0329414547570785 -0.0808951098516094 -0.139058465927142 -0.198393038637299
-0.126151697101162 -0.116995488619807 0.408304115097392 -0.0953135229921439 -0.377490012604487 0.418664086772165 -0.0790389936024652 0.135286652570043 0.102420080713882 -0.291363077314769
-0.109187889043397 -0.126046738836325 0.349510962651716 -0.118942122464941 -0.388534216711694 0.369670319635162 -0.0242455456678776 0.118322697118933 0.133980480781024 -0.209745823202631
0.295036060538378 0.485175096010006 0.323264807419047 0.0780804238587343 0.323129389931818 0.0710983129798564 0.0964293065885516 -0.0135168501770594 -0.120576786459831 -0.275360046518213
0.341944219129691 0.361072937954204 0.275917148153801 0.0584111609373812 0.137376897105311 0.149599173023979 0.0366583785786232 -0.0234983043753731 -0.151583881058326 -0.217186472937409
0.122580938692713 0.435824633282072 0.114242635149385 0.308348066147945 0.247170845551276 0.0999496575136453 0.0684771735430995 0.0200572080344572 -0.273129582715377 -0.18406530887542
0.21831859236668 0.573346915918607 0.148255948944535 0.351327672699289 0.10297300925418 0.307515270226581 0.0273979909836854 0.0572833194740457 -0.00590465071991887 -0.396478616368553
0.273463692433727 0.544681180666156 0.126796046758213 0.327829535914759 0.119420372574399 0.284025650647026 -0.00673764336771062 0.0821931633136472 -0.0102379240096068 -0.414490396324919
0.244052716573149 0.256247780662462 0.339497974717715 0.195320266804686 0.167182763933037 0.151519328597819 -0.273949758914415 -0.141448860830615 0.027019772203625 -0.0369672785521381
0.329695244074661 0.331603576047945 0.0987869064226348 0.505523828665458 0.132324227899444 0.283539243935019 -0.109737997866243 -0.0471792089812834 -0.0774874133591174 -0.371064228380513
-0.128457340103191 0.308173752220183 0.158275542509995 0.263083376343188 0.00180600114088589 0.159805512957436 0.0561462543510332 -0.0156357860682261 -0.125429144741804 -0.167112481111109
0.126339854681955 0.394258721361757 0.0719528584419665 0.331640722698611 0.297775347874771 0.150322620936026 0.0617394670159767 0.0110852931352453 -0.187993394786117 -0.119992301411999
0.240226553925755 0.564528408388276 0.144805144977225 0.339502081380604 0.0927199424628844 0.312495090921139 0.00346490802779666 0.0659454798900311 -0.0219565720493638 -0.390840919356715
0.38025228477207 0.482903262202828 0.0462591280413335 0.258946991208066 0.145558468422212 0.176112150669571 0.0643669812598705 -0.00610646240214078 -0.194665965793513 -0.340070634148585
0.110221796864467 0.424583298237185 0.0944127380553039 0.316922145074567 0.315008274678018 0.156323757969144 0.0615862750530236 0.0202735068563828 -0.195049111080033 -0.12163047896814
0.069373837255108 0.392229974102508 0.0458251736846191 0.303112958402271 0.258855215209431 0.189386738517606 0.115172836779031 -0.0817310956016305 -0.205057270493991 -0.125574692325922
0.203513676607832 0.499245930162946 0.111062852377844 0.291497658190421 0.200698802539153 0.285740685045794 -0.0082866964137895 0.147699513550405 0.0455346064170729 -0.323058635645791
0.268235475759211 0.253000644508027 0.366137522385284 0.199782262382831 0.209887740305582 0.153286708235763 -0.263208058108852 -0.129271932803642 0.0108457368991313 -0.0688860519856746
0.233540157941059 0.587117205709128 0.127827679488629 0.242096205194469 0.143618835215347 0.249981728745027 0.0242423274173323 0.218089783489281 0.0550843059252674 -0.335985925804848
0.0506395588040837 0.418140922728854 0.0862201314974893 0.337619777052541 0.280007346680104 0.160689122550012 0.0923686314063742 -0.0635154011467988 -0.236621729878564 -0.171013014961941
0.0873324702798345 0.354782804550731 0.170680385386 0.169252821519182 0.377459657366864 0.196629427875955 0.0867848721649603 -0.104434928541017 -0.0783977300920326 -0.29746997303519
0.376822357217946 0.500290236024846 0.0528181734107541 0.236674610840922 0.162411445088793 0.19012121143616 0.0674519230160212 0.00719867373050719 -0.187006499667237 -0.35405216237826
0.195035834094217 0.519020206945931 0.141693722814864 0.28694116577054 0.190667302302051 0.320692919684099 -0.00493905126161675 0.134188815659234 0.0386622154989035 -0.440591543874363
-0.200177247425451 -0.0783603410138394 0.385619143107542 -0.173663479116043 -0.276085362794264 0.451099960842068 -0.0731866251439653 0.116751291003831 0.194811422390375 -0.244164936914418
0.16914116870597 0.552457596126434 0.172199377805347 0.186033363282735 0.165566774081322 0.169212454149939 0.0161438223532717 0.176196977660009 0.02086071316655 -0.329769431677793
0.378821582399682 0.492159325220236 0.0859240376610832 0.269214514014239 0.1491587191292 0.173325287629233 0.0791904055621682 -0.00863651142828046 -0.251346634301331 -0.365985124772619
0.372747678478344 0.476641873107891 0.0488518698402786 0.259861805978532 0.15081335717841 0.16410864082523 0.0668674841272198 -0.0273703625000123 -0.195105667115795 -0.354068687440342
0.265625208473687 0.358392722617837 0.108567593459965 0.351922353002297 0.102826919931726 0.222127623852173 -0.186340557857594 -0.0726864921756452 -0.0688237162169952 -0.45495494122265
0.381777958882768 0.492205772550541 0.0733811066355009 0.266984278245815 0.155971878406204 0.177573841547444 0.0830846720681914 -0.0164471861804093 -0.235984359313442 -0.358151430408754
0.0106492715262809 0.48686999761764 0.173295008118935 0.175815192816559 0.355565973178979 0.122001974321476 0.084815261564861 -0.0871872206555722 -0.0995746622669108 -0.165496144222581
0.244993540813762 0.396877753012837 0.0997088895715412 0.365963443093483 0.123112768302059 0.207180939998421 -0.162698440158628 -0.0761581604397305 -0.116860718458166 -0.397763881428619
0.24360310309688 0.540000285400758 0.0899392488277081 0.282410571740983 0.10505512845242 0.274327619825498 0.0508246728126512 0.115592633186049 -0.0171924978205047 -0.394022680286332
0.307519650075015 0.388261401777183 0.309585248192196 0.05865751250527 0.175039659485622 0.0114163241513845 0.0204092138230261 -0.0133581787907156 -0.13190827364836 -0.189314190736122
0.390085247661248 0.470324807568275 0.323698328126966 0.0846500216523877 0.127696595173628 -0.056112274515975 -0.151554244623761 -0.079465223870767 -0.0598996169987522 -0.185687865671757
0.474375256991816 0.499886044397709 -0.0100192666181748 0.247056356143635 0.0923369722487675 0.109223982487031 0.0763885655401433 -0.0402678652318526 -0.133219662986497 -0.309349874558242
0.240937185388447 0.297292714931657 0.352737390133097 0.193274856588864 0.193711619846045 0.0932601510563767 -0.23510645475105 -0.15086812628693 -0.0071429103983239 -0.0553885227707975
0.0534390594397896 0.553406823746578 0.155972172589725 0.119872295624844 0.175115174413615 0.255278866715769 0.101779453912393 0.204991209329767 -0.0270123774623164 -0.346575684245702
0.368649837047499 0.380002328936035 0.16034394552584 0.427097469565704 0.144353011631741 0.226936008995951 -0.14120888911762 -0.0738019776554178 -0.124699066329912 -0.364009537021498
0.195021143075474 0.280765996894756 0.264824259592419 0.228546662283478 0.228523033293712 -0.106533845775151 0.0447272961777315 -0.121795476260228 -0.0741587544327769 -0.231123932837068
0.095801550448269 0.346352100814441 0.169401864990078 0.135746643999166 0.330472320295417 0.120569072999557 0.148792649230659 -0.0624034887028832 -0.079777103561338 -0.176506578564286
0.170409171558197 0.490689212667857 0.136442448105367 0.257702905033458 0.268695486752814 0.100940251624666 0.00956177496242117 -0.0258908550895795 -0.269558131589198 -0.450202761867978
0.406281283858183 0.475151592725304 0.0978444524927964 0.286179665589823 0.175879732886169 0.110974070391758 0.0276705561344088 -0.0340448532792062 -0.191172043368232 -0.404165639527721
0.256649750037386 0.38700242803246 0.107226119726392 0.375486051373128 0.122701928615685 0.214469249028062 -0.173227266714392 -0.0764558625851667 -0.0971072973711933 -0.402482592638952
0.447858733558334 0.470884581485097 -0.0825426368145294 0.220422300229953 0.0776866798745676 0.130443434200708 0.108888827270953 -0.0270587726220259 -0.0616967274831968 -0.345271232861167
0.0979973912303425 0.45644137996199 0.103738132144101 0.274058159336445 0.318151622105799 0.114738705418376 0.0774515782426735 -0.00646026851973222 -0.224314598625965 -0.121408765546779
0.211990569513615 0.537453647910055 0.102500844303447 0.253272945447517 0.169059371471137 0.275139798465577 0.00220006306234796 0.122944317626437 0.00510329676108431 -0.367780891871491
0.179105965748557 0.275400680617413 0.231148146200195 0.245055824954791 0.216834128309025 -0.10259362786161 0.0747192469920906 -0.144833723789789 -0.0819961963204352 -0.253718303234114
0.0744429763475833 0.430120202720464 0.0950130643167734 0.300204404843395 0.234699016642613 0.0975802221075099 0.0590267863031935 -0.0750685141436007 -0.253595221954649 -0.190107723314871
0.467352763537896 0.43761682926301 0.00173241521445141 0.276339368281417 0.147095174970853 0.107931938827272 0.0779626946472359 -0.00878389784019013 -0.127591416782403 -0.349623270615988
0.122248714412685 0.502898127006669 0.151965684179304 0.152686205011 0.104220400712552 0.271926020254305 0.142821276827996 0.214124301685577 -0.0056934629524386 -0.348997569987623
0.225095615575684 0.523323680087428 0.142415537461525 0.250234134146352 0.133232462844223 0.259300908333538 0.0918915659881892 0.00951800413813025 0.00131806994636995 -0.308846691285762
0.233027726996067 0.260822374006958 0.339097133597276 0.175006048488935 0.211742092540498 0.119451121177121 -0.267804871935573 -0.135220362150558 0.0182245655101599 -0.0370419121709687
0.49550588467175 0.47135691971732 -0.0684399973467843 0.249345530503956 0.115332608997845 0.0926757147406116 0.083488543921145 -0.0418516634391969 -0.0920000984822703 -0.38093006574533
0.176813357863577 0.349901614506056 0.222539115120311 0.0934468327201811 0.166037060189327 -0.0737715729732658 0.00658860821032404 -0.0882101837674865 -0.064799812090121 -0.1995431234458
0.406715621879963 0.437530885746872 0.200165731152077 0.134866229451614 0.279663562394931 0.0388291615904183 -0.0402244074006579 -0.140402556107871 -0.153016444438541 -0.080341228925999
-0.150695819459475 -0.14344609021448 0.458174724585653 -0.103323620277148 -0.343045584138335 0.344591812237492 -0.027883474114802 0.089204888321767 0.184669055950921 -0.285587039444645
0.298503879601577 0.348301500231278 0.170909667279442 0.402979616704009 0.128693827453997 0.19584911648128 -0.182092461486142 -0.0565986219287583 -0.173722820699481 -0.507330836561067
0.405601531811594 0.639773303545988 0.104032334093667 0.277441479746281 0.19056510649073 0.158983924558168 0.0392361993542761 -0.0032287256274812 -0.243738119795834 -0.421101485533551
0.339160442427854 0.297565221041565 0.138461880997077 0.278986289010149 0.00614779680919306 0.283474102365603 -0.0980894446321941 -0.0439688145199951 -0.161205164840042 -0.236007867259904
0.208347803654108 0.348319649374671 0.256516898825895 0.218727509957063 0.164068488048846 -0.134735063264643 -0.00672282317484887 -0.153167066691726 -0.12385939045533 -0.219843066199989
-0.143836665588313 -0.00796315376353503 0.413383836247515 -0.058718752260237 -0.411724048584263 0.393478361027791 -0.0306854042355262 0.239685945020585 0.178812384900672 -0.205079489718335
0.222146824449109 0.266959694006099 0.127641255810211 0.335920178922276 0.228005106150066 0.27109044621426 -0.181047479776969 -0.00557716326246835 -0.263125894094271 -0.451136412793115
0.0499081833242902 -0.0784285168537688 -0.0424557725143665 -0.231060231102077 0.0460561221227637 -0.0866146839721686 -0.0869608868538946 0.284531763121748 0.0915983972780745 -0.203673007417755
0.421962871581322 0.36942549554343 0.426322063230335 0.198965035493303 0.292232176829912 -0.0663968766193437 -0.118819670571934 -0.0249156666030665 -0.0390136535396903 -0.208553795623644
0.409013260583496 0.332430675411144 0.312744611402343 0.151072905720196 0.339766200367138 -0.0212648874408421 -0.133243013846862 -0.0579526008710434 -0.040860263777439 -0.196556182104004
0.436654793066066 0.379337135911564 0.41265444189365 0.169329084890273 0.295080193111207 -0.07058793152712 -0.0937237285182964 -0.021804079714556 -0.0527687230757517 -0.207676223041835
0.265253521912499 0.290818761440087 0.168886374902021 0.382248554314836 0.280606655991852 0.18774689501362 -0.110369376623656 -0.0580478204887622 -0.254676049519794 -0.383740507308963
-0.0435332550498729 0.265222263199538 0.0826414937186097 0.238348794318873 0.163179950530398 0.251611777736143 0.0984905271072223 -0.130863619401587 -0.0508994511432666 -0.0555146581455054
-0.062576960702594 0.283175771519709 0.000747799765716648 0.204757063645174 0.182345223367792 0.207074891156784 0.0577712497212461 -0.0827898301654726 -0.0812334635783961 -0.0631059870754775
0.402756207483714 0.309318025110219 0.318713793466461 0.137716603635298 0.180112855227069 0.00703701495371204 -0.0186471141054879 -0.0999493087170296 -0.0909136877701341 -0.26373102089006
0.450718255764396 0.493164351248662 0.0504568678329069 0.291335371007943 0.219534894377397 0.152312160374168 -0.0455668582110775 -0.0824942872836062 -0.146293674505692 -0.445953886997163
0.431722810164085 0.477873898976186 0.151804137622588 0.268031243667064 0.177539421664584 0.171629268383772 -0.0575076934211155 -0.0658662465995716 -0.131069370836916 -0.445810359973765
0.393364514086793 0.304845731896934 0.327168729547461 0.141859885398692 0.146095500561537 0.0155490394656692 -0.0567307329350104 -0.121720158708363 -0.0870687962876744 -0.273045181266585
0.267889449387558 0.426044964188492 0.353095469043959 0.0848493163696919 0.269977694683897 0.00884403206193369 -0.0546963545170648 -0.168075974286813 -0.0684412228874817 -0.141447794384936
-0.129623058760953 -0.0371675542611488 0.415205776988145 -0.0660797846121943 -0.321965454412698 0.379210364168561 0.000938602609430732 0.306109441906629 0.168464429146219 -0.149098439362336
0.0298999217124374 0.0282594433752853 -0.0243954347570931 -0.292504221963397 -0.0458206477225886 -0.0425856243473872 -0.1052739792869 0.405841270255321 0.151961003760393 -0.173160262468324
-0.162295240071938 -0.00468242453702769 0.427166939662768 -0.164906199627002 -0.372659352833433 0.382174062888869 -0.0655242223534372 0.250124772817663 0.133060121593617 -0.256427480730539
-0.021327279654821 0.23987450005678 0.0574180608029316 0.232209428217791 0.16394252032857 0.213515593015284 0.117790769374644 -0.0863722196945859 -0.034604235555941 -0.0542950131792009
0.325226627510593 0.321618458494032 0.224989656425484 0.190770294138987 0.22673422783356 -0.0254057296845249 -0.10447783542324 -0.0227964417521427 -0.119680178975016 -0.199723207818293
0.460841243579651 0.472900160493049 0.00378849334679825 0.198779474092711 0.276773133262375 0.150252067447741 0.0594666727956673 -0.101685898207845 -0.165544758935219 -0.503332166127867
0.371997780473149 0.320414380676073 0.201983798028137 0.217977146472241 0.278461330319489 -0.0454301655981098 -0.0943903061922148 8.73000917932531e-05 -0.12517172029149 -0.155736296233481
-0.169849830281518 -0.208320960721782 0.446548616219577 -0.230855502237299 -0.33760074248535 0.368928119381687 -0.0129621805058518 0.0379538750417939 0.0945889653165246 -0.276212725290091
0.0294596719644888 0.0206950717572297 -0.00712860703196132 -0.281325703771608 -0.0461306614378559 -0.0602339680593153 -0.114898079790461 0.413890137638881 0.139172255953494 -0.149198131216684
-0.159247238897844 -0.0145707051794017 0.415526448263851 -0.0499817394006074 -0.320189722729281 0.24900510885924 -0.00400501760760099 0.319269736428915 0.0941771282953089 -0.141367454969604
0.241878490895076 0.465236426763191 0.0668836447971773 0.499755469652944 0.200676291623308 0.260845276745931 -0.176201099239188 -0.0531979360509521 -0.24614848833907 -0.242217734613298
0.244355319477596 0.264251489833947 0.339027183096886 0.179163172492493 0.184464635123129 0.13705901705237 -0.258292138555671 -0.116631614043025 0.0106453490829444 -0.0448607965055604
0.129323632532518 0.428766422809926 0.0877284419061601 0.28582556907826 0.307591547351457 0.110684369762477 0.0525360372035094 0.0294257143078937 -0.217015652226949 -0.117530181212335
-0.0911311183010018 0.297220134745834 0.105826501535752 0.274258065309736 0.0588180552814352 0.161988735585193 -0.0558638554808038 -0.0574718622521932 -0.0801532366719552 -0.167526992290519
0.215879463146501 0.611612417806954 0.149701735307422 0.212226541567759 0.15955422491936 0.270707936336519 -0.0335913445743685 0.0480058298969927 0.00490498443878574 -0.389445911229815
0.455700886126653 0.494158698605217 -0.0930201839460964 0.193870745698214 0.130760523318114 0.147897835825686 0.0744747414628514 -0.0424444518529017 -0.0837129662723185 -0.348392387975106
0.406546186383008 0.50709686842461 0.0985497527542012 0.298614995830606 0.193672255264664 0.0979056412864803 0.035952027269429 -0.032815248817792 -0.199644696688851 -0.38893298865217
0.229723580270118 0.57038413621266 0.134740660569783 0.171602113594388 0.163824196040588 0.246053530468609 0.0274269709876681 0.0529880200265519 0.0162439664073763 -0.425578981520637
0.216931156639664 0.542501161010253 0.0812466154658178 0.266048852287852 0.134656541429995 0.273648016174381 0.0508560248500664 0.125011556819057 -0.0142432473500864 -0.397216720635942
0.0421461507795361 0.407737788642413 0.0907181509258548 0.334765860447187 0.278200971123783 0.166912367662458 0.0968923288069105 -0.0809832396548587 -0.236429226970797 -0.14825540942326
0.378821582399682 0.492159325220236 0.0859240376610832 0.269214514014239 0.1491587191292 0.173325287629233 0.0791904055621682 -0.00863651142828046 -0.251346634301331 -0.365985124772619
0.195021143075474 0.280765996894756 0.264824259592419 0.228546662283478 0.228523033293712 -0.106533845775151 0.0447272961777315 -0.121795476260228 -0.0741587544327769 -0.231123932837068
0.404639674414892 0.474194965408092 0.0973173273988176 0.288602417357538 0.138981805627485 0.10030324434084 0.0907228337767555 -0.0658890441172456 -0.235525732622312 -0.378035676678374
0.190313863562325 0.53803987175076 0.034479145606459 0.298908840269105 0.101758504225939 0.265560113247264 -0.0199683234885415 0.0458146653853403 0.0398823983504418 -0.437595456291402
0.0633977144736697 0.374365262844027 0.0584606321343883 0.32053301534271 0.352317965939464 0.175173473838549 0.06459624490109 0.0058700156150352 -0.192017384133337 -0.167947500882801
0.115084978953546 0.422073016880422 0.106039739765912 0.271251819428925 0.294598971063532 0.114044876327178 0.0304002230313515 0.0283478691836333 -0.232840793220396 -0.131409067819439
0.209281359989709 0.596766091581164 0.154187620186667 0.205810360043351 0.1550052188497 0.267217843228826 -0.0261972120151409 0.0391836133181404 0.00329815168491915 -0.381995896176603
0.193758776744012 0.348582382712808 0.248411211581084 0.13066899941227 0.176824769733206 -0.0753892427561327 -0.000285022422384026 -0.067163473742854 -0.0715923788578256 -0.235531714166267
0.292313330948859 0.499511723932371 0.250756254164222 0.198823000387392 0.224085455016473 0.113076604192751 0.0489944449494734 -0.0910098121779859 -0.0576901902235561 -0.217668654363278
0.44771955930436 0.506183413204174 0.0823917762906772 0.171952907448924 0.205081041370305 0.218193223282089 0.0647415864029585 0.0441425432785253 -0.184589413433826 -0.335134634832461
-0.0942329853456138 -0.0779816524699571 0.420880349678134 -0.0409168701896794 -0.305969822140632 0.393074019154552 -0.0986126578182062 0.120564102642911 0.121862146504968 -0.257153421393133
0.317801195499616 0.29813787804985 0.138911308570337 0.278875161036597 0.0279705163669121 0.291347272690771 -0.0699568121406628 -0.0684981361243589 -0.141606021942081 -0.210934248611823
0.403622745215622 0.415266218876252 0.253444211854655 -0.00063374521083482 0.15674252702666 0.111273795106965 0.0390614761218579 0.0246481440279272 -0.211553913726063 -0.231853184241586
-0.0351414560277699 -0.110318101169112 0.377038636813695 -0.158913065479661 -0.204990407111427 0.328455006618329 -0.00729004369459332 0.174516452986401 0.118043718279721 -0.230721372215979
0.266181775459254 0.431389623662436 0.275289442793177 0.168752176328607 0.238507143843369 0.118990922421688 0.0416175121106359 -0.0892176419382443 -0.0626405480667354 -0.218236451327711
0.476334375793073 0.527568042410511 0.00680543756560899 0.152253678513104 0.156140832907621 0.306888253914793 0.0385543687551541 -0.0327307692254971 -0.2066019110558 -0.385566321989011
0.119763558664736 -0.00200741400896284 0.0566478274039162 -0.295714073687845 -0.112749454396741 -0.0450542917093656 -0.117899057657962 0.497335501068113 0.179904248017782 -0.101154032839405
0.269250119670336 0.4791704495577 0.327583557062006 0.106661210907349 0.336259452197459 0.113895178807665 0.0340878270160447 -0.0361596162557091 -0.126849308227393 -0.227582900374605
0.208591329469318 0.243371875869861 0.0619990968220867 0.358565466918609 0.143396646136664 0.173861503390656 -0.0899392099617239 0.0260723962339975 -0.173653943719569 -0.453621192871622
-0.171874324113331 -0.219189857621311 0.292211575897959 -0.105449768196682 -0.353781197842784 0.371918744341016 -0.0935451982198705 0.156290440808277 0.14618432385391 -0.229364326093292
0.0556303081960796 0.0106980555867039 -0.0143125636021701 -0.26091243628695 -0.120122398866614 -0.154691192032806 -0.00691293777677063 0.471946870122691 0.125773186179072 -0.10388647324251
0.119763558664736 -0.00200741400896284 0.0566478274039162 -0.295714073687845 -0.112749454396741 -0.0450542917093656 -0.117899057657962 0.497335501068113 0.179904248017782 -0.101154032839405
0.344883470607442 0.370950114503155 0.140725550157235 0.397737215247424 0.240914806308101 0.210964374707908 -0.14369006185121 -0.0224742053005268 -0.118874952925017 -0.442090740051301
-0.152729313939903 -0.0497302293964339 0.362823333816628 0.00305687254492574 -0.387075529987916 0.332067817758444 -0.0517935140518709 0.284298551841447 0.149127090965894 -0.258560096178716
0.343249845620908 0.40753663802579 0.256265391298977 0.0734556809854345 0.304586575590343 0.0861840598910049 -0.0360228713607412 -0.0951857702308509 -0.105492394577687 -0.177378836987191
0.288789796275913 0.477823569708061 0.180387004186238 0.0407796165675993 0.273399385626761 0.132268094494628 -0.0263851630159052 -0.0872738323000907 -0.118152371700084 -0.191025814411426
-0.0810855801144304 -0.12199944541121 0.425385040768098 -0.0745911430319611 -0.316033035819201 0.370565148815831 -0.038364255821129 0.207147563092879 0.0929033598764246 -0.153060799025108
0.350714667372584 0.369616259223694 0.144142259916331 0.386134982789641 0.221450183996117 0.170457204567111 -0.14469739245173 -0.0186693675416551 -0.133661677369121 -0.452958034617563
0.282116364210025 0.318400294684464 0.295984196123558 0.271961499389735 0.246620958767617 -0.194712561578593 -0.00615405769663653 -0.082125530854759 -0.18952984874021 -0.207094846761192
-0.234169224900993 -0.0739361719544289 0.299179850813825 -0.107142543202872 -0.348732694552498 0.472318063163807 -0.0399941665433751 0.145832546877316 0.0718399308267071 -0.304354651629815
0.197206309437735 0.310521693235505 0.313873363602685 0.14507820363159 0.130798439695958 -0.159601207610567 0.0502518345047511 -0.170142332462671 -0.225607448090353 -0.215906269934332
0.114032143125304 0.390039135355257 0.0811870079586927 0.31744399119017 0.312917071582101 0.175435915158436 0.0537739128569654 0.0174878719737992 -0.198606275804312 -0.12343868725517
0.0929073205792461 0.383670157453239 0.184582808405928 0.164809914802382 0.349623791897221 0.175502747817021 0.0373792569873958 -0.111301178805067 -0.060169548900279 -0.251903452292539
0.0775971713300131 0.412883187208701 0.0686422246843049 0.324678515763202 0.258492956494663 0.144663297576179 0.0851827527434602 -0.0627548710305556 -0.257575445698456 -0.132497333944235
0.227998715416844 0.497361303050236 0.140040884982488 0.295962683502469 0.212249012960815 0.33330700253434 -0.0460484233065144 0.1473826823336 0.0428728103967893 -0.332851203632065
0.273521380990717 0.316429435144801 0.351281974875564 0.255049087413194 0.206816847831158 0.145519928403182 -0.203930409689312 -0.162689709360312 0.038137329425936 -0.224293373011277
0.316025123681911 0.465899165625835 0.379810236199207 0.250457725239394 0.225760737566281 0.0775162050873536 -0.0481801384562479 -0.179142165852581 -0.115530763265655 -0.20896862893513
0.245034383163451 0.564188247250686 0.0719326966108959 0.268389079673687 0.132964642715634 0.281365902446683 0.0568388048436427 0.112225091058074 -0.0272765006909093 -0.393501449922889
0.227998715416844 0.497361303050236 0.140040884982488 0.295962683502469 0.212249012960815 0.33330700253434 -0.0460484233065144 0.1473826823336 0.0428728103967893 -0.332851203632065
0.23797857261212 0.491767795434129 0.054116499885263 0.324472631612613 0.078924326723666 0.266856975074026 -0.0017189597577199 0.0464641905889273 0.073020610226822 -0.452956589186452
0.0668420247331268 0.401202167632474 0.0839598118256996 0.289180258353642 0.281614344380153 0.131690821907057 0.093016880704233 0.000398154631534286 -0.210807948534209 -0.0982716216583126
0.211036629836902 0.289460397131338 0.223288327165934 0.257674898892975 0.181191027569225 -0.119917829893181 0.0217130591585712 -0.121437125077892 -0.110355700088688 -0.263045912267883
0.404843477160048 0.534372066430711 0.140064980112626 0.260544004714682 0.174236714161649 0.0627626939560083 0.0674104994148911 -0.00201440604243105 -0.24275385765343 -0.39594825417315
0.391848403958867 0.43848909740789 0.369945796249908 0.2339130743867 0.193804247551235 0.0566461380253771 -0.0338022537486183 -0.194323531296611 -0.146787371548203 -0.240111812697841
0.231067240935534 0.542047069984729 0.12851275902822 0.197071549486348 0.14483827191754 0.289397954348171 0.0770895940817059 0.113063577650387 -0.012477472642143 -0.358714057804954
0.246397289014136 0.255389836942734 0.16987053946218 0.430057342009067 0.0844072488827753 0.211681207533076 -0.125557899064357 -0.0842799693381935 -0.0658080361495297 -0.459506468669626
0.266816620936952 0.545355043909035 0.137442688817749 0.255134450588956 0.133185440671675 0.262685048907941 0.0778933889305769 0.0364721825063328 0.00294122150902823 -0.397124597000579
0.0797378357972874 0.538584036460386 0.142867425706447 0.14572106232075 0.17907444837172 0.242230837089446 0.115956872160342 0.204694442519584 -0.00220918090375414 -0.326928890275166
0.0795527853802006 0.435407579818455 0.100123617535601 0.305615196531449 0.27831342328799 0.132714553104897 0.0367222525210784 -0.102932768541408 -0.239570014749472 -0.136574674907397
0.384173730669886 0.35051673206318 0.25367224556924 0.111137726751493 0.316636470079538 0.0796050313931344 0.00986270594154671 -0.154281900816346 -0.143309328376499 -0.290483679415262
0.144341878683277 0.475401074434389 0.157779101938482 0.128866461303348 0.110163577790369 0.257024971639618 0.139350311341857 0.199058851027087 0.00333308257440693 -0.366662723875907
0.0488300605165619 0.430505937396356 0.0876464668687578 0.333237122909413 0.322093729819841 0.113223766822143 0.0357170101049206 -0.069255075323828 -0.254650025710125 -0.172366675620097
0.168860664438743 0.505749693238045 0.116929732464491 0.102532676016972 0.120412834113616 0.198308491832106 0.121557123425654 0.160722534571268 0.0778666712424405 -0.331732058391972
0.115532468157137 0.406601142671658 0.0760918581669952 0.323750448484311 0.31966382112086 0.178073265345244 0.0725301396999567 0.00835055221403293 -0.205834397016175 -0.0954712133233407
0.100808836041203 0.383660814206198 0.0418434268942103 0.332292672965107 0.319649492618004 0.190754013891477 0.0648411924702973 -0.0069983452753373 -0.220261036452394 -0.170475093097793
0.311012000449675 0.47223585166201 0.0691531767043834 0.126849235541692 0.251322209609403 0.148127822945419 0.0747779513371532 -0.065734761100097 -0.0794321575513685 -0.488312741416633
-0.0613556101533571 0.285320962295699 0.0108434828425532 0.195121158417515 0.172146146243687 0.227485735249291 0.0696749536520953 -0.0845315924614354 -0.0701183468080866 -0.0706268013013956
0.352170352199377 0.372488026498821 0.326873531117738 0.172358626378942 0.165615321435532 0.004865455846182 -0.0891667730389139 -0.151822873660348 -0.032753967635843 -0.271221441370281
0.201672393326707 0.313790015968104 0.0738402282688889 0.330369517321897 0.253067102407486 0.197531699557307 -0.0747660220922825 -0.123761314325434 -0.29379382343791 -0.346155945835163
0.0641505622459413 -0.0726758073528388 -0.0216846020062481 -0.226282084893928 0.0440763046271287 -0.0994173217542919 -0.0681602125456862 0.278932381065198 0.0917643854595408 -0.171259361437339
0.338688434335716 0.354340166974012 0.323123638867988 0.200461516316858 0.144367739297849 0.0160233062287408 -0.0625585340127387 -0.16013899758949 -0.0422655131126217 -0.256751104136504
0.303620333309469 0.328532216593704 0.121571234020798 0.214320393074616 0.257393524991148 -0.0613146362240702 -0.12680023572701 -0.0178811743270726 -0.111167580118701 -0.231457964652977
-0.0434918155823466 0.256741045052734 0.0998923849493493 0.22753245109704 0.159135508538722 0.243523562096761 0.142582636885626 -0.127358812858066 -0.168146737342513 -0.0461374563432617
0.352920544462376 0.32981208246949 0.133467662327317 0.163835853831325 0.259933428648785 -0.0383470578734268 -0.130619051857713 -0.048147770312224 -0.166460379954384 -0.180593319981267
0.225548782956904 0.379062410297018 0.172148589182535 0.434331828502903 0.204958854223348 0.215265280700112 -0.109044758972019 -0.0640171133544696 -0.0872908252039325 -0.379215517379162
0.473980671584103 0.526974914567066 0.0607923075658767 0.294097044826311 0.197256281086294 0.132220041139837 -0.043427696017069 -0.0945214585573053 -0.178099447071731 -0.405230623902161
0.14012375184354 0.321716405220544 0.121383690404811 0.39679758794384 0.300409289922325 0.152904486274048 -0.0880765594820048 -0.0859661546306593 -0.236471637562261 -0.251923622789726
0.22598043569779 0.285357817297695 0.160301093653723 0.428582994752863 0.288655755210045 0.216894825244448 -0.150105637210176 -0.0997683565301693 -0.338646725836949 -0.354501422407807
0.293810476355939 0.355311813901092 0.146036380576592 0.1740295076362 0.272149659800421 -0.044697042339997 -0.123036953287723 -0.0458418986521795 -0.172462567911308 -0.222045401676888
0.445895534499572 0.504169823819877 0.0460353761314658 0.280809021847713 0.211176650271811 0.162551913715922 -0.0345010181740627 -0.0901378945478313 -0.147708517837903 -0.451237267544544
0.256514550269479 0.419990211944186 0.433268261356905 0.0897384686452993 0.274331563768595 -0.0195930105676916 -0.09278939464924 -0.152315392549719 -0.119832029388739 -0.158613811991668
0.245773788393112 0.405383845864376 0.122730035838655 0.414162239214734 0.255947697512433 0.211509270551385 -0.152968863514723 -0.0303517631749456 -0.22147805125397 -0.425608303095751
0.204047370136778 0.34342651149673 0.137430138805658 0.417784190087845 0.152531602403221 0.169139932962652 -0.0894708841824085 -0.00197789907668568 -0.15278784880491 -0.459432807034779
0.26070879384279 0.281240616608134 0.12266270703904 0.368113760065897 0.213470334873752 0.240558504341345 -0.136561174398495 0.0555321991300918 -0.194346085745674 -0.433566838118525
0.17286380652752 0.363422665856487 0.129339334216005 0.320891391328482 0.200064847797459 0.140602909279759 0.00911954571948532 0.0587881431772375 -0.214502973317575 -0.404916218041636
0.434765662520125 0.596958237504011 0.0762037210459594 0.220863801213019 0.16911457648905 0.195901717355235 0.0279457002947772 -0.00355690832928911 -0.252651794418177 -0.397371382870988
0.0874373818095397 0.026483508416095 0.00594651647309916 -0.193641564420535 -0.054536827928519 -0.0878582762639341 -0.0733932667383921 0.474739782366243 0.15764554529305 -0.0860851597177602
0.255777953624728 0.405638673906767 0.126808695621927 0.387311951220465 0.227501917097818 0.220360896159315 -0.160201085746031 -0.0675891048698811 -0.211868030653965 -0.454084188256957
0.290113209678708 0.355582016305875 0.129660266372634 0.335094557605925 0.190277058274023 0.231918819520376 -0.114291410301837 -0.069090419336153 -0.210399614625457 -0.431871876172482
0.180983159417502 0.123520601443612 0.318279814502383 0.264791680819726 0.234402710745409 0.187385006782406 -0.246891438477523 -0.17550047381647 0.102424866532332 -0.181451632330991
0.251745732563789 0.194661437743475 0.390993695099674 0.331591292431436 0.166681501381217 0.159529776230686 -0.186301440629582 -0.119152164013566 0.0653518507123338 -0.0854672797177783
0.197852193277153 0.605704316773062 0.131322460940245 0.231302638124473 0.260195448962237 0.251819112911919 -0.0167403549033651 0.166238281065096 0.056027564674466 -0.327546479954351
0.428332727176731 0.570946219337072 0.0179958941056219 0.232505494225373 0.125760014167973 0.26591497720478 0.0484543205989543 -0.0330503636407953 -0.226779826893177 -0.426543960493843
0.411871350548357 0.394722109732953 0.132586560209776 0.190135714148939 0.279545311919354 0.141013561720077 0.0912346606426939 -0.0680238565229417 -0.327187962932084 -0.377627404326811
0.36596007071785 0.449136703627897 0.242129522443636 0.0916503292609315 0.334440432326087 0.127285741691981 -0.067682841680423 -0.0309557681933393 -0.0309219680658635 -0.196148052100492
0.130087645155892 0.47419134178992 0.122800604370357 0.358437332387601 0.286591560080423 0.168383675081765 0.00480083393380451 -0.00666722425625373 -0.241700589157249 -0.433951667172778
0.150709719296458 -0.0823055331373664 -0.0250796982080141 -0.224714435085705 -0.0720276898663116 -0.075629693262298 -0.137774111053002 0.405053190630572 0.207117514515335 -0.18269859592012
0.472050798390919 0.475925538799746 -0.0220528428112287 0.29019900861196 0.115752160374195 0.0949523728681756 0.0652666392134175 -0.0147986193265637 -0.134698707500777 -0.358096079580026
0.243968637174725 0.56216429906832 0.117890922425559 0.31817601704066 0.106138135186419 0.31744922301961 0.00565065940707076 0.0816049208075779 0.0169823977373107 -0.415981979194133
0.0147538862747351 0.454903544675211 0.202513511283168 0.181269664820889 0.284616356590441 0.136530248569822 0.106264290385807 0.00278276902749987 -0.0801612016761995 -0.169207223783535
0.403220359293432 0.489237222615902 0.0995701489073685 0.267115093132126 0.150943673160316 0.106715191355795 0.0915663734163477 -0.0270993323557027 -0.148725897129385 -0.346961170469873
0.0171794090888952 0.353919507476051 0.17138296407043 0.221529269677692 0.376719499911731 0.157804515480187 0.085288141477464 -0.0188877255223072 -0.0953536618976054 -0.283629418205696
0.282711837268611 0.494131216346883 0.151792517692111 0.215108646120688 0.135998359513192 0.301943505183725 0.0835934830344028 0.0232169636617406 0.0180489491309889 -0.312021069229904
0.0996756710955476 0.422323781193485 0.131351613775666 0.340979116126395 0.253833012231992 0.157575333273594 0.0777998947549135 -0.0554758329758201 -0.232786512747365 -0.174423498688854
0.477307672605477 0.489204162968145 -0.0288826826385845 0.264396062778866 0.0845477740522832 0.127106714404519 0.093086380833563 -0.0363168231390016 -0.197434707058761 -0.347338994417964
0.444013421503507 0.423539581318568 0.31991733583219 0.181519120659378 0.326550845625763 -0.0480117598458529 -0.00776949560288016 -0.0214449450048026 -0.0688757632426726 -0.235344652204388
0.189375324611933 0.309301055988178 0.136972852435957 0.367728613495776 0.294017308228243 0.172965921786859 -0.111533467083059 -0.0728172561914959 -0.292842884318916 -0.301397142281164
0.426883492248624 0.483430138284083 0.0294319736682029 0.261942676269862 0.261510196242788 0.191558826339714 0.0227104046714799 -0.154998294478289 -0.162055628453912 -0.478902398121334
0.271857048540928 0.321236168954837 0.151803555984412 0.144208821337359 0.203818105075231 -0.066279797462397 -0.0857598466854531 -0.062655360179415 -0.133648025425075 -0.218230780323283
0.318013485030757 0.446649875151455 0.289992060968785 0.0732180666985806 0.135582721644344 0.0281542735041009 0.00300037029737535 -0.193045783657313 -0.0699618124514624 -0.291987587753677
0.378516152315472 0.514422307571021 0.111584767709963 0.237607085702576 0.288201582254218 0.157716962814322 -0.00415619491527392 -0.0706995519709901 -0.160744296812731 -0.439492027011298
0.448909281703196 0.517163375465773 0.0585565716097924 0.271893649951736 0.211914297506781 0.184190556567333 -0.0570095218406007 -0.0670124364343733 -0.1489647914268 -0.438789726425482
0.375350279883203 0.29790753338455 0.290645957069106 0.165017486054513 0.18299902434122 0.0177784960920907 -0.0459580089094128 -0.121119220536317 -0.0893788577480235 -0.274635927570313
