0.385731762898227 -0.0252005365175755 0.350721406522847 0.16493373583417 -0.207788013377892 -0.181544707750601 0.0606173595274625 0.319438383380448 -0.0383409805211688 -0.153340487354482
-0.0651028709226659 -0.356002299739957 -0.0363305085853011 0.133457549871945 -0.345835362987934 -0.2591959811294 0.261541575759417 0.0630963983786446 -0.167541496968246 0.00727552765441433
-0.118053375053604 -0.36377239905249 -0.0448501320493973 0.113031637368864 -0.392287724797369 -0.293131818345296 0.257700267451203 0.130399009599192 -0.132547262713614 0.0329043057073823
0.0722710820192039 -0.150965781819253 0.35988084295035 0.0093399165756587 -0.050885708439539 0.0563790677082984 -0.181178938293396 0.253936387297467 0.0688110901866133 -0.0726125172364813
0.0722442707102414 -0.136369143086099 0.445885174565685 -0.0368265695114406 -0.0900755358369661 -0.0284073838097683 -0.14399093006863 0.210728674494589 -0.00629351883059596 -0.113949379087555
-0.0692518309926738 -0.222895933558626 -0.1665926919149 0.0669858244733747 -0.307391776705198 -0.154677439591188 -0.0409271820781223 -0.0485953655934942 -0.0714268546566991 -0.0668237290628634
0.0690663913793732 -0.140498738679357 0.42719208041189 -0.0305059803373742 -0.0930973981862222 -0.0184151574532014 -0.121682673158602 0.19609020953633 0.00351968215086366 -0.110959045337339
0.0698762589531931 -0.0452734221699311 0.380006918920573 0.0221155611905041 -0.00488346038913339 0.0902030736785284 -0.198450009584382 0.286625268784745 0.0593770520258494 -0.0828366795757021
0.424490860819703 -0.0190801056716157 0.415566449055795 0.08801167830156 -0.197926932192709 -0.215773080269073 -0.0414570679671329 0.262155088513228 -0.0394507061321177 -0.0127186565357556
0.438251465386168 0.0256317853246809 0.391334308720024 0.0733641572100565 -0.221485199873135 -0.184386923096728 -0.161209312089213 0.192756556754165 -0.0376158918578923 -0.102099939921888
0.154359179039338 -0.283086122378674 0.297566255341747 0.0407120390282983 -0.0150143543979595 -0.148841826378304 -0.0559692249807858 0.204910692529038 -0.0432088015975431 -0.183989940641877
-0.0149000009610151 -0.174474371548965 -0.163605104124613 0.00305041871444857 -0.136438582140557 0.00415730416935603 0.0297265751883409 0.0829592539431631 -0.0253230478026115 0.0308189360352694
0.418466146371409 -0.0208806783383883 0.412930212926826 0.0881757183854471 -0.216708948802321 -0.124765713748737 -0.0440057047932808 0.312153314514849 -0.0204177769319472 0.0115229807788855
0.0488901480399569 -0.161701719071299 0.414175346636381 0.0482243985648619 -0.0350252579667688 -0.182780007465505 -0.180889194125219 0.265084952837802 0.0496904947990934 -0.160075493655833
-0.243532470965454 -0.310028329485206 0.000780444596545977 -0.156024583698476 -0.311904312965351 0.0171968495207334 0.107492051330611 -0.0031172043984437 -0.0517520912836296 0.0780749891314475
0.350169117537082 0.0459215113131958 0.444880366554358 0.0970162471925879 -0.245314839762224 -0.225923542559536 -0.0943626507554366 0.219848092673372 0.00220428191387424 -0.064878149854143
0.110289006498508 -0.086166370479155 0.484253845011926 0.15278657689973 -0.189856572536122 0.0180948041145697 -0.0895594811608134 0.264241526551987 -0.0590072728983677 -0.194043364693625
0.164771388252898 -0.185056721909629 0.183756075702646 0.220371950746932 -0.0963554711790078 -0.0298153734450071 -0.106101878120238 0.437616708441343 -0.155586071338242 -0.113644129390405
0.37459070283062 0.0019050382816462 0.381338582579572 0.171078595395691 -0.205254620473861 -0.194955097456802 -0.0564696123729909 0.303510650111486 -0.0159108391578126 -0.0652055107055854
0.367324231353193 -0.0727883389120674 0.365427091444161 0.157745066558531 -0.276174010687398 -0.112540316226253 -0.0253491914022295 0.32280876413379 0.00337521104666258 0.0440656946527717
-0.0492077094281854 -0.228311040287648 -0.116320279505662 -0.00908025658504646 -0.151667804751242 0.0306220099295794 0.0334616651223989 0.0959124573071386 -0.0311244144705609 0.0545897369306533
0.37459070283062 0.0019050382816462 0.381338582579572 0.171078595395691 -0.205254620473861 -0.194955097456802 -0.0564696123729909 0.303510650111486 -0.0159108391578126 -0.0652055107055854
0.143749651585264 -0.191622312394578 0.398597436870628 -0.0180397989120218 -0.107273210152698 0.00655030463686201 -0.0789080579959107 0.235922796574351 0.089514484567629 -0.0665415005980943
0.399091784791586 -0.0262122826835707 0.395299585648843 0.11974104492952 -0.184026342479191 -0.19510538654253 -0.0939514481351097 0.31829171618205 -0.0378230333501534 -0.0177088384073477
0.399801899080364 0.0719383825503897 0.400117332067781 0.107810186433501 -0.253937351033952 -0.273115384223263 -0.0861466091864049 0.263807629233722 0.0116444654877782 -0.01709668620603
0.141659769064593 -0.105828165044458 0.375950878744098 -0.0245844353266372 -0.107832996937714 0.0306193121639956 -0.13810269252362 0.239028606954701 0.0907770821200756 -0.0537071362194526
-0.0576937033017462 -0.232731465171353 -0.222590237672972 0.0341590951376861 -0.238293663961727 0.0516089224807029 -0.0205847176343127 0.0434608321932107 -0.094578175252154 0.109954986353484
-0.0991942119908151 -0.262138486694457 -0.143633997259385 -0.125107358914308 -0.228178983430179 -0.0500250930311101 0.108923778092608 0.0993264771631798 -0.119572541883164 -0.014349820012911
-0.0741132023446662 -0.252034266996998 -0.14236363677768 -0.0558687056972601 -0.263046941233394 0.0171179170313331 0.0875485304329054 0.140917679484438 -0.106823239668434 -0.0630763174534758
0.298658746839758 0.0342570526121315 0.424575868124966 0.258358617782897 -0.353383375956136 -0.269642948563663 -0.1612728885482 0.218900807036803 -0.147028303213956 -0.0250839893049041
-0.0749130645390662 -0.216102984690539 -0.131821876513579 -0.0833071001468769 -0.150033867894827 -0.0472459334696652 0.0629144019462335 0.0589181668216307 -0.0793387653046068 -0.0389160544181066
-0.0824402315471811 -0.343742990996755 -0.0704595738093777 0.0707898386853225 -0.341494696483458 -0.228154530306885 0.294203972877085 0.118367405290548 -0.197792998656444 0.0441012241523566
-0.0818586624888229 -0.358497250585548 -0.0168655715412482 0.0416699044258555 -0.345930777334663 -0.249081183044309 0.317910138078363 0.129718475307945 -0.215145316692604 0.0394030526969086
-0.161931777925062 -0.250569401745969 -0.152931257077128 0.0772886786766842 -0.266731734546089 -0.127710589257157 -0.090997568287898 -0.0333922224998662 -0.110233263680155 0.0346654978189586
0.36341771572135 0.037409716285005 0.426766261554979 0.120207324260599 -0.239439857771168 -0.25126264863668 -0.0434073516181924 0.281545520816579 0.00933340974927121 -0.00132884269900763
-0.100656800503752 -0.228889173135113 -0.0502038257939872 -0.0367780060821235 -0.297221245635778 -0.0442420339894015 -0.0480942966252934 0.0801845079541792 -0.12219431579565 -0.00906742652530951
0.22798884089757 -0.208922164845224 0.153152089281239 0.225038527587142 -0.105580751671952 0.00987236835389834 -0.182633816743663 0.358639704883298 -0.145854312321177 -0.187065168201595
0.402401806924911 0.0110748401182537 0.390058790273559 0.123267144094692 -0.229130328986451 -0.273925268561351 -0.0515592888696349 0.32603696037604 0.013605939686737 0.0368908394237768
-0.0665448264995728 -0.24191312319046 -0.150397916088266 -0.0621657740991821 -0.25015803671213 0.027854257327112 0.0884027545121601 0.11584409979039 -0.112827086752559 -0.04807240518887
-0.0584085451522209 -0.351923880665478 -0.0503428249892567 0.0458040443216847 -0.312306407217172 -0.255188209267884 0.277748091334911 0.141080720935985 -0.177168945803895 0.0491913459677269
0.391626795176333 0.0522867688118365 0.378792111717002 0.0995930026046318 -0.244066960287856 -0.281424811758672 -0.0950311100616243 0.253542063334105 -0.018121883768659 -0.0117772775253464
-0.0984615914756949 -0.197032576643388 -0.138311765249956 -0.109799544575479 -0.176061469483835 -0.085488642530339 0.060619906957956 0.11684821021213 -0.072011191645853 -0.01041366792152
-0.102195678363661 -0.2562211236185 -0.14488645875755 -0.119804933703358 -0.255763277496892 -0.0564934593345969 0.11246136387827 0.0920096765211085 -0.120499217389417 -0.0150145146918429
-0.245619008565896 -0.272673194020048 -0.0336235759384301 -0.16715992456938 -0.358296413044012 0.0503920577613005 0.114774075156021 -0.0324222078966257 0.00795170547740223 0.0251266245475192
0.386798699059292 -0.0136887606321732 0.361130421237124 0.147570695303933 -0.228645867275099 -0.26269800831306 -0.0812754560545724 0.296147885285793 0.00881597428133251 0.0470754535214445
0.282887290845185 -0.0572281103449681 0.367790091308179 0.15596294981556 -0.286497266669031 -0.272247413304242 -0.144919974000573 0.270331500822381 -0.0632453341143402 -0.0856585380735967
0.0373619486659022 -0.278532105917338 0.308919367373662 -0.0348303520216316 -0.0332974802571351 -0.211243606327948 -0.252346006887284 0.304491788530999 0.0264123240811069 -0.156490834417837
0.305941625379985 -0.0885791639620798 0.589888367277814 0.0741237115211977 -0.345869010322458 -0.0792189536624228 -0.13209276142096 0.140903691332426 0.0224214781938176 -0.291830793414222
-0.0497197147530105 -0.253244902014878 -0.0630906049828644 0.135377050051847 -0.404087330860278 -0.21711396047746 0.259472797105734 0.136178803454384 -0.236220322032036 0.0859813587414018
0.334165393753968 0.0245112953674345 0.388864044989598 0.122727200066579 -0.323481244296588 -0.286575612159674 -0.146231196835168 0.310803377592894 -0.104727063051008 -0.115754667450516
0.292953700620184 -0.0246850709227816 0.607023736716853 0.179511760094312 -0.327452625331792 -0.0463776116024275 -0.123138731136591 0.16557707351569 0.0256061661679213 -0.271139350720383
-0.0782270554847491 -0.365821441648844 -0.0394600399366824 0.0635406576356577 -0.322710098503189 -0.220970184023814 0.306622100996708 0.129387170455026 -0.186564084094622 0.00648018858786445
0.390108945680189 0.0227222032857929 0.446677460394375 0.12609993587618 -0.153937952202232 -0.218462164481289 -0.0545153546454337 0.300796056878697 0.0651674761367301 0.00797319595872324
0.360712436131703 0.0275294124114651 0.40265025594086 0.0950139591176425 -0.230879611813839 -0.270263050113206 -0.0557820741452205 0.255751120459836 -0.00519090179115605 0.0112923306256766
0.0530719923223298 -0.131935913791894 0.401838816582138 0.0308084660796656 -0.0843678436402399 0.106489164943099 -0.15586750265981 0.197634474082561 0.0253285512485314 -0.126011837864976
-0.0310794406586399 -0.211633881969376 -0.163228588087784 0.00263396588509226 -0.291042619452558 -0.124473746751701 -0.0810084506036005 0.0933235471803273 -0.0996089516836807 0.010094598814078
-0.0838448074996099 -0.210857825220901 -0.124767733559373 -0.0840288978516369 -0.155579591439714 -0.0533344593769362 0.0589838715447416 0.066660082907634 -0.0588888170505312 -0.032168837411352
-0.00230902632662079 -0.259832857805371 -0.194794557096044 -0.0972213414539809 -0.183681719605244 -0.0481616630916809 0.0151452398229545 0.130756536350061 -0.0842284655341221 -0.0522833378519581
0.290946578141042 -0.0292529563845352 0.597833766717566 0.15967126126579 -0.339004411507794 -0.0593261751179705 -0.129901986398044 0.165660590173058 0.0352886778233359 -0.282860506570837
-0.036996455624202 -0.028580927263794 0.527358218032702 0.159139004331899 -0.203352021093627 -0.119068239369312 -0.0918079171766364 0.21696268462735 -0.100363887891502 -0.244059035498703
0.144569491790132 -0.14654307331766 0.186779976359159 0.0798877692193731 -0.0723744069176849 -0.0912001629459742 -0.101720251726809 0.421691807921384 -0.164833056241289 -0.129851720069495
0.290946578141042 -0.0292529563845352 0.597833766717566 0.15967126126579 -0.339004411507794 -0.0593261751179705 -0.129901986398044 0.165660590173058 0.0352886778233359 -0.282860506570837
0.197516413131867 -0.195252160227987 0.1281873724517 0.280809817964715 -0.102813780927122 0.0428181490421345 -0.201514580922792 0.378326448639108 -0.0989703517868473 -0.19181573070378
-0.104505517031601 -0.345633328201555 -0.0635319870964218 0.0443971180883928 -0.318045453702552 -0.242816048120077 0.293682246622152 0.182852714493804 -0.152234517649138 0.0377289353792086
0.158367803123618 -0.0359126618519777 0.565041980658779 0.186203305637072 -0.172472748155294 0.0527589319249193 -0.085369855966886 0.268399651812542 -0.0666647223859083 -0.23116235916315
0.387048766791237 -0.0683545913679422 0.353178576956677 0.196560312635413 -0.254926886817012 -0.186701826204442 -0.0903315665200916 0.298907056154242 -0.0589527711744437 0.0259705630483677
-0.0441222673527401 -0.176087981969885 -0.158689000335159 -0.0317703138343431 -0.272876399190174 -0.024975533890983 -0.00382773397187488 0.00333438065340773 -0.0811529099282064 0.0668170523739512
0.133243930283212 -0.0981171613959946 0.378322294204137 -0.0383190601881462 -0.0998164924317449 0.0206596413989724 -0.124238705875142 0.227262078169488 0.099723266461981 -0.0401833607359796
0.162256703535156 -0.00500343326097395 0.506078548115206 0.0142553180849425 -0.275246643100594 0.0866902265857776 -0.131683080371033 -0.010010518735542 0.106176824197035 -0.356730975282912
0.387048766791237 -0.0683545913679422 0.353178576956677 0.196560312635413 -0.254926886817012 -0.186701826204442 -0.0903315665200916 0.298907056154242 -0.0589527711744437 0.0259705630483677
0.338821695922734 0.0422683062981851 0.434402589889862 0.149806542432983 -0.214312678586814 -0.238968829851703 -0.0448366353006728 0.296934386981758 0.00497754464800417 0.013051656431814
-0.0926639280854052 -0.219716491430917 0.340317856052462 -0.10042410515316 -0.088985000799754 0.0112391946520663 -0.126088523326028 0.191261181655607 0.0420655195910194 -0.159838167117908
0.285996392839049 0.0485670119719232 0.398971422450625 0.144231038989938 -0.276729305387827 -0.216985430702879 -0.05445533685125 0.252926046823665 -0.0703644636849241 -0.13742987130906
-0.195278478556597 -0.273095106643127 -0.223922892620115 0.0713557130019762 -0.233880844105728 -0.0152078588119787 -0.131187076701015 -0.0848769635557465 -0.115499505688021 0.0491366293967699
0.206252558342882 -0.138606902001308 0.18872962597405 0.191465562712501 -0.182862607269973 0.0148957607125034 -0.228943529692844 0.432298819936504 -0.184132795227923 -0.2093130157402
0.319932023693082 0.0733973248493574 0.423676827538536 0.204875713597794 -0.301874031123519 -0.222813752630275 -0.096121906631628 0.27867970709282 -0.147007493673357 -0.08331751664698
-0.0503959295144669 -0.301531956602819 -0.206664805933323 -0.0469840577036152 -0.152536308710493 -0.045180850240224 0.144684476466029 0.106507397123288 -0.148404098811464 0.0234107716883805
0.307074763696198 0.0391382655571199 0.413834961262715 0.124464325773136 -0.287094032133117 -0.217816580705047 -0.0614274039989849 0.230079094560246 -0.0765559091502791 -0.143623416076596
0.458797181423394 -0.0268753934337018 0.370131238103662 0.147575704212332 -0.147465706292386 -0.128571855228104 -0.0374661272196934 0.256179851759573 -0.0593954748912523 -0.148865705903181
0.165908504344273 -0.107357991004858 0.488872117956863 0.179876033698655 -0.145188758642474 0.00936224360247584 -0.0632495566189502 0.273337477632691 -0.0675539866369911 -0.238638709652807
0.0842527016525908 -0.200989137547329 0.196537840594303 0.184518230150161 -0.275258291184964 -0.0608386106364715 -0.273117138725136 0.413485138227721 -0.195731643759845 -0.179495058840582
-0.0565120079403991 -0.260522454338618 -0.018273228513392 -0.0677615628977618 -0.228253116412646 0.117683843631498 0.156683893861138 0.053099309171496 -0.103944788257827 -0.0121448601278312
0.0269264125455869 -0.216687058205188 0.343412373903336 0.0110089263470628 -0.127067174075415 0.0300237621097968 -0.125159350671344 0.257894566258286 0.0234752497305297 -0.266037939362441
-0.0116739292679307 -0.278880780397797 -0.10170453911788 -0.0913901160793491 -0.22307951677955 0.0810585216893136 0.102489094522418 0.0548839608787117 -0.109795777009218 -0.0441869204478244
-0.163808900379487 -0.310548005456522 -0.0598550350465318 0.0360832582496164 -0.310606252150386 -0.267876771514875 0.243117670545985 0.207123557984312 -0.102335093522037 -0.0498457541881029
0.0525043627791635 -0.22652812245844 0.313305809118404 -0.0497368330440558 -0.196576798309348 0.0642195518457341 -0.20823664669416 0.23985079485613 0.0137517056583217 -0.278264612849031
-0.12507669662176 -0.125941019242014 -0.201887695257129 0.00455780440484577 -0.186213505582779 0.118747707386143 0.00217570921419164 0.0399577707896948 -0.0424644731470805 0.0540313107006201
0.294004387687851 -0.00339116566614846 0.387955774244721 0.101633114557696 -0.291885144580185 -0.260067869530874 -0.182424664522797 0.31215798811297 -0.127442133157102 -0.117400317139402
-0.0497043942566631 -0.158925496529392 -0.0953232319914293 -0.0918688978256781 -0.249822760336514 0.0692170511024673 -0.113222807732112 0.0909901889968736 -0.0708979382786667 -0.0383339363769096
-0.141119854409684 -0.125816571237602 -0.219923314672816 0.00462441258625471 -0.144703636304753 0.0831270707481964 0.0256702430157176 0.0352769786381454 -0.00218459109144977 0.0419197982101821
0.290527736789655 0.00677688088365442 0.368984326164837 0.0980957920598626 -0.272366622827537 -0.271278200647044 -0.168584383979084 0.310956490935334 -0.15221890785857 -0.123265352480687
0.0345296486346657 -0.231295695013177 0.334196736777217 0.00743293915150914 -0.122345174473553 0.0549199499133577 -0.123511393884999 0.255356179192043 0.0340049873381451 -0.251568582080234
-0.0807866267091092 -0.285039009149618 -0.0544565732899932 -0.114950618629427 -0.140429872699663 0.0429666408453968 0.225906852422906 0.0900538614028729 -0.127281333879612 0.0354820656487675
0.137442689771666 -0.254896370001688 0.143177520148564 0.270714884108317 -0.195313685228205 -0.033927526298333 -0.116832541937407 0.418286761925273 -0.0787713563224944 -0.166711598917183
-0.0628651732294219 -0.285678381647955 -0.0349739227545303 -0.10663418154627 -0.22609100604785 0.112386334542156 0.152371768288412 0.0421873407356505 -0.113567191596384 -0.0430228783379289
-0.115234539246921 -0.290853832729758 -0.0872681246694727 -0.113055554592889 -0.146328817976536 0.0876959230263127 0.0472389899270179 0.0691018992706312 -0.143026528240916 -0.0261995677699482
-0.112501194259773 -0.31192747229931 -0.0571395933895472 -0.0840868294550998 -0.169954722454125 0.100022527051434 0.104066473349921 0.116320523990045 -0.0890589584625739 0.00328514897111525
-0.113929839403532 -0.283142339806625 -0.074463205629375 -0.0616465178866141 -0.21654408003884 0.0688824749648912 0.148802018186883 0.0354585623988513 -0.0905486889552904 -0.00580656936595911
0.0326503027868825 -0.243497748462772 0.349461793782238 -0.0175986713315359 -0.157952831017899 0.0555002802223621 -0.133946190926338 0.253317023316681 -0.0151624264044182 -0.271777936912121
0.319191416267767 -0.0750242400791388 -0.193280658272564 -0.0637655589128726 0.0766715509592034 0.386335128442804 -0.188330766516003 -0.0779479467115952 0.0861480703375589 -0.425307183319721
-0.216628450064507 -0.280563706104228 -0.196852321318929 0.0165715828045036 -0.203479293448556 -0.150058279737948 -0.116219164999274 -0.0711871770510903 -0.137600911181951 0.0524556719947007
0.257498551377837 0.0136992423859472 0.393874529888801 0.203412601074718 -0.317996236814189 -0.223699754649411 -0.0945207447022605 0.313693923254084 -0.0846771369557747 -0.0504859471882598
-0.122005418432735 -0.230095309216685 -0.224568181490891 -0.0209696911149974 -0.245933918801694 0.0265282219129189 0.0204959837923471 0.122294696634226 -0.0731883445340176 0.0443292672759288
0.0577140548505903 -0.0363378154776178 0.560035726139702 0.120457354671058 -0.188416468963525 -0.110903587573599 0.0349182992715259 0.267390960686106 -0.0342992679433397 -0.226172322730323
-0.0630692968765218 -0.200656661967961 -0.11814501356757 -0.0360614170169135 -0.295955287054068 -0.16521327897105 -0.0300497839625999 0.103855958071311 -0.109404530763164 0.0218315682064942
0.358059825380007 0.0449642137345672 0.446862776795087 0.133582160192754 -0.24603903453719 -0.243358836299665 -0.0558194963119873 0.277512100355762 0.0131649040557705 0.0115730431858463
0.21244031125345 -0.206469113903025 0.137473949112424 0.263203523131686 -0.0977346263008849 0.0451875882324131 -0.202129197877668 0.378154880320967 -0.10520570085433 -0.184242935979621
0.272080703729314 0.0269554143770303 0.340488320496224 0.252425575040099 -0.2338240728628 -0.259147771419064 -0.108006783065249 0.281819065876569 -0.129816307906101 -0.1061404869432
-0.0370630342873127 -0.0242890673678199 0.515776825233973 0.147149317382546 -0.20134319813693 -0.120240170822731 -0.0923214446766805 0.211325836720422 -0.0972159564044838 -0.225713525409338
0.158350753873706 -0.191492172480355 0.450665046590694 -0.0264546356246632 -0.0751078072878878 0.0126725814639986 -0.0307796038457391 0.198280309870624 0.0275914906793244 -0.0163988371918507
0.382936207078296 -0.00390164227508279 0.3439111353491 0.1442747645064 -0.186600971471274 -0.306667757285745 -0.0643429750021754 0.309088367301599 -0.0103966593902406 0.032837373919356
-0.107785346933714 -0.227841637145985 -0.12148681447148 -0.0918743230812112 -0.140118072213415 -0.0432954387949996 0.0680340356479156 0.0608575705341884 -0.0995234198244138 -0.0470516335371217
0.283501684575349 -0.0147913746571233 0.607101337327444 0.188522854966356 -0.346985731500823 -0.0633662139702489 -0.131942003001987 0.183827037753599 0.0417105238164965 -0.282551459049925
0.0640441304746271 -0.154500844915994 0.416195659521233 0.0430585084532537 -0.0972231819063885 0.104509592504041 -0.164643955491614 0.190616660970871 0.0229489466607445 -0.0942795171161755
-0.135395179773598 -0.244058977870912 -0.135158562156766 0.0670210679610656 -0.236198060253472 -0.112448929360939 -0.0826735157679972 -0.00565493261167577 -0.104242974919427 0.0264803992511891
-0.142145007104359 -0.429966971805988 -0.0601514718985551 0.0750935044875045 -0.383018344436419 -0.25253771156826 0.257233145940034 0.11682709415495 -0.0498504824629321 -0.0242740695585269
0.395004953075488 0.039869689463427 0.444883387446408 0.128528009344314 -0.150123482258363 -0.220785535555616 -0.0865757580072768 0.311917836658716 0.0608713483349212 0.00275361216159112
0.269926941715597 0.0300190580177543 0.414388331917539 0.22346750868714 -0.287869576492276 -0.246147535912443 -0.22546788241536 0.299181802377227 -0.167013186407121 -0.100005446328301
0.343808761874703 -0.07083164860902 0.603572025990712 0.10514050354553 -0.365680846614123 -0.0931819474938917 -0.113481767256827 0.149875092269504 0.0932519909070511 -0.296831314512303
0.132778206314183 -0.203297848825925 0.176272966373517 0.158233893267734 -0.0859761312161215 -0.0555147084774311 -0.168899985898452 0.409064825651071 -0.182892884587417 -0.155509943218617
-0.025724631998857 -0.192282266931618 -0.187652933698684 -0.0254760170780335 -0.183177583865207 0.0474448834854702 0.0233777572216238 0.0547824899476416 -0.071267923269859 0.0173426541755825
-0.146521670028463 -0.191867681115592 -0.191554937825215 -0.00950000064534963 -0.216095875761527 0.0884722129765531 0.0286306056574261 0.0106506156263559 0.0114141066701438 0.116370564852654
-0.00552356696087775 -0.243041158214152 -0.105707795448281 -0.0476099011353251 -0.195616635235021 -0.0609504622809843 0.0692682565073436 0.121141216784042 -0.0909427722658135 -0.0386453143866804
0.373778835250797 0.00287944353364545 0.445478826826059 0.154670886948696 -0.206475497264533 -0.172877952585437 -0.078783568443694 0.325683545208432 -0.0387639258531069 0.00303917903790221
0.30284222324176 0.0132593704112268 0.426448490162634 0.26209313407149 -0.292574417005895 -0.260850147540292 -0.169862101419991 0.253411324951147 -0.18648657784561 -0.10613881185349
0.185410835439861 -0.156146207301071 0.196463507495541 0.164503950136308 -0.117117428210277 0.00547191074822159 -0.217751265194924 0.420980280758385 -0.179336306510436 -0.154287692209603
0.0264487937321961 -0.321421458888346 0.407924213670522 -0.0136902849812216 -0.118936699789206 0.0602344612481176 -0.203673754465625 0.228031566429629 0.0857924786361294 -0.190818440183408
-0.0942194221896699 -0.164521976181876 -0.143576487929172 -0.0246455591544437 -0.228482229728732 -0.016990518614879 -0.0486690224265557 0.0314253818825782 -0.106814827577494 0.0142856790923959
0.184905981531676 -0.181353578669255 0.196522043826254 0.168729544681864 -0.174916913607468 0.0334866902211733 -0.254619849302836 0.411337270235551 -0.143467542111495 -0.173955637857745
0.32535227800897 0.0404449196301118 0.43236498711146 0.183863132977236 -0.290396190364475 -0.303479080355828 -0.184194913666373 0.263225426445791 -0.136535506303847 -0.121329729687577
-0.0062918931166615 -0.246948164056818 -0.122159755050424 -0.190576683480531 -0.412744914005541 -0.00793088367821981 0.0789829352637155 -0.0926253371487941 -0.047282252840801 0.0670263403091012
-0.113359912207636 -0.19009094566639 -0.178972978043341 -0.00364994697917995 -0.223627460235763 0.0711475319249976 0.0210720970048769 0.0429549037712509 0.00279732687982862 0.135219878510852
-0.162320894685477 -0.25811113778938 -0.152747171425036 -0.00512064825287497 -0.21250191354977 0.0597804957224357 -0.0648303865961054 0.0418960248378624 -0.0423877475029091 0.0930486863985587
0.274798582937563 0.0450905548746088 0.416933822311478 0.194406059070902 -0.27246314011049 -0.285754138824368 -0.10110831490508 0.243667090194393 -0.142340756598915 -0.0648862915038452
-0.111415907202908 -0.171883425566513 -0.214408233731172 0.00347220857923413 -0.172858475828602 0.068953116658321 0.0435630840243211 0.056145295792465 0.00915894095001544 0.122881353691708
0.130301264986199 -0.194835010805303 0.420752270638856 -0.0679066534807024 -0.106192931127566 -0.0070013602085349 -0.0662831629193015 0.217645280201282 0.0449055580695147 -0.0881595931851671
0.232209646201824 0.0115357229664368 0.388586825705003 0.13256032594584 -0.286483283513678 -0.297317247229025 -0.0675494372773565 0.306083295134784 -0.163415076316881 -0.145351260282652
0.313892049926685 0.0618264661085191 0.430866352823518 0.177472284363713 -0.294029633448765 -0.302714984850578 -0.18891085215367 0.278924515078968 -0.153167453827333 -0.131126618412573
-0.182792597259731 -0.206080746264065 -0.215000096977173 0.0217012423583837 -0.172267566891072 0.0625825445641199 0.0182579458216207 0.045300326699845 -0.0344145431122761 0.127287728266119
-0.12283822990827 -0.194751918615213 -0.199056543332546 -0.00136638497496101 -0.182561244828569 0.0607961953619568 0.000835213087400716 0.0461020068230251 -0.0234057071067381 0.0942274924904435
0.357578428578754 0.0828734201423908 0.417437325204017 0.117147811039724 -0.199669614641309 -0.123959700821272 -0.0754749069582518 0.327973766573902 -0.00232277331349646 0.0101910238500705
0.297026799619574 0.028348542390712 0.427108586319609 0.262912511205454 -0.299848572678529 -0.276283277177019 -0.159684837806086 0.263783429970532 -0.165912570032989 -0.120064772611729
0.386587785227908 0.029424212004168 0.362731829230029 0.111791170221739 -0.229336582711622 -0.163481020078171 -0.0607050707238515 0.340982684823762 0.00984969447103498 -0.0180009864772091
-0.0231904822973036 -0.251067641595697 -0.200983780010629 -0.101922284703121 -0.217801190003388 -0.0400269402587242 0.132719361318897 0.143636912786374 -0.0247138888246596 -0.027186025941375
0.0951019789228527 -0.153120001826737 0.559577173499446 0.12161957298458 -0.156797514923339 -0.0317580308945835 -0.0346917298159613 0.212975198806157 -0.126614431375366 -0.233119930774268
0.297011767633261 -0.0412679178297076 0.625776239963842 0.1864085055206 -0.34048777642097 -0.0559145828627197 -0.0872709503267154 0.152743533634302 0.0369704119373057 -0.279899518382009
-0.124809300787358 -0.22882142396892 0.3309515215886 -0.104306907348271 -0.133280517678996 -0.0377559623684201 -0.140747811121387 0.274229028241418 0.0222174030622928 -0.224536177070733
-0.0437583156961093 -0.291121728150663 -0.102969413190498 -0.0961061673546602 -0.244196014653548 0.00249070770499971 0.041179500856171 0.237812389458102 -0.110744666880201 -0.0598335355266808
0.282345399436772 0.0727124840623525 0.462160231792908 0.0785817957533789 -0.288955045251194 -0.151844062732121 -0.0731367588561423 0.257402643518871 -0.0949017574080491 -0.113873308263606
-0.0850039189868995 -0.269335022431657 -0.190969742371189 0.0660885814980711 -0.256388404028474 -0.113553569406211 -0.0947427129575868 -0.0348452538189309 -0.116280477273009 -0.0249645875667775
0.402333534125704 0.0265431307444682 0.452202690556969 0.111296313245718 -0.16465098809757 -0.228650729898039 -0.0531432280086774 0.321675492223827 0.0596464004935056 0.0459876372276634
0.0559586913275403 -0.320221850142173 0.367382493357536 0.0392288885343738 -0.0680194617818245 -0.210675758034515 -0.350102561229098 0.287848209600411 -0.0104348487763413 -0.128369931645648
0.0425161415124028 -0.140469110511146 0.555976847434599 0.127700733202163 -0.158355896749561 0.00886938487942399 -0.0623506629402127 0.256893400746681 -0.133640430796812 -0.198600993707111
-0.172298794595188 -0.22394181953925 -0.132572286792508 0.0133090335639412 -0.216096143334556 -0.117374090738834 -0.101229754885516 -0.0220735328202218 -0.0984776296586017 0.0376844064075113
-0.0292124095707202 -0.228084550072282 -0.0705253637137612 -0.0535905927620813 -0.294196769157606 -0.0578834800771909 -0.0412087066546544 0.0902057246142455 -0.096829198924846 0.0143516451607049
0.069108313742154 -0.205390663310458 0.146678979464671 0.162791703531807 -0.0893726443170603 -0.073966805710213 -0.158626637143423 0.438835071086112 -0.225253154257861 -0.187678023656256
-0.167397944153009 -0.216199613855466 -0.165206694989275 0.0480631290838593 -0.264803969232333 -0.115361005707519 -0.0858731983256962 -0.00966399862595157 -0.0975185263526207 0.0121332986454121
-0.0849986532097818 -0.314137912891802 -0.0284410880175919 0.0790564959729136 -0.365452140798638 -0.225994922278491 0.248503399368033 0.174647402845631 -0.209846927931641 0.0445518570891161
0.0361496470589995 -0.14398717968159 0.409054847994675 0.0423414472747747 -0.0506292415177463 0.0500182363359141 -0.117874432783538 0.174394254730142 -0.0289654095948863 -0.114836059795891
0.0338918899601161 -0.190525133957877 0.28045849231977 0.046669364724989 -0.0588605817442222 0.0599351178188943 -0.169130305244962 0.264659571416907 0.0143696029365431 0.0106656634496643
0.0105985843945088 -0.257595656645462 -0.127549265473279 -0.107128573053608 -0.261863116323532 0.0142520919123088 0.0160476583694996 0.204612997633315 -0.144661124108432 -0.038257494363791
0.020158005006362 -0.199001731524582 0.403013568089477 -0.0430764079270195 0.0316475524616331 -0.147228957465694 -0.149676838750474 0.315932721000484 -0.0174782389753655 -0.216552055887351
0.0737777220771321 -0.146341994691121 0.40720967147684 0.0467772095475008 -0.070075595314593 0.0883125787262046 -0.149038278600005 0.161698368590626 0.0142374615019041 -0.107766992908896
-0.0831913077618798 -0.320200491072414 -0.134658950332534 -0.0460553258506753 -0.185584903933517 0.045552829932073 0.0985211577953315 0.116195879149762 -0.161464261220522 0.0257986116528425
0.114696273753175 -0.103607242974782 0.408857065241709 0.00356478136691012 -0.0504605013747603 0.0162844537715103 -0.105604595619434 0.1852883867981 0.0564099463164791 -0.0906004322751439
0.288883024746167 0.103113359119739 0.334511519710437 0.157573461678844 -0.252826157601058 -0.198931912239619 -0.160690849271721 0.29913949008005 -0.108944217127371 -0.0928798248008877
-0.0728293031654975 -0.250207043770483 -0.137424415101894 -0.0547814846193481 -0.251601261057078 0.0112725777480138 0.0974534485500728 0.139465221245285 -0.107612215133616 -0.0636438914534467
0.307062726018617 0.0897760160764253 0.458845925513788 0.0857337508919202 -0.302590396623912 -0.168818840877418 -0.0802375850920145 0.263884361407198 -0.0841008455035771 -0.114048010762477
0.0292491895029412 -0.186934679130346 0.201709827000085 0.250574914818749 -0.154218220279426 -0.00857425360670064 -0.172152026263015 0.498870616303039 -0.23526799751648 -0.163502859550876
-0.0165569760146351 -0.305017950841137 -0.141454711238819 -0.0935527661849928 -0.393692707345008 0.070913737366333 0.0872036447703595 -0.0787434643523525 -0.0374572422510544 0.105051558759767
-0.120568419748548 -0.296131178191241 -0.0959038239833086 -0.00169786861728474 -0.224460283279297 -0.00801712407787658 0.0482179000267305 0.0806856494235158 -0.104025338941873 -0.0419934200207695
-0.124960561295515 -0.28076290683887 -0.0739947034292824 -0.119282827754048 -0.141004059625436 0.0805049331187305 0.0316963225955945 0.0652061093437403 -0.134569239373489 -0.0216687373492242
-0.0674954948212667 -0.211862527438961 -0.0984214091009726 -0.0213290099185046 -0.180856488492003 0.00894863160129411 -0.0422875792689681 0.0285945328298888 -0.124935591370619 -0.0609499045323296
-0.0361006500901854 -0.292520123161038 -0.092368370232751 -0.0863219246745853 -0.213319564586079 0.0797666334408605 0.114102393760627 0.0593030836941108 -0.117201198645483 -0.0402461241723018
-0.10756660538324 -0.304154472838951 -0.0894887764225803 0.0974201966416454 -0.41916315141175 -0.255154001686913 0.259954382080909 0.144824039582808 -0.119339533174027 -0.0173052147202713
-0.194137636716053 -0.323928650143617 -0.0648052604414135 0.0359342848251994 -0.317522888429347 -0.276300120803976 0.241560872669508 0.231936737146045 -0.0817072354834306 -0.0569240319208525
-0.157133611016091 -0.26981749162493 -0.0466649075042382 -0.191337739208318 -0.303278947673155 0.0600763176618168 0.158112061732913 0.135353430625599 -0.0724801088291674 0.0337392026308701
-0.052312573350977 -0.266932000380741 -0.0229920425774769 -0.106512591354444 -0.252248126820178 0.064002414725764 0.130475230320861 0.113552688976094 -0.112821083270503 -0.0456987776427218
-0.168917489485245 -0.14053246777089 -0.243356188813763 0.0146948205509383 -0.177738784312606 0.0895524900609563 -0.000975105517195438 0.0494242218333644 -0.0263477188854102 0.0258203776906932
0.121414291221837 -0.298984782660833 0.156268900881373 0.222423517115368 -0.106865532085647 -0.0442549523365908 -0.191906402271295 0.408195493080968 -0.194364188944731 -0.170198307725068
0.271774659563084 -0.00732666033048059 0.263658191543504 0.190276543165997 -0.297826271178681 -0.287852689124547 -0.0126845253229802 0.315546275023192 -0.123260425575943 -0.0181384654393787
0.00688908654458402 -0.341790378510851 -0.0662931802739743 -0.168481086194151 -0.182133787953705 0.0528923958660483 0.0754957824391964 0.00479834172027409 -0.120227601617649 -0.0424521392820388
-0.111251385830285 -0.293074842117637 -0.0540220475935586 -0.119791959684809 -0.149362418294168 0.0991755712583708 0.0464156081001855 0.0690058345908711 -0.111475932730494 -0.0360379105545398
-0.0674954948212667 -0.211862527438961 -0.0984214091009726 -0.0213290099185046 -0.180856488492003 0.00894863160129411 -0.0422875792689681 0.0285945328298888 -0.124935591370619 -0.0609499045323296
-0.0306525746179613 -0.187289340623158 0.356199244236779 -0.0538355105434173 -0.0746687101042218 -0.0816033133713142 -0.149385476635822 0.258304866595736 0.0344786435016098 -0.218036676032785
0.24412963783588 0.0251069997896005 0.380275525285843 0.144618134035067 -0.261416150763197 -0.233086483609866 -0.0530281675168752 0.273563711739677 -0.165554627411697 -0.177339875274328
0.333159237002437 0.0468144582166105 0.459303719877498 0.240637254356619 -0.290973464391641 -0.244976345617359 -0.0768953640992228 0.307859659524872 -0.156518737319866 -0.128740408129934
-0.0673302902315161 -0.336514534935105 -0.0482045036095925 0.119194634197448 -0.32081654807687 -0.225319068381853 0.227482168836611 0.0669099269371469 -0.195419747885509 0.0261158826763388
0.277403370684334 0.00726468647028105 0.375094840370084 0.22573108030225 -0.330277797113061 -0.247000524248902 -0.141984387646589 0.349189572782877 -0.164115189153994 -0.0837280372445608
0.329707334507431 0.0188855739529111 0.410318043930334 0.161205781547106 -0.263317270156389 -0.241792199855172 -0.113720200077518 0.293212375674081 -0.110671918597008 -0.0959455715712952
-0.058135780117801 -0.260605386186608 -0.157755148644537 -0.137438733126955 -0.339567902617189 -0.00378617952729355 0.079100133424783 -0.0377631677926037 -0.0890088207331635 0.00916939714993054
0.316249707674463 0.00361184070294417 0.45572189196155 0.212842854857228 -0.302674963581239 -0.247432744546977 -0.134176951613233 0.303752419147691 -0.141563106117401 -0.0498079041286843
-0.0469100873612102 -0.3366984134971 0.0114870629255946 0.0639172457752336 -0.342357485506066 -0.246803995840971 0.270792770673481 0.128832222011076 -0.156244723551221 0.0243451207456005
-0.184416628854855 -0.241561358265217 -0.0734861940165568 -0.0397282301107725 -0.243171679981683 0.0170367786158515 -0.0494633676216676 0.115085779573549 -0.0645615576683154 0.0312587877154555
0.0719767154721347 -0.19450749019893 0.418380436356063 -0.0598920151977012 -0.0557301971134833 0.0325037616925602 -0.160545760639992 0.176199065543161 0.00200054095057633 -0.0872761903265035
0.245532452282269 0.0602831088009679 0.325162569982511 0.200066983044083 -0.286838035477734 -0.270456457332487 -0.0693199337785073 0.276882407112493 -0.158681581271482 -0.0995334573501909
0.0380041471765106 -0.292517189997813 0.32490395573717 0.0624236062636572 -0.0141028686921764 -0.169511718371483 -0.221453194558802 0.178855355702081 -0.0258320967531219 -0.162423150347392
0.286036718855771 0.0133108419186241 0.393705290820035 0.19340176703288 -0.231530964859869 -0.197904741073723 -0.12279633295952 0.299334618727869 -0.141316606002609 -0.0204585722296555
-0.150793322322534 -0.169353261513031 -0.187620128917278 -0.0138365726297847 -0.167423887797891 0.0444697439119431 0.0452463250611903 0.0649394710659476 -0.099481109114926 0.147029467442263
-0.0821336694305932 -0.203554880428399 0.322887124923689 -0.0511570342463853 -0.108614774371718 -0.0325795822670188 -0.176984802622093 0.154438837196732 0.0117595761115855 -0.203267715395761
-0.129118381462058 -0.259229711061617 -0.140747082331914 0.0793350121894714 -0.26754088088498 -0.134399206071499 -0.101378068115124 -0.033624393570123 -0.123022602585424 -0.00362109570189607
0.135282711895727 -0.129006972539001 0.378859948043435 0.00294748634000713 -0.0630764063418957 0.0280643124338084 -0.0700292692045752 0.186404483628512 0.0499875905105327 -0.105080974372744
0.0620929530169101 -0.23482361850518 0.160362037680057 0.17203642698507 -0.0952081056952716 -0.0852583092745569 -0.140418153497593 0.446282190740744 -0.210645814371456 -0.189424982147522
-0.0373918360156369 -0.198517439820926 -0.147680739842436 -0.005737976231876 -0.271198361519591 -0.122603324152658 -0.0385151554676318 0.107496806027535 -0.117021307523147 0.0412757310206417
-0.13593102120223 -0.343803758878646 -0.0881402741929075 0.0231482745374739 -0.35159105551584 -0.235050617352818 0.255208604748751 0.0874194045597685 -0.181372993831499 0.0116736562558308
0.139742776665158 -0.167051073853657 0.414663073460584 -0.00251362631288514 -0.0835686348621384 0.00166930045564919 -0.0267389152364696 0.217000288447408 0.0265592257154732 -0.0543744346116318
0.434315564062133 -0.0421153529239773 0.381039024389047 0.0757523645872618 -0.263300379918453 -0.121962239071075 -0.0601716884731432 0.256924044268924 -0.00872406227247124 -0.119017406428663
0.33284791769334 0.0255355709087691 0.388466557929378 0.128739701725578 -0.329530141103375 -0.303149401433633 -0.151134820649075 0.315074627650446 -0.0902224390371969 -0.11915272464001
-0.0690273281956013 -0.230083262286109 -0.0613496578541763 -0.12667610131666 -0.224562643942854 0.0973889697680082 0.170380722425217 0.118520950234828 -0.0628458173312616 0.0120352217666865
-0.056660732498103 -0.146377390341563 -0.123637273801145 -0.12279531802207 -0.226347762162786 0.0471405946724509 -0.0889267850074879 0.0352652584666574 -0.0371139279946118 0.0235380511749047
-0.0314135593382053 -0.241990237703472 -0.0168543789365285 -0.0811059050993809 -0.217880203009505 0.076965164214579 0.121908885484138 0.108849971770262 -0.0389157717096462 0.0238539416451625
0.00118904875538226 -0.26022606045585 0.364179571839934 -0.0339339901544213 -0.148831819372963 0.100214363156947 -0.160437750819649 0.230431005184287 -0.0421623693117379 -0.29204871652981
0.254103185732781 0.00910680864665949 0.401822846734471 0.205124488858175 -0.326632291771754 -0.231272249923376 -0.0861662740310374 0.309016959423906 -0.0885887779794069 -0.0455790227651192
-0.038337268022276 -0.23834556637105 -0.0291860517967559 -0.0704509679630089 -0.225869608587781 0.0850057549205287 0.162804501527644 0.0200733681305023 -0.0886597349416315 -0.0248470458550888
-0.0737765882581579 -0.210763137336668 -0.095905971240456 -0.0221705526579668 -0.193200442620893 -0.0439256771406862 0.055511165141547 0.0586006308638385 -0.0557460000557382 -0.0433726516531414
0.154599223562299 -0.245106072231736 0.182918190345869 0.22317821152114 -0.157422204729239 -0.0204652133165505 -0.0977767578519228 0.394998924115398 -0.0767984722056461 -0.190762546319571
