-0.296455424631846 -0.105026756012729 0.138326928068931 0.150027562635233 0.0569105028155456 0.321250650789779 -0.161205842709595 0.0160084886821899 -0.104505277773924 -0.15234646064253
-0.110438182385954 -0.136455816864998 0.332800398081466 0.216868112884272 0.0537152216897279 0.441221420119991 0.0707805818299564 0.0696529250827718 -0.0867066068304725 -0.155409045445661
-0.01981739068582 -0.184763853176976 -0.13491601493174 0.125314503337788 -0.035916423612507 0.160723273067091 -0.126072341520567 0.208524038138688 -0.0175289385318815 0.00246551798869382
-0.196220150597383 -0.0844670350195769 0.227253724704363 -0.00543073147185399 0.130757085198496 0.385138993118946 -0.10469161637257 0.0264935878451406 -0.206516259661304 -0.151185857359161
-0.0276576524707112 -0.100101617679146 0.0712079648121803 0.1010811181049 0.393296442317518 0.115199021831213 -0.0889467769839826 0.0616755600136866 -0.0115922837401188 -0.126971115034471
-0.158759617564102 0.0303575281483338 -0.054289844352507 0.0710324635837514 0.235186631762052 -0.0891238579785661 0.145092340156513 0.00691911191477157 0.00817116261300503 -0.137006214333646
-0.359868272031448 -0.0405711116619493 0.156090977014013 0.183454590027184 0.115647342386798 0.35315753210097 -0.183027455544315 -0.00801221209652363 -0.145833275207533 -0.115330710169487
-0.0519834178717373 -0.304195186864055 -0.0812438694852831 0.141636596233235 -0.063610399513411 0.303221504025506 -0.185762931330116 0.153453744939463 -0.120833984801711 -0.0592852040921113
-0.0147423726470671 -0.103911211794461 0.323288269152477 0.183718295959721 -0.0119642795729785 0.297446148645247 0.026501674384743 0.0299256190948912 -0.153911418010391 -0.123878153317304
-0.132506937084431 0.0249131241569305 0.173368322339022 0.117819851221112 0.243858045663714 -0.0097630847881708 0.0878912642816953 0.10569193414076 0.0860151251101172 -0.256426149788058
-0.181676281292441 0.037486563661468 0.0721932455318466 0.0911210056871189 0.0687133030451692 0.256141911063814 -0.0620966997768612 -0.101402340972278 0.0539835456169432 -0.100544033633863
-0.294810216477619 -0.0800862913545539 0.127362894871221 0.122703566717118 0.0528061551397823 0.331974580558647 -0.206670283170197 -0.00980210160665474 -0.170572249838487 -0.161532365422182
-0.215590090700762 0.000651618967506366 0.121044058466014 0.122737040496265 0.0306875496667763 0.222357495686865 -0.0221313750418985 -0.0326596853913351 -0.17398062055655 -0.100215617085238
0.0103819625831507 -0.213734848160385 -0.0160242922604621 0.201258321086407 -0.0689277143202518 0.216965021875096 -0.254097313914754 0.151439996168799 -0.0660379667519285 -0.0745949355021537
0.0485721576385868 -0.280457641244863 -0.102957203417338 0.161732248626625 -0.0643484405108291 0.269548710652821 -0.234832000016816 0.164905897546167 -0.0297528122799831 -0.0492145175910775
-0.11253183022794 -0.00991004719878068 0.115544738750474 0.193881318904057 0.155353462988307 0.227451925855979 -0.159124871592476 0.0248990498827226 -0.186561834575661 -0.22202918586284
-0.260579549004647 0.0658162337763795 0.0361275690126768 0.0202672222758017 0.0420038201892368 0.18229457149638 -0.18434831545448 0.0186334613315256 0.0499751279270707 -0.0318337514934625
-0.139570410281053 -0.0807584824100376 0.263807066861393 0.0924867301821926 0.0233916799022025 0.290837203345733 -0.00169721982922095 0.0665695287995354 -0.16429029347791 -0.148456080151075
-0.0679421691345807 -0.021361730301199 -0.0140754730637339 0.0282545491034038 0.345333536476435 0.0252616539067069 -0.0430329282011857 0.125245921612715 0.000556138010071247 -0.225217605786532
0.0315573020039325 -0.273576378852697 -0.109010116763191 0.16227122209897 -0.0491030913841309 0.255166600304452 -0.224451249591434 0.174271209613168 -0.0477460935397833 -0.0404553269638252
-0.00351404650857495 -0.0857700436044281 0.337892968253219 0.156043786751298 0.00185978802024063 0.344724485367165 0.0431350610184811 0.0562801843922231 -0.141233344861306 -0.182968605214254
-0.125254418983886 -0.124418877033543 0.216538847693376 0.123384462090443 0.04575880781073 0.18827356919279 -0.0988013383353203 -0.0253640482562125 -0.189862606626819 -0.267837075019695
-0.17381704346598 -0.0187326892396507 0.0107618184975457 0.109696792083794 0.116187497196037 -0.042950943818562 -0.014970969285206 -0.0670650580060134 0.0869631287922663 -0.173502401878228
0.0119019035760651 -0.0339659341363139 0.0188910253875521 -0.0360349851431269 0.076955603445651 0.0085867500340909 -0.198196129435858 0.095915892457196 0.0879451976977133 -0.179189483540584
-0.226852766255611 0.0547834553277107 0.136305085949844 0.0704569971528714 0.0738767116731732 0.184599585627242 -0.0612524859682531 -0.0687023412462612 -0.150378337933702 -0.106252882228846
-0.226852766255611 0.0547834553277107 0.136305085949844 0.0704569971528714 0.0738767116731732 0.184599585627242 -0.0612524859682531 -0.0687023412462612 -0.150378337933702 -0.106252882228846
-0.322178380075608 -0.161901114282715 0.146741188957212 0.147314904783211 -0.00306651701605287 0.310946482638499 -0.157769125910966 0.0384638485977448 -0.175806342526994 -0.150058721882423
-0.110923856609468 -0.121548288479668 0.307472702409877 0.128436203678192 0.0161887762215168 0.300800998185094 0.0532470938207153 0.129832034369621 -0.101746631687949 -0.112969473391975
-0.134175683163389 -0.0676615786956379 0.0118885371531406 0.142712314576269 0.111686867926214 -0.0462752228805035 -0.0218179589020496 -0.0262990512035372 0.141365345777835 -0.226991346550529
0.033778954183257 -0.260851959930057 -0.0387511816354514 0.116273051091224 -0.108570631876898 0.260029698116576 -0.235897214240972 0.190514538877923 -0.160358061580903 -0.0426572379195131
-0.173326252291882 0.0850002812137676 0.101561806793492 0.0621279481621573 -0.0249098203910101 0.18149129133145 -0.0363020500035659 -0.0230483176427419 0.0148542312909741 -0.129360602950179
-0.0477518104755225 -0.24101526244261 -0.107399545233436 0.167959523703911 0.0431160557455934 0.2268473218272 -0.194955572809601 0.0553821683050134 -0.074569395370222 0.0145284315135465
-0.0901134905376404 -0.00816980086272585 0.368046097866503 0.109658954915376 0.0549408815022786 0.326157480723087 -0.0623181628468807 0.0545548535286733 -0.217012535925839 -0.163379368447822
0.0337234420851402 -0.233833678610291 -0.0558273660920223 0.1630426161739 -0.107035901058924 0.21340404691541 -0.289490529924651 0.20480587318732 -0.121699324536138 -0.0059574260491889
-0.0211221217367419 -0.25567170516648 -0.0761728224984905 0.123271096775449 -0.078247814928521 0.315414091974471 -0.202840851961157 0.0764762916170777 -0.0991276374888505 -0.0793749824436552
-0.197743075863032 0.026484752764252 0.148608277436226 0.142165991232042 -0.00331465202957175 0.179578416696778 -0.0886191731012762 -0.0239225903477569 -0.159007192007223 -0.0688342297374604
0.14356238683835 -0.0293671701335295 0.116833625484377 0.0921641110495225 0.169029401756632 0.00226001273493442 -0.180148690148882 -0.000264041725459123 -0.0418725343825493 0.0103096896241969
-0.176885225494462 0.0423635682963081 0.145269831547812 0.150191328095666 0.00703257613714354 0.229659611222201 -0.160156877341586 -0.0380784767381796 -0.18271820847355 -0.0583478921963776
-0.0702039330033334 -0.128797248288437 0.283657177752646 0.169578885750601 0.0275967804067637 0.287601713750038 0.0270546003920776 0.0148061687991739 -0.155923533846611 -0.176521295293762
-0.167424481602036 -0.00139503955230275 0.172684353414719 0.111714400941115 -0.0546171565546374 0.216123126641144 -0.121934872920179 -0.00727260287520449 -0.153677692613652 -0.0899005732411391
-0.158867665923888 0.00928851202898336 0.209420716785478 0.150067466560632 0.191856537175443 0.0636398167519257 0.0614216880254399 0.0751796359712973 0.0306105212469701 -0.280344921616855
-0.0195580388760909 -0.246948694616281 -0.109109044745022 0.183060014327561 0.0476140208530981 0.216711468054344 -0.222243903763375 0.0370244703070396 -0.0780920227215049 0.0166150498043554
0.0307462593045473 -0.350918926397106 -0.0814114546075788 0.192783083975454 -0.0210668975968343 0.220042924791587 -0.239293793348328 0.103049469246639 -0.0617109708994808 0.00856980059808989
0.0188068516218659 -0.227646367727789 -0.0445578778423462 0.151926971029747 0.0365880830767953 0.155677466008058 -0.12416130689845 0.165736072006315 -0.0275167230296277 0.0169998231278389
-0.189869906778019 0.00520003580890981 0.162909104956741 0.0770253886437039 -0.032526846686194 0.224843556439694 -0.0931878089482944 -0.0341376569566439 -0.147330513248241 -0.0907383302834936
-0.100681250659709 -0.0887645703257975 0.153652369952124 0.181061689089896 0.0923893049014418 0.211969341470054 -0.0322732091206766 0.0162567420808565 -0.273466376562792 -0.276144514582145
-0.0418493462658237 -0.250610949367221 -0.0997645745725396 0.169741770360972 0.0497441373062856 0.237316116700429 -0.17879036839269 0.0519136463915805 -0.0622785509448838 0.00212619940288172
-0.0135123226411766 -0.242854200842063 -0.0858217637158886 0.17379031022664 0.038049062111134 0.234350753065724 -0.201616300766762 0.0591546105800024 -0.0823418052595843 0.0358476882310779
-0.171325262606099 0.0383758933605512 0.163358664019377 0.129659025308963 0.216255375694789 -0.0351379891939329 0.0319050822586598 0.0888201326611555 0.0262981731857527 -0.286700143158881
-0.135811099594439 -0.0139077520042001 0.245543907794454 0.163889504164017 0.21522422161525 0.0265589213507185 0.037793457209596 0.0736397525364445 0.104537054922866 -0.220741039530151
-0.104752384870596 -0.134804903819951 0.293298909734911 0.237010768313888 0.0222965807923135 0.42270606110578 0.0919047324621043 0.109319051017493 -0.193562944317676 -0.17801747680091
0.137382109273458 0.0294093999741835 0.0869255393926778 0.218977855775627 0.242043469212841 0.0206563286311733 -0.272791472265644 0.00497747861020453 -0.0618715991661638 -0.0208776113082022
-0.192866941378302 -0.0120457935232954 0.0477004542756338 0.0549255917820596 0.111290217968788 0.234453963654735 -0.036117320586965 -0.101256554679894 0.0626765358729913 -0.131791398977711
-0.232192555866996 0.0263127018635743 0.205740462064358 0.131770387901216 0.219328331850679 -0.052580629035316 0.0871029282441179 0.0710782534153714 -0.0321674224487928 -0.304286653931945
-0.0176563132772012 -0.215664134294301 -0.113242699338691 0.193031249779669 -0.00725111352032586 0.29422370751468 -0.259023928947003 0.168327972803763 -0.104164558284598 -0.0326480810016214
-0.144031230617209 0.0251468806944552 0.000179076257028628 0.0859611854949748 0.216784839235013 -0.109232522595922 0.150376970315758 0.0801283763764321 0.0220017213769671 -0.169336842373953
0.137382109273458 0.0294093999741835 0.0869255393926778 0.218977855775627 0.242043469212841 0.0206563286311733 -0.272791472265644 0.00497747861020453 -0.0618715991661638 -0.0208776113082022
-0.0031549143516398 -0.195583915436741 -0.150302841219772 0.156024779356156 0.0154542309015591 0.176763611717753 -0.172579841985823 0.140627428800447 0.0162208357611099 0.0246449952745469
0.00812119233952432 -0.303507815755391 -0.0490839052759092 0.16335995049383 -0.0838430572643598 0.237596440123488 -0.218037444503482 0.119615541410243 -0.0467669855541473 -0.0268964390835834
-0.118035018812195 -0.0856874408631343 -0.0382942671722995 -0.103152085190345 0.21234712487849 0.00869098909934491 -0.107419294776977 -0.000753620707316834 0.0291563532180548 -0.09128886320189
-0.0133972275011358 -0.193476353537876 -0.157333052012903 0.123464531897412 0.00766890762638531 0.166894658439226 -0.194002805736145 0.16902822533382 -0.0249849607432002 0.0182672298541997
-0.00965987799248503 -0.224396562455125 -0.100878613701569 0.112818818167872 -0.0693862345866444 0.321108082381127 -0.210552898392242 0.110383481553221 -0.101366221765108 -0.0774477794207347
-0.0708102746703832 -0.0665353285307201 0.288612928315045 0.192597140911484 0.042860380455108 0.347559562998864 -0.0401542828361703 -0.0286790312326022 -0.0468874456197308 -0.157181699076213
-0.0266548014814557 -0.244174091294083 -0.069799948235408 0.119593155365819 -0.0837327008466511 0.320813527476496 -0.220620529027746 0.0834033266848226 -0.102212909597853 -0.0666900880848275
-0.0423510069153512 -0.0555545928801436 0.0437733679132022 -0.10014875857308 0.101743497361248 0.0455524997348295 -0.185316106860929 0.10011276370484 0.0822182728518857 -0.205827194631158
-0.123770526126635 -0.0815405109832506 0.356303630944455 0.0319334388805565 -0.025050910049657 0.268691570247869 -0.00311530462447348 0.0305962272865239 -0.0898895059737109 -0.149897736060225
-0.146344315647954 -0.0757239203507468 0.377928348910497 0.0470043811478287 -0.0450316175368255 0.273261863017511 -0.0100331915843909 -0.00722975963941572 -0.159032345026235 -0.164952366151727
-0.0559078766117713 -0.237006403407947 -0.104134955901477 0.16768590513352 0.0338714750761784 0.227072720614011 -0.167741110302806 0.0674268330693499 -0.0563394313583547 0.0385282098319123
-0.100358406722562 -0.0570778612546279 0.225074835604468 0.139187333554139 -0.0115920181264667 0.325949873797233 -0.0256273033671267 0.0885017641161714 -0.130852513510778 -0.184031747641293
-0.128182605898239 -0.0429104118702028 -0.0764159046297793 0.0229909425107923 0.190499229504108 0.0778998536903632 -0.0566352036842354 0.0609853473597371 0.0716923139979423 -0.0764724403584294
-0.104324122572689 -0.0839054592700679 -0.0154087887565621 -0.0694735664256619 0.219467455536423 0.0234660641835656 -0.0648016456071452 -0.0110429051561346 0.038868002611317 -0.109649527312475
-0.145541483737544 -0.00231206198742383 0.180612333566209 0.165877952686708 0.211797986646221 0.0068792412066648 0.0345396963831424 0.0520780637546473 0.026222576122657 -0.272892664232545
-0.0406994092198708 -0.197636084358536 -0.116580799173466 0.220528366518923 -0.142635414873836 0.159213620201363 -0.159539847949074 0.180475587495238 -0.0859759067490639 -0.0168730030555423
-0.172861030526482 -0.00100613852674403 0.221742987491153 0.122298733948992 0.140488300134608 0.255654404092919 -0.102907750898805 0.035001722808204 -0.253510810864412 -0.276671268540089
-0.116626575301145 0.0157253325492249 0.0735722846086263 0.133682425680583 0.277192391075571 -0.0718618355280848 0.0246033026194978 0.0175080297690707 -0.0186934441795418 -0.220073741318876
0.0141799140692118 -0.211048695207981 -0.0742380054556171 0.122667958268738 -0.0539480194553678 0.261753545173092 -0.227527005373773 0.167993071570478 -0.0569346356002004 -0.0483914809726276
-0.0593164232731367 -0.127157435254191 0.314044936689103 0.206074180969745 -0.00668919219958618 0.331527514279958 0.0403024501471465 0.0471651913723729 -0.163668329743297 -0.153327109410116
-0.0945826331792401 -0.008232073778651 0.206182631190113 0.137256467659258 0.225802644641167 -0.00659056415043851 0.0569717379200791 0.0381028693130819 0.0316121395303534 -0.243445697426444
-0.0196186254012983 -0.24998019833973 -0.0699348202411512 0.105155742320211 -0.0178388358398076 0.312050662869635 -0.14648723358645 0.20761187734727 -0.0214062844134993 -0.0605315902464609
0.0373687867377885 -0.264797045336898 -0.137166269522756 0.0959076882286304 -0.107453724255242 0.329124173440907 -0.213772496730974 0.168495431136104 -0.0783094932183613 -0.0554272149990529
-0.0339164215839563 -0.229203189786575 -0.0468396167889958 0.162714581122143 -0.0231367011680439 0.26762468013018 -0.220524892630539 0.0685088905370044 -0.0430793915980749 0.0357325838704083
-0.311705765841413 -0.04164734387741 0.0979624542908597 0.104267205640171 0.0901957333735899 0.290063384471275 -0.188674800215496 0.0510937111499938 -0.114063396361531 -0.0448848995476552
-0.23508206915915 -0.0689592221006249 0.0524522425056624 0.0884753315956511 0.107201630036506 0.214586946874404 -0.0964997241941702 -0.00649548828561 -0.123732124907235 -0.128503365248841
-0.0873059550095755 -0.0735274896919436 -0.0515000569108505 0.0128678848074831 0.0618695071492294 0.0538595021269609 -0.0139558629250746 0.0976952760442363 -0.010556349483154 -0.0620459448888544
-0.0746934735289702 -0.010951144442732 -0.0796108531089851 0.109447107125408 0.257381308152894 -0.0206078359143742 0.0196752080017645 0.0328568743747656 0.033716747265351 -0.143863817244008
-0.0282693722765163 -0.0728160991810758 -0.0235473797529096 0.00591824605950443 0.293505329220496 0.011592727459636 -0.00209849498021761 0.0231919814248413 -0.0927802894961277 -0.191545472496153
-0.165417777775958 -0.137815353761388 0.317772069884029 0.0163087586775646 0.0541931033351983 0.249340163500044 -0.00276629508741849 -0.0369267335087945 -0.103795056336082 -0.113278027211583
-0.167476248758802 -0.110949587361145 0.287727495562939 0.0463547868154231 0.0461139894966455 0.279782901469067 -0.0320470283009606 -0.0323666512570702 -0.121157132385275 -0.176434327342086
-0.211837018622609 0.00455915255743336 0.0386999828850234 0.119179741119327 0.259248538623314 -0.035946864947252 0.00727952185747022 -4.37201373259359e-05 0.0238738250213099 -0.35894662630204
-0.198082990990849 -0.0845007678039057 0.341450022580509 0.0808186298189668 -0.068682441961858 0.249237479213814 -0.0403179179648355 0.00108141597542343 -0.0804793330300235 -0.213949210050098
-0.0921895542725219 -0.0750315149674047 -0.0465682580483381 -0.0121370330696309 0.0848228942326832 0.0578554402203736 -0.0148392944201194 0.0875080761974996 -0.00727930268144271 -0.0859655019023985
-0.0316510036650662 -0.029288610206554 -0.00488401776933191 -0.0410206248981716 0.312769407681016 0.0526849402400463 -0.029097890003974 0.0999988047021751 -0.0506850034737983 -0.150117823814153
0.0202387888264493 -0.270446349620298 -0.0673960611360065 0.184633083226254 -0.0133059333588666 0.312443402703436 -0.225338909144747 0.0899938519697593 -0.0129871301024922 -0.0105143831852558
-0.252507441613629 0.0418450545346624 0.184083589269892 0.165820413849274 -0.0276071482543965 0.285283209007678 -0.09917269580593 0.0267531628165625 -0.0446859867427618 -0.111275898479684
-0.164734684144731 -0.0662314894143116 0.174926176478204 0.061714585908926 0.106743792821461 -0.0419172160967669 0.0840540006883135 0.0595454557797276 0.0723796495933889 -0.20037983547842
-0.107859177790758 -0.0881451990994891 0.300319064964215 0.103883749605667 0.0129420706931111 0.285111503260556 -0.00208122562490991 0.0448032416029594 -0.112723698294794 -0.118512939518622
-0.262221228558328 -0.0330542700059665 0.0930041143896174 0.0951406534756731 0.1368283096315 0.351038768947726 -0.126932951909862 0.0511771789176756 -0.0924477915131234 -0.0398446828084826
-0.0944928603850566 -0.0956725800106943 0.337435716442648 0.111846981958677 0.021865308993866 0.251068788595858 -0.0352150815455197 0.0463024125790645 -0.0734866442833959 -0.187012517457658
-0.217354596378091 -0.0625486110744394 0.0606547256341301 0.08824170602521 0.108951653981712 0.204385936500437 -0.10153612496404 -0.00476232912289059 -0.12899537140211 -0.123336051949048
-0.266792736172696 0.0325532942591401 0.139135745051607 0.126281506130102 -0.148285590533142 0.305778327200503 -0.123138632705733 0.0290115865210063 -0.070810961664203 -0.127128876992536
-0.243338925824943 0.0209369384182146 0.202849371000421 0.153691695818908 -0.0429936134692707 0.286440995319704 -0.11043415861969 0.0224756313569018 -0.0556470881979341 -0.0995740058219595
-0.2873672103954 -0.0147345576138493 0.264514200104659 0.0156198454953384 0.299546434308346 0.229953970947337 -0.0111056875381202 0.0661855151177655 -0.101663868077134 -0.160857896056079
-0.0693216693269426 0.00783669832491612 -0.0886588028073227 0.103911773906372 0.268103202213338 -0.0165908848700153 0.0124609556342184 0.0209172655652183 0.0356592545088588 -0.152107663266735
-0.288491795198087 0.0443898620198824 0.232777109985779 -0.0135702963637308 0.162376589087 0.379089375490907 -0.0958708728692252 0.0140486130892339 -0.259344104211165 -0.141587130443595
-0.189100635849688 0.0336155628949946 0.0215277990990525 0.0790976593652667 0.0741877697701205 0.253086601616028 -0.0842415365311423 -0.131053262424222 0.0764413912052038 -0.127611273215717
0.0907972007082567 0.0163898622704546 0.0791826166481855 0.220206276837431 0.235548263280499 0.0465140861241878 -0.283486100444624 -0.00369968620754644 -0.0490368259710109 -0.0106956400419968
-0.0942123979551226 -0.11860940784407 -0.0352334424211587 0.0114907442911464 0.317964412138769 0.042175261298189 0.00838948844574439 0.0962440319870343 -0.0921244448414542 -0.137788008019559
-0.0772757877930063 -0.0299880679345799 -0.107849312891136 0.0343673206525237 0.103824757576793 0.0490149904963044 -0.0675557949701105 0.0869480697264024 -0.043528237231761 -0.118367705899252
-0.133762488665321 -0.157861022375772 0.349693946101498 0.211715741179443 0.0737994009156018 0.431167813693649 0.081347236238138 0.144687542624023 -0.189583591339679 -0.16604170784539
-0.0571384310509873 -0.0950107584472522 -0.0345530623564581 -0.0228793926154721 0.318778960559556 0.0461003159152391 0.0101815175943518 0.0789353664287923 -0.0979924300439976 -0.153080814338012
-0.206421952237118 0.0207285915392511 0.0928384806622882 0.234413184643181 -0.0495787389372061 0.126796068583072 -0.0863799304279728 0.0150423102561991 -0.165943812563647 -0.102483069086889
-0.184829106904525 -0.00460356627914284 0.183993363757436 0.0919964727339297 0.00328070355596208 0.207880398430318 -0.115582720037253 -0.00494479947796326 -0.164546169814723 -0.108427648416624
-0.0599484376118923 -0.236411511543677 -0.104732431183181 0.157341899952611 0.0529851305009288 0.239130506811012 -0.196415198341177 0.0602310639739549 -0.0654533283331481 0.00171619498686726
-0.0584592989279407 -0.114267130825416 0.32428092631336 0.177190914009335 0.0122476205484343 0.299510703803408 0.0360579765825217 0.0142632181617239 -0.156393775308471 -0.17318210473462
-0.198458043978059 0.0197974837524457 0.168156835854003 0.144592793236491 -0.0247484337042246 0.244970001307083 -0.0843031349213848 0.00615916489372832 -0.148405689834751 -0.0822232008208268
-0.0932786537227735 -0.101537671683595 0.00959509224740868 -0.0767816941787068 0.215818098265438 -0.0100931303913462 -0.0523892594528108 0.00448282781422241 0.0200955810864838 -0.119877527361163
-0.0532864186495901 -0.148208115792082 -0.135047898526752 0.150108941894936 0.0281095086541264 0.214743895874854 -0.174237747164922 0.155363351132426 -0.0343862316313997 0.0153926907140991
-0.112874484801515 -0.0962954854423517 -0.040518715009292 0.101505888309144 0.0307658746177977 0.0257983699246031 -0.0377596020993384 -0.0179152552370609 0.11874048698328 -0.206297549661707
-0.230484438356199 0.0157173672388957 0.196828600003774 0.143998361278861 0.241425206292424 -0.0286234686333309 0.0802259418012279 0.0714905884003279 -0.0521555865823382 -0.283431407459064
-0.139034007973915 -0.126213324047861 0.31864196399123 0.199775133908825 0.0293360729610738 0.39939289045103 0.0648899008950491 0.147017352708563 -0.176571375682876 -0.19263679115359
0.00711878109975241 -0.284186566608912 -0.147306216936214 0.15038502750702 -0.0619511681027733 0.232783182697985 -0.197921044721694 0.158489295909811 -0.127610659620931 0.00127934436875466
-0.0228175893316907 -0.194665684662053 -0.0916603574641886 0.186330116006624 -0.0879212340034931 0.202778486347325 -0.231175386334605 0.155210033910347 -0.0702489965254609 -0.0395427704354124
-0.234550452415431 -0.150387993837391 0.334607246258132 0.105851600273029 -0.0241501225828766 0.201810437261473 -0.0105294553525413 -0.00393784675432599 -0.0941443192198053 -0.201046685977399
-0.188981566163478 -0.141345030428609 0.345690741971381 0.114668554591684 -0.0511161316862738 0.190750590007066 0.0227151380782553 0.0343248468035981 -0.104383057873998 -0.23663346555782
-0.156532987383884 -0.030518182147072 0.256661391935668 0.0339314133831579 0.125532676610013 0.415470019790008 -0.151892815212631 -0.0408491882692492 -0.185326621639389 -0.137460641176252
-0.181632777575642 -0.0336939912724888 0.0158244642662878 0.0970607277469602 0.12741684335258 -0.0652120183439707 -0.0330741153696919 -0.0426412366741849 0.0962373820133678 -0.157728817551861
-0.14623943499397 0.0228778108723047 -0.0663418250465065 0.123842097536365 0.198114550676612 -0.120155019907203 0.104756444284698 0.063594026198822 -0.0114684286888375 -0.154123783044449
-0.22366496425768 -0.0966289729470982 0.174851385263025 0.121381534369852 0.0759002664814739 0.347124910167409 -0.205668949624151 0.0134131448417848 -0.183563875884926 -0.121124192562363
0.0305671314325678 -0.197932978186335 -0.0252933510171778 0.159090394251884 -0.0937448864528978 0.255542456251104 -0.284433021676184 0.141532480384057 -0.11604709687044 -0.0283694233259109
-0.102205398889957 -0.160020438135835 0.262392479826942 0.0923124614763126 0.0493486146152019 0.344582518781271 0.090599071228156 0.0627560246128936 -0.169996473308018 -0.106078031817867
-0.0548043166533702 -0.0730916776584263 0.315896907380095 0.153316682110429 -0.00667757264301562 0.273155235778124 0.0644061845652591 0.00588020552807675 -0.184023583467965 -0.128526016548523
-0.0993559268815862 -0.00617718421529233 0.108616010384705 0.196009430395358 0.148543104981141 0.25717984354741 -0.152962876413203 0.0321261681266912 -0.214637866729869 -0.256112916912237
-0.0518650002744199 -0.041670312459219 0.25325947632345 0.208277927538717 0.0245359818810799 0.341718916223306 -0.0513725590746873 0.0898213987487951 -0.175388052932423 -0.196843410702539
0.0606339652026272 -0.277255873753837 -0.0967231257401763 0.168553286814938 -0.0651518338666051 0.278520527791395 -0.222814019889325 0.166396384620866 -0.0426815544500893 -0.0590559771603999
-0.0787802153538355 -0.134330469165417 0.274643445037516 0.0850671399077407 0.0421443929781261 0.314806571425576 0.0904233132309428 0.115522106239044 -0.119818413803872 -0.153529131028154
-0.136848682207279 -0.00942564323933193 0.208612286089059 0.11307517754586 0.270741933337527 -0.0596105763052028 0.0896060135971822 -0.0174848416048828 0.0620818872465283 -0.24659105455299
-0.203192345784152 -0.0893040703047189 0.14999255762788 0.129647125296979 0.0403513762801023 0.328304474760926 -0.180779545719216 0.0238523736878941 -0.205482652620302 -0.0994269994224513
-0.0176515160054737 -0.213317459733467 -0.129663858097163 0.159752303796893 -0.00714051078317866 0.161660844453575 -0.156945585067571 0.158637656674732 0.012715307511412 0.0348478237144965
-0.0715298529189208 -0.211884814961146 -0.139653041928647 0.138276322919629 0.00340849151803303 0.151376031137117 -0.173056923862986 0.18112867025706 -0.0433924913663433 0.04942417876205
0.0111722737511717 -0.235928117170598 -0.0778316794988253 0.156710069910114 0.0237198436922896 0.167888390301667 -0.13504715170331 0.14825490663761 -0.0866078990655278 -0.0252675280845451
-0.158048385573588 -0.0899815866330148 0.356209670572651 0.12483821544077 0.0416962965962341 0.32704014449808 -0.0166743361022606 0.0442916314147572 -0.173996493219974 -0.161900997769401
-0.128293450014394 -0.0508157343973505 -0.148333866715632 0.00394194964612075 0.226003630895046 0.111661089205396 -0.0350032732368867 0.0358603558653665 0.0988945277317056 -0.12255878967982
-0.127136912672948 -0.0191529982012481 0.199880193281418 0.144264171709888 0.100509613547192 0.29826765126084 -0.0848370322598724 0.0280483538266806 -0.221752709681107 -0.282158178010588
-0.00109661178019559 -0.22498422536645 -0.0322240959162218 0.159793813920645 -0.097367220557272 0.224401924454578 -0.252872834015021 0.15010523773331 -0.125532678915458 -0.0254616392454753
-0.178094700783008 0.0463788450268302 0.100333730263863 0.15986932203302 -0.0799543889854854 0.133235820975831 -0.0796654490560171 0.0098898147655366 -0.160388681395038 -0.0506902355703311
-0.0612439626929508 -0.167789604946835 -0.163702373910773 0.117012855456626 0.00966767377312192 0.171871232595891 -0.161613457911946 0.178711308235194 -0.00151570435892312 0.052577784133753
-0.213779731704545 0.0357225745159509 0.166804427653571 0.140889566871434 0.00162284164639661 0.201712259414557 -0.117304209737481 -0.0220865045384049 -0.180747995431159 -0.0895387665002805
-0.115694437451987 -0.0157437201753398 0.184250159553006 0.174449493483403 0.211683383694883 -0.0147793843775786 0.0836080073853186 0.0960178487344205 0.0374305642614575 -0.228705501798947
0.033778954183257 -0.260851959930057 -0.0387511816354514 0.116273051091224 -0.108570631876898 0.260029698116576 -0.235897214240972 0.190514538877923 -0.160358061580903 -0.0426572379195131
-0.110764203546072 -0.0925545199176401 -0.0384980671921993 -0.0756473081944057 0.211772548644574 -0.00655393703942203 -0.0474795778957709 0.00935216691592111 0.0411845321072712 -0.12090485960487
-0.0853160168476963 -0.114127588834518 -0.0246951221379542 0.0160640433947206 0.346165247929877 0.0346536747147083 0.00673037225057608 0.0942831226871557 -0.0967464973095389 -0.139350828868141
0.00380665693241483 -0.230997096678614 -0.042814319192568 0.151367440478097 0.0132899301159654 0.156554814621411 -0.119193274786594 0.181780395537603 -0.0635624090603605 0.008417672054468
0.112303555914358 0.0493617341275584 0.0842740942713277 0.221091756727795 0.187646633135017 0.0476588745497251 -0.250900342271371 -0.0300019326523298 -0.0448829601434815 -0.023199112588832
-0.129467206671127 -0.118216310223392 0.284954264875213 0.170292414927676 0.0145352888480996 0.303807121437445 0.0557978413461678 0.111232800447088 -0.10009315655366 -0.113365413608619
-0.231212777775639 0.0160949739564383 0.07716175338706 0.0890896731050887 0.0741198732832823 0.323145267130074 -0.103439878034611 -0.0740184687072308 -0.147016110378632 -0.0265904658336284
0.0320029695781698 -0.240957474593634 -0.0216790410016986 0.151112667288618 -0.0774105565198908 0.256750669565327 -0.283724874406171 0.15825690422121 -0.115398872666641 -0.0468395570844068
-0.189869906778019 0.00520003580890981 0.162909104956741 0.0770253886437039 -0.032526846686194 0.224843556439694 -0.0931878089482944 -0.0341376569566439 -0.147330513248241 -0.0907383302834936
-0.102303128950517 -0.0993639740247195 0.297387298302484 0.230840582615815 0.0250339230312112 0.410714650699236 0.0857047439565422 0.0698000354372205 -0.213829745179925 -0.205823709387538
-0.222384276923889 0.0555086059983781 0.0724115795729745 0.192851462247919 -0.0484640737128969 0.160404527287166 -0.0921051335939015 0.0401047790407622 -0.184109156709845 -0.0975597533932603
-0.123766462700478 -0.061066731285118 0.152200694821001 0.174787997713673 0.109206277886995 0.198510458394272 -0.00782644846752589 0.0564686337429559 -0.23959137469864 -0.279224747975731
-0.0787323294434918 -0.0375430253700928 0.246419949800287 0.178606469975173 -0.0215187795692364 0.313437176677078 -0.0647467288456997 -0.0276281383826686 -0.0668818569316665 -0.207437498075132
-0.186176694082908 0.0491601232471433 0.160091255299642 0.1298871275955 0.0182941795930811 0.237574641074847 -0.0684518992700274 -0.0224118401555638 -0.15590512251535 -0.0427212690684175
0.0550616790969754 -0.198162104723482 -0.0645229770372167 0.162120529773571 -0.00332945501565612 0.131586196395413 -0.138699520050833 0.142777486219011 -0.0954078323757132 -0.0288271479964186
-0.140647295369884 -0.127584444830446 0.30234596785397 0.14284140338487 0.0355157137476456 0.302758876803368 0.0507161219720765 0.136935237329012 -0.105505259815517 -0.110320550062822
-0.0928340820502994 -0.144485573775956 0.254610186835953 0.146988681092593 0.0621786332860673 0.260261432385651 0.0305621244751852 0.0503467700831699 -0.115912556621863 -0.129437016665697
-0.178256500540561 0.0522159457405125 0.0649965660145857 0.0802995047288807 0.0727985345189713 0.250529270149486 -0.0762203544971419 -0.100600103113295 0.0517270522132057 -0.103855729182033
-0.1853796845474 -0.0109803246611584 0.0572677551566435 0.053583489957757 0.106617626744558 0.250860419086747 -0.064484781474785 -0.102729789735391 0.046789270234947 -0.14885770039813
-0.159797359087604 0.00449227784868273 0.183564268257027 0.146849135560202 0.199293999831161 0.0521444497984911 0.0685107230416583 0.0812389086272586 0.0808498412395599 -0.26590924300932
-0.222170013298621 -0.134490549990445 0.289976162021265 0.058692695129395 0.000535778274386335 0.315016394510742 -0.0437714273640718 -0.00351909638323701 -0.134630788828968 -0.131791312461368
-0.262221228558328 -0.0330542700059665 0.0930041143896174 0.0951406534756731 0.1368283096315 0.351038768947726 -0.126932951909862 0.0511771789176756 -0.0924477915131234 -0.0398446828084826
0.051529102710513 -0.254723908369107 -0.0835956409520699 0.182950224358905 -0.0305558956013678 0.326272132642267 -0.21479445391465 0.0879825996476037 -0.00450157914068288 0.00641474478404745
-0.208306413131092 -0.041459769754286 0.112496404371092 0.0410167084355665 0.157157618717082 -0.06114730171214 0.0833708908781896 0.0460227269930014 0.027053675416835 -0.225665736255167
-0.276852694312695 0.0169792880576245 0.260028907563713 0.00886942903550501 0.279243376892306 0.240226854835904 0.0225998317390348 0.0581962507950231 -0.121331671676968 -0.126314207515348
-0.153641372734441 -0.0587001569705009 0.167965240802955 0.0534096498415331 0.178786658414513 -0.0633924661758359 0.074634437848002 0.0568498982845018 0.0521985538128588 -0.187808617642442
-0.103198058555977 -0.0674939396993963 -0.0429278335974635 0.00476642289737652 0.0942291676547167 0.0283091999198396 -0.0229309699468176 0.0919350379058569 -0.00125767100960344 -0.069617303372514
-0.152353730256094 0.0202302718978039 -0.0353787858162601 -0.103832026228757 0.0293424244740364 -0.0180991036295729 -0.201001286113893 0.260859902494109 0.0862326658561596 -0.142787366897766
-0.184298364271847 0.0838594776811486 0.178236951259412 0.0208732373394772 -0.0589221145007332 0.26468763926461 0.0162119977110423 -0.0594276680921269 -0.0305184056631444 -0.140597594761913
0.0842127502711015 -0.289360662318264 -0.0633299609162319 0.0972494940553594 -0.0424163762493527 0.0953670462481495 -0.164057844382134 0.165127515997735 -0.0676838491164586 -0.0434304643238094
-0.0368472178826942 -0.0108379089394384 -0.0787648178202603 0.0948795502376309 0.230285823709904 -0.00840274059965982 0.0581784687930399 0.0339579590720704 0.0206661972793212 -0.134004131373552
-0.0219793640092707 -0.242026882592471 -0.123667875368345 0.115388272465364 -0.0496408075720215 0.173100190908894 -0.148082616302791 0.132715586837104 0.0222978502245948 -0.00732166944488125
-0.213171696762284 0.0807943186570912 0.0540829764673545 0.0885249130371997 0.292256631949356 -0.163900764015278 0.0295568237009085 0.0327996096084882 0.00550385990117245 -0.330863565419615
-0.0379950397619354 -0.298359101417544 -0.155930348803787 0.0952788577087614 -0.0550294550457342 0.171408157881953 -0.160804755387149 0.160916046882983 -0.0348795716568252 0.0100672454550213
-0.101878663969707 -0.0795929191676413 -0.0416725854722538 0.0229859311504102 0.0803058871327167 0.0552075901984149 -0.0169673626501131 0.0679939419710203 -0.0143676742182339 -0.0507724634172213
-0.176396193841253 -0.0267838256853348 0.243357147273707 0.194495724014532 -0.0718855766033212 0.34134330280173 -0.105862227162476 -0.00114962869030958 0.025849940472625 -0.0672523636927578
-0.0145501793951181 -0.212662528241253 -0.0947177980813878 0.147280585309642 -0.000515857981584156 0.183742458049637 -0.200212538212419 0.169091801474475 -0.0895141955146515 0.0127036436372826
-0.242691690164863 0.0481889782084551 -0.0168620101654519 -0.00552986247107487 0.0171441940597818 0.202167047690854 -0.201067235963988 0.00413593253731218 0.0722493868432913 -0.0115344593856829
-0.0886395847335889 0.00578727187389949 0.0757027165232363 0.132285771699372 0.178016161362756 -0.0479796897865148 0.0179559078642181 0.0394194601421006 -0.0388226923031732 -0.138249398005749
-0.0113591333001034 -0.305907251164327 -0.0418623456342266 0.182259169767693 -0.102892210717972 0.250476573337376 -0.286234660366281 0.186333573563513 -0.122028674687802 -0.00469018279102345
-0.13768460416768 -0.132119371694827 0.246220446286462 0.160113674169676 0.00356806316498347 0.368433515136842 0.0609818446449697 0.0419513066105352 -0.163210208476935 -0.130498747122569
-0.163946594002794 0.0537940964769439 -0.0479774820950683 0.0551652380577935 0.213312856024192 -0.108941262088557 0.128291864834601 -0.00357870738091844 0.031257310289682 -0.142969497003348
-0.133435290041246 -0.118750311465225 0.227658239978867 0.122102418553659 0.0668054822595393 0.32973170733945 -0.05801172663588 0.0392729832432501 -0.141637002619343 -0.165737430340704
-0.138310467665206 -0.0440339676187725 0.377249886112192 0.111235398146855 0.058646643970909 0.354876737292731 -0.0234240381488156 0.0301028850533861 -0.168391437028007 -0.122390613837958
-0.246277363428136 0.0637418344214701 0.026524184921859 0.031494333194792 -0.0165674282526243 0.183369842971802 -0.201667386394294 -0.00774686781240925 0.0746984579024119 -0.023937743218174
-0.339819153457194 -0.0423011081777025 0.153162771904235 0.174150160205536 0.10853296145908 0.290902528368076 -0.177535197689918 -0.0311572097419366 -0.145821729170979 -0.128036061847902
-0.180129100739944 -0.166523983529557 0.359365274927263 0.0481899965977578 -0.0235065073777904 0.233090841252417 0.00113908347445882 0.0504715882569968 -0.0645133373779906 -0.204984386647472
-0.25440120349808 -0.0455152806660434 0.0254978293077745 0.0960822166690354 0.0315254221442752 0.231360964091764 -0.114215914243701 -0.0657046195713219 -0.0455970406457634 -0.039276090986
-0.305651197948114 -0.048158495642112 0.166523693869888 0.208588455790528 0.0955058275573323 0.3359019810907 -0.181063781081724 0.000658322522909215 -0.136292207136882 -0.0976506157905549
-0.226730805750659 0.0539525445918387 0.0502586094200677 0.0414401978554126 0.0149764406181159 0.22926519489779 -0.201318940749868 -0.0160181871943768 0.0818207248860106 -0.0222452776066859
0.00323759472572336 -0.246950683370292 -0.12724170963697 0.125981609456041 -0.0815426782422909 0.307939960478415 -0.221991601477144 0.179018350429741 -0.0980268502217894 -0.0456554971073691
0.0221637877669392 -0.320758575896004 -0.0917055781511857 0.148668445660153 -0.0909698162918311 0.275132536730074 -0.229090762014235 0.179830984639891 -0.139062523056593 -0.0297637070875105
-0.149079948393268 0.0513253307168328 0.159292617695409 0.142568474352316 0.037514454976923 0.2120206850666 -0.130319444820112 -0.0824201527598698 -0.180574446326855 -0.115498176561082
-0.107909047679122 -0.0707957820170005 0.238658812691737 0.16198396360983 0.0254094772290416 0.335941311410217 -0.0701363459400291 0.0632734614908595 -0.106971911353764 -0.200679304106276
-0.0313816613606647 -0.215150095019165 -0.158686443797691 0.116008853450997 -0.0715010301195102 0.198641127310234 -0.146769750859722 0.182071791136928 -0.0433836774518012 0.0421830260753255
-0.220109442555555 -0.00494371108352306 0.0942480664705089 0.0200137209511185 0.11607876328096 -0.112605033592643 0.147035345117958 0.0395952454605736 0.000916135861613647 -0.258414049113907
-0.122489563718114 -0.0758171500947818 0.367610128746537 0.0410748489341006 -0.031177003122427 0.259614840817202 -0.00972273983992987 0.0375690062005028 -0.107036384731745 -0.148514400271439
-0.0238994229918454 -0.183383371744762 -0.130733924520018 0.13523263439824 -0.00199178256590581 0.178573899749466 -0.129976701556056 0.131847767111105 -0.0101853997799003 0.0474758289765228
-0.15116070388411 0.0240831297240613 0.196991031454041 0.150519870235581 0.195719645351867 0.0200281333854132 0.0266896445489666 0.0856519484027615 0.119742965074288 -0.285714880338154
-0.120072877092756 -0.101263587222686 0.281828353798433 0.131724292432087 0.0412692753428369 0.332078277627624 0.0382205909132103 0.120969880830458 -0.108654422929198 -0.114156766014913
0.0123516263048199 -0.0368785101157041 0.0233285092063102 0.0523820306226144 0.371015056884055 0.0159346340106075 0.024682194867566 0.0939408742571669 -0.118656994610781 -0.21734448420491
-0.19354546943048 -0.0662171776500382 0.188398039107109 0.0160149395083011 0.157110459216633 0.367907596656126 -0.0929259278643641 0.0253704749891719 -0.238209784371524 -0.127906870627836
-0.0618609226593976 -0.24039109364623 -0.0808789503590545 0.147759710685329 -0.0638896485773901 0.204702217847506 -0.152972635433428 0.185661405047862 0.00717184150685271 -0.0379077205826073
-0.0874579340158101 -0.131624923615618 -0.00924228891137976 0.0294455120708786 0.252440052285546 0.0763498436950667 -0.0365830103117118 0.118748292542285 -0.0914757075224307 -0.201618896559034
-0.275587197046805 -0.0292795172862347 0.121191909753713 0.0929994937031595 0.105103597519369 0.320808176254015 -0.140201429978909 0.057281747961139 -0.0866114547920832 -0.0874674302859623
-0.180280376437049 -0.0477652982534803 0.142107710122887 0.0638267098240739 0.116990279271935 -0.0357116597104297 0.0921802269899924 0.0414070593395325 0.0786897124218682 -0.185781834483546
-0.06359802465067 -0.00739113700196047 -0.0797232551124207 0.108843746597369 0.237790242443563 -0.0163494724766072 0.0252308226443168 0.041660238120002 -0.0035458138868573 -0.145241460161347
-0.119720333041093 -0.0985124610663428 0.319786530742592 0.127536292882663 0.0113784856165721 0.273852166295242 -0.025946566521686 0.0303997901536864 -0.113504085159234 -0.0826690848486153
