0.24003704766039 0.0933829065256787 0.288265515008543 0.192497363781857 -0.0855073843268082 0.0950295823379165 0.0088544432898795 -0.095309467628185 -0.291819993385055 -0.00250009080950275
-0.0465434792594911 -0.0771815534326609 -0.0924165265477578 0.327389586336313 0.248504206983612 -0.0165357863522909 0.0440985011604111 0.0946714198037275 -0.00158022047765639 -0.3419803807714
0.222296733451028 0.103538639632652 0.274956094733336 0.201402858070402 -0.0722589948542401 0.184445690866152 0.00405002982622556 -0.0988043563905646 -0.299890225323529 -0.0383144642678081
-0.0236140579183067 -0.0666892146461091 -0.0734616143166756 0.349301990413518 0.163482905778817 0.123163647988081 0.0729667069496743 0.142071582489658 -0.00947133577928563 -0.327103294497712
0.153046715242352 0.0407560897186054 -0.00127411572715747 0.280925312512077 0.127745126784412 0.039530168680291 0.130130767646347 0.149664981548158 0.159055317045092 -0.0619232713234052
0.0873550106758229 0.190764441201711 0.165252921830792 0.235600898634597 -0.0681139565519437 0.0116608561755898 -9.99229285503986e-05 -0.0242597981819913 -0.329031882076592 0.0458831345151433
0.106404083053437 0.202566375841068 -0.0937355820277549 0.375986172377732 0.0899021072820975 0.00892730396893506 -0.0470908714361128 0.101820514677962 0.176537007916486 -0.222247628095351
0.0874707793781166 0.122106237211769 -0.127202549565184 0.217903950783527 0.156393366950009 0.00744833541960908 -0.1369842963706 0.141277428584719 0.191254038503408 -0.124241933905894
0.111395619145098 0.219393909672796 0.168992352833834 0.215824135157952 -0.0132845798145662 -0.016025067965794 0.0812680745831327 -0.021296100369226 -0.347105778759786 -0.0118010659784839
0.187538211989196 0.0562911994931272 0.256474507213848 0.23734366868218 -0.0644628818720999 0.190670560278449 0.046951603905165 -0.0871755744454967 -0.267578418082639 0.000550601126592613
0.183464294077499 -0.172178902568701 -0.320235393363933 -0.0484834380729284 0.236901900924188 -0.0740562485190738 -0.00773488665572867 0.0937488496063018 0.0326146269890745 -0.0105271045363119
0.0450238869348574 0.00594734657192206 -0.03767223567806 0.253437740720766 0.199435786883625 0.1172589926496 0.101472445288652 -0.0906163100392016 -0.071777303556217 -0.236696302660547
0.113502176184102 0.19085835672609 0.273240257940472 0.20568673049678 -0.124125788434794 0.113257989901765 0.145405786767007 -0.0598456666687258 -0.169659893806716 -0.0257454231572167
0.00413315290273176 -0.0930921985689161 -0.0642189520885996 0.285218653102674 0.203186916906211 0.096676931967862 -0.00958585342761106 0.194185219313224 0.0147288471824714 -0.304053283598139
0.12540036102661 0.107028837122273 0.368039675120824 0.146896621406567 -0.152123550613944 0.154925572250065 0.0245107181674164 -0.0981824766571964 -0.188478334916935 -0.0630378946880359
0.231087291507673 0.0309676279632843 0.295453635235841 0.233314859515607 -0.0556168276724125 0.150058889872155 -0.0157961291404901 -0.0314354250597946 -0.285068274037321 -0.028124145001792
0.215223942710194 0.0373097629428681 0.213300004096214 0.237605513183544 -0.0622896881102409 0.13493397814106 0.0641405901355228 -0.0678568478265255 -0.3086800604603 -0.0293573916525632
0.0886310711605139 0.157231533945889 0.282129988243908 0.188730761117357 -0.198064864168329 0.153498257040567 0.0150057981511225 -0.115252985394611 -0.189585528407871 -0.0204824523796791
0.139330555295801 0.180584380751031 0.271873316694663 0.17240326584795 -0.102584724719203 0.136001687748633 0.160148122475603 -0.0452074236655098 -0.168707179748735 -0.0311287555098109
0.205698011917585 0.122710878814014 0.30275981708175 0.221887534348492 -0.148299011495763 0.154819508359462 0.057986930743423 -0.0864005526623275 -0.23784454123443 0.0253302380916085
0.226984161839767 0.0999810623757241 0.283498547231707 0.21775413564745 -0.117553035625809 0.109964770239492 0.0468649903566074 -0.0844182157759308 -0.251662882524448 0.0908454992743565
-0.0584481126471419 -0.0501510773261066 -0.0365342624991187 0.282684560767025 0.195161126968452 0.0499156746561026 6.57349398377992e-05 -0.0208292298227313 -0.022585376029768 -0.0899514865144494
0.171016631953996 0.00264602776337925 0.303141799319704 0.24121446567604 -0.115793555525322 0.122912571968144 0.0258320245180738 -0.0628800384053144 -0.260513368796012 0.00901346988267054
0.122827911780438 0.134177862063534 -0.176160762954191 0.246801328735016 0.200715839854578 -0.0314508755070183 -0.022757178216423 0.138780724798599 0.204038069300551 -0.191979797224648
0.0744401945413764 -0.121022750140124 -0.00125848092264542 0.323119810773356 0.151434371251691 0.0743232736953937 0.0943721325473212 0.026704914891615 -0.0436221986835298 -0.128500898654086
0.0997842754818318 0.0553054059440011 -0.0791772116144619 0.203326566135634 0.146004833777832 -0.0311786573545033 -0.0449941480148239 0.0484598825966068 0.317880830112415 -0.336368946421624
0.129104676067238 0.164692617974787 -0.0922282775296749 0.231728897630735 0.172346469785702 -0.0419310444032116 -0.0943608114690423 0.134846969006607 0.238242808912457 -0.179000277045749
0.124109947815567 0.0155759744636614 0.09285428934633 0.310392836059588 0.0992713293832381 0.011180127971286 0.194330896772705 0.0819269439986955 0.16727464614107 -0.223853973427584
0.110378918608983 0.157810659286661 0.197728075776771 0.270227887888961 -0.0680526370924712 0.0345920553960466 0.00995622209155978 0.0264718392571551 -0.309018202155479 0.0771534300686538
0.137465695455858 0.138341991530114 0.158390055478674 0.183289414257837 -0.0767070909744852 0.135065355411811 0.0468531546877469 -0.0777786744676642 -0.22391030367136 -0.0418920087703032
-0.0195750989520462 -0.0879977369422708 -0.0314332479598527 0.329070493926778 0.208865422710671 0.12186842978786 0.0424161040067067 0.105034702712707 -0.0413722261418434 -0.328456251358829
-0.0101314969924107 -0.00524451474796897 0.00264607770618131 0.29231884023002 0.242129883013526 0.0521359228297262 0.0514997898082488 0.116966043621803 0.0176374450500043 -0.272089326696552
-0.00125834908664002 -0.0420602208156391 -0.0516607366116101 0.322224923031216 0.258685922801359 0.0156856410170247 0.00717902714064346 0.139901626384174 0.0201297877576976 -0.295212834632982
-0.0288863953349631 -0.0521995171943154 -0.0443713844291417 0.406366350480795 0.12817455917655 0.118121051788046 0.274778218118413 0.0272763359184613 0.0703317253897016 -0.0923936403928571
0.0902477501315411 0.108998905900762 0.177352850234425 0.508045841806267 -0.208904567621183 0.0985388745992574 -0.00340344891317916 0.143928088130739 0.140779287032425 -0.100584859365969
-0.0418896994506058 -0.0199550506082791 -0.0495097813717999 0.345214377397501 -0.0445412446702347 -0.164031621368851 0.1804124867222 0.056648864472681 -0.00845633485550295 -0.244845219315075
0.0527464237536404 -0.155518460531331 -0.0648732855556181 0.18055662963903 -0.0639518406437486 -0.0369386985277818 0.040027475218847 0.0820012258666541 0.0654615331708983 -0.0983464513117046
-0.0619437680904887 0.0560922460982165 -0.0169274697716927 0.208004979630782 0.200668588689355 0.0723484122645642 0.303343418912475 0.0608415887559648 -0.0238402097230285 -0.0180253655833342
0.121772779131033 -0.0377110106724842 -0.170534736406603 0.262268540984857 0.167141876725355 0.027162466877832 0.132944687689177 0.000461079690825799 -0.180604774303187 -0.221320790138585
-0.0572221131488494 -0.00467575400956999 -0.0496182003531503 0.407043123857958 0.0208205873009006 -0.156196459712051 0.119180148740869 0.159857646736513 -0.0946966808019754 -0.194906049538028
0.0721860222783443 0.186654927659817 0.105457097930972 0.552348158393207 -0.135099493364472 0.143930751370054 -0.0141729773817294 0.0835834389270024 0.189506375376673 -0.202321084596075
0.0790058205341929 0.181897364236907 0.337983488181989 0.247467663422541 -0.108179448258644 0.0951798832456951 0.0350402906951984 -0.0991017702131801 -0.209495147965301 -0.0918155870581304
0.130078187256817 0.0333666412899993 0.0835554889440664 0.317621428602877 0.114034750708614 0.0237364318720536 0.188325912574248 0.0847657688334063 0.140908592728778 -0.175856518822416
0.107676553910457 0.0641037502003533 0.10601861633478 0.35115831266491 0.109998267109483 0.00841371935268665 0.20790022127833 0.0756587710235651 0.146394518615419 -0.17208084494071
-0.00716622855568514 -0.0505897631377917 -0.0176251847735773 0.322868099567005 0.206439252871419 0.0963967162380295 0.0677072964189256 0.0570902757998931 -0.0148178483374985 -0.295207546288398
0.139469188747011 0.221858144314968 0.370869170195391 0.257759977677698 -0.108260598166584 0.107724459165954 0.0505386217341758 -0.103199070231792 -0.246678748395761 -0.0612849552835139
-0.0558682698680016 -0.0889275155916846 0.0684194438905151 0.306835975374555 0.220081620115897 0.114770514491842 0.00212472710934181 0.00710465951488289 0.0100305555686376 -0.290075015996656
0.099941162859902 0.214224983634621 0.225141887895349 0.19088332743351 -0.0856763153832704 0.1742326974497 0.0775270780021004 -0.0793967859593027 -0.293965200673004 0.0219013075879603
0.110051904338102 0.161833235081836 0.165927141914196 0.29925218907046 -0.0558482534562226 0.0284100468679874 0.0152649632442694 0.00768812653397966 -0.299797893553424 0.0832852013954678
0.00159772913433177 -0.0874449122714673 0.0406800358495141 0.305652777953144 0.234783481991987 0.0856872534221362 0.0227490569566723 0.096548853940765 -0.0388430894928811 -0.291995144339392
0.15027023724495 0.174358520428519 0.236801494995096 0.182992984240986 -0.17788570623612 0.180018793078574 0.083902867600526 -0.100012285597059 -0.295227229661693 -0.0124992239121956
0.0714752538949316 0.197042653666998 0.283612922417759 0.244644989486213 -0.0940986850821672 0.182707021732762 0.0569572029191694 -0.0711915041619981 -0.277795778782493 -8.87748944372428e-06
0.0776691746962965 0.10449296264092 -0.0847499383447263 0.2600490701291 0.0823370135962052 -0.0338133836601951 0.0213989543737849 -0.0514413280905032 0.275434881274538 -0.110811539511129
0.191202869829965 0.268908934160522 0.215137642302079 0.205793390156689 -0.190605558170526 0.187526136973755 0.0629495733132243 -0.114682168201229 -0.292893925750808 0.0123356340730934
0.0776691746962965 0.10449296264092 -0.0847499383447263 0.2600490701291 0.0823370135962052 -0.0338133836601951 0.0213989543737849 -0.0514413280905032 0.275434881274538 -0.110811539511129
0.23983160691212 0.0608814841314321 0.309781074162618 0.17342170438853 -0.13380176259247 0.138778247360758 0.0556298930077827 0.014811428982941 -0.296325069868907 0.0309241217196156
0.0269253064943459 0.11494961759793 0.0410303067366407 0.45687941242387 -0.17947751782545 0.179157516763133 0.0371530703879641 0.0148974628927138 0.142968055653949 -0.0776410134024818
0.129157013094366 0.15018144789696 0.227698937568686 0.298717089836479 -0.0723655864653075 0.0245486116888895 -0.0202485765244173 0.0172392967067939 -0.30375412995878 0.0986137495522381
-0.0330025973392234 -0.0109662469217485 -0.0460080747497759 0.34742601088538 -0.0577835782144849 -0.153585443625035 0.162530576250956 0.0455119932567989 -0.0165378071192698 -0.254378951265572
0.0732658773415492 0.202469980541996 0.23026419328489 0.180687789222184 -0.0432185856452358 0.0626241118702246 0.0425971366019209 -0.00806051933675324 -0.270796073108471 -0.120513819831091
-0.0214145135781645 -0.0758178260877716 -0.0285361490498416 0.309882490233017 0.229081335358376 0.174365011865738 0.0864391914201199 0.127454805372596 -0.0329191002403064 -0.252677281434872
0.00251661301894517 -0.0137113461669416 -0.0623184325503243 0.318204779670917 0.242458065992729 0.0129627946768367 0.0278120466934431 0.114285436323731 0.00931528412638404 -0.291108755582071
-0.0184376019584304 -0.0281494354767793 -0.00957589661918202 0.304928878615139 0.22250098930453 0.0397476889277947 0.0598256848127916 0.0992548995231448 0.0235696724657064 -0.270383793526766
0.184490557484804 0.0768923463515078 0.146243219974053 0.165736417595452 -0.0765412877140411 0.139267780129689 -0.0237222334051448 -0.0693480707949391 -0.19138530275618 0.0216235996839443
0.105311935808327 0.17058219029892 0.202648166767489 0.312186294600075 -0.0416624584160151 0.0476620424778093 -0.026961220216458 -0.00196799272963935 -0.309470655249437 0.0680272582243178
0.191286747966071 0.190761797260486 0.333455435938092 0.21348915525568 -0.080304855303833 0.0875632249969162 0.0680179365027619 -0.0980272636446874 -0.165689157288958 -0.0325320102622787
0.00288242722161146 -0.00395695338312911 -0.0389324942249023 0.199307619597994 0.108491093364551 -0.00983338741489828 0.0981454242757744 0.0444234259992944 -0.20461693278544 -0.28655741570032
0.140704137582044 0.134176289457966 0.177764846002505 0.152555523143704 -0.0860541489198453 0.138564093472965 0.0448660586082805 -0.0748374589162291 -0.212526911190504 -0.0278957793749365
0.0722534246802991 -0.0961874459233067 -0.0679163914942818 0.192177883292093 -0.112625493066959 -0.03612517142498 0.0287388983431167 0.0887542681878273 0.0540999039425917 -0.089481261317726
-0.0393919633777116 0.0160796836467939 -0.0316774913052898 0.379677888281313 0.0251235610519733 0.111579180655658 0.198526791206271 0.089603813819207 -0.102962204319781 0.0692672859022744
0.0826962025752183 0.169661953492118 0.191550871989645 0.297051251523819 -0.0664541719438853 0.0504878454980634 0.00653223557471829 0.0102202262585863 -0.322655856114153 0.0729705309925075
0.0716622903011394 -0.0818911677136909 -0.0892174469776929 0.180478653871488 -0.117893011425288 -0.0231876477763725 0.00901036380327507 0.0956119789760494 0.0581198534529154 -0.0990039809291935
0.1709995601151 0.0277485458015167 0.319745462797172 0.251792922883775 -0.0891041256025017 0.138593529427656 0.00617440774088122 -0.0963694773695613 -0.233024118990009 0.0166064114488584
0.161581439224842 0.145857493911411 0.277949051652495 0.272449672597208 -0.186951272028288 0.209936496388622 0.0296257908388941 -0.176725040715018 -0.273676446071623 -0.0804376783160476
0.192753054746073 0.0371679056216816 0.259542128065776 0.254337968455838 -0.0496247866285734 0.124937721993652 0.0021989659375671 -0.0761762392412596 -0.272834874993462 -0.036884188668025
0.172038540733312 0.0839043586389281 0.334389455782138 0.277139689278888 -0.0941088586410025 0.104702022690463 0.0349641876774169 -0.0490311039789587 -0.229072978531796 0.0398659499473454
-0.0903734875365552 -0.0457580349393264 -0.0888176182290228 0.428840433894121 0.0832678948468006 0.0776056166303251 0.168469472235344 0.030041368568443 -0.21204806543994 0.153472636902662
0.172038540733312 0.0839043586389281 0.334389455782138 0.277139689278888 -0.0941088586410025 0.104702022690463 0.0349641876774169 -0.0490311039789587 -0.229072978531796 0.0398659499473454
0.0261351270315115 0.19456298900265 0.222131620567312 0.351820430692901 -0.0821441798634427 0.0498129459310143 0.062983123833341 -0.0298225417142579 -0.325923897611808 -0.0208017055954134
0.130972776624664 0.164668257702949 -0.147200566017703 0.319332713910128 0.125029599195016 -0.0486389426835498 -0.0695299596111672 0.0679589479616082 0.17251213324643 -0.1803911811347
0.243131176136518 0.12695794068218 0.0458563133138982 0.344960843868486 -0.165710418728684 0.103938211416127 0.220581592825579 0.00999908414403847 -0.132277681482406 0.297648676726195
0.213309364239792 0.160715591345928 0.180971476499452 0.210129972609075 -0.105727130165234 0.165206707344217 0.163356190306774 -0.0305879317600821 -0.289382633592225 0.0205383155830813
0.122366137303113 0.202452929714778 0.36175330196418 0.220706281100622 -0.0830973539917872 0.072075356080402 0.0363225218064343 -0.0470052792561746 -0.277003407486488 0.00334995247092102
0.0421595192582148 -0.0792603170748705 0.0145280155910388 0.212906786280665 0.0797730188516095 -0.019136328129123 0.0293906600291448 0.108489774283618 -0.0250785482041975 -0.0971702146478583
0.101358848723573 0.194123512070569 0.188062689667843 0.236652998222271 -0.0396630198143632 0.098476799950935 0.154457588837536 0.0382345738359172 -0.246198082188925 0.0515724942956606
0.117257537363152 0.204083778836746 0.239539437434458 0.103467224712961 -0.0951637868730087 0.0991636403255969 0.049533407548487 -0.0460410350682905 -0.207801720868436 -0.00468797660657926
0.17483279106777 0.0045881377881698 0.360559154054045 0.141004210527153 0.0617952769369413 -0.184546151852086 0.000411056544707928 0.0593020092778093 -0.0987986346226191 0.00470216340688157
0.212755321830448 0.183893098307714 0.326621245244246 0.267537795270884 -0.165054009276325 -0.0364037704122951 0.105088820983198 -0.100244139758348 -0.215983623022828 -0.0309816048554904
0.221775278491744 0.143600171513703 0.337670297746857 0.273829752555051 -0.197317922572048 0.0345366771611095 0.0529137054959249 -0.0608988765716205 -0.139886892818738 -0.0130395521226752
-0.0333714721390954 -0.00771715247035322 0.0417022181810156 0.272034461914123 0.189598056044823 0.0591860598590269 0.24732925676077 0.0537882675010006 0.0540117677256802 -0.128335887535526
0.172349181096429 -0.00490001908802729 0.372141221948211 0.133688291155228 0.0592946526147536 -0.191333107088655 0.0191377422430032 0.0132222235249241 -0.0208254921509566 0.0312095022487309
0.177135987896939 0.160755797489248 0.177461019831812 0.208725551490808 -0.115045383689425 0.145510460492527 0.152071012041562 -0.0272533036626916 -0.282453675897956 0.0330788678996036
0.239851326769213 0.105713024135592 0.057303834267367 0.274986934193224 -0.194711037155897 0.104576044132278 0.19282870446939 0.0288025686798041 -0.0937266585241394 0.330441004621827
0.159834090749201 0.040267648544724 0.41213649109179 0.138601386774107 0.0637670173842795 -0.218890287662718 -0.0309387905775505 0.0231898415136587 -0.1107817492402 0.0127056774020055
0.196608674701522 0.0636536130677629 -0.0266017740606158 0.258288305095488 -0.252713778655659 0.0869740844065392 0.0262723765176494 -0.00649384422678677 -0.21797337181092 0.266677152557321
0.0246404730600514 -0.105458263630015 0.012665918619637 0.281641570213906 0.148491118901353 0.0569264859423358 0.0841555273386014 -0.164041486392045 -0.187014659375244 -0.196903942629654
0.144357258277123 -0.0878262470485595 -0.0972036730089207 0.284346312225978 0.175366427016335 -0.149328685658065 0.049802037658723 -0.126846745816613 0.194593998381693 0.184547301122603
0.0278412647157116 -0.189106597048393 -0.186463709402335 0.293276408799118 0.119076456261059 0.140627673741816 0.134165874572353 0.27734518267396 -0.0597342443451539 -0.149335958687202
0.092306994498867 -0.148706290290555 0.0758570786113502 0.272906474157281 0.192957311409153 0.0757848014115958 0.0838140010136371 0.011999606900398 0.0632510244223695 -0.138217680279458
-0.0159049046171817 -0.0166387986533378 -0.0163094448667191 0.279502647481422 0.137685329042047 0.0400572548621497 0.0429100845032939 -0.111871552701744 -0.169801677572656 -0.244645212403728
-0.0520414899814583 0.0147555431644956 -0.0456360813530746 0.316274769795792 0.0783023625601804 -0.10002789712457 0.138610620489977 0.149131623722963 -0.00148634150812824 -0.189420309189045
0.140943570985545 -0.146489616686086 -0.160662052445462 0.333466955022596 0.0791261965738882 0.0208923679018916 0.0964085085424032 -0.014414131327258 -0.131837042080876 -0.121944404756127
0.122797288931842 -0.0599752074713885 -0.133007768723464 0.231287790046083 0.226865414537737 -0.140059412913421 0.0974077746500173 -0.127204302206527 0.237391533324671 0.164155647194931
0.100812708333668 -0.123955194630977 -0.164374021592662 0.318939164653186 0.0924205985663862 0.0391357471511484 0.11459337078412 -0.0248973589657387 -0.175692001680544 -0.121355880873807
0.0592853215702483 0.106294574546268 0.179521320248036 0.513924957239908 -0.193280218252091 0.0993171427674065 -0.0104291899963781 0.137774527426602 0.113741576757145 -0.0970322086369927
-0.0341368735656775 0.00502088407406358 0.0410634330107665 0.273848220355654 0.103413776071683 -0.134523941742618 0.117722919005374 0.164840693180642 -0.0642096637456568 -0.148265544270088
-0.01933861427851 0.0628778747658355 -0.0492197187468534 0.383727923492105 0.0160798611424599 0.104167116024571 0.182289267976481 0.0795247131758117 -0.112789454385139 0.0744178275574768
-0.0277465976750945 -0.0526439149329029 -0.00617592217185993 0.285820427442686 0.216281557721339 0.113247483395268 0.0974899830892789 0.081676508501238 -0.0367534830841207 -0.276346714357485
0.065060660920872 0.178242734290481 0.330541193602842 0.264125611412923 -0.123230732258354 0.102525352919504 0.0243843260368526 -0.124533265273079 -0.219582467128397 -0.100438427026388
0.188339032225996 0.15667144004519 -0.119901071570176 0.226768373913618 0.200520422752266 -0.0160314318961031 -0.0703464446443698 0.152837943610898 0.239224983383736 -0.189543841587085
0.168896969359239 0.140508582337416 0.182664243661123 0.203576711757625 -0.0393502776469034 0.146497434218847 0.0206596532666577 -0.0643514793446651 -0.2454988194905 -0.0275591077096672
0.15007372833969 0.138460726888602 0.190043049818124 0.217382914894963 -0.0825574334853161 0.126688375827352 0.0422566643610834 -0.0686628702891408 -0.254308542744522 -0.0361816732085048
0.202840121668428 0.149942875615907 0.230194185405236 0.222235530191372 -0.104839686434879 0.152815937274983 0.00627995927225446 -0.105595116281238 -0.217307345241639 0.00114863485472099
0.15492924952347 0.201272223730102 0.333144934920231 0.288931204979989 -0.142284075254124 0.0895325868710988 0.0831988581628977 -0.111817903643753 -0.258337531669263 -0.074017140703827
0.0340584308973255 -0.110621547753454 -0.00290198039251995 0.179094989966171 0.0168182494492272 0.0231066255292396 -0.015966418666966 0.108180720515722 0.0240442221352148 -0.12254187384476
0.133625111113296 0.146891749819344 0.234173849698948 0.187108609096852 -0.1678640873418 0.181458885029732 0.0466560449404435 -0.0987849991415033 -0.292832016349522 -0.0170824063219915
0.00645732597299558 -0.0580793677088003 -0.0225576568083753 0.300753504455487 0.216878131821982 0.109064325467586 0.084222700191381 0.0985351421154528 0.0035307590110575 -0.297256952590629
-0.0726589675591783 -0.113000680396294 -0.0513534391445921 0.241933021104296 0.221354246455272 0.0178265971021835 0.0410901782998952 0.0916788841575669 -0.00818319399115584 -0.266649933261058
-0.0473095085994592 -0.0975506353716667 0.0623692405632848 0.359848888957713 0.247102536423694 0.108043507770471 0.0218234735754365 0.0289296707308586 0.00246147433134129 -0.315041329223865
0.223710721539569 0.0942493118427022 0.29929661718294 0.244185602661887 -0.072000276299122 0.138921045619421 -0.00107138255192267 -0.0323666680915986 -0.352313548150786 -0.0314727840794368
-0.0796558965924221 -0.0882366470252239 0.000815460851767352 0.290480244863776 0.194020558947217 0.0992709679556149 0.0584262516600792 0.162679939668602 -0.0332198044440703 -0.250661313918303
0.0592961672649852 -0.0678042354965693 -0.063078587262223 0.0386166807462074 0.00419603186067392 0.0187603500889435 -0.0543148207301941 0.074685326381857 -0.0158970468204797 -0.157930609998311
-0.0185096146314676 -0.116086530843406 -0.0651221768289938 0.287905715871888 0.207391421200204 0.0766963267488534 -0.0102883430048428 0.19345017709564 0.0279380631211298 -0.308980535094089
0.0108572062804152 0.218608887081532 0.272813835857227 0.323692308831352 -0.0772644034706538 0.0382298251700593 0.0776541333466508 0.0311236710023199 -0.354384567402394 -0.00653321111452475
0.122147417588703 0.164543410430506 -0.139911160636552 0.291511364942161 0.138862861086205 -0.0172214374938671 -0.0649043121770521 0.0712671338666724 0.16890395953922 -0.205572146538055
0.036229604275493 0.223525859950108 0.208838104369933 0.285514888199018 -0.118898246698951 0.067589794870567 -0.00823056370396 -0.00778804038948737 -0.292441308534641 -0.0166065021331068
0.079894699100473 0.137744420278762 -0.126154558346711 0.361609687245707 0.112061590764816 0.0308394658513045 -0.0140368939331707 0.0463006069998257 0.135359577155549 -0.210145618434313
0.0683334450915976 0.232388905254983 0.210306321116154 0.166097848681393 -0.0135210761239054 -0.0212516225498261 0.0715799072185683 -0.0122774030220537 -0.347008750626125 0.0149991412695122
-0.144588516945416 -0.14418168553857 0.108200444805791 0.101815483460812 0.00749459269089707 0.18073797589143 0.101951179193212 0.0560820652047023 0.0920474018137633 -0.212336023438351
0.13133190043417 0.135027915906559 -0.160082412953014 0.211423142103076 0.183796408069712 -0.0286005009822503 -0.00102356913266919 0.130202044222904 0.18779950617842 -0.182108594673691
-0.00458043027334907 0.186291866679701 0.268382820529204 0.317094226549741 -0.0590969765233644 0.0395473224859859 0.0778965688202555 0.0195846858151206 -0.352900732974691 -0.00899152663531306
0.0875702675588719 0.200127375621214 0.212819364761981 0.358443815379566 -0.0819638663293521 0.0586943515014995 0.0282615966749943 0.0142139236229547 -0.372637278402072 -0.0408823267337413
0.0100390777743395 0.109807090663787 -0.0327747812393138 0.461743752908812 -0.158227284692177 0.0519452096351921 0.196613397976914 0.190239319426357 0.0787990880843511 -0.262110927135634
0.0956163000872993 0.209249034161534 0.288690345583762 0.223760406291987 -0.178491976912991 0.175427865160906 0.0362022884230811 -0.162507912111572 -0.167144760542958 -0.0160358534983366
0.0293724593856578 0.0834056256115052 -0.0425690078345784 0.538075371862653 -0.159167222976747 0.0737177882356871 0.207978705822554 0.158059885718506 -0.00646900388238939 -0.185375771712722
-0.0282899794126367 0.194019201667615 0.02735472759755 0.52193161181454 -0.173369261688715 0.0831306677608505 0.112121958905057 0.167926247465029 0.0728812668513378 -0.205228217929992
0.0215750462318276 0.0185678889410617 -0.0574252623812135 0.230341637830944 0.24168797184823 0.101609247065771 0.107419706637289 -0.0625422177890152 -0.0360688086108848 -0.219497005180385
-0.0258000670243763 -0.0158009608566653 -0.00331615465510844 0.141830309179676 0.0214725414290146 0.0739379209359283 -0.07597713110882 0.0954723968452134 -0.0232969074414764 -0.130316339917123
0.052848439493122 -0.0328368302532962 -0.0760925260154212 0.301548788113512 0.211020654058482 0.0421328035281478 0.0663985244660255 -0.0371884037915076 -0.0521976573721206 -0.191853530004256
0.0665715359965164 -0.0605333041286463 -0.0123514507729097 0.270554014432487 0.246127905358945 0.0771758432906843 0.082859711227245 -0.108060497679188 -0.0800238582230724 -0.217116005788429
0.192279716800592 0.0407907308614827 0.315478262881906 0.231422171675527 -0.0493954227468656 0.105341605185114 0.00474526371557373 -0.0814287724913413 -0.224998773958191 0.0168903462163453
0.0665689406297236 0.12474565568204 -0.123369969971082 0.30059735014341 0.125176192834018 0.0172545437464642 0.00252532943333358 0.050019954796599 0.188089214358746 -0.212122718666607
0.075582478771287 0.13374372542816 -0.103631938929946 0.234324627733925 0.18763324803314 -0.0270543307289195 -0.0310266108340851 0.0985568683782711 0.22938339183381 -0.17767972194899
0.0398537752436255 -0.167004635267341 0.054923246852936 0.360554787840659 0.236388845966215 0.00882484589387905 0.0705358651329482 0.0102306374325295 0.0436392656233667 -0.0760380352974202
0.126777796111453 -0.0353697864784316 0.0616298568804853 0.264383847515154 0.152906594679512 0.0126357883100255 0.107541239395187 0.00216121705264771 -0.02653248690421 -0.0509800419684152
0.18609829998227 0.117329159796549 0.138666228020249 0.164196700464464 -0.0626429545271411 0.132840127067099 -0.0380581747339201 -0.0531948114677888 -0.191273062629216 0.0275145923137198
0.111984525626768 0.0474211377302731 -0.0574835264788159 0.250213496158567 0.0207204463002231 0.0242513375231903 -0.0453339836320298 0.064118398528291 0.281338702351824 -0.309843445045994
-0.0507733016283359 -0.0882382661858548 0.0688362733770261 0.364770228583183 0.250752078693222 0.0990707797632037 0.0399880069117658 0.0363613331447351 0.0140151901760159 -0.310338671652958
-0.0507733016283359 -0.0882382661858548 0.0688362733770261 0.364770228583183 0.250752078693222 0.0990707797632037 0.0399880069117658 0.0363613331447351 0.0140151901760159 -0.310338671652958
0.0693864782259014 0.112311005296257 -0.125795267607284 0.341902542778656 0.0506182630459687 0.0081408554835768 -0.100952850234809 0.0938678325405747 0.248507206260947 -0.179866981979659
-0.0681204816607665 0.0437393549581762 -0.0273002463612423 0.203778582466748 0.154055050023577 0.0791042857154267 0.2652543124189 0.078942035442041 0.0174516548846404 -0.0311993221878419
0.0975737592108145 0.181664475105631 0.26799412318598 0.216694241527562 -0.115819903582442 0.200834657306735 0.0499224396948134 -0.11630760880882 -0.321427254058216 -0.0198163732609612
-0.0205329452842105 -0.00261099139951918 0.0117116821103992 0.303746441681624 0.0758131502708996 -0.182512240672374 0.155327484429605 0.135924158710925 -0.0623863795215036 -0.156304956165164
0.0658675670840795 0.216203665013479 0.223013495126345 0.163357367053425 -0.0414163470475609 0.0655269352369967 0.049058894667297 -0.0511921732331629 -0.284592833970323 -0.108371025030279
0.16571531005937 0.209780840305864 0.346863983377433 0.26328985065416 -0.0312508762507186 0.060354919793416 0.0391076283475809 -0.0418306101594896 -0.16955795106325 -0.000422994501231719
0.17008397791784 0.158229824755228 -0.0804200659008493 0.23985034173436 0.215804055306751 0.000459534790941404 -0.0684097861073349 0.124346372740504 0.231511247626235 -0.124787041588548
-0.00319222396265499 -0.127130939625509 -0.0507604540814034 0.334536747735148 0.320672708059557 0.000998565993679576 -0.00653345725278059 0.147062757565445 0.0665027347433384 -0.359507751065362
0.163582623739631 0.184659684647602 0.232131112078393 0.152073963385199 -0.154321718249563 0.121802976603276 0.0720234781988142 -0.123801005286763 -0.273853997774878 0.0119031900795869
0.141542202111678 -0.214657143419723 0.073516268246078 0.323781235852767 0.132191061101419 0.0681027617277716 0.0667069436142884 -0.000572347180434188 0.06701725495616 -0.0332561515240544
0.140729417937429 0.165491139717515 -0.111787156494077 0.259628089910454 0.161720487899332 -0.0351154298348712 -0.0905591176432834 0.128481696698893 0.233843355270569 -0.184753417899965
-0.0150934466562796 -0.029422124472314 -0.0923204106534075 0.326947661041912 0.254159684124974 0.0247464163856711 0.0252396682959703 0.140409310732576 0.00747653544828052 -0.285180007003917
-0.0326730711259454 -0.0393974091942796 0.00149109693370054 0.299802709677792 0.209863888530641 0.105764031564488 0.0824532637705783 0.0576624034105669 -0.0389772833400494 -0.276839687585073
0.0772957982600664 0.141812591550248 -0.0233694585157943 0.249094665870425 0.157728475801842 0.00899992038482194 -0.0137622515171169 0.0194108405625412 0.272491699510009 -0.129747655894014
0.115733430968225 0.191285291482935 0.262152018098839 0.282058668360271 -0.0771967340069125 0.039174863179263 -0.0209589152118232 -0.00854889154022908 -0.315009621546381 0.101553798232238
0.0704746775129917 0.0964586444661627 0.152686730012519 0.518153004234695 -0.232165561039521 0.0651749426967412 0.0234298167105168 0.053485911029562 0.0824251641201705 -0.130706778996456
0.154268735389566 0.206742069709869 0.368868655907258 0.267278618094388 -0.0199041803475424 0.0575472509332133 0.0336053902072999 -0.0526312806128842 -0.179933532764338 -6.04968609786271e-06
0.106354869206972 0.174964083477912 0.179936119490074 0.282016627300906 -0.0640225664167399 0.0188983210166401 0.0149856517201716 0.0398684943123945 -0.298706455332543 0.0773553789344963
-0.0569266868486037 -0.00696817578238904 -0.0296645402112844 0.405936525947503 0.0305716089387852 0.113653675750932 0.281606259091986 0.00533550605653939 -0.19041518282269 0.0881515525181538
0.0786179124801399 0.00123808724484811 0.428063349428878 0.0446170223835694 0.106584170509246 -0.19028730378375 -0.106231279885256 0.0692793842045262 -0.0662814376617152 0.104579463887104
0.0370210755609317 -0.0803860014328611 0.0321106571910185 0.217627010369101 0.0739795560138509 -0.0194903936423343 0.0533284945469248 0.0816193067495426 -0.0113505954446367 -0.107241330000842
0.234388914447071 0.101737502712609 0.0527797422071906 0.279231144499169 -0.187177695066256 0.0338324172161968 0.225072843855154 -0.0311241700682399 -0.126847565078296 0.21412069691242
0.146291942684386 -0.00815018912785739 0.0877736886198299 0.284250817204808 0.078527123494291 0.0532730105198186 0.142578955937356 0.0641368412931646 0.144281862182243 -0.102415510910212
0.149502114782638 0.0155355710187014 0.0557681356586291 0.264583829829786 0.101235963949411 0.0662841846811093 0.170416295442369 0.0527162484354716 0.151696900418596 -0.130635424439543
0.0823122838775181 0.00239843367894391 -0.0773473550987782 0.410790217346922 0.0391048089627309 -0.114970959621151 0.145348301344 0.0968419722401457 -0.0417511423460031 -0.233808273704221
0.0533915447100356 -0.060539973198343 -0.0835882561344006 0.347780784278874 0.0294750415465251 -0.135910296784055 0.121908260286978 0.0896129352844854 -0.0106373989391113 -0.2550231697837
0.0716316794936117 0.121986364184685 -0.171776302905539 0.266403975926515 0.0891427772086014 -0.0670570831704823 -0.0896934627576576 -0.00494378227471685 0.111058457665163 -0.181300925028996
0.132808113475136 0.246854691384865 0.32321231317071 0.229788958519205 -0.0945213325939352 0.0668831937445497 0.0481303521954761 -0.0625218307731602 -0.259246508813361 0.00409808773073483
0.0585133365441897 -0.0439084084551884 -0.0898150785839716 0.36058462193584 0.0260768296400639 -0.117583839984567 0.110099968754068 0.0838777350585738 0.012049500167707 -0.278868990172807
0.149502114782638 0.0155355710187014 0.0557681356586291 0.264583829829786 0.101235963949411 0.0662841846811093 0.170416295442369 0.0527162484354716 0.151696900418596 -0.130635424439543
0.022576890294845 -0.108069228578661 -0.0168933656097121 0.224683307901193 0.102870848619038 -0.0769258019455486 0.167302361112766 0.113335460155201 -0.115773305792684 -0.138801153763374
0.0809019361497057 -0.0239294585698743 -0.0215701257675448 0.253768496795723 0.328905092204457 0.0488825231430151 -0.0442253097686956 0.071147829548566 -0.0016625100724632 -0.091520757760292
0.152758747103423 -0.158256847938166 -0.151289702658464 0.315785701674089 0.0896835266230034 0.0159820083436665 0.1505704194438 -0.0195601708394735 -0.123226155128097 -0.157167744508821
0.0863734423556103 -0.0928324702529618 0.024625170104081 0.171462127687987 -0.0146700582153638 0.0233390988879905 0.078597004314533 0.0887108898873272 -0.00974221962071426 -0.190445665828587
0.0751352343797458 0.00578645978132826 0.422950549948333 0.0422026267265101 0.0495115192624213 -0.213017088906939 -0.0268648271644682 0.0726173915873419 -0.00891610586512204 0.056068003967783
0.103603407166032 0.166849209608024 0.318071669685984 0.230672982305785 -0.179947710004761 0.153894370758467 0.0299161635860258 -0.0914098920304714 -0.168309860777925 -0.0924345140889058
0.163561440877113 -0.00920588159960812 0.285221122554608 0.183020964535581 -0.0779616634161126 0.125415557683246 -0.00556762448831312 -0.0802772489088693 -0.325750345365364 -0.00501612987314984
-0.0600686687751855 -0.0610849208626471 -0.0506342412501372 0.281624229373653 0.223087495625245 0.152710521992772 0.0372892889717122 0.132786418585665 -0.0470495664657076 -0.286444014392245
0.103603407166032 0.166849209608024 0.318071669685984 0.230672982305785 -0.179947710004761 0.153894370758467 0.0299161635860258 -0.0914098920304714 -0.168309860777925 -0.0924345140889058
0.00605914867385496 -0.0167864044548761 -0.00557602256402246 0.146624387553129 -0.00742557340675953 -0.00155838863740821 -0.0583027974646866 0.0257858095824629 -0.0430277129054079 -0.142051600657886
0.0288337528389012 0.0219742230487907 -0.0869004628221197 0.256729465229135 0.212728738322746 0.121877385431935 0.089628523253021 -0.101149732288461 -0.0270508224710986 -0.206647443412378
0.0724020136331886 -0.0343154504599917 -0.0298865761614689 0.261407641901676 0.275678161644031 0.073208825172639 0.076753070542114 -0.089034218258118 -0.0241264616957842 -0.229947835507107
0.169921288948817 0.0259123693993304 0.290663008290626 0.203876965908459 -0.0834145342650889 0.101687983964652 0.0481222346409287 -0.0989417090726671 -0.330377472171465 -0.00260533698203692
0.00511013889325537 0.0975309483904617 0.137453788725335 0.494444739034636 -0.216554729025188 0.101721411654314 -0.00830082271910063 -0.0335961973330618 0.103002376877887 -0.190190561606085
0.136507789719034 0.166354235977457 0.318125232405736 0.188566774121625 -0.127073443222276 0.156897244789911 0.146780208878641 -0.0497796258710634 -0.168168475561732 -0.0528466040838984
0.239249131293065 0.107984653311638 0.253812611004631 0.223626799176896 -0.0893647241838508 0.188289980720516 0.041717083837996 -0.0914524573908868 -0.333298831204689 -0.0417666742780457
-0.0937114401643749 0.0045245467069378 -0.0531636695821554 0.409468437945348 0.0809883222531811 0.0894164053752621 0.203479233628449 0.0161057850100958 -0.219562326714049 0.114542861056045
0.064258769911315 0.0145788736753343 -0.064446548269933 0.289269670649317 0.272506606509491 -0.00514552393979559 0.124925533681309 -0.0672370015269693 -0.0437399150199209 -0.283220093776664
0.0529129499811017 0.0917972283307399 0.0977223101053821 0.481835333160782 -0.199542590536083 0.0915281954037362 -0.0419075148057558 -0.00357764283836299 0.0517813770921643 -0.182259118460284
0.161730741691046 -0.178387129257667 -0.295107388997928 -0.0226076480086983 0.273416875702714 0.022435584292511 -0.0177779405962633 0.0607293804992467 0.0584173975448254 -0.0136075192804372
0.0903859420427688 0.138881336244082 0.217779798364653 0.155503054915023 -0.065431913964528 0.0872039319279845 0.0398885235985335 -0.109151399413896 -0.229916332996863 -0.0425099518474508
0.214369373932197 0.0358376044200012 0.28181726068407 0.262677572838517 -0.149303562482221 0.0653433038925861 0.00206925955128943 -0.0569118683871414 -0.254668172250578 0.00022551773409305
0.0375692446735378 -0.104264767884529 0.0305415028846303 0.177420191395457 0.0213180630272167 -0.027530854486572 -0.0372230513115371 0.0606094878742789 0.0412154213299605 -0.0782347712293256
0.116537936580446 0.228193850393067 0.367337890380177 0.298904186510066 -0.0949003668465054 0.0737585413407992 -0.014897827812994 -0.120110005718451 -0.239416672232966 -0.0617068973221846
0.104901699317604 0.0389145531841961 0.088557276093652 0.336902087363278 0.126638699532068 0.0296254466874919 0.21050570855674 0.0695939474290278 0.129609312950501 -0.154343774921813
0.18249107294623 0.0519695517540479 0.274648268690059 0.240266115228614 -0.155551340991118 0.0505915397366636 -0.0120907004758362 -0.0581830785830582 -0.250269261445798 0.0102632520693256
0.208777820940848 0.103065828135548 0.205648422818534 0.179170354308772 -0.109746841364709 0.153219078510166 -0.0257113389138114 -0.0485496119458331 -0.231842785299927 -0.0108788247984845
0.0713485933983826 0.0949467168885492 -0.0874074377323112 0.230432544120523 0.138102486554951 -0.0529696030879151 -0.019620589924975 0.0353274423337984 0.336292743183345 -0.319002125658775
0.141308149597849 -0.193179453743217 0.0564646942694849 0.330606833145713 0.139388821587988 0.0734783893494133 0.0806913649294044 -0.00307301244848757 0.0652761621588884 -0.0379228239119933
0.0897742701335991 0.16459707762637 -0.112220524841035 0.25370067945002 0.0939683839991828 0.0322253406949427 0.0160932138375124 0.112336882265377 0.205506142678388 -0.167051239725416
0.136758469506343 -0.109518945611508 -0.0366837659300858 0.248448471268966 0.0405204148585504 -0.00108054677424148 0.123915872243505 0.175345706795602 -0.0186746400627025 -0.171218794496319
0.0765547556402903 -0.0757959183922918 0.0194027192922473 0.175041531881924 -0.00142060789651267 -0.0181304095301635 0.0614524611319116 0.093514417487724 -0.00833076921027072 -0.134227130729941
0.124444979169492 0.0361857710296401 0.031714302556975 0.297831648724965 0.113612237762187 0.0598083607170804 0.175883996068477 0.0173521164851503 0.0779583947422622 -0.105856265992914
0.0878615925710931 -0.152409816966962 0.0907755257642731 0.30015633240318 0.16596299066562 0.0549008204619459 0.0485862073596156 -0.00224556491521474 0.0238189062446017 -0.145548156100722
0.018709351385033 -0.0984224855064001 0.0161570946390033 0.282966544500649 0.141365235701396 0.065666633489305 0.0977051272738816 -0.157222304030745 -0.185660622681103 -0.199746173548932
0.0823122838775181 0.00239843367894391 -0.0773473550987782 0.410790217346922 0.0391048089627309 -0.114970959621151 0.145348301344 0.0968419722401457 -0.0417511423460031 -0.233808273704221
0.080895217546167 0.0204118156098432 0.441759264250456 0.0542749547246316 0.114990451297643 -0.185583800426774 -0.113007658610117 0.0397996507925906 -0.0711868973043083 0.135844670669781
