0.62347534565891 0.35944014007786 0.278634248524019 0.170009917666865 0.366696484050103 -0.889809364506945 -0.235304693086779 -0.415681233471208 0.0575684474497866 -0.331028909053915
0.621505630723067 0.354719769200107 0.258893799204735 0.198614653338411 0.376117472713692 -0.886556274451686 -0.217555542798024 -0.433499522378555 0.0629277461083339 -0.309198793892281
0.629841477490406 0.466106608743878 0.320211907549609 0.181285084391093 0.348369996830567 -0.865523275984758 -0.154909429524655 -0.45244868263016 0.115097832867666 -0.356100691301282
0.613448613069435 0.457707116912332 0.302217473051378 0.168712665375881 0.337146642725017 -0.856330960555742 -0.0932601907958218 -0.438622333213598 0.13965934057713 -0.359054734131302
0.659422269851219 0.463831200851233 0.234325469743781 0.170034134606986 0.338668333468787 -0.826812261636074 -0.190885351145286 -0.421486705193427 0.126491264136586 -0.312862314567372
0.592228881263307 0.432039338707843 0.270637062866816 0.195633270782474 0.395365016563418 -0.857897474392909 -0.133357121475578 -0.432216784790575 0.0450864726338615 -0.344767366002389
0.570456280162667 0.277584810901981 0.299377042482594 0.156444466207556 0.34243610339626 -0.900969700047062 -0.204474747900285 -0.561897369740635 0.240453872670717 -0.434883529888782
0.559584859581934 0.278259124223991 0.279322677017294 0.141579714625725 0.362477481293338 -0.873987579225492 -0.210672026691746 -0.585020956249285 0.219798961376289 -0.432665077298899
0.559508297482125 0.258374992488741 0.297068642511405 0.127245437409063 0.349634526033711 -0.874793411913208 -0.187382082464059 -0.567270807779464 0.227256190022317 -0.452592775334796
0.518111674829873 0.308019583229826 0.361753261669145 0.22984505995249 0.26859742498844 -0.830500806125521 -0.104269599063643 -0.676291406659329 0.255399094363683 -0.377548729820884
0.514293025586207 0.288044477213414 0.341689108115385 0.210837214426971 0.367526631471391 -0.910611174633653 -0.146697116555633 -0.584595618836325 0.226551410699483 -0.447437140082566
0.520746304492334 0.322679595283721 0.329203460395365 0.211232396123311 0.388751285048606 -0.887037995963516 -0.129421053966109 -0.625775742011824 0.28708363510695 -0.342140478153672
0.138520366022948 -0.0468278738752472 0.10176229439374 -0.616631855449583 -0.0710668940260898 -0.119091726439136 0.488525517664773 0.944369190952686 0.112407817459267 0.108208689382611
0.147986103280016 -0.046494581389403 0.100994936621777 -0.635956469758026 -0.0782640515717855 -0.121486994578742 0.484562528037965 0.96084613185794 0.12157519905701 0.0862008998259565
0.0759375031470085 -0.040774207101711 0.0821105400349949 -0.629059357601392 -0.0744113511148723 -0.0670989939580744 0.47751087880247 0.887979026811899 0.202619693438248 0.0801241082133555
0.0972100420921096 -0.0700581873361235 0.089102753222278 -0.601888215392545 -0.0582800465386127 -0.084643082293689 0.464360287527656 0.895277933531768 0.211872266569164 0.110490184450084
0.0986140119647087 -0.0581217931434949 0.0805475895024125 -0.609987947674834 -0.0477089344431257 -0.101029064233335 0.466201237380251 0.896637014046283 0.190078461130861 0.117545000360091
0.126656231019304 -0.101183696490438 0.127764804840666 -0.639488633818677 -0.168693555577451 -0.161495044524482 0.462683980712543 0.902481910138998 0.0981717204972951 0.0677433564150688
0.138472570396736 -0.0591340724401876 0.117930298484796 -0.601553781496658 -0.188811975998999 -0.133075501978178 0.450388864055141 0.945882904185947 0.0519790141269684 0.0703206130920015
0.152701866739193 -0.0487278167788193 0.138969016868637 -0.505907539877805 -0.1308152614511 -0.0809579344647651 0.405641611133149 0.948769761100497 0.000667481017436841 -0.0316780687794597
0.177895940695668 -0.000213314786820386 0.127073211480849 -0.453051058079106 -0.189926738060584 -0.0438376450768028 0.452388455554882 0.957661155884687 0.0160748202354238 0.0122390143287381
0.167550155554292 0.0170396548582316 0.0960685666293732 -0.486691340181485 -0.156850971428858 -0.0235983662803997 0.448432736512024 0.952991651825611 0.00840120521436795 0.0101578606869728
0.214157039789609 -0.0126595331358747 0.155611704690253 -0.457098799193679 -0.0367439522570629 -0.171565142986452 0.432535652791494 0.947847614656831 0.049819547418788 0.078525232185071
0.171437076085201 -0.0213876744361001 0.0869043507813004 -0.505710060694244 -0.0518981889630676 -0.0484426999396624 0.3981370477062 0.949207888474012 -0.0247288701819258 0.0644118539105871
0.170434115605043 -0.0230485225480186 0.0798168201125074 -0.544093577188347 -0.0602382193067393 -0.0053599195071472 0.393287615466696 0.9424630964686 0.00976581352612275 0.0738781582532703
0.170686690025643 -0.0087898695397468 0.118007464772069 -0.509368833621054 -0.136013081285276 -0.133926917263719 0.456312481291512 0.932937077114793 0.0624401541274001 0.0909882091613991
0.205840931309011 0.00608391821118195 0.0996309845443684 -0.534624453683338 -0.137293832309962 -0.0922413340516551 0.380755221087547 0.983375130162271 0.0219901984774138 0.127818176047723
0.174605545754142 0.00833323727764303 0.10351852601457 -0.554861359667058 -0.109776717320114 -0.0812317969199396 0.382433197287201 0.948966661308645 -0.00440699976212016 0.091580750483154
0.319531956972479 -0.0845944279687673 0.296004598329165 -0.69579964762183 -0.123793988109776 0.0403406965136231 0.27177112752264 0.866777342173585 -0.199432922501644 -0.0247104066303167
0.415974554586073 0.00413506661553516 0.229315766881547 -0.629253268390206 -0.0997153313054136 0.0803970064179146 0.165020019580246 0.847231690883897 -0.043516645896042 -0.0700647196511734
0.432482855541587 0.00952794310901241 0.231651752284058 -0.628825245220596 -0.111610167207191 0.0736213356266945 0.175971774529467 0.854472126850191 -0.0385921692685698 -0.0771214313297736
0.257496383997958 0.0432571781972327 0.356939369730061 -0.58456903638554 -0.0171512136550779 0.021451123850835 0.182532807864159 0.953141380795959 -0.128744072124969 -0.0477993956204089
0.263144552444564 0.0256162513074193 0.359240368122935 -0.584543595528505 -0.0353738436309895 0.0122227090769232 0.187146644535565 0.952143846367711 -0.134420221446158 -0.00676402518744332
0.312252598436458 0.00382706103390255 0.311092253370674 -0.639791189588143 0.0315527169021927 0.0512686528976523 0.132355029088111 0.943384334104848 -0.089729429432256 0.0747381509400945
0.306585873585885 0.0221254941559098 0.30252989581977 -0.616060828992715 0.00117262351586347 0.067195384822886 0.149305732432111 0.929250066848943 -0.091167562300728 0.0662045819196247
0.242120011182598 0.0842932749188978 0.2698906906992 -0.632391770253831 -0.00582528486951879 -0.0200134377243576 0.203002143434364 0.900439937563282 -0.144511987079246 0.0571749314642914
0.267864043092832 0.0833343206527226 0.290476992690721 -0.645580494197363 0.0111374500940485 -0.00664661770152391 0.223656177476665 0.947561569363628 -0.12399962920828 0.025766767000826
0.249722227048099 0.0792432229681364 0.304062133607157 -0.667490243854212 -0.00572140257829321 0.0189277024597109 0.22846184129999 0.940087868153644 -0.134184002045175 0.0440152936620692
0.249722227125049 0.0792432229781087 0.304062133491902 -0.667490243839622 -0.00572140271457239 0.0189277025862811 0.228461841452615 0.940087868178021 -0.134184001967296 0.0440152938252211
0.341822150497665 0.0292649022063835 0.278719638968509 -0.589642870212311 -0.0749855801229324 -0.0714362002660167 0.201170767134188 0.901420108606145 -0.136281479300837 -0.0353720301223311
0.295746711822275 0.0774222719796086 0.329815486880418 -0.652297710466084 -0.0803117600944349 -0.0659740129998038 0.153944587385588 0.93955359391296 -0.14222800441156 -0.0288931480740694
0.289108274092089 0.0413668049924047 0.334185189834074 -0.640840337068682 -0.0763041070081129 -0.0671830865514325 0.181825838872749 0.949195519177722 -0.171602756552331 -0.00830591729631106
0.268520997401857 0.0791669677967534 0.238964464839564 -0.631897374358065 -0.0785286122630397 -0.0680709551226094 0.12804708213637 0.904427801668754 -0.0373004544811228 0.0751405467534506
0.24726549260927 -0.00141358329694002 0.266649298025807 -0.636431708497616 -0.0472234618097033 -0.0272844420594202 0.21022668884586 0.816039615962307 -0.0719683394953435 0.063869777490242
0.333205049765996 -0.130377577770846 0.245123962006528 -0.560769518768706 -0.166644832151463 0.0048860493859408 0.409554231293202 0.749485300736196 -0.0624516704855523 0.0343658388528929
0.389049637181333 -0.115412873073882 0.211718591255565 -0.648111444384233 -0.16970650150695 -0.152958372837787 0.244545061622534 0.886047050235957 -0.0284083000976092 -0.0323725790545381
0.440912374156888 -0.0905487651648467 0.227477706506437 -0.6366255099182 -0.144993918642327 -0.143502021842612 0.266471129995494 0.888498478122201 -0.0370844847665906 -0.0421400948617755
0.411942143977535 -0.110008738249873 0.193667826568666 -0.633078944044183 -0.150450063807334 -0.121932394232261 0.22525380978549 0.893784583117531 -0.0505105737051011 -0.0320376019460207
0.347163121195406 -0.120660526384075 0.293218523783889 -0.600597159276141 -0.282801721324381 -0.02848679423103 0.23942943107909 0.806920100401989 0.0108042401895265 -0.052775610043498
0.348113025372995 -0.0703352412061303 0.304229860333409 -0.581973484821843 -0.252892409148929 -0.0578450236936193 0.187218829561858 0.819011853196445 -0.0785337850090609 -0.0971845394827089
0.348345531516336 -0.109799691737318 0.362483782116779 -0.549083677212531 -0.241090700083539 -0.0105548464980182 0.284383542830368 0.697680943296192 -0.0198882335394401 -0.0174980606928124
0.348345532284022 -0.109799692225905 0.362483782910231 -0.549083677918855 -0.241090699676112 -0.0105548461580866 0.284383543733599 0.6976809417091 -0.0198882349805794 -0.0174980621413111
0.270563891272062 -0.117978048937999 0.317853303667031 -0.53770132674701 -0.254964843982086 -0.0609100156835815 0.279482500455702 0.675107974802824 0.024611707894061 -0.0554021265461903
0.25475896482369 -0.115847965234546 0.329679844144243 -0.53248413977886 -0.282853391546158 -0.040010276409815 0.298748554182542 0.707358128041995 -0.00617991367566863 -0.0540487117905798
0.259782662834279 -0.121761831702581 0.320781040053165 -0.53200763996718 -0.277833682455529 -0.0417586417699031 0.288813862581778 0.704188739916452 -0.000690033140951691 -0.070256753263649
0.333097402420567 -0.193430523127779 0.291079100434998 -0.555647484214206 -0.22191983862045 -0.115355723055259 0.24225304178812 0.698812229250998 0.0217445143658726 -0.0213486879741334
0.314146324243798 -0.102646300621836 0.387888342645106 -0.56930549255346 -0.232385340921559 -0.0264317534094334 0.341168694580681 0.693300781744645 0.0256002199741782 -0.0141791246924378
0.161208753027581 -0.1269990181506 0.324809616293178 -0.45705241453046 -0.112453696684873 -0.0596233487331915 0.239709938868859 0.735771302405457 -0.0879153002545382 -0.0870858809936822
0.271418567676792 -0.121217066010111 0.396138493592954 -0.504902553010135 -0.202408551125841 0.0274457175242268 0.173733182500106 0.73280753635038 -0.095895322179079 -0.0293761659157675
0.283988950069553 -0.121991466984581 0.387977843304861 -0.512264000274377 -0.197795338319992 -0.0200909313560871 0.171907314966036 0.723133750751218 -0.0716184289560203 -0.0460166010640478
0.188294986569368 -0.10006888499893 0.222527747501842 -0.530175260247247 -0.167191003282837 -0.126162274473405 0.201197920896589 0.831055041467225 0.0352444960526097 -0.050289285664811
0.1883024547196 -0.0992991519502281 0.197233659669851 -0.522440143089221 -0.160714169372101 -0.104854257771195 0.185355529541869 0.821380210782813 0.0484390604847483 -0.0296085024391851
0.277811652735944 -0.103284558808363 0.240961053039995 -0.512579614351071 -0.170964277805212 -0.037935817207167 0.21086938934909 0.834346182867456 -0.00205149609337459 -0.0281026899511237
0.273902644695355 -0.0861459758114251 0.238313048067167 -0.528695553390925 -0.171315703613827 -0.0559765510898675 0.219958352211069 0.833139890347472 -0.0190920094890654 -0.0306305632512303
0.144729045281452 -0.0272229674218589 0.25292033937883 -0.551555327494198 -0.13888524695527 -0.0591781189505821 0.0734962421671964 0.713894044969009 -0.0284690049676008 -0.0363460738326582
0.144038408155173 -0.00837818258917647 0.279431672801451 -0.541721901058551 -0.100554717422012 -0.101538896562244 0.102148327957232 0.745266160319707 -0.042201013335198 -0.0100000730327697
0.170846685215401 -0.0205329737047937 0.241471428635407 -0.51922257158287 -0.127854651024945 -0.0639249143655967 0.121069969667635 0.733618364285514 -0.0202704433497058 -0.0561176013749584
0.153195063939608 -0.0129258703982346 0.249018726497399 -0.545010926080535 -0.12958659849443 -0.0745125621458125 0.113586200144225 0.74255853236126 -0.00568879207205333 -0.0253771823561763
0.184150561801359 -0.0175918683609059 0.25474366969469 -0.525323909429091 -0.093824534668462 -0.137273013156586 0.124156266917257 0.789360966587054 -0.0032052740679913 -0.0118997023578461
0.200465196888018 -0.0139246311512525 0.283980277753955 -0.52433132615956 -0.12412218033097 -0.0895848578191123 0.10642565912834 0.763997121556286 0.0249786429473795 -0.00458415945624306
0.161365470728342 -0.0374836802084155 0.278629939460199 -0.535369748941312 -0.133910262836396 -0.0951046204389452 0.147488507583819 0.764274976566235 -0.00449076195297524 -0.0732451519472719
0.21420334355048 -0.129076575286094 0.240342784834049 -0.516796844230509 -0.050748050354514 -0.0384838342442481 0.175695959679977 0.775638565399979 -0.0332630097484827 -0.0206263567890525
0.253243530767144 -0.12012999848646 0.235099465639292 -0.525137045698975 -0.050854773039262 -0.0488288690674649 0.181864480237668 0.802249526530502 -0.0204868526778276 -0.0354929890261001
0.191631987982466 -0.102098147559446 0.246347872933116 -0.467765034987303 -0.075553844627697 -0.0877247178271186 0.129964742034529 0.741664562773073 -0.0681575120932436 -0.0637504751255372
0.186053294437832 -0.0868920967240007 0.237481248280948 -0.472082649224992 -0.0869581381101481 -0.115604316333661 0.156545227561975 0.738720623553279 -0.0606660795209031 -0.0560461752813302
0.249611688701248 -0.145695237978053 0.318514637482512 -0.641693604265999 -0.192406584267 -0.0469136726170613 0.122472612075725 0.802211363575644 -0.181837100109237 -0.0423629488128134
0.307552980859147 -0.239123324806815 0.286122738982962 -0.507919208351637 -0.234001669586677 -0.0243129231511847 0.178814651718923 0.784619859304624 -0.139219620509744 0.0493328212875714
0.289956635870671 -0.239753400603522 0.29657503410392 -0.501895626357136 -0.25613494322048 -0.0318295136939064 0.175034204749397 0.77374673733154 -0.101757891892316 0.0174907105656479
0.250467017097703 -0.0460150443049957 0.361995752858552 -0.523057394626164 -0.202242181189551 -0.169392142560606 0.265355021325182 0.775503483054544 -0.202384552269783 -0.094056713666428
0.268667268679493 -0.100823430076389 0.395862131362223 -0.416243471991615 -0.188501614664119 -0.0180349830374839 0.238087167972974 0.806134278072665 -0.11412507683499 -0.180438002291674
0.247986416480051 -0.0953904321975683 0.390734740148789 -0.373241295604223 -0.178868231524444 -0.0707208317814574 0.2085979725597 0.789176586373067 -0.146236679543447 -0.163610407597823
0.312602021422659 -0.156461055673722 0.349494955690678 -0.532959407408663 -0.192396476938167 -0.046726885155017 0.212064620267245 0.77936485784043 -0.122572866582981 -0.0850321965162557
0.291207211056502 -0.112860086208525 0.350565192857607 -0.496765576344491 -0.119192398306306 -0.0430440397620016 0.200247413831317 0.759188711450276 -0.0777486359613224 -0.100054401519058
0.331025323169441 -0.0878826261746839 0.33525728468706 -0.482572316515154 -0.207381979692523 -0.109171353502026 0.14614895214741 0.755801106056134 -0.107215773636085 -0.167130328241899
0.334157855498856 -0.0634491144958158 0.33593025521735 -0.448850777030695 -0.244718559043797 -0.0824656617275594 0.234413053578869 0.766569921673432 -0.147607731023263 -0.184231377001534
0.31514082674742 -0.116036336748754 0.333781942028707 -0.446090361981098 -0.151104564097401 -0.0825895890229173 0.206450959674584 0.772916477083054 -0.0795456929699152 -0.144394385160508
0.223440940093351 -0.0907433295003039 0.342347534640812 -0.480334358821043 -0.223575791094165 -0.113980259268907 0.200800225804901 0.784483103020052 -0.187561310418893 -0.151723490732853
0.21426410142199 -0.150394962977639 0.342978906292517 -0.517312183363358 -0.205997725243614 -0.122346447874057 0.251395038122519 0.771383737354533 -0.178850546355408 -0.107743611539439
0.207399156347839 -0.143792404837101 0.361239717677686 -0.483015294271213 -0.196974101936661 -0.122979389322777 0.242532149744405 0.794135089169067 -0.177098259159434 -0.0939312696364688
0.331526735210275 -0.0923966037705297 0.327387871842531 -0.490818537875566 -0.150488790766243 -0.0609267447077131 0.211475678722542 0.897843728549746 -0.13469454118926 -0.0400994720656003
0.292665962669794 -0.134069398742738 0.294400920438359 -0.516953791265958 -0.176212127378277 -0.0224829727889292 0.275997942090446 0.816527863128922 -0.0941189434793782 -0.0783781844577887
0.226133103797937 -0.141391124949375 0.303237626775102 -0.410829405247081 -0.141981742498397 -0.0469841101755452 0.136123547360609 0.714505214223911 -0.136826634718464 -0.0929060286937891
0.29760360646754 -0.140212649404596 0.287528717444371 -0.417542646103224 -0.161730771804696 -0.055988471319067 0.145268961384368 0.740495426225951 -0.174897620782481 -0.128723298109213
0.258955194043466 -0.146782645705323 0.307595582217937 -0.420137071498543 -0.17291664139689 -0.0589929610949805 0.15147376938205 0.740322390580398 -0.140148693676864 -0.104562659153514
0.29469640033996 -0.14894042447778 0.303522943896868 -0.410485173658849 -0.1527326800939 -0.0346657252642005 0.17390929106945 0.759993454416567 -0.152549159615572 -0.134836438657546
0.299024072433873 -0.213071367595222 0.269717390414572 -0.428118592615211 -0.113203081830948 -0.0513884446178943 0.110889402010101 0.686738675020576 -0.16812025630543 -0.148239156829142
0.277407577157184 -0.229559202808894 0.306919698594958 -0.441309931978054 -0.145192577521734 -0.0257401057120278 0.174502576510997 0.731411603836002 -0.145009300685647 -0.175830435361201
0.200524630405957 -0.107592454834097 0.280230480933638 -0.398218345800512 -0.223017141367773 -0.130533761927341 0.141014870064254 0.720026852261378 -0.123824057669478 -0.0662920301119631
0.200524630895416 -0.107592455192418 0.280230481594281 -0.398218346318711 -0.223017140967263 -0.13053376178418 0.141014870590703 0.720026851103867 -0.123824058764948 -0.066292031280541
0.200524630731918 -0.107592455019013 0.280230481195987 -0.398218346067752 -0.223017141262583 -0.13053376174759 0.141014870471561 0.720026851657698 -0.123824058196261 -0.0662920306090321
0.224579237283525 -0.177120931241575 0.333499800246672 -0.484748496614274 -0.269081655299343 -0.0726305562269102 0.152209709486728 0.800114157908926 -0.0890594918978407 -0.122657068741304
0.253504687771254 -0.0845831869847711 0.336695760396484 -0.486421965121547 -0.27464040077677 -0.0863720672461028 0.210532437872672 0.779957989790139 -0.16960692757867 -0.121292119608396
0.240768918077333 -0.122782331791101 0.278027913302182 -0.459043586767269 -0.232576402667123 -0.0464154707381424 0.213285117770494 0.805146969621693 -0.12931094580597 -0.259648150297649
0.218309623067056 -0.148776388879697 0.300489136737655 -0.471184291496231 -0.266866022752906 -0.0893860985282609 0.239846177646341 0.835752632281456 -0.175384310645035 -0.165266049578836
0.224405589951105 -0.139401732084091 0.303938105918006 -0.441640603453102 -0.256045581930891 -0.0870429400997995 0.205797819076575 0.809222633415313 -0.176628577332779 -0.156020354317738
0.192817807929364 -0.0780956963808751 0.336645809859893 -0.489602995281653 -0.224769285047371 0.021671084094022 0.180502824316963 0.833949163982742 -0.152742983824025 -0.0763177860522276
0.223368479925623 -0.07354679157361 0.356329954586156 -0.548064021255278 -0.221333772105646 -0.0686023149927475 0.175957498641326 0.848003464911529 -0.179171498300311 -0.0813894160617682
0.19818962136181 -0.0711609480815851 0.354344282855076 -0.535264171335279 -0.205623909136 -0.0596197695689228 0.175563040717153 0.856129840403011 -0.164905725598496 -0.0661737064395998
0.205090870088383 -0.0682277703133011 0.341064302149293 -0.535969508483668 -0.22471178562075 -0.0504745250540435 0.194045562075126 0.848887564847874 -0.162616676601398 -0.0929472146807185
0.20914083578827 -0.0632636760970642 0.348933586345572 -0.541576441414691 -0.216993777126381 -0.0588109796548052 0.189074658063044 0.85546100188323 -0.169447098142759 -0.076325985568323
0.215880161701556 -0.0979809639997175 0.379875320227252 -0.446501242616839 -0.24179378928208 -0.0417851930928965 0.228997791085349 0.788612937977641 -0.0824250504290454 -0.107682509330015
0.221325934124843 -0.141679159356565 0.330765077219931 -0.444768472339183 -0.247727830187004 -0.107850553287702 0.255519563956657 0.816633875949636 -0.12771293073278 -0.0590592659021864
0.194744711259467 -0.119677449395123 0.338080978936919 -0.44661481041601 -0.231490681525442 -0.0692219267347406 0.244931257674565 0.833951957411527 -0.0815867599024359 -0.0641223885870716
0.20815302506287 -0.127882203407066 0.333286459082773 -0.435729621938593 -0.261474376807737 -0.0844404630475892 0.229536588388047 0.821172199135887 -0.0831966389510648 -0.0689500963501766
0.252921567411088 -0.0595689744753028 0.290207280438014 -0.46706826255979 -0.315371969732212 -0.114068255866255 0.209599171417927 0.805757384583941 -0.141328935685617 -0.134427797353475
0.232529466221475 -0.0928498677228354 0.313155446516301 -0.470948757365273 -0.308866051539911 -0.0708876426333321 0.187570180649624 0.861672157565463 -0.21605696006088 -0.0544693753340225
0.242778221893374 -0.0989910159690111 0.289317227233083 -0.458357257469221 -0.292211807515553 -0.0700255110462509 0.198952419618644 0.831046083506834 -0.202893839424424 -0.0579344636126258
0.226730598819911 -0.0896062899112593 0.307334118449636 -0.470749701537527 -0.30312014177226 -0.0990860645095512 0.237976491095105 0.860172724397296 -0.127655159352068 -0.0898324199807613
0.215137811658993 -0.0893430368191049 0.307517841623192 -0.492170182436937 -0.28684667361697 -0.070805916150326 0.253464750640753 0.877753622005085 -0.153961416189364 -0.087350719294438
0.216516269086801 -0.0963337287031995 0.292632480024711 -0.48770051958145 -0.280634348226734 -0.0754993786743042 0.26267285873724 0.897452614161865 -0.135893338390464 -0.0938690395655758
0.225537035901102 -0.0806549740916408 0.28261387667086 -0.487711910262485 -0.292642689485452 -0.0830788049734107 0.239081382429519 0.870617036640052 -0.116852999615701 -0.0988464037524282
0.239701980919533 -0.0865599149399211 0.276976126203352 -0.478699015308307 -0.296727705692325 -0.0876792590467056 0.249398784672856 0.875906812853362 -0.142916490331711 -0.0872041457979753
0.239701980705565 -0.0865599143375087 0.27697612444 -0.478699014435218 -0.296727707208634 -0.0876792584083672 0.249398784913261 0.875906814747557 -0.142916488169181 -0.0872041429527092
0.269187207561803 -0.0794566852535843 0.306684552322887 -0.436501544823154 -0.257607669871625 -0.0852739708198985 0.24508708966192 0.841312646224669 -0.175864815439054 -0.0791480918727607
0.255333967175895 -0.0751993640640127 0.298972568666897 -0.458239561334798 -0.291615072937792 -0.103560785269948 0.240705736994724 0.846703966790453 -0.187593883757148 -0.10642642212085
0.226788686608767 -0.0911613279020833 0.335700635142062 -0.42845222751871 -0.217873043128822 -0.118525434826697 0.234183977964111 0.80163452254525 -0.159840800523497 -0.0859846087393667
0.297097539335177 -0.0575855682336104 0.368906883114467 -0.494781850883801 -0.214657794784341 -0.155268787662008 0.259838209182152 0.81910865040175 -0.159315276134243 -0.113222476493646
0.274340061077737 -0.081979785557347 0.362417182612946 -0.463730307569576 -0.237229732785278 -0.123042410574676 0.255247740643735 0.807703252381796 -0.14591229982666 -0.0901841939294453
0.267191949919293 -0.077539508449188 0.358101405411897 -0.463948348434789 -0.220526063334911 -0.119302280427383 0.248216242366044 0.819045273208839 -0.15722981967969 -0.0987338673086489
0.269205031506957 -0.0907174666469817 0.355250867685342 -0.48611557115686 -0.237760043361094 -0.119459885596408 0.233056231942543 0.796784802012842 -0.163487590220694 -0.0903443099448071
0.300086687504941 -0.07043829215258 0.356394036863252 -0.435528236501403 -0.249117578753334 -0.177755146299666 0.219232726361582 0.801978904562134 -0.117478092160668 -0.0787863734735264
0.305090736933414 -0.0746835097472298 0.395481420337294 -0.424152741877018 -0.267668682460103 -0.112722677836484 0.230035468884676 0.794151224476437 -0.150003812556115 -0.0516827429699501
0.269872252565412 -0.0629848912377888 0.405086540940361 -0.435178934730515 -0.243013735201292 -0.108545309089885 0.203889611655099 0.788935684343087 -0.190269078975441 -0.0671687696307104
0.197434717015154 -0.0197827836561655 0.348717584342433 -0.507589826434425 -0.18151305439969 0.013790415684989 0.238986524478383 0.83570708296406 -0.163957949483189 -0.0462060582248691
0.17901723992832 -0.120844003386045 0.394992882947762 -0.478298866806923 -0.187347224507369 -0.0365428399662618 0.217401201875437 0.815489428799013 -0.125082532704861 -0.0544347861769236
0.209429902308752 -0.106142141665423 0.311713397290388 -0.475866956107223 -0.181726941666401 -0.0407495717106122 0.218279291875923 0.8662023515024 -0.127291661053759 -0.081071430748416
0.247349562691915 -0.164283604650603 0.316753527177642 -0.50499372981 -0.204006052938673 0.00110273713453489 0.236373459045369 0.914129773131795 -0.0799965083458366 -0.0778079550782708
0.226786165318737 -0.131309509306354 0.35426196175588 -0.525218548676853 -0.172203237114246 -0.0164489752163934 0.235147208081517 0.938877278918527 -0.120626335984668 -0.0662938531865354
0.207583891121345 -0.215296877651977 0.274777745667567 -0.458292564553496 -0.185596790309522 -0.0401121086118207 0.287096289450032 0.813980831293637 -0.110444878438436 -0.110815715815297
0.214600878837821 -0.199901442499532 0.311812975203314 -0.471504067035162 -0.190866280244867 -0.0667297699433446 0.234442765869232 0.810241516003722 -0.134438787587929 -0.131997220931272
0.187869416419995 -0.196532035280469 0.325412429882132 -0.459987036187215 -0.233689178911795 -0.0761138068158679 0.259579446590177 0.854625103059154 -0.14096820255128 -0.111327069446208
0.127854468913706 0.026106442786656 0.384513477351606 -0.534927657706998 0.525760242881666 -0.103700164705173 0.442776957098457 1.08039075274923 0.076616610336474 -0.221987621412404
0.0196177428633744 -0.256895799408296 0.279102281959094 -0.783094947520171 0.187645188611596 -0.364822887946671 0.216978887951186 1.13984987014295 0.184686760540974 -0.228279203721507
0.0151434777489105 -0.25440632792541 0.273318277517406 -0.780833570708933 0.194736898791229 -0.370595662396526 0.21135303458786 1.1513432616522 0.165095134690512 -0.271301627311173
0.0852459575482101 -0.215401850858788 0.386144485398255 -0.766289290111417 0.1721414028524 -0.388462907586537 0.21561954082613 1.14100666129765 0.213237463699346 -0.213763571547491
0.0300805092479191 -0.215924037087364 0.332226079744262 -0.806413572876661 0.152678779372947 -0.34169030800309 0.218064541563532 1.03418394974724 0.208492757832289 -0.241003551872851
0.0668574239566125 -0.292946566505841 0.338185391243161 -0.815619515512974 0.18634704247658 -0.345508312367316 0.232361954806603 1.11692847559658 0.211685368451369 -0.294205609508181
0.120901334806157 -0.31306286335904 0.293075444043358 -0.786476925790343 0.186067629812516 -0.327120925858363 0.229412092092557 1.08553578709088 0.181681962844863 -0.253626173879792
0.120352914058522 -0.288110127823411 0.297051030103429 -0.794488311978345 0.210635071394757 -0.336986941170906 0.22041768792901 1.07343732460438 0.170510435907197 -0.258573117706454
0.12836459049139 -0.270217286692998 0.330592261151018 -0.848117006915542 0.154843861903623 -0.292784664711238 0.234602482829746 1.05277213942616 0.153454156267902 -0.240580508358813
0.109165375540409 -0.291925403428368 0.316302327360802 -0.797677207950677 0.174491227993991 -0.3039210628876 0.268942243827256 1.12046106320335 0.157941438092334 -0.295486748057996
0.0979334018940441 -0.242653715562815 0.342508419865272 -0.769781183057905 0.189178569884938 -0.328515945394705 0.272580666358095 1.14297465119001 0.149466273044821 -0.298206826346153
0.152421554012392 -0.310800782208074 0.41034263701649 -0.648933790254966 0.216486133330196 -0.327428026298279 0.210657638470535 1.2225791356875 0.0685458466332168 -0.327798371171967
0.150990530196528 -0.293683094536894 0.388572879567148 -0.619660646203451 0.269961989398416 -0.359703432203291 0.19819318657099 1.21089010051525 0.0540120713662108 -0.336272613682543
0.198438131919676 -0.340573709227073 0.492721373103305 -0.71566518664979 0.110874324044017 -0.308565162268817 0.168279693352909 1.19048892915621 0.0490030491095687 -0.350187190405418
0.171929303514521 -0.315935156883144 0.450138104490834 -0.670719245784884 0.128893905500463 -0.362710622390569 0.240679507018336 1.14718211442843 0.0523546143658725 -0.358857861160471
0.202544463848619 -0.287188622786433 0.50678868187911 -0.671556388263797 0.100116258863297 -0.357449853977006 0.281405409364009 1.17834546914286 0.0607201491534843 -0.343682098434168
0.217336380922637 -0.336110614189499 0.473490032728591 -0.729351957206774 0.112704788924209 -0.379066757920323 0.28770281827806 1.12409412954795 0.0240104093854673 -0.341097684334737
-0.0355580659205291 -0.387779926347067 0.206834489667684 -0.840221465655597 0.270024299611473 -0.278013694492247 0.313116100822298 0.884273299591208 0.160527220874485 -0.0917318981448151
-0.0338146154317333 -0.386257933201595 0.198028480562458 -0.844364081545148 0.254810430785852 -0.272586558418199 0.276173357025318 0.902663701164919 0.148238728919014 -0.105300623259817
-0.176652771372547 -0.401693075414164 0.28361771977977 -0.790422378029063 0.0656718529105172 -0.272975302210507 0.420184813836938 0.827551795718185 0.104744785909372 -0.289106432805712
-0.12011928601567 -0.38471598803758 0.253602527948534 -0.781906638367791 0.164314497212909 -0.284460204852531 0.336645728117221 0.854118683934801 0.0850305998641624 -0.245466900814756
-0.193404920825033 -0.410435700947216 0.249040300573642 -0.756755000818492 0.0752633844551055 -0.266038502150983 0.34161571068902 0.873440548456642 0.10438822538799 -0.24625213026023
-0.123454496533931 -0.374575970466593 0.29523552370611 -0.833461036777509 0.0752200817022908 -0.301929593523608 0.357358660351631 0.862366028587046 0.07036642809301 -0.198694804998977
-0.109629913364667 -0.397229501611617 0.344126050110773 -0.856050855164829 0.0329054242405089 -0.279176052551463 0.394108218755473 0.836272622547116 0.0419595673987657 -0.166576581046621
-0.111280519520456 -0.357614623197601 0.333902414241564 -0.80926433961887 0.0387710868075022 -0.271744453383474 0.384385439034771 0.838841138423018 0.0743221886562483 -0.161256693030904
-0.199170394147813 -0.387843334370372 0.32837350426768 -0.795775777879398 0.0676994195825855 -0.367192598601725 0.343901460656798 0.891820598457807 0.0778145797353688 -0.135376252125244
-0.158299911733024 -0.308085337007526 0.265836337798301 -0.778700010557157 0.139309657427135 -0.351449764825772 0.336293660925228 0.945989092842164 0.0314862898283271 -0.188512687099241
-0.127897151849849 -0.300641090223394 0.295269664053376 -0.770777612177213 0.154620979245987 -0.310543237481676 0.316390926328945 0.89566315510106 0.0418880865082513 -0.152342913652493
-0.163845311268093 -0.351003417876322 0.31595816960933 -0.822244517446237 0.135028496930267 -0.336459452055496 0.318693868760461 0.95212108817089 0.0733040477160403 -0.233440505452632
-0.147025777428197 -0.315807371288159 0.300396740516164 -0.834218432573286 0.117187535996103 -0.34290983830366 0.328182088598768 0.927196884406944 0.0582932750818108 -0.247242953271852
-0.0475084444174572 -0.610804382332258 0.107236805406521 -0.76991792196458 -0.035628726116474 -0.331500326092782 0.272474480367174 0.799375564256493 0.132830771079062 -0.112872595919898
-0.0523222528022613 -0.508161960410752 0.17760982366802 -0.769817947446418 -0.039839928887298 -0.303997662842766 0.198734857452824 0.79197201393893 0.0835860666853802 -0.039423128122033
-0.0789140509144859 -0.447865148154655 0.127816703202901 -0.912952479888806 -0.0234829925327084 -0.242507932048831 0.235415199594314 0.745010051692704 0.203200839159067 -0.129865718321008
-0.086716937329069 -0.48126597521595 0.124503691998325 -0.903859563960544 -0.0465397858415085 -0.229517104923192 0.237164406879274 0.701890254591688 0.165172088345415 -0.131992217839738
-0.0378825793441827 -0.512406586860378 0.0698502449171052 -0.847399678690169 -0.0345947232596959 -0.318813819189315 0.210222021730727 0.653494026111538 0.215998877478019 -0.139851955772839
-0.0423394022874169 -0.542407267739155 0.0929152380754215 -0.884047709500105 -0.0341870769341413 -0.343795419568007 0.228850333673225 0.656912738000405 0.213684156421207 -0.137231386692163
-0.0367976189333689 -0.536465940280275 0.07712862594515 -0.869874164048216 -0.0391971671026639 -0.322508946725388 0.19481152410749 0.655183939448825 0.209700260206124 -0.138268309714992
-0.030224701746579 -0.549091621109013 0.088716056303144 -0.859690922467486 -0.0363009728780739 -0.32913830705098 0.21387378302021 0.651437487868258 0.223533715304897 -0.142349922897953
0.0269363570721858 -0.501616690588914 0.168225032614006 -0.903696587889695 -0.0471388124414603 -0.260680069069858 0.243291639636517 0.711714670902757 0.201045835357259 -0.11703206457104
0.0456456711648686 -0.480539530924736 0.148173278030773 -0.85228657986087 -0.0875271979347946 -0.238347774325389 0.279797235854988 0.669899344475825 0.232634970711434 -0.0805905641958749
-0.0585992329928493 -0.489365164599776 0.0594000068584472 -0.939796435975779 -0.125586411433041 -0.192360877683793 0.251368539929615 0.646647132274148 0.25366860106841 -0.105882920106375
-0.0553266489693706 -0.487526559428671 0.0630214167707383 -0.939920495210068 -0.121051322575097 -0.169666632952972 0.23157401228437 0.642361011907793 0.263358726960424 -0.116797449903571
-0.0692724613044319 -0.567265444101557 0.114757456198964 -0.902836354229657 -0.0413254292126143 -0.27659661847221 0.29541096618012 0.707558503371946 0.213431860675955 -0.214535717894413
-0.115614144384635 -0.559532216834823 0.122448301328086 -0.927571058363853 -0.0425446781924128 -0.263291982697983 0.269440014664296 0.698892019725897 0.235462931408119 -0.183850886721191
-0.0698950295042112 -0.458747767097345 0.104586881465608 -0.791786459659474 -0.0409823362612329 -0.239269686083777 0.287012891533358 0.790071381657287 0.179091469360293 -0.185015670230987
-0.145860158296711 -0.466027416560199 0.183512376883944 -0.812389799106838 -0.0225898326766939 -0.180333510223615 0.293060921930894 0.729147993202561 0.136903573433018 -0.20196398647498
-0.129771482096854 -0.504789769114492 0.171887249084677 -0.825206671275796 -0.0203474203157446 -0.203570794361608 0.279106378179836 0.729197790835237 0.137899740972023 -0.203003470908917
-0.0973196913453083 -0.49942123044904 0.0879113458316806 -0.895192646805994 -0.0246939070928245 -0.196199397190602 0.300466476664018 0.827943832320667 0.154081189572503 -0.222879227777042
-0.0973196912108764 -0.4994212305431 0.0879113459987808 -0.89519264694204 -0.024693906995837 -0.196199397144481 0.300466476813213 0.827943832016223 0.154081189287961 -0.222879228075299
-0.0391023531364254 -0.553634694040529 0.0772292168051804 -0.888422577751322 -0.0295749051512275 -0.217748162428288 0.233757032255324 0.764000233188838 0.212853117721015 -0.143270804647837
-0.0526149417233799 -0.540853944615161 0.0830284857681333 -0.87068239120776 -0.0396434594058068 -0.210010010099941 0.230632440078145 0.775005565018631 0.21256571594258 -0.145502018153503
-0.0154021708937407 -0.574393908735176 0.0556977719926795 -0.883835532214027 -0.0145911850573332 -0.20014864265871 0.2200604717291 0.754744666299095 0.199376446015904 -0.150987180966904
-0.0534995593904067 -0.549617635004899 0.0436530886855505 -0.874474618516341 -0.0266841088817 -0.224808775019537 0.245536602458729 0.738313696590966 0.212299012081174 -0.131477590958892
-0.03316309857992 -0.508771882155838 0.0858305663261641 -0.866136558999182 -0.00414086826053172 -0.234955137153794 0.191788301019661 0.819704871069121 0.207856858291803 -0.142418448610864
-0.032922970715579 -0.507344689520657 0.0474161000513801 -0.825310249019974 -0.0152255356524231 -0.217264351659524 0.182695686798514 0.772809105947037 0.215640857619674 -0.117658485317145
-0.0487128440810041 -0.502537185135892 0.0942095256374482 -0.873429252475043 -0.0571307126664598 -0.216961259703018 0.230078827652895 0.796291108853993 0.122303493296525 -0.196565137454814
-0.0275139498931546 -0.452662329045613 0.140823197119803 -0.831706397855874 -0.00657144200893504 -0.222403659692984 0.205849864763978 0.828502121597885 0.164185025587709 -0.16978396773027
-0.0221613813917424 -0.454115726552127 0.142828305114662 -0.84612445355678 -0.0202617724495663 -0.212648320143679 0.199260682694229 0.807035687636825 0.164056344240363 -0.192319264235381
-0.133080027462282 -0.455063176413595 0.0739318849105665 -0.795439391776707 -0.0433971146388173 -0.239030956318328 0.383321936488887 0.597575212817301 0.101277170064953 -0.154785918644122
-0.0853135043851204 -0.540404095773595 0.0474041577001248 -0.853861768098298 -0.0130251029321329 -0.316983407923475 0.355551640785297 0.590564586885737 0.0437482263605326 -0.217720833438745
-0.0853379923866172 -0.53325737598142 0.114996354982011 -0.811385557059976 0.0130738606823775 -0.28024376533188 0.346478252904528 0.603811358362935 0.129988814005931 -0.170138355896147
-0.0853379926142606 -0.533257375849229 0.114996354788749 -0.811385556868993 0.0130738605998062 -0.280243765452656 0.346478252623265 0.603811358793995 0.129988814385241 -0.170138355533185
-0.0819715991724976 -0.505737986800693 0.0800137654991978 -0.822591835698775 0.0172791825828763 -0.339792361717881 0.324508519396899 0.591925422017645 0.0876835665444692 -0.18604218763091
-0.076155743596664 -0.546447036234596 0.0387605519900237 -0.828365767659705 -0.0142305163633952 -0.324548968889206 0.366117010014294 0.621571433706399 0.123768815506597 -0.188467814008707
-0.0419377751540694 -0.551252884833658 0.0355683790173853 -0.819562899461735 -0.0131167769034959 -0.326540253231501 0.375690351210793 0.602692448653542 0.123965057706839 -0.179451902291288
-0.081126767095621 -0.598264613306658 0.0776956385107282 -0.787649144287187 -0.000208630513522344 -0.280106332523506 0.355037268706067 0.593061083220954 0.118793389450015 -0.203828439232748
-0.104268789053506 -0.589111755508108 0.0690997064590058 -0.801150158686416 0.017193397323689 -0.273659992434435 0.332767363055039 0.584270141462095 0.115718243066761 -0.125209859584129
-0.0993871525356408 -0.577015176643653 0.0500999868719671 -0.798635741100392 0.0183146473207145 -0.303148409226307 0.32238501628897 0.561768919614454 0.136426897275143 -0.185033287589851
-0.0953789632079167 -0.566492260897167 0.049987784824547 -0.807345909656068 0.0478477572775413 -0.304973798380156 0.326237208968238 0.560175024223967 0.128655284419474 -0.187562694044347
0.0496395784391971 -0.428200016352181 0.138838180114774 -0.84896898151295 -0.0465916309965762 -0.230194867861444 0.35792189538303 0.808503315502641 0.158545127205247 -0.191118700973584
0.0796950462097524 -0.401367630942141 0.163939342135049 -0.864775899754242 -0.0368983263753502 -0.184843518238493 0.337956665970181 0.825544457698141 0.1558023844988 -0.228585569313307
-0.060491025634837 -0.569621957868912 0.192819123578431 -0.881847569999404 0.0711363580677004 -0.126624978463241 0.313230476857954 0.743448719303939 0.150727645219796 -0.329438364749906
-0.0353204407830334 -0.545680325732811 0.231873704554506 -0.881108680242829 0.0615421086354661 -0.146181666325868 0.280546362570855 0.778559802466246 0.179147801479923 -0.302434550580817
-0.0233255202146325 -0.538652863996178 0.1696823308526 -0.945155353355366 0.0152368395396821 -0.2081461784883 0.352676764806335 0.778188292803706 0.21088613133855 -0.283634566704981
-0.00623344035410665 -0.49245348950579 0.193769091603011 -0.887410469710251 0.0625074308004326 -0.208513514609848 0.258285373895853 0.747550525273003 0.132583230807829 -0.263181940431131
