-0.284787738890569 0.0616497293219111 -0.177935888788136 0.0784127364387173 -0.0492832777188109 0.121889347013189 -0.150153010580675 -0.487135654714193 0.305796537875429 0.010995024758813
-0.222255584362194 -0.137076417475182 -0.103891469568808 -0.180034812581167 -0.0361961358428683 0.129295851284021 -0.349742619134431 -0.374638059939865 0.144210229069445 0.063946692495963
-0.338195005020049 -0.178840216111066 -0.21492935947588 -0.176254529110554 -0.0837059514511939 0.178888757343592 -0.289730665521225 -0.404676299125076 0.164008763003504 -0.0625688143746338
-0.118699414753367 -0.160626717309497 -0.228094585778161 -0.00561966183013494 -0.196239248482353 0.127006234987583 -0.127420053152302 -0.296477441512166 0.207101722541366 -0.00654202002008851
-0.229221889197677 -0.148951797491495 -0.187706013904363 -0.1160138348347 -0.163029735138474 0.151402396721917 -0.112937278462763 -0.371960209578628 0.133967162223632 -0.0523984481947065
-0.156167862552415 -0.135689215291258 -0.166267064065873 -0.130020691880562 -0.176463160433711 0.19703111563285 -0.083939566314578 -0.326240561546413 0.242705038573328 -0.0217200979564851
-0.131726030813287 -0.121046237076722 -0.165195202141798 -0.181043473100981 -0.163583295322316 0.19002705968718 -0.113084363512888 -0.332941944651021 0.229094376966765 -0.031207089416126
-0.166117949621002 -0.188907443106205 -0.175074547267227 -0.126521049360783 -0.218367976252553 0.0788746156931891 -0.137042276268196 -0.350235731224335 0.144772176215858 -0.0754734742650718
-0.161040063916989 -0.191897507145763 -0.200637265436232 -0.119299771440653 -0.199869240796518 0.092208855692343 -0.11247957925912 -0.334326242342363 0.170216174577031 -0.0460862343299963
-0.161040075216143 -0.191897518120189 -0.200637266496788 -0.119299773818774 -0.199869239593932 0.0922088658588073 -0.112479575554015 -0.334326244617549 0.170216176669235 -0.0460862308524161
-0.126944932758144 -0.113802583692212 -0.198717698820175 -0.11216771249716 -0.204068347907969 0.12167548931268 -0.136284473452442 -0.285990296413479 0.215086134185619 -0.0670845060746109
-0.112383978585218 -0.128006967886441 -0.204283885236271 -0.112900493795393 -0.216269624328711 0.141802351671468 -0.118341631060899 -0.303265149745112 0.207057932456151 -0.0702663773791893
-0.122383304616378 -0.126240492792333 -0.176552610256356 -0.128362573305479 -0.20969778045083 0.103611979798754 -0.130909833605023 -0.296118738436899 0.218724183998643 -0.054300819444764
-0.219077877542451 -0.0848566076671819 -0.19246112166667 -0.0195583650158284 -0.147363894842227 0.218301563123991 -0.199130273368867 -0.453999608285617 0.200874728570103 0.0641839989272824
-0.205787472949718 -0.0873513641582672 -0.183653883824393 -0.156236104376233 -0.125725756648259 0.146135374805355 -0.210539565013323 -0.450841434216854 0.225751589421873 0.0698158752777508
-0.198052995646697 -0.0773097774170163 -0.169442736596909 -0.149633226009605 -0.133961103798162 0.153067289841029 -0.218835519973047 -0.460712629301445 0.232476804929998 0.0792760790091375
-0.221812305740087 -0.0299457664086459 -0.222444044697807 -0.0774242500440155 -0.198264014954977 0.0595845930851647 -0.267783617019301 -0.40742522148806 0.165725394454659 0.0482327926728941
-0.137097800016721 -0.0750250108482341 -0.148925752179901 -0.140974403409639 -0.204232165386621 0.117051292695028 -0.248199819726464 -0.401215794256316 0.286448734385715 -0.00952829895017926
-0.128392966769126 -0.0664248616267956 -0.146946626100148 -0.119481755328098 -0.190494683493655 0.125577139342713 -0.257207933474459 -0.383908393700403 0.256557454388062 -0.0246915337913303
-0.116851232008687 -0.176654716444584 -0.186073007842402 -0.103601570644919 -0.131553878803898 0.161273662207406 -0.0750235825310466 -0.398476768014844 0.321976004616283 0.0422778397238581
-0.06466744067569 -0.166314018849082 -0.185201563004281 -0.117245641624271 -0.15066742875329 0.203132882130687 -0.16865926755427 -0.403506241175198 0.2980972066248 0.0306965269303181
-0.100823902196515 -0.179457886681215 -0.211625885633107 -0.0710371055475134 -0.126324070422223 0.158569087206244 -0.173307209734793 -0.45836272398909 0.287778104426091 0.0392361444171424
-0.124438314155568 -0.184070515881248 -0.214093140282273 -0.111182544058157 -0.132869905370263 0.164235072224891 -0.153169215460244 -0.450192972799524 0.296416278951313 0.0253167336336688
-0.104344218125399 -0.185648585339605 -0.230362798690232 -0.0974596776299118 -0.125776244963522 0.192335569125287 -0.17732037990376 -0.435803939600486 0.293562465454588 0.0416887623098068
-0.199804261579916 -0.123495262426951 -0.262719145069062 -0.131611065638998 -0.201245256733615 0.2519215094811 -0.191245180863261 -0.355141953174277 0.226144217413113 -0.0371850834419132
-0.164939639173197 -0.127710292345989 -0.258961038723324 -0.10868452171764 -0.203841568386036 0.264873166392999 -0.235140910797687 -0.339071979602805 0.235546929775033 -0.016895434803412
-0.245803757990198 -0.180465599172707 -0.272019036374438 -0.0411412635329385 -0.227245804946086 0.130077903336994 -0.175331841898179 -0.401627189690143 0.231967870545327 0.0335535970471691
-0.185637237050386 -0.166648108362849 -0.290415693082965 -0.0509221098574082 -0.26376699648133 0.209320023885563 -0.197520537152983 -0.380196446815918 0.285259753905131 -0.00689238869247494
-0.229326271822971 -0.171769277668414 -0.275805381062474 -0.0819540674987981 -0.270945742333618 0.211259935989954 -0.235673680500301 -0.386959156893936 0.297784952828467 0.0149933071776039
-0.204541511383461 -0.164722542769823 -0.276210614625354 -0.0495303337470575 -0.23520569831571 0.16481025021279 -0.204855765825082 -0.374160692984605 0.30341236829828 0.0366771454382889
-0.240609838893548 -0.123265618933559 -0.288122044924592 -0.0518941149248276 -0.253793109456281 0.182323175402644 -0.186282769714391 -0.389707697028013 0.310794124244566 0.0651660682628816
-0.204255744257903 -0.152877608543655 -0.30110342209589 -0.111889362746941 -0.232054148555177 0.190997641452466 -0.203386149729809 -0.362517871355026 0.315065589844471 0.0111528556751919
-0.221469263512602 -0.119533176516955 -0.279463204137433 -0.0863401307273453 -0.241784051353011 0.199484806487021 -0.209348573122849 -0.383769302721659 0.292747288200698 0.0699336592972546
-0.193748765338269 -0.182256503325305 -0.257727759820741 -0.0831403390072138 -0.24173970364001 0.173926137319119 -0.192567757674733 -0.390415939004953 0.2929826264793 -0.0106172431484972
-0.170718239260649 -0.193826447524908 -0.265014680547601 -0.104958127915039 -0.246118418001531 0.16332064223747 -0.229365314244766 -0.355161663421567 0.290072928688489 -0.0424114005050363
-0.0982675450138737 -0.109377256765049 -0.237399231098169 -0.0564128774274778 -0.219682826151747 0.142278264265512 -0.205849239234258 -0.409010296413314 0.285118923929865 0.00341157320428798
-0.111175959116405 -0.104059775873144 -0.27347404061268 -0.0559208196399569 -0.2192131272804 0.114920583155744 -0.186410952951599 -0.397849236460678 0.28585294367707 0.0497081787351467
-0.155441664200393 -0.0848270161684628 -0.167538727318119 -0.0133416860167307 -0.133254950019512 0.110156966773164 -0.162066398295522 -0.429295408555007 0.199991695652573 0.108546593464354
-0.199133523478116 -0.120635704295906 -0.118732457678782 -0.0480372690130454 -0.264880087156722 0.221113010946128 -0.0964540941409299 -0.489458791856352 0.240695822976108 0.0726200880252918
-0.161734085450467 -0.121158580469022 -0.220897566333517 -0.0645553876418706 -0.267468655677199 0.246558393789724 -0.101212732664344 -0.362896240509709 0.233657775610527 0.106082739396676
0.123111159830011 -0.0371001079053393 -0.15356036731954 -0.0417993509430498 0.234549691965395 0.279027665894824 0.118694526693836 -0.151247919041262 -0.165924581351037 -0.321533071314761
0.136233862366244 -0.0408626408263136 -0.149136942498197 -0.0600130242994939 0.23492513138435 0.266747165747992 0.148457742709711 -0.172102772251809 -0.144340490612291 -0.343126936733253
0.146685647960573 -0.0178645911217926 -0.117350503990341 -0.0848047005631 0.271511247622945 0.252945210342231 0.107990141041662 -0.182097057785036 -0.191046074025237 -0.318499878209927
0.0963313371857341 -0.00939057778972606 -0.0952029042961838 -0.0757332957243223 0.240800351681482 0.268741268469488 0.097692597188457 -0.18603851624393 -0.189498609354119 -0.284840665736675
0.0909380209775972 -0.0375861475821766 -0.107721878590194 -0.0769237492062657 0.265302615633501 0.276271072083386 0.115040631607721 -0.152134169927945 -0.190753751446718 -0.304797332824707
-0.090379321384356 0.11072855540479 -0.200633545269537 -0.130889460531139 0.115759296026549 0.181118930325833 0.380021086941964 -0.354858021962426 -0.292357649806291 -0.308018445357712
-0.0216227418783564 0.0542589366105783 -0.223371754780455 -0.0827813843048019 0.104541302797674 0.167503380004157 0.486845242332254 -0.251696783280755 -0.192727610269817 -0.232084676031008
0.0367562904104683 -0.0872445772928174 -0.321006036729663 -0.128665134313117 0.10013219982351 0.153026759196047 0.478370229377397 -0.253736801776725 -0.1691862147474 -0.237326775974447
0.0373980715462312 -0.103877493306695 -0.304224204379638 -0.20609719909148 0.109595798793532 0.10915576199209 0.469791130233767 -0.206129815027293 -0.161363407277904 -0.192586861207571
0.0293678740722059 -0.108412195608503 -0.262335056949135 -0.186924097449294 0.131360267531983 0.113850704119875 0.489862088459924 -0.213983547850005 -0.195005455196183 -0.191599030340383
0.11230681042225 0.0116551019317903 -0.293594670196425 -0.183379506085902 0.189368740931216 0.195863976847152 0.401209762020412 -0.263043115743655 -0.0858483184197189 -0.275250428693734
0.0178863375087915 -0.0190771671667562 -0.347970052524943 -0.16919704377437 0.169506696954235 0.202509177052527 0.348911937162382 -0.260001843357636 -0.0936543628951669 -0.297723038456173
0.0699580077867267 0.00367598986904314 -0.356792199728272 -0.180801832298835 0.150753551282054 0.18830187149951 0.377133720513798 -0.272838503813877 -0.0729934309826742 -0.251871869760272
0.0110748143233487 0.00457593105164096 -0.302181104182638 -0.135300446587119 0.212235057203225 0.102157019687729 0.336036354574512 -0.249088874710452 -0.189083561985716 -0.2813451180503
0.030937527240606 -0.07177910789225 -0.264551337768039 -0.0824746019126491 0.174218585473025 0.146210540408222 0.437615466445865 -0.267384760794342 -0.169633733752227 -0.273151682053741
0.00224104521952443 -0.0485850033920819 -0.348748247799452 -0.168620050401941 0.163396793525369 0.176023753076589 0.378157784563829 -0.282880505170004 -0.13101132035288 -0.288885753261248
0.0114247069462936 -0.0583042186164265 -0.355508182198453 -0.144995298154794 0.163886003353901 0.166901978592745 0.398173109607247 -0.25119599348553 -0.15772264296102 -0.287066630197765
0.0603157414765076 -0.103841034030295 -0.312919751716858 -0.127789153460639 0.192273623150587 0.158837886131601 0.445177027204729 -0.304700492705781 -0.105897729532582 -0.255014605689138
0.0496363560748626 -0.0798048330510388 -0.357115665525693 -0.156996115228344 0.177701261872112 0.127660755084577 0.406391649167918 -0.271307430252697 -0.106083306173501 -0.234544070853521
0.036401537825554 -0.0414908849847201 -0.345232191612178 -0.18044975861177 0.177859411097937 0.17442037021825 0.412375821702918 -0.270848776791734 -0.136759154351706 -0.178042408893123
0.0437523409205016 -0.0392577113345985 -0.326204750931062 -0.171625086371565 0.171601200284602 0.1481372316833 0.432259530411169 -0.318005995741385 -0.136687491326585 -0.279140033840663
0.0422845666986543 -0.0758124510563691 -0.316117018315605 -0.148537816091111 0.154833074051159 0.153975303735792 0.401286800588495 -0.277919255658262 -0.136949233448852 -0.228981799880689
0.0539399169080611 -0.0598776652852818 -0.383284911071202 -0.168757033076125 0.139788632893638 0.159927355558912 0.442320146646105 -0.292966362011966 -0.173763970270996 -0.233651423535058
0.00940021339552566 -0.0908229952981647 -0.346934967695766 -0.113651413485361 0.181333620283851 0.157699401170202 0.397856423279473 -0.224366274595665 -0.157637183375465 -0.180147187458487
-0.0251012084100926 -0.0775518730283938 -0.301868262433581 -0.114744313089163 0.190860036175636 0.171574140451511 0.457831756340218 -0.246953178594569 -0.126400884190854 -0.236282079552478
-0.049159519695981 -0.0355959425737568 -0.291777544552085 -0.115246948510262 0.250438511664039 0.161630252005833 0.443745392643263 -0.232471775395194 -0.211526173488921 -0.230304557254437
0.0223561152912393 -0.0257378962510807 -0.163207359203893 -0.175244729713681 0.273819761842155 0.189766439014377 0.429253918182669 -0.254084481477837 -0.205862837959551 -0.213022687835984
0.0655548863671926 -0.0626486023670209 -0.221470109612295 -0.168833531189449 0.252806637039274 0.238112362729099 0.462259101725662 -0.265521146650242 -0.183582516181293 -0.203156425506675
0.0967764640821485 -0.0412536713414111 -0.201738667243661 -0.187397498548927 0.258796033676696 0.166859914039495 0.473140186168895 -0.320236076971783 -0.191015944136845 -0.178978191225967
0.0766166630041758 -0.0403382947886982 -0.218976235210434 -0.193866805564504 0.261130293299189 0.162055112451679 0.464269511951385 -0.377824610923314 -0.175591944015055 -0.187578189101886
0.0745801328153334 -0.0386018445842951 -0.233286710203515 -0.187135901878461 0.263233902754012 0.173279257238705 0.469550278599929 -0.353897826924132 -0.19639444824597 -0.213306010210294
-0.181826172563996 -0.0963250059676784 0.229566531093175 -0.293810675797517 0.0531292783742281 -0.0558560103287333 0.364047630116899 0.112007336748623 -0.378511467727651 -0.0624863666590629
-0.192198955633165 -0.0413993842092482 0.275148850304697 -0.297938914613419 0.0487200336220803 -0.0369719287876882 0.362728752101668 0.0577035563797342 -0.342852443519844 -0.0651860141286693
-0.119681681614943 0.00366209850053841 0.159634680979595 -0.276772632791327 0.0940875281741125 0.0832968021279041 0.22766462148413 0.129812348243887 -0.309617665385401 -0.00766836419562583
-0.125569625629668 -0.0192457012487449 0.149551016466694 -0.292121686809349 0.0762049025126946 0.0483979221415393 0.218856750738835 0.0795340573100874 -0.349524467878804 0.00512470553506363
-0.125569625418652 -0.0192457012361994 0.149551016504055 -0.292121686758561 0.0762049027849119 0.0483979219966738 0.218856750741514 0.0795340576650543 -0.349524467793545 0.00512470527838777
-0.134313066395837 0.0340077574769856 0.136867660518711 -0.259426742353173 0.0194750733576928 0.0755223349556168 0.253977943152943 0.0627368798922259 -0.308177489610504 -0.0554498511858433
-0.0993448554981556 -0.0289467646045037 0.134322933483637 -0.219385441979108 0.0258433795850003 0.0712376710525846 0.255031722173847 0.111192111472049 -0.224385299837756 -0.0435431646544396
-0.213057674566042 -0.000147830304333789 0.140928724026804 -0.218434119331294 0.164791470687795 0.0440805241779607 0.417617427924823 0.102640574729801 -0.330083753787116 0.0208905284635509
-0.203836845751773 0.04080835838209 0.107229584850021 -0.212297849189563 0.172460671114357 0.0822010355599416 0.418896788128642 0.071036393109608 -0.327839062365193 -0.0360386109318897
-0.0472987275065608 0.00279180880332168 0.169861657077236 -0.277657719145727 0.0992840389687119 0.0038653668999638 0.344807940993173 0.023888831324436 -0.39590915343296 0.118862657286207
-0.0183073657775229 0.0204767991219314 0.155187805158004 -0.279572161071829 0.0675399009249956 -0.0287792408913862 0.322077438280028 0.0428956873887774 -0.3521674171936 0.0725456205058319
-0.0210918655969991 0.0314101952268543 0.173432261907678 -0.251801168213353 0.0784498092187391 -0.0322432525221511 0.401732303288445 0.0481806976597517 -0.325897659869664 0.0559600508913861
0.00686272608536011 0.00561772719591031 0.208728350942787 -0.259838797054872 0.140363811941683 -0.0455734009512924 0.367138554781668 0.0288423067190734 -0.251944596042853 0.0403830882244385
-0.0629451755688537 -0.0255162840007189 0.143593368246428 -0.220228961445473 0.106044907202165 -0.0700726107645124 0.408968586886526 0.040515680284986 -0.32520824511584 0.0150625029048465
-0.0583903083620795 -0.0367807858437949 0.155427554936596 -0.234719143205257 0.118647564166556 -0.0980420869436979 0.416502825503746 0.0389614813014541 -0.345401667860406 0.0107009066776338
-0.118127229486535 -0.154943068290523 0.22912064505913 -0.329456677084913 0.117878424462611 -0.0980264319219593 0.303932573833085 0.0538946399553224 -0.330152331042725 -0.186692053956757
-0.139152946269308 -0.125553694620894 0.214134014523991 -0.303562527405468 0.124492333166058 -0.0974820749870448 0.29053017325551 0.0416433978190039 -0.376343707143155 -0.185595354544842
-0.139481179886089 -0.146945538299654 0.202931179189746 -0.215258810885847 0.122937262302915 -0.108640199712568 0.388288248405982 -0.0741462976271044 -0.373220081713698 -0.20252542319483
-0.122474528987597 -0.139821540182846 0.238156520478192 -0.25088108305725 0.11050672113605 -0.0373785502065192 0.368738258766504 -0.0494625350841855 -0.343896681685327 -0.195703189221285
-0.12681026826852 -0.136648132963679 0.224940805809652 -0.246421947703269 0.113881631923849 -0.0523137456940779 0.377692832046026 -0.0636517454870995 -0.354152251393737 -0.194354673876897
-0.10290928588255 -0.0968712847374722 0.30458625589392 -0.357163366313841 0.133055247158949 -0.00931155016288826 0.373892503384098 -0.00307794917142595 -0.40393234321055 -0.14852900260871
-0.132559620469095 -0.0694519431850055 0.288042291344435 -0.364683246947875 0.132895627288056 -0.0824576611446911 0.362432653427813 -0.0443774429002148 -0.392499685960322 -0.132716369432981
-0.128413562285699 -0.097346581311928 0.268184460607743 -0.328608066098883 0.133180783473226 -0.0749138990948599 0.403783727588326 -0.0531460722990373 -0.426172925257124 -0.174059482817557
-0.10703621723943 -0.0480567500436284 0.173537161095982 -0.247133870201777 0.236753688624111 -0.0838487455478986 0.40774220564219 -0.0123299082913887 -0.478233381851895 -0.209829161976852
-0.0578304985906037 -0.0766597810920872 0.183500609984957 -0.289581676427564 0.215531515579003 -0.0867992040288349 0.419674210658711 -0.0127891556108075 -0.489588814029781 -0.184182093656363
-0.0696395115987507 -0.0355298162201841 0.196547498041675 -0.254888284391306 0.217192827238947 -0.0758610366408349 0.454542217179479 -0.0383570069206213 -0.517348414095168 -0.191162378419502
-0.0792073725401155 -0.0603507701058883 0.182444283484784 -0.248457063202845 0.219892813639172 -0.0603533168516777 0.467050675470344 -0.0301919667423415 -0.525211314632653 -0.201027389571473
-0.141994031653617 -0.118460004279527 0.158725022486654 -0.276291660014831 0.17522488237041 -0.149856018357894 0.381338773426367 0.0306358766664865 -0.335858718764086 -0.111835883767936
-0.126706721974514 -0.177947881380847 0.287039274174114 -0.347871295636654 0.0529309093422515 -0.103106477348641 0.360103105721086 0.0154536225964616 -0.394521646730665 -0.179112078620008
-0.0805192700586523 -0.0590142124906564 0.123564737374095 -0.23952932427597 -0.0375329829746766 -0.110555029738686 0.275592046226898 0.0124813581881516 -0.452279567970575 -0.22339770219152
-0.0341503499774926 -0.0696146185067039 0.203691472375483 -0.272476981832408 -0.0112862214581537 0.0465531005460349 0.27845288996396 0.0361374616129724 -0.377133321683158 -0.189259095311014
-0.0144871995189743 -0.0418348180336722 0.16969162798335 -0.280810538881617 -0.0126682482809241 0.0264227103776028 0.266618488412524 0.032686106885333 -0.36022833712501 -0.20834255978424
-0.154320423558988 -0.129432259183702 0.0829855217645004 -0.122089153463954 0.0984946413481272 0.0425988653686373 0.226803876666336 0.113382375308411 -0.373106260504993 -0.183803770906676
-0.144644248440088 -0.0785193465966668 0.1038043625878 -0.118078749033596 0.0715140766060103 0.0122531419436297 0.262575475507533 0.113107758893543 -0.28987633994991 -0.162163109562189
-0.164371243935373 -0.0485927928866752 0.10888250241158 -0.159405545583162 0.0568546905980837 -0.0195592334542005 0.268780576081781 0.147080854046932 -0.259483356163923 -0.165778781627571
-0.13066947193691 -0.0222817580649432 0.0625270717454104 -0.136536824354507 0.11074248390279 0.0386359660461897 0.252830626441793 0.12055629069892 -0.308216853598657 -0.123079445999284
-0.128263386924913 -0.048161097711009 0.0819631210479337 -0.134449134693902 0.0697180385681728 0.0589087483938676 0.241597155540724 0.12527675870466 -0.289715827301343 -0.123709347951381
-0.152432102483435 -0.0557827785103593 0.0721966537356067 -0.162170869041596 0.0703803377671591 0.0486862368832585 0.259505628922814 0.14508024650731 -0.287848295284337 -0.119020835284562
-0.13535245641842 -0.0686003058354011 0.0888533252972968 -0.149157189091896 0.0312329863948276 0.00674712829075837 0.272797277006883 0.14032118975006 -0.333735012581063 -0.1848263741933
-0.138147571090494 -0.0932236412320424 0.0912589717784566 -0.148986574225871 0.00882901550092964 0.00124126199946765 0.251457526494112 0.125489465406056 -0.307735972487178 -0.116085093777505
-0.141893811429667 -0.0735429004776038 0.100646553016117 -0.153436093827585 0.00208018402426106 -0.0108421997703446 0.245575498926023 0.130678217447594 -0.317912761563395 -0.111455068400789
-0.171649928419973 0.0250044624429891 0.152210146897369 -0.16572623946886 0.10131123733906 0.0149465354957468 0.309606413397961 0.0827698794491255 -0.278710486551805 -0.17429280614247
-0.130375582932446 0.0209635866288971 0.140765339221474 -0.163481222152814 0.100913723758418 0.0280646668995652 0.311316831868934 0.0704271868635538 -0.294464404041303 -0.190690455633049
-0.156303102149143 0.0741849422403827 0.111989499810655 -0.21672025985688 0.0493755894189011 -0.0137702358982746 0.460001998235288 0.0129084385996635 -0.288736275040941 -0.198590408343853
-0.181812269438529 0.0690055425104487 0.121650942443456 -0.210548877867055 0.0667288659798973 -0.0427585734314713 0.421703948187636 0.0152155365822307 -0.313925830452565 -0.2244731093667
-0.169124951394507 0.0611580008810478 0.0900452607280145 -0.202215278614629 0.139420344335601 -0.00329850493342563 0.409712081513769 0.0144714885335213 -0.305380174476176 -0.206499911676988
-0.166347135459822 0.0783575080214593 0.0516528347084603 -0.206301928759608 0.117512109785369 -0.0672804105047462 0.434778268212179 0.0300165825146612 -0.268785131889305 -0.213754587698117
-0.158983952878547 0.0942635915748107 0.0496449938154568 -0.214074011747064 0.133609715996566 -0.0505038527070272 0.43964772324038 0.0133744493194201 -0.279727052404981 -0.228983058771032
-0.158908720435684 0.079470837831941 0.046126262966242 -0.208435479248123 0.138634187546291 -0.0452581421211239 0.438450419808678 0.0101462913935763 -0.282482022148804 -0.217492367588958
-0.176666669372593 0.0513865979848441 0.0309525519894345 -0.226951359975673 0.140228310443008 -0.0144041321172167 0.415848654732647 0.0537887238867285 -0.315636979286651 -0.165115947865696
-0.146441786828912 0.0505614567624972 0.0820645179314351 -0.218387951263137 0.139974522820665 0.0228270976890602 0.36741869686609 0.0479634149084555 -0.370044353596727 -0.179617004983206
-0.160872778113417 0.0816333521006033 0.105063248159205 -0.205396691741985 0.0833094032114098 -0.00068848280143613 0.387306785148767 0.0260518166992452 -0.324810083125929 -0.242869582670574
-0.17146264050626 0.101854362237322 0.0802890506290773 -0.23326540149867 0.11568771719086 -0.0387126808953786 0.407896762713834 0.0379148658817004 -0.320540685175588 -0.14773473905093
-0.0669866237898765 -0.037748173795378 0.0782007768752945 -0.202529797509417 0.121226373619092 0.0610469899020294 0.231337834230056 0.0200499297744457 -0.340563793410123 -0.129542439205976
-0.0246200176866541 0.00489885043179182 0.0891776348395923 -0.197259829119257 0.0980783967936377 0.0466590485729695 0.250131718671402 0.0758860000300247 -0.328809214324329 -0.0977451770760184
-0.110968616487853 0.0276051534336092 0.0744953106688317 -0.165539101087381 0.0123276433112617 0.0667043229239929 0.291088790098419 0.0610828351939391 -0.329953363719141 -0.22418668722716
-0.0707475760048873 0.00249984026647451 0.105450677463792 -0.19438671716307 0.0499342359584289 0.0480343129754414 0.283315383533311 0.0724346361596457 -0.342200224065998 -0.192752392620811
-0.0630293938684424 -0.0229030917451013 0.0143615317914557 -0.115134947423523 0.00731472699397454 0.144191290943594 0.345761563664049 0.0433377866785999 -0.352394176605476 -0.17999006662021
-0.0653132782132645 0.0360755269763384 0.0917854251344758 -0.198621725586003 0.0190832800565695 0.0783709272678035 0.296332076828437 0.000991516679404338 -0.384579919099053 -0.229685142940984
-0.0656026392349374 0.00237185294556857 0.0549554064453785 -0.185100969465958 0.00176349918453269 0.0743212283372129 0.315216678573886 -0.00285349128790032 -0.365925033700117 -0.285906264885836
-0.0690583481592748 -0.0101905590688921 0.061833263005711 -0.18615483437528 0.003895498521133 0.0893483553536145 0.324485331466676 0.0131481357977135 -0.351849117808801 -0.277949521632086
-0.0237821464776793 -0.0146223296822969 0.0736246543915881 -0.239420681290821 0.0537999489730439 0.0496237065439999 0.24482000196631 0.0890020483151542 -0.35011134243523 -0.254532658640508
-0.0967659966256762 0.00801153665177504 0.127465630557792 -0.239759321550629 -0.00877693475062716 -0.00712007567570195 0.297723973129219 0.0905429263601949 -0.377704734732318 -0.178954502504323
-0.104710938884845 0.00236656743336629 0.132259267057596 -0.205305019747928 0.00181220070309842 0.0111098404698518 0.309466671658776 0.1061025839049 -0.381097782922108 -0.176049674863699
-0.0204491161881663 -0.0960060663637935 0.10115058898463 -0.212534780862558 0.0972873316497288 0.0127421232035988 0.280064702444792 -0.023919009858566 -0.424264775770467 -0.192525007768313
-0.0920509358635706 0.0156978387716838 0.0758852625284568 -0.1755549410727 0.0442533097413788 0.00847961652462337 0.277497088361551 0.102285098273768 -0.358268303999461 -0.168547050413761
-0.0898254627329191 0.00537052682060544 0.108620535995165 -0.177023352232355 0.059323276045451 -0.00956605907456359 0.283696334083317 0.109534381005856 -0.33240430013683 -0.162601331551986
-0.0897142178309049 -0.00680639045609223 0.112982197176164 -0.159877342342252 0.0540950262793579 0.00680662241687062 0.273865730453642 0.109109000392093 -0.317189370645799 -0.178065565452327
-0.147238255555982 -0.121976990532872 0.153741361506956 -0.301441643413124 0.019288475581449 0.092355133031729 0.0805974499965724 0.0250417668325869 -0.402908088800696 -0.379412689263668
-0.155106988092279 -0.0877643797762588 0.132269057039887 -0.32087825022803 -0.0406231970185724 0.112470745936878 0.0250154380541298 0.104073827754925 -0.439838538092514 -0.353386225108207
-0.0867016280729302 -0.165336268488794 0.164623224297652 -0.39530047315056 -0.0819034428386149 0.252511458800662 0.0498146413318123 0.108159031821047 -0.499879414095091 -0.229951168228818
-0.11792749278486 -0.125059854698383 0.134872508102882 -0.474294792168425 -0.0362956070700634 0.267893822966193 0.0944109916591581 0.126400158369643 -0.513185077504034 -0.217614924910165
-0.140309872806494 -0.0775107206133507 0.189066745084976 -0.451194898769881 -0.0620438777945669 0.293297949555863 0.0813027271104285 0.0656485156305899 -0.514261925314959 -0.251018025769154
-0.124936169844412 -0.105244187348262 0.160682143485784 -0.477926805982141 -0.0616943032486095 0.283953727394004 0.0451095190377312 0.10955603204167 -0.530768607702647 -0.228689288263991
-0.140470912602244 -0.109902451515204 0.168246346471176 -0.466409558905409 -0.0416249874522258 0.296209504195893 0.0514519146561339 0.10974386761947 -0.510501191538218 -0.244032500305778
-0.135129502894143 -0.0825258326032964 0.17827941656286 -0.454274132612083 -0.094088464924877 0.251565834735417 0.0758637167653798 0.0658818303468323 -0.507568232175668 -0.312207555876515
-0.187062627243137 -0.026809149519123 0.157835909232322 -0.426810702662352 -0.0586817637639697 0.29699066807979 0.0685227628052263 0.0841115821428181 -0.500965972279144 -0.31512777279443
-0.137647125505535 -0.00732663930950834 0.148508613101004 -0.400475401419199 -0.0558729085106385 0.25842904458772 0.102944633828489 0.104337840332524 -0.461696648320999 -0.300066188862705
-0.124636289946021 -0.0372501328590338 0.143055350839959 -0.38519360080951 -0.036077728259878 0.291637906927722 0.0871713435992289 0.112342140949329 -0.501070140629533 -0.305234128772413
-0.192967866255063 -0.17446500381764 0.211694185883483 -0.37019121342419 -0.117072437221391 0.128370490835855 0.070472771895649 0.155446078540925 -0.578704772004555 -0.370267517967572
-0.152585499937672 -0.160501861487581 0.227682503158089 -0.315742892088607 -0.113283246664255 0.116485967537508 0.0341492786359084 0.119581247043517 -0.477987512078048 -0.396456475005951
-0.110640542544846 -0.169765155950673 0.173502659282027 -0.286313637845531 -0.114486775400718 0.122885156118428 0.0773316029186227 0.125609472819708 -0.446329564769862 -0.398371965526889
-0.166822527791394 -0.184799769765007 0.174869761908601 -0.315263420458633 -0.120622012202141 0.158905071910461 0.0240139273216931 0.116442212036951 -0.417538693010766 -0.388743541416409
-0.147537007792731 -0.150134240297734 0.186199029874631 -0.318388975944642 -0.06887694474001 0.172224799027038 0.0213866700458379 0.106856017072185 -0.453104533222448 -0.403602429001626
-0.0806889561287129 -0.152628968555572 0.141637760215799 -0.399007139246031 -0.204499449740211 0.145149445888191 0.0639970771990725 0.179545733755598 -0.422598722778073 -0.42136905308401
-0.129901842405381 -0.155725791215326 0.203641921506436 -0.418591627455693 -0.140116192127815 0.11744467597919 0.0471430323847301 0.12776971487669 -0.471305558916141 -0.343124363937545
-0.130603935296407 -0.173997684845521 0.164027513888132 -0.44729377349657 -0.160809109262694 0.0929111874337922 -0.000409323666133162 0.0644214727887289 -0.465313620651202 -0.377376145876591
-0.0999325465850788 -0.176863378445066 0.162458678687762 -0.437731070256284 -0.182034124787625 0.110203150730224 0.0445339958186433 0.11608591944437 -0.485928757609151 -0.402398487265654
-0.0999325467074453 -0.176863379318768 0.162458678433956 -0.437731070234468 -0.182034124187892 0.110203150304432 0.0445339957537382 0.116085919592284 -0.485928757095781 -0.402398487307103
-0.0554314973407387 -0.0922536736016034 0.0787000687205122 -0.392933252413177 -0.142819532995393 0.113280996496518 0.0157386348705548 0.0892562827540116 -0.411495957211737 -0.332668051082555
-0.0554314985618587 -0.0922536745161459 0.078700068278749 -0.392933252657233 -0.142819533834504 0.113280996839465 0.015738634793516 0.0892562810436443 -0.411495957158264 -0.332668049782117
-0.081581675544225 -0.119541376570189 0.124381594132178 -0.386428932767616 -0.139582820705265 0.0986040489176614 0.0274911926863229 0.0724788997521293 -0.414862404014691 -0.386278257852642
-0.051691225402076 -0.144510212938573 0.145756815058226 -0.343503462631476 -0.170327948032691 0.0983481606799991 0.0174003605218069 0.0453604809619663 -0.360132673989776 -0.356565848531925
-0.0113369131683851 -0.0783894621153648 0.152177423883594 -0.359534180066357 -0.134373481589315 0.0625964739983298 0.0397445083947478 0.0461826045777264 -0.423262743352289 -0.364753531924604
-0.0496411024498991 -0.0961399822050955 0.154976409532446 -0.336206040752534 -0.187840648373104 0.088005010538933 0.0256031290018813 0.0503020184763355 -0.387384553513871 -0.39490375031765
-0.0271424457172867 -0.088559040102862 0.150917715751935 -0.326458381580929 -0.191939160299624 0.0732904041895163 0.0167029881772854 0.0682589040187023 -0.401023649516781 -0.365790777961375
-0.0460109097901982 -0.105806977172228 0.175040794341387 -0.329772905890753 -0.185743394030004 0.0839734903785255 0.0129038997495657 0.0428787928452473 -0.42052887634992 -0.375645122243734
-0.0387007443608043 -0.103618620314155 0.159027271762335 -0.341839200153602 -0.180069141297917 0.0830312129623342 0.0219606862438987 0.0302623157452027 -0.3888568647657 -0.384085177275593
-0.199336518588665 -0.156361648435382 0.0376598496201348 -0.154384059785963 0.0487943187373638 0.0558920211488228 0.172717323643579 0.137846194323005 -0.436202476405196 -0.338183319290408
-0.236010774875966 -0.150636489783731 0.0410923886702758 -0.251563563128308 0.147713375938678 0.12527319973244 0.159633810356194 0.0970703547958411 -0.490314428309158 -0.291690085221913
-0.250588275855545 -0.193364706634819 0.0274570904151036 -0.244063567374339 0.126026960459375 0.090895036487759 0.143189921891685 0.168805014294917 -0.407392325791014 -0.325431706341508
-0.234077961418921 -0.126438270673551 0.0785963141774944 -0.383372337783646 0.0344913362412281 -0.00714675361765901 0.163849092303553 0.171033204999989 -0.402931904412388 -0.363050186571011
-0.301896622555112 -0.0879774997664594 0.0440020163196942 -0.36613322568556 0.0835232513262342 -0.00353800439573289 0.139115959730918 0.200119572729639 -0.420685967860219 -0.390130807025828
-0.265117885887888 -0.102260501597687 0.0324904903696093 -0.366936061411866 0.0705501531180871 -0.0308306708274375 0.142835083134145 0.231119124345482 -0.400113156659412 -0.387766051134313
-0.044465932247058 -0.0611966025929439 0.128792324366728 -0.29892681370152 0.202149295710419 0.158517136369946 0.276313778893923 0.289458262484788 -0.423380603529537 -0.294864686890212
-0.151338912428759 -0.145923140810557 0.145865494354351 -0.292278661733459 0.108877411302748 0.178505188869156 0.319254413491102 0.292737550044752 -0.401304224119741 -0.270569358299855
-0.13013369593019 -0.124415007401438 0.154039479985078 -0.358700725025631 0.0910051090822501 0.214741527890984 0.284359107322376 0.278580035616737 -0.38183161748359 -0.333543500078598
-0.177953258080593 -0.114187523850464 0.164851125477149 -0.323533191695152 0.141594245343379 0.184116916637671 0.268638901394345 0.265350890804472 -0.404498694875979 -0.340715766543841
-0.194686926302396 -0.0681397895314405 0.142169881524303 -0.318007810995719 0.131792796335749 0.212350619063638 0.315220538299373 0.216940452333931 -0.457790729653317 -0.333971085970139
-0.159837921663619 -0.0758428914333341 0.150932436790566 -0.361679436410026 0.119472783497202 0.226839359438045 0.286527910938105 0.239433616443958 -0.463420500374348 -0.323613718029961
-0.17675812670073 -0.133130312908942 0.169421926501536 -0.300644955716461 0.123148003007273 0.174132753248112 0.283186900833838 0.265426869904246 -0.397532774984941 -0.289438881316541
-0.121985035387059 -0.158977161735474 0.175757628684505 -0.363343157026452 0.112852833162532 0.179552504039402 0.315311035432496 0.30955402374909 -0.428783330788644 -0.304585149256781
-0.182001239185279 -0.145774487204023 0.0931656368279191 -0.454398196507361 -0.0577477249886852 0.0409447127842755 0.212149099555052 0.197961469403961 -0.304768978299096 -0.42333620565599
-0.0244606530823529 -0.153255207081719 0.0473239489270966 -0.423204637026501 -0.0282864149051564 0.00102729822820688 0.325778654163487 0.247803531401216 -0.382892220221856 -0.411426989952103
-0.0706345510164896 -0.120929304615494 0.0624524307395156 -0.457270490487576 -0.0256847171740274 0.054511342117777 0.275829810244815 0.240749873438032 -0.30161081965145 -0.418362406598495
-0.0941637500885234 -0.116924456700406 -0.0281948612984686 -0.381987495019328 -0.012446682783337 -0.139324602695303 0.251595417067825 0.0924068734874164 -0.37011259057525 -0.45915264467973
-0.0399560292174626 -0.0834600110591707 0.0115313199178977 -0.359840202909203 -0.00605662429985002 -0.167606837568673 0.277507171841772 0.153143841515444 -0.358562393600226 -0.446005553419974
-0.0644881818146235 -0.0905561528258955 0.0138290476325531 -0.349357459655756 0.0222727254025298 -0.151831801803613 0.267044091434355 0.153871728546844 -0.371842103761818 -0.451467851270102
-0.0751556132157854 -0.0999487103704204 0.0280303563118473 -0.3714415577196 0.026915794179973 -0.178258460456056 0.313053966750646 0.158086047531254 -0.349038670665202 -0.402570632267384
-0.120146779260443 -0.131751040912163 0.038938502291158 -0.370507308486718 0.0460971318997745 -0.162723607933227 0.295233762360207 0.157847978486957 -0.354644390682658 -0.416136475065609
-0.0956281744518052 -0.109283723262126 0.0224303884616141 -0.317281932643921 0.0493282125647253 -0.192893122025753 0.290117355148227 0.154124528136551 -0.350177268736527 -0.417636780894217
-0.0628158019029535 -0.120734373730956 0.00568172455403846 -0.300846840086855 -0.0120918143811019 -0.239066314432622 0.303891472702966 0.184697946938586 -0.392396572473552 -0.391717037289214
-0.0810830640485477 -0.108021727567481 0.0114503699961598 -0.314595913458157 -0.0286855784459856 -0.192990591955605 0.317796360979887 0.158270867569307 -0.385273097559153 -0.393523033061225
-0.112646563314783 -0.0397236024562022 0.0377895240158862 -0.354082911601917 0.00434966702886446 -0.104193057456252 0.268164829442951 0.178986128596119 -0.434200142382127 -0.366142199474421
-0.0898404805568513 -0.0389865576903417 0.0368385950205532 -0.365243428917445 -0.00101307197005592 -0.0833380866309716 0.274347243937978 0.143019796348832 -0.441510153691005 -0.374515183437037
-0.129815770946212 -0.100569132977605 0.023514475151044 -0.419276645934348 0.0715727352817197 -0.121051385874758 0.268322318430834 0.252550908297604 -0.29197194390533 -0.414059674489607
-0.187921747790721 -0.0995481701304426 0.00638354671471884 -0.379229458931289 0.0313244971264448 -0.117152893239343 0.294516198751084 0.24503876580469 -0.287848419785833 -0.41043144118695
-0.152675654899759 -0.122419358140972 -0.00330377560583945 -0.344991254147801 0.0194382490782557 -0.0884617005621432 0.3259862033247 0.210204706041409 -0.280128261157293 -0.385809605940568
-0.158510371085542 -0.114210549497237 -0.00154614785457197 -0.385947665895499 0.0183804807847198 -0.0619382820556091 0.298652132461648 0.189095619339548 -0.28403841000782 -0.424962477329526
-0.149994693373084 -0.126655654325555 0.0630573737366873 -0.390203734637224 0.0922257488857499 -0.0917510557339384 0.304886785104617 0.18386608042103 -0.383662203900947 -0.393533883466343
-0.164483924171432 -0.13106252769867 0.0547911313330141 -0.403797750495754 0.106853391904352 -0.081965327261103 0.301357015575739 0.170484788694993 -0.406139838792988 -0.398721018456033
-0.147092394164754 -0.132660423023745 -0.00843843475585388 -0.294869828666409 0.120967838139467 -0.0582379260579447 0.272512568938973 0.162492182209837 -0.308326563061206 -0.406186068308414
-0.129845342989893 -0.0934796509379273 0.0431759052580534 -0.303683032923392 0.128997134622026 -0.0939394503285535 0.249922819139848 0.167719964171921 -0.309454638109961 -0.374305399111751
-0.0694030125406905 0.0069828495640395 0.030340684747008 -0.34208302601052 0.0132745667343355 -0.053533117209708 0.17750580556819 0.250368678411353 -0.464500950301905 -0.323004848060892
-0.213933343281289 0.0342686718524603 0.0373877018419292 -0.392678853007918 -0.0558476162774893 -0.0330733741436965 0.276682618989998 0.246939360378232 -0.374989006571244 -0.346645743316228
-0.172678067948604 -0.025838364281022 0.137780014967774 -0.354113602170221 0.105567785108426 -0.0806160120989363 0.304300834471767 0.166886957627599 -0.334306749172239 -0.365589947357943
-0.136385826451538 -0.0507542088693628 0.172115449566301 -0.352944162162558 0.0878129246514455 -0.140278346138878 0.228683338923385 0.202216054697319 -0.292571783342254 -0.364769943522674
-0.13443517107886 -0.0635739128223266 0.179303706837853 -0.383630287811847 0.0723456234988412 -0.0907951863370448 0.216698505447243 0.181400965075419 -0.291883327256318 -0.369338621332961
-0.187752512333802 -0.0413030291766053 0.20325802439775 -0.362217633627076 0.0489644109858952 -0.104847945023857 0.207228806842805 0.22792171762756 -0.301777902988663 -0.395466661833625
-0.15073474397971 -0.0359041916605549 0.236053095244128 -0.413958592987076 0.0593574384003578 -0.107282196403456 0.196508097346296 0.226314016506408 -0.277638662630042 -0.37247291060486
-0.221343112832712 -0.0507791516168216 0.184671348547027 -0.420545013243039 0.10345886276626 -0.0688835331383703 0.218667854799697 0.230066671829896 -0.320411152811826 -0.432537131820404
-0.221346174484608 -0.0438650196531232 0.157337499739527 -0.414703908223264 0.0474408419985619 -0.0580725367665074 0.224147333571032 0.219662723315264 -0.307161282413628 -0.383617312989627
-0.214485378468076 -0.0483732252759333 0.177231834040933 -0.407656683597269 0.0351121827495392 -0.0146791105442328 0.205130407786999 0.224803462891738 -0.323061004421306 -0.35627627802575
-0.213952783822154 -0.0716127894740827 0.165962338288426 -0.398335401762804 0.074010124668226 -0.0455651580715693 0.23867742186228 0.221431815191815 -0.296557211090756 -0.375807201853545
-0.202199664980768 -0.0686446073573698 0.149110368993894 -0.376641945520649 0.0816763519510066 -0.033075293679218 0.20544444834012 0.207966962771218 -0.30476441720445 -0.378572516099347
