0.424731315596243 0.523480925187507 -0.174998195966117 -0.216211739948152 -0.0497694204333574 0.166130761482093 0.0521156301094725 0.046195943403612 -0.179563558232645 -0.0200363243011409
0.440990616436638 0.413584476938432 -0.196499245234037 -0.191109779262072 -0.136863838079271 0.170848740786469 0.0653488715558634 0.0465298159570002 -0.237094837739843 0.00736045349594604
0.481530666664122 0.452021006376392 -0.232302921578139 -0.470077540109426 -0.0203324548998677 0.115213038377992 0.00820113019026039 0.035408822703581 -0.0785943932736706 0.0957410055212172
0.477559701376206 0.444695075857132 -0.231480276605262 -0.430990443729179 -0.0540731077368322 0.132866198951425 0.0228360928359739 0.0129595168519309 -0.083216414309219 0.0701147890126823
0.377527466332984 0.31794871089131 -0.280827987662124 -0.256686715539214 0.00121036424802165 0.0963396515114039 -0.00857111157786944 0.125307065300917 -0.173754372124232 0.066755790066702
0.379302793051497 0.358575821594309 -0.243600265738058 -0.292560946866113 -0.039961586174197 0.0631006947729155 0.0109511740059186 0.122911788320917 -0.0926632686175334 0.0618841802893339
0.36477335606257 0.357538223235054 -0.261660237363615 -0.306444421111264 -0.0407469374965507 0.0433788631708105 -0.00223389697280945 0.112256846025406 -0.100926427092259 0.0695622015542387
0.393672525326802 0.351251121249063 -0.255197950380213 -0.288840275354775 -0.0279305946834236 0.0493664037880324 0.0109598705467181 0.0888960383451835 -0.0911478255742321 0.0811748583156072
0.393672517306797 0.351251117406901 -0.255197962688182 -0.288840254551062 -0.0279305857299181 0.0493664032727684 0.0109598869859267 0.0888960353958345 -0.0911478315662509 0.0811748567330672
0.135520727975828 0.311253071927825 -0.355549493698851 -0.138664812758088 0.0199544319595081 0.267186672251354 -0.060352955319085 -0.160845291531313 -0.00152586336855279 -0.0577193552030833
0.125224176610022 0.250037916208992 -0.344677497715973 -0.180079941517091 0.0045180901386443 0.281417384284286 -0.0339548514814033 -0.137201899431849 -0.0232592588613888 -0.07215574236239
0.118459496229234 0.271165370890237 -0.34901038940446 -0.169390135135626 -0.0129607054997198 0.291482106388635 -0.0453881792947365 -0.154338523903389 -0.00629526338990204 -0.0657894628342256
0.182160444973974 0.328410472432976 -0.312048849932453 -0.147659119668677 -0.0201923737936376 -0.0621642997259621 0.0175428743963453 -0.109243215022159 -0.175787418265274 0.0179796839390821
0.201964648726939 0.292930799320729 -0.329536025890325 -0.188836655091472 -0.0154701013970028 -0.0666042401379676 0.00822904165257664 -0.18030519819484 -0.140332721757943 0.077237940812733
0.336400825958992 0.268608938987139 -0.279430882376372 -0.141408285008417 0.066661548736088 -0.0302700681246476 0.0130779292565926 -0.215880479337513 -0.146526649776786 0.200859202623269
0.349599200465036 0.219138846402996 -0.261752113682899 -0.177608314557309 0.0497139438996274 -0.0425105233342539 0.00276866698497139 -0.236702893922008 -0.174616016393448 0.186639207313295
0.337720685894015 0.271377608083049 -0.229022544161788 -0.172804931127741 0.00826297887134509 -0.03651930701274 -0.0229533075748362 -0.205032510865476 -0.179318209747733 0.171029231945897
0.302990176065121 0.30261264289069 -0.2758450474346 -0.136888797394122 0.0103744909652451 0.0430221874860811 -0.0544186773173152 -0.233173247784961 -0.187251090803464 0.179819930902541
0.284494569657946 0.263499034081861 -0.323574700450911 -0.225241243910891 0.0137641499358592 0.0441706475060759 -0.0668965578653961 -0.2344326931977 -0.134231506354835 0.217506190304584
0.266768791952366 0.230356479744574 -0.312960351260675 -0.226397276220696 0.0117177968539967 0.0732589871565362 -0.0196257384424328 -0.248078905532779 -0.109606258556143 0.226023005069788
0.274450790733122 0.29536221861558 -0.292015649631349 -0.194102389189519 0.0251607367184411 0.0606628118886145 -0.0224638236186639 -0.250291352554801 -0.160959988450741 0.215485850360628
0.276122001450664 0.260653824223376 -0.302465164484128 -0.183616217041456 0.0379881572811239 0.0459519748084937 -0.0106282381206999 -0.2425735729314 -0.148274738317883 0.177443020799232
0.290283770046843 0.270721676225056 -0.311678809338514 -0.201790844549845 0.0220926365561243 0.0418311942982376 -0.0171011761977495 -0.26271145730506 -0.147084523922979 0.173081535225373
0.283968814691759 0.270544019589285 -0.283276749221702 -0.201548377474024 0.0200684241163077 0.0430649768647909 0.0149391350822775 -0.248200365170195 -0.168313889215795 0.172529338260336
0.310792257060839 0.26951206087725 -0.327463686896081 -0.184468222734147 0.00945466626432836 0.00637340925345763 0.0282439822195867 -0.247898139295135 -0.155960234960423 0.15888732426551
0.342626269187387 0.248445897841596 -0.29525088993298 -0.167001917157205 0.0196694259563166 -0.0291909708658958 0.0614715549274187 -0.182958038633222 -0.143081358751965 0.197723463736163
0.375812443148465 0.246182569701314 -0.305892195536306 -0.193032876946552 0.038294948875932 0.0256300585330019 0.00804921486411954 -0.193457115022223 -0.167013931298347 0.170842871237249
0.359720062019229 0.286017017375732 -0.291601425203036 -0.24355368834862 0.0315744300807369 0.0484829897228689 0.0479941643421813 -0.209020436433922 -0.162712040682707 0.189161019191564
0.344172691342237 0.272763706739777 -0.321375410976898 -0.212673473065763 0.0131704780447599 0.0478171408811688 0.0590448938930373 -0.225388204960143 -0.166587633247818 0.182568893457033
0.374919400843831 0.246437395717455 -0.434863308104875 -0.198727501914761 0.0708281214763005 0.0897551192497546 0.0334466310725728 -0.297481727284251 -0.120218550496513 0.15119423325849
0.361694147006604 0.229989920265694 -0.429605337866787 -0.21393125973585 0.0561055845051346 0.0733356200379917 0.00765715647256759 -0.315239291185553 -0.0670028935011372 0.251383850235524
0.370135420830579 0.226586918270164 -0.421897529528835 -0.204320716976712 0.0527303390441174 0.0836978538937179 0.002610680931438 -0.282665042764154 -0.0857840407650406 0.244036876749608
0.370135420913792 0.226586918310027 -0.421897529401128 -0.204320717192571 0.0527303389512171 0.083697853899065 0.00261068076087398 -0.282665042733552 -0.0857840407028718 0.244036876766031
0.441829965670632 0.188334028384154 -0.479475632078368 -0.159997212602856 0.07081926443992 0.0990586858642646 0.0632673417158312 -0.385875112722407 -0.118394911072346 0.217771919617862
0.500262996492474 0.239556054856612 -0.473564138279499 -0.139874337869441 0.0777110685374875 0.102942966324657 0.0718674536387312 -0.351028891693349 -0.120870164369461 0.230234663769019
0.356338492296733 0.171997116934371 -0.374026420293562 -0.166886176196065 -0.00247493282210425 0.0746669997064306 -0.0152976168671054 -0.249999907184668 -0.195857297168457 0.177963874089391
0.353848107708123 0.193729353397724 -0.312654037861765 -0.18286699143575 0.0585742979222066 0.0786865406561749 -0.0870414152867882 -0.279737514716815 -0.174226159554607 0.138306494599965
0.345058232252773 0.283986913548389 -0.344323131663483 -0.250388892896339 0.0568791692206807 0.0834662474170132 0.0926663876519933 -0.289378009961023 -0.132483839839628 0.206083518817638
0.26387983987171 0.254461069145979 -0.309351421060802 -0.182640638719196 0.0990674551614242 0.0426020698303529 0.0377565785356145 -0.198481608231833 -0.219202279323034 0.164197649753294
0.256390944230317 0.252142298042015 -0.315437963879403 -0.182980527139178 0.0801339075689995 0.0468911266945829 0.0467737729868711 -0.212321093502737 -0.213198828147992 0.157639667915882
0.258869971192089 0.258868992780104 -0.320665722382138 -0.1806937925872 0.0806873461496673 0.0511173440544267 0.0444468862814722 -0.213080393816548 -0.212192569349852 0.178115994700211
0.245545114172772 -0.684374425816505 -0.169846034066916 0.241635331544487 -0.122638733233511 -0.431872153888281 -0.0378649424263873 -0.192290662355119 0.0659388115521839 0.0974634765772395
0.223816706835047 -0.650818248018466 -0.17382323270831 0.193506824247942 -0.115615015312755 -0.436844447364094 -0.0258228401207784 -0.214571594649754 0.0862822755531524 0.112358238590201
0.233859750553527 -0.667680900611888 -0.187859600940604 0.191403236691976 -0.1645410195659 -0.433385405503322 -0.056041691089492 -0.228908365222077 0.0782102407031235 0.110752895980163
0.203210837954435 -0.675381625378391 -0.213423466513824 0.211435071815018 -0.142475402477178 -0.43940384077286 -0.0677266428943633 -0.20265100747403 0.0818715834881732 0.105194632082341
0.246968796208761 -0.637717203529277 -0.12771060886673 0.204586281100396 -0.176315240854193 -0.412509729154657 -0.047770724218107 -0.232362646678712 0.0830863875240854 0.135056195032467
0.233581422838691 -0.675620832467841 -0.151773857395824 0.171560196968412 -0.157681728909745 -0.424492576196564 0.0175979145776137 -0.165025170646257 0.000458834336002661 0.0750129090052701
0.250917128345215 -0.670518908637912 -0.146730482191679 0.168727378590104 -0.150993685947069 -0.417812062477855 0.0291923279431035 -0.157868135697273 -0.00249184149471702 0.0797908353407031
0.163138832008912 -0.744323691675464 -0.158332998399291 0.353801283255409 -0.166201244316761 -0.434955032062055 0.0794699680336456 -0.208365760099166 0.130189903113919 0.157985990068376
0.185512826670953 -0.793925295865108 -0.15628454445519 0.330259245633352 -0.109121885934603 -0.414559196427339 0.0999076085509839 -0.231088006643187 0.0824099874392441 0.170297164892443
0.173667806430625 -0.787965415783661 -0.160154259661983 0.310692834745244 -0.113973706578704 -0.418624770400654 0.0824786733092437 -0.217135116832793 0.0801854906824229 0.164309590369653
0.159837964978374 -0.801170850285452 -0.150404183079605 0.298057681338343 -0.102820768325593 -0.405193720055948 0.105911706706379 -0.235906980365594 0.0592124953373561 0.154729373066012
0.212537960167055 -0.738302475370485 -0.164976137580096 0.340225377431968 -0.136480880388974 -0.443767239640823 0.0315820492689685 -0.159831668287446 0.0405400224401299 0.032523702393251
0.221415123793112 -0.725527458807808 -0.161107777618602 0.339731400742568 -0.156155303735371 -0.475841835346649 0.0340906620022066 -0.193943087229837 0.0148566306387895 0.0419719776035741
0.195051461050598 -0.70085957584916 -0.172646863322415 0.343759592824842 -0.147126693839582 -0.474890653054992 0.0347139534543826 -0.175576595724548 0.0259616233355326 0.0480857661630341
0.204865552742007 -0.709328693578934 -0.164387447934465 0.344815986869473 -0.147592333350432 -0.466514231258778 0.0446289535258128 -0.18698516550553 0.0195929118392678 0.0427725562088404
0.218453479172262 -0.716636930096523 -0.162819823940256 0.334677305309045 -0.12373448331965 -0.42595854798074 0.0934340918951215 -0.184346913253151 0.0535717988692403 0.126395436749025
0.205697943533222 -0.693517171065841 -0.157781798273808 0.279737952634269 -0.145920269871458 -0.434158753137694 0.142808140298746 -0.191011982155198 0.0144796527224309 0.122191370651753
0.20177002766979 -0.672607561096353 -0.154183341080947 0.258936254373094 -0.149962153739012 -0.424389735523366 0.152952829166029 -0.193146597458216 0.0132168122534785 0.108679290193574
0.191046816349127 -0.680678043867991 -0.131098406403718 0.292233542894077 -0.157094358632213 -0.415207184084729 0.136640737936158 -0.209385045193701 0.00312705929065316 0.101632721718387
0.0816778921861525 -0.619614523072717 -0.208254765758737 0.202111824753026 -0.280750699504004 -0.367618851383588 0.0433925647698324 -0.19912761879902 0.0580206741541698 0.16989814038216
0.127345171520367 -0.644470138397753 -0.13344824281212 0.275449567351778 -0.220357163737355 -0.361732248377917 0.0685080804745334 -0.147079659131815 0.0925181554460028 0.220171759074566
0.134602218243532 -0.674816231199972 -0.128061164949819 0.271865690489863 -0.158915789151985 -0.31542576644712 -0.0045325399414544 -0.174222067823366 0.132878624802255 0.201275723062763
0.147254045201106 -0.679303374596971 -0.117093328359249 0.270813797495831 -0.180247953590827 -0.322638874262799 -0.00951724745013761 -0.18780684379846 0.145163224089106 0.214597957650415
0.128285696328729 -0.689546757157461 -0.126396191783272 0.26710419683898 -0.168697703917773 -0.320460832315924 0.00261933907891867 -0.178934416854455 0.0942857257382001 0.208488120482666
0.108928692331406 -0.668135396757785 -0.129795303314082 0.246240281944118 -0.20457476150896 -0.358595729711074 0.00343029728931879 -0.193345032045916 0.115476920638188 0.192852070838866
0.127679147568308 -0.667997551988409 -0.135717629783715 0.260185202850929 -0.214529491323739 -0.350675177691601 -0.00877459489749884 -0.184820401120986 0.106478221818196 0.191260270690186
0.065318098049143 -0.701074277183532 -0.162388209316632 0.265911202763948 -0.238109363241804 -0.32077183772085 0.110048754622619 -0.0647195620543973 -0.0707174169571802 0.178688206878191
0.29613211768168 -0.642213415179554 -0.21331547208883 0.275794820649151 -0.152313227630632 -0.333089072254455 0.124156171241976 -0.205003411631542 -0.0336024533904784 0.130289314352898
0.200143345062155 -0.656747786817507 -0.198253273906643 0.315922171983438 -0.131677219836974 -0.308915989712311 0.124602149962347 -0.179215930057491 -0.0471842443904709 0.0883557338464107
0.217024425845756 -0.658291369386248 -0.209511232833112 0.314689347316857 -0.136274454732683 -0.320899147839099 0.129829655691037 -0.161834232556689 -0.0681914562017246 0.0935860094137256
0.340937945055461 -0.706391914206816 -0.251592379638524 0.24934039518038 -0.216082627590127 -0.346026090696848 0.106476001090618 -0.309069572235496 0.111738648356674 0.170992966079585
0.354711192683391 -0.709662102053865 -0.268938441238928 0.230429386968643 -0.238438162603642 -0.364987730730551 0.125545864532427 -0.366855841724924 0.0602619236460639 0.157265231447024
0.256361369019823 -0.697927588121133 -0.180811504273325 0.108126832330822 -0.266910270271159 -0.344766416083038 0.142465978843994 -0.254097209049251 0.0989720231790048 0.142957143811496
0.245389633460919 -0.682933152505848 -0.156014085668895 0.129948700666473 -0.23558454376936 -0.335544982943337 0.140216582248178 -0.266387803683003 0.116273020794403 0.162605015113984
0.273882287053279 -0.719905384667698 -0.116708005114262 0.114050750341254 -0.201264805436326 -0.326169305955134 0.148672372818199 -0.295270006357879 0.0564919842474165 0.0731825305449728
0.246900772637641 -0.718567452842153 -0.161878302315285 0.0904701013514344 -0.215105883797827 -0.312952664214092 0.111886126502557 -0.323398296875158 0.0667362067779708 0.0463208980451253
0.248428299023587 -0.734681068948954 -0.16104275861023 0.0974668415546616 -0.212461622762778 -0.325340433685263 0.121720269642356 -0.324484270501674 0.071523450731432 0.0622163243132549
0.268875430736478 -0.741482492489904 -0.154454213463972 0.0816411525370383 -0.190417582485024 -0.311311665319156 0.127781279363838 -0.314023434282886 0.0681432269292192 0.053104978433227
0.253200972404114 -0.735070947927441 -0.144363224213149 0.0797013833283728 -0.215539179033408 -0.340009739952001 0.116331678614702 -0.310967751262623 0.0678165169862452 0.0643810155977166
0.0547175397316086 -0.598696471325523 -0.225221807990515 0.228260738166026 -0.239720721052214 0.103161079805055 0.141095562890518 -0.322549260697728 0.00731259002152614 -0.00645349613598395
0.0374706421157069 -0.614410794497052 -0.200600080516752 0.219642875606967 -0.252195242072431 0.11348566344218 0.12951882324902 -0.324529166204632 0.0234104329972669 -0.0153742059005032
0.0690834148124711 -0.60328694112668 -0.193493928507332 0.221523934435337 -0.222074598658226 0.0681018115516689 0.134042377876791 -0.349681589440185 0.036216433441143 0.0180958417153776
0.0525387520015697 -0.614431643562576 -0.21474803934382 0.233460888122089 -0.220102948648579 0.0979432367310372 0.0994991289506736 -0.302133680971613 -0.00741880571398916 -0.00412268038356592
0.0127945687270509 -0.706298212344005 -0.125426154631081 0.216684556283319 -0.189120300569756 0.0628126418039105 0.0527236416695086 -0.401779645889568 0.0744661515352368 0.0787934844699975
0.0697813615992229 -0.748903021799739 -0.186823344686858 0.262034009487114 -0.163232904323111 0.0342312925829604 0.116883939389792 -0.412544414858837 0.122565601749886 0.0749623537336281
0.0881461435685387 -0.735434686283987 -0.207308238627033 0.225507400726486 -0.196636024939717 0.0491825788044531 0.129974970276811 -0.411604873565471 0.132036189183519 0.1206253327647
0.0858912015811831 -0.704633824163883 -0.183406680609235 0.264788199715296 -0.223411688226045 0.0346864458098889 0.10539009647415 -0.439562920745079 0.14092122117333 0.150005267193512
0.0860273212006156 -0.687579726873551 -0.198273488753029 0.266484826426064 -0.215249200756139 0.0298222710225554 0.111714322242652 -0.424764291722536 0.126783040312148 0.123975482750163
0.115357106218373 -0.637152565175464 -0.198236956464904 0.165884277963139 -0.211692010123 0.0288907646309442 0.15640859315729 -0.414752934312958 -0.165841555729381 -0.0223819724344982
0.132703552538571 -0.625980197482004 -0.213385007044234 0.170170129346957 -0.191284848272799 0.079643358967426 0.15929427986228 -0.419476291557184 -0.15828371697352 -0.0042555255650861
0.0695797832064819 -0.640875464071383 -0.233202522318798 0.13938463895408 -0.252330959570944 -0.00531708475035621 0.173987624531855 -0.467227388801326 -0.108375421476074 0.0662163575452037
0.0822822523693951 -0.642311147723104 -0.206119244330446 0.15813529781531 -0.280865522670033 0.0444518019733218 0.151926955721969 -0.439732482468118 -0.109397862037594 0.0761656297086314
0.0538163632426027 -0.797786863356172 -0.0841573554668265 0.105584579675882 -0.149391036585626 0.0516729203185833 0.148767793456171 -0.456887810332183 -0.0280398320266867 0.14240401970709
0.0759600432925395 -0.800449361702277 -0.179399270818187 0.12539586263265 -0.0783397120703967 0.00936578181872391 0.145174366741454 -0.450838839087192 -0.0411353061632923 0.0967342759247159
0.0693683745073983 -0.812250641433701 -0.167421619479119 0.132028262464966 -0.0709595532110013 0.0326067432762481 0.144108821951064 -0.451277498167566 -0.0317542635696718 0.101870336034892
0.0391856495525855 -0.834035943474819 -0.108866556355133 0.245219946551593 -0.209280609057899 -0.00769987548637554 0.212727151457117 -0.413907867672138 0.0276099165548438 0.071128983339149
0.00344553567255402 -0.762190472702955 -0.151403926073393 0.214344036699227 -0.285197071057366 0.0710443895044284 0.309257548171146 -0.397256619197005 0.0185964606927367 0.0564039957769195
0.0247589743792386 -0.783835470297953 -0.149943714825506 0.254504785449556 -0.284384739492605 0.0602190537771105 0.303771651428982 -0.427244661777994 -0.0104558682250892 0.0864635053109988
0.0325709270012072 -0.787264372723213 -0.149835217812061 0.246799256349741 -0.300022570348827 0.0705105020039826 0.277737768933192 -0.428676293995137 0.00117495601947497 0.08696506746621
0.0762853250578641 -0.776896678054322 -0.157454949009173 0.255919804398716 -0.299811888101375 0.0435807556755234 0.302724047611497 -0.390571778609144 0.0308296959877479 0.0699928214444824
0.0488426698591801 -0.779606287437715 -0.172067546014762 0.260963798257036 -0.290638624955107 0.040812915666481 0.286481552960187 -0.374696543784924 0.0176721987399607 0.0825140453750705
0.0183123861312693 -0.849344444991895 -0.159611224790463 0.228111381954757 -0.271484299609666 0.0108067902755767 0.215610053173621 -0.343931340632434 -0.0457648251493519 0.126635195784822
0.0643191377513716 -0.818482125865497 -0.129995136784908 0.22400171689422 -0.258204251399992 0.0680077604734639 0.225018327082044 -0.371109192670434 -0.0789960848832322 0.0999130593464202
0.0850675760599827 -0.795431070628754 -0.117671165601443 0.185559275136904 -0.262142052116819 0.0524890922037201 0.199200870522231 -0.420137213151115 -0.0172798586634086 0.0843661985945903
0.0763247553496619 -0.801755189786675 -0.135327108609948 0.21669342666761 -0.22436636108929 0.0429181948119663 0.211775221531662 -0.40305501278909 -0.0845413367910186 0.071923945802737
0.0586352118568201 -0.822480880956176 -0.155356045408437 0.205182813494492 -0.274559299692854 0.0573102526846743 0.199792056036119 -0.362214533320129 -0.0486585819450711 0.102802481965971
0.0973041575457795 -0.719610851373465 -0.222727402450304 0.173682679333947 -0.199761440787627 0.000362757348152365 0.158745003310841 -0.306042187515434 0.0107433566746307 0.0302779095200809
0.113105183593062 -0.84333125387207 -0.159110255626223 0.192516890642099 -0.204438069294585 -0.0246195699393171 0.137912587812776 -0.368048554621396 -0.019449704600026 -0.0144670749138738
0.128913407130446 -0.790538128185698 -0.162748649699557 0.228560212426884 -0.196653715201069 -0.0619631890172959 0.166164558327032 -0.420617588211124 -0.125888505790796 0.0107905135076846
0.0400432399238875 -0.735883107300552 -0.161057722767511 0.171692633944134 -0.245307218317038 -0.0524805753733974 0.224202122291251 -0.27035832742238 -0.0501834999355052 -0.0391708926986963
0.100377319448715 -0.739800643373288 -0.166397395654203 0.212955727954392 -0.204892778656514 -0.0189683202599805 0.216977541929959 -0.268025207906567 -0.0381976288492203 0.015788512293366
0.119977059765952 -0.747640835898866 -0.171197524373926 0.20766186699118 -0.236151825497874 -0.0140005628424041 0.213666229725154 -0.270371643349391 -0.0491270739408229 0.0232532888335878
0.2315085336147 -0.120363524819739 -0.0675203528513274 0.187834417770136 -0.165490755926442 -0.266179763887455 0.0161041126666473 -0.256429519224553 -0.263969580491657 -0.29329772141026
0.209832029690229 -0.14216256909603 -0.071550085104026 0.204170966353055 -0.176022502985958 -0.271529170827958 0.00402032058410793 -0.250412290801668 -0.244430041271113 -0.324933228054405
0.271926713487451 -0.218078116146051 -0.0306673846807402 0.280141340590145 -0.210410209557228 -0.265740164548688 0.00703130968966573 -0.219146887008585 -0.293322640723077 -0.370226841064423
0.258136521056851 -0.204393211315505 -0.0308638977694519 0.248319869556164 -0.214220297276273 -0.27323998894375 0.0323947718634588 -0.192360881714974 -0.286247224097782 -0.351629660723351
0.279796411172868 -0.197246759534165 -0.0322705630151784 0.271029488953172 -0.189886471392513 -0.284164569864733 0.0251114054294956 -0.183806797404843 -0.296722243052347 -0.348048705868544
0.286186725724535 -0.202040320716788 -0.0205371467169932 0.273070309591536 -0.200194658688029 -0.294478346092515 0.0179901327115281 -0.192721602147747 -0.284914738647815 -0.35086172328513
0.286186724742014 -0.202040321645288 -0.0205371461748291 0.273070311211636 -0.200194658947398 -0.29447834663996 0.0179901330183625 -0.192721601899884 -0.284914738723704 -0.350861723389205
0.307448761304639 -0.158461318497095 0.0231093945447411 0.288177821540468 -0.162199826902891 -0.182445780773105 0.115724521717227 -0.213913628660108 -0.266620456761728 -0.362003869115364
0.307788207201021 -0.176151568986041 -0.0265933956830135 0.27499344617744 -0.204816034835279 -0.260645754592082 0.130888143215068 -0.228671033932691 -0.286097109974257 -0.402270739291383
0.311892745418305 -0.177421795802003 -0.0263793830744396 0.282203416712341 -0.201363479134679 -0.265001095660616 0.117948095849623 -0.239807894843168 -0.28418785126112 -0.39462978417022
0.3089356726045 -0.163546544748826 -0.0255260945013219 0.294986662074823 -0.190149754083962 -0.258563999466108 0.133026972826493 -0.23884941737713 -0.293660236559832 -0.384666102174866
0.253138813279208 -0.190769977026631 -0.0431446492938101 0.195727570629551 -0.118023407395681 -0.290661886070815 -0.085824880060996 -0.374108585111321 -0.328791064432511 -0.353938760497414
0.262730179039358 -0.187092836860987 -0.0615503050372826 0.350317171864231 -0.230448987028549 -0.412019897447504 -0.0046546081788304 -0.367293639875559 -0.286869351416224 -0.275682628818735
0.279752632421937 -0.166399322977908 -0.0252060298007597 0.345116177453213 -0.205174141935108 -0.394016155219284 -0.0415744044530179 -0.311134715380891 -0.288443596430674 -0.273192044590098
0.313370666386633 -0.154123503911242 -0.0611769375594291 0.216242499676245 -0.304836709141336 -0.339020175803788 -0.0200278314968305 -0.343133329367455 -0.184393184015125 -0.178657592021146
0.29022726660451 -0.12838910318061 -0.0627635847961149 0.20650153194575 -0.309858417352059 -0.355721336031903 -0.0187278807635887 -0.338145210865185 -0.154886958397859 -0.176928421793346
0.299457062312302 -0.136581654204228 -0.0549668599923772 0.213151573430711 -0.321128863663581 -0.372573559574193 -0.00994472195733087 -0.349825317800011 -0.175620344167801 -0.15768098669771
0.17548080131726 -0.22798926816013 -0.0802768572287246 0.0847998161884784 -0.33416124771497 -0.350965047687034 0.0485605969823594 -0.326681972475203 -0.299977283640897 -0.2525002862468
0.173945131651188 -0.21525731820647 -0.0440285137818332 0.139088606172815 -0.291308612016898 -0.332516578359656 0.0632609192422433 -0.268540412867185 -0.28968259632006 -0.223354775899625
0.122100818525097 -0.238194829843338 -0.0499113373194192 0.138327106928227 -0.292270416538113 -0.34525356366783 0.0628811243000715 -0.275795078717964 -0.326133192076382 -0.243719264178975
0.122100823189649 -0.238194828456185 -0.0499113364167546 0.13832710112204 -0.292270417561271 -0.34525356529397 0.0628811264490154 -0.275795079800963 -0.326133191221354 -0.24371926361282
0.361923316254584 -0.265567787117759 -0.16041626711499 0.122976146644234 -0.253562241937054 -0.359920518516227 0.0790703114189976 -0.345378609181737 -0.251778087466408 -0.194244835308764
0.35823485366524 -0.209372429300471 -0.182171384620869 0.111474828135224 -0.316313831154143 -0.368918382358761 0.124923826764498 -0.355749487182054 -0.26776153621104 -0.200738228478181
0.37948190484078 -0.241734132061116 -0.18076596385437 0.130333674846137 -0.29872933834828 -0.387194432606581 0.154161187599346 -0.352946481379313 -0.243362832939988 -0.202325672661223
0.373340574749002 -0.220439591402352 -0.148384929731306 0.117677369407437 -0.32131301220245 -0.380056851560891 0.145034921832915 -0.334161593638666 -0.238314230839106 -0.189739713202245
0.3332162984961 -0.241046465865321 -0.151903862820188 0.136922629988424 -0.336181778150166 -0.387787269550907 0.134158778302342 -0.331674605921447 -0.256009222056416 -0.190532307456684
0.362608526457511 -0.249041705202665 -0.174044692008728 0.125659445400109 -0.30743772846663 -0.385972026212489 0.129600699826806 -0.361074853815887 -0.255876293847586 -0.222640084666302
0.296839115922315 -0.271701993610322 -0.158290345580812 0.196876232409426 -0.278856497643215 -0.454442757482941 0.113961113199733 -0.361529962504675 -0.248542644939932 -0.272075648099531
0.340208949750745 -0.178167727975972 -0.144362641421692 0.207922394490305 -0.294749700884079 -0.449534286023005 0.0904044525708324 -0.292708579861191 -0.170448508854089 -0.198480664345048
0.350078780575607 -0.186925144793612 -0.149379921833806 0.166523717299169 -0.268303027497059 -0.423524471012439 0.110674223033163 -0.334236718584376 -0.219034688784542 -0.235821959397059
0.343536188974325 -0.189511764101297 -0.152042274735094 0.167314007254091 -0.279000422429112 -0.424498016823738 0.102944980575959 -0.329500880821032 -0.217680763041916 -0.226959019362243
0.339214782364456 -0.170251772593218 -0.170157640738698 0.143516096258188 -0.284802346353495 -0.450446665930009 0.14332308291345 -0.336834369142532 -0.248605491228336 -0.23516021432939
0.351593979374371 -0.176750159878099 -0.165271378658584 0.134075645832074 -0.301812370157 -0.441047844622622 0.160057863982317 -0.346715661361553 -0.231112521603456 -0.221406651747783
0.369677008389176 -0.199119664242171 -0.13608663041237 0.14110931734359 -0.298051549310656 -0.428687667602406 0.150247739939405 -0.331642824886042 -0.234970205771557 -0.18731374576869
0.359259206095724 -0.199671348858411 -0.128384092830708 0.130413575015854 -0.296432862678773 -0.421200124026643 0.160460176363261 -0.33786929088012 -0.233491002391335 -0.201467648432453
0.359259204881073 -0.199671349659424 -0.128384090942113 0.13041357691367 -0.296432863597627 -0.421200128990507 0.160460178454119 -0.337869289262348 -0.233491002253991 -0.20146765033022
0.276643675903497 -0.155887419137876 -0.169125763597769 0.252717545197981 -0.199678191937081 -0.396290963701496 0.0223604791544919 -0.340837174664222 -0.294923932278088 -0.230953558370411
0.257195441498385 -0.170392300269504 -0.147414664964605 0.264874818314287 -0.230272657834991 -0.419599141446037 0.0169776698094217 -0.351538394815024 -0.279990277418303 -0.231159633328838
0.246852367952311 -0.163847765904067 -0.1112321669089 0.266490746676919 -0.224988911630158 -0.390802968910973 0.00535649381017274 -0.346287498454252 -0.302815508879543 -0.239487246784571
0.199400593670569 -0.134603389685011 -0.135634458395511 0.228830048383181 -0.263514677684374 -0.388821257848511 0.0102575842233912 -0.363300206727089 -0.256020362452136 -0.221818058657817
0.207564349244824 -0.149484101432123 -0.176139511605835 0.286348555076751 -0.238683619471544 -0.375911711487497 0.0397383492374821 -0.35432772221194 -0.270619831313056 -0.205112827734337
0.185497066189111 -0.158718052355166 -0.164464586211515 0.218222611460542 -0.21740337787081 -0.377037830712753 0.0789397241757651 -0.304284999697991 -0.282702399196013 -0.20104469110856
0.204556076792282 -0.138385826500272 -0.185145681910751 0.236351314868658 -0.196311605420844 -0.379966550648089 0.0857815297072404 -0.353187677298179 -0.267835089912992 -0.172518876388698
0.201735988616628 -0.140340989647247 -0.177759628742169 0.213811598836449 -0.204276483987112 -0.356637717550777 0.0841326840244495 -0.34400134236793 -0.269099618417338 -0.180413788549683
0.14977176770314 -0.145967115595647 -0.149619155749843 0.262884687118269 -0.21691501387158 -0.325743103288096 -0.0695579239019647 -0.246992252944858 -0.236974571615213 -0.271308910760209
0.164852117203559 -0.141503601399688 -0.112538853734316 0.282957866389287 -0.276456173624507 -0.276737701201941 0.00918537838220674 -0.266017420863705 -0.163115523757054 -0.327025448775547
0.205734458988463 -0.114414679511943 -0.173566347689604 0.274014780157312 -0.281760159161104 -0.264139179871795 -0.0209357542982596 -0.232369842304339 -0.188207660953132 -0.327562155942819
0.226724257970815 -0.403686590939031 -0.236345226426163 0.114642703260467 0.0573667503139083 -0.0882873849499352 0.195021468079262 -0.101070412328745 -0.124484377839209 -0.0650124454226359
0.211026760822799 -0.413869142933651 -0.205978794439462 0.0783318699522547 0.048999235061249 -0.111881008034821 0.197815632337425 -0.0663592486873379 -0.0885760238858263 -0.108351527666709
0.217315156425567 -0.410972507801327 -0.212316959428723 0.0891996580904295 0.0345453556618402 -0.129066397279938 0.198382522770849 -0.0637705552340438 -0.0907250200694538 -0.11395527769663
0.263687047761371 -0.33423890972758 -0.223015059394669 0.0781671613584135 0.0952956394842765 -0.0769109052951242 0.106472607406898 -0.0135676343047391 -0.0443328411372912 -0.264487079317513
0.211209992101993 -0.427913117590038 -0.231565598605623 0.122965774161777 -0.034533934858288 -0.0701302016107561 0.0271315309901884 -0.0830589798108444 -0.0959381109753375 -0.231625579081022
0.162493505726282 -0.41935745705425 -0.243617393863798 0.116101048112023 0.0175135650683404 -0.0498269341943957 0.0927847887175647 -0.11032464125603 -0.127453905311919 -0.183822234478713
0.220669825101558 -0.420206948705933 -0.295676307206844 0.0908256270305208 -0.00895376183058498 -0.0875682769476582 0.0318267356129703 -0.0776203535884641 -0.122325595546711 -0.17328938567846
0.195659380584205 -0.39362429534947 -0.251871146604682 0.0460148252715191 0.0370176851994553 -0.101016393313606 0.0439626386580007 -0.111726759140166 -0.125775078410298 -0.156458609806885
0.217547230034669 -0.370662110111352 -0.310243752026428 0.133915263803876 0.0122548981935689 -0.0932855188379355 0.0333853076549987 -0.0585310564429354 -0.174577160470466 -0.151728224236588
0.180142902443275 -0.425313766065756 -0.340316367994103 0.122764950668636 0.0296130755041806 -0.0393452144302767 0.149220213688425 -0.059196152267687 -0.0974331989103884 -0.14220276330544
0.140573104444004 -0.425020867711945 -0.333085025862678 0.126972589993239 0.0396173977706032 -0.00119190173571416 0.143305203772627 -0.0726170929963747 -0.136247390057487 -0.155297080665358
0.16963090454235 -0.403081040134068 -0.358195209541152 0.129164524075911 0.0315713439766656 -0.0227113355400133 0.122546842161313 -0.054147926744178 -0.114228415984876 -0.143806792939307
0.19195619247034 -0.368327719299883 -0.324392890012665 0.0992056518228332 0.0183015720928277 -0.0689040008190426 0.115406934170161 -0.034755204996878 -0.125231985266262 -0.170503573814207
0.132619530207043 -0.366514483803743 -0.34044469758872 0.125298927579796 0.0157628999287011 -0.0924224414380108 0.076221794781677 -0.0217656610615812 -0.129293007112607 -0.1892551399588
0.165020625767801 -0.374856889055423 -0.385133165157589 0.113752705069997 0.00336145831721773 -0.0370708653197426 0.113683555537838 0.0227541064551015 -0.167165470379221 -0.19108252177665
0.135527797779677 -0.358729752555193 -0.36590865189106 0.0683536634199226 0.0299979984526633 -0.0515926799490722 0.126046667118654 0.00883872246101441 -0.149992077535548 -0.168955317897834
0.223459247791549 -0.350715286795114 -0.45004738616435 0.158560915903856 -0.111995759635799 -0.0436848708712015 0.253156807759467 -0.0110672997249059 -0.258188544094754 -0.0539251039746742
0.289654645425445 -0.329960284526003 -0.46345164581683 0.17856360065521 -0.12617138397893 -0.0252043909615952 0.208128137860013 0.023255457632626 -0.13798382006734 -0.0186286522305428
0.287289472211268 -0.356444234690813 -0.451486473153792 0.150334200763673 -0.123305657767951 -0.0360319245854097 0.235424299387019 0.0768165262167935 -0.150345357855664 -0.0699013759136673
0.316975332243204 -0.415042758846771 -0.405484501468227 0.162624686558645 -0.156974198273041 -0.0612724232380889 0.230905943586418 -0.0410099487463343 -0.14682473328669 -0.0291167018592235
0.289075506554062 -0.391117460247524 -0.469986826922393 0.165845440511076 -0.17117222653646 -0.0289186797140236 0.211394576667501 -0.0574112206985717 -0.182561630646578 0.0195299081535069
0.293787687526257 -0.366863497710459 -0.468672639382095 0.164388838735805 -0.163519526304489 -0.00158827044155426 0.224193934546102 -0.0780807465293065 -0.164862008121604 0.0171917304560645
0.311456490736339 -0.392347610769607 -0.399942342366183 0.18222306158786 -0.122949989701754 -0.0904447113428091 0.229790136698501 -0.0211686472449099 -0.192246457063972 -0.0473869837001161
0.288053938909669 -0.402939057452215 -0.372943068636255 0.193469126515331 -0.124530522292274 -0.0152740704114176 0.177353511668324 0.0281993959441683 -0.258320550333495 -0.020437161426816
0.312745972715091 -0.521142075457774 -0.344481976346486 0.0951721830943193 -0.0394915179559408 -0.0461988649258228 0.238474894169432 0.027639716473616 -0.176669171607238 -0.101378085781366
0.2978500439882 -0.513850174063349 -0.356067188803339 0.098943444502275 -0.0410042554367153 -0.0429598246287053 0.2520089534627 0.0426546426288791 -0.165346551489987 -0.103152915225528
0.285376069580657 -0.521191201209986 -0.34516284292126 0.0974528940562136 -0.0454579155018414 -0.0557152531005832 0.21427080934413 0.0400949259287236 -0.144117532614422 -0.104173617582077
0.290391769056037 -0.49904050940022 -0.354187528528856 0.108662858689173 -0.0217486306012209 -0.063167560255888 0.218939480205748 0.0155672006428779 -0.167031846173536 -0.0665479163906678
0.327990928059438 -0.481256259024835 -0.351683150355402 0.0522221229876321 -0.0314069396559963 -0.0736440477075758 0.241080696073805 0.0545141420086727 -0.190580869901448 -0.0966639745396016
0.344922413325755 -0.495189640742682 -0.32830207274227 0.0893532549702122 -0.0342684646156275 -0.0640780799053683 0.262112014916934 0.0678829401823244 -0.197029874602767 -0.0734227868224451
0.226389048598924 -0.433590661686271 -0.365148105571933 0.10324096710384 -0.0374070236889184 -0.0635040792792759 0.230495926936929 0.0147869166130259 -0.249561235973491 -0.0446114000355353
0.237772975292002 -0.461284608863342 -0.370333326607687 0.0876204368616889 -0.0106042478331781 -0.102042301656118 0.218065159596477 0.0269203228063989 -0.228972202158047 -0.00581212646414888
0.217245834375423 -0.443574019233667 -0.35161564421039 0.0830772949149781 -0.0643116182057389 -0.0489620270736764 0.209356648479514 0.0349115843474953 -0.242773718247431 -0.0327936329007711
0.244370652434623 -0.443372182224716 -0.383969212455251 0.108868139385475 -0.0430818948203847 -0.0760272688442271 0.22202572966407 0.0258901335643074 -0.237573869330313 -0.0384266927591845
0.248567093119641 -0.503022010066692 -0.345990942732026 0.125519789265553 -0.00284312859081338 -0.0627809333384217 0.320980102446403 -0.0258949525983793 -0.223327146703108 0.0464324300236623
0.253894023432089 -0.467471238611936 -0.313455045639516 0.109072764091249 0.0441080060208749 -0.100151754195868 0.291835482557956 0.00338307622993927 -0.257298269803327 0.0365543579489422
0.187546793219352 -0.322719807147171 -0.410595095428449 0.1047589111323 -0.0149961063721446 0.0362073441348239 0.346059819822557 0.0797046531748316 -0.243740991810535 -0.054403147349902
0.191125700254774 -0.322721006738254 -0.415877661170464 0.122757063464294 -0.0183829741283316 0.0380910961409769 0.326685882767227 0.0750063401445352 -0.241283161045472 -0.0547950944775401
0.194739306630419 -0.320927234541752 -0.4149210768221 0.105901453859323 -0.0576257070378491 0.0414265791813844 0.338648853304619 0.0878750816030673 -0.258047404826787 -0.0580880084933339
0.154613590148055 -0.347833481516174 -0.414970511326885 0.110745147677069 -0.109269307169603 0.0610056520741919 0.339928014652545 0.0334750016340526 -0.244041493195063 -0.063505823609912
0.149031562051116 -0.355875384974786 -0.428296599245749 0.120204559275132 -0.118820584279513 0.0207405890262623 0.332058497019641 0.013229234340698 -0.247087805548586 -0.0687904174751382
0.158932771326301 -0.358485263553813 -0.367786798851639 0.0734960568169667 -0.0829291612380904 0.0746818865521825 0.30943439682703 0.00150798910842064 -0.245419983068302 -0.0787853563629599
0.15871208931294 -0.346201994194708 -0.391477551688839 0.123887239132915 -0.081499276650673 0.0518203186230719 0.294917846245068 0.00999877534834423 -0.218716217410216 -0.0925934474597495
0.162256022475355 -0.378886506471434 -0.387260147763031 0.0641075045156834 -0.0580783098762411 0.060274653806706 0.290053563780427 0.00889109428185268 -0.217889340687125 -0.103282819813146
0.190161014243638 -0.463090428777211 -0.45353846774749 0.168088495106382 -0.105124556252701 -0.178507357571783 0.12235308158083 -0.00439818923285318 -0.274710125259537 -0.093117118554387
0.258530024038189 -0.450392026564107 -0.431738625812489 0.195988918450714 -0.119552626545249 -0.187623328982774 0.126560070963115 -0.00295024988139848 -0.284187229126801 -0.0854142767394859
0.267695517956481 -0.37573103353327 -0.331617528343931 0.145527113250733 -0.0750347158326311 -0.0929353618567646 0.284219415095641 -0.131077798163485 -0.0996594793365784 -0.181116993397303
0.225274908332585 -0.313661541003088 -0.330807213566063 0.184424128186408 0.0345123063571481 -0.0214115448631067 0.205873158711644 -0.0611030466632128 -0.180043470396729 -0.124271052965701
0.194063686934262 -0.334262184754295 -0.357757109452457 0.187417506372663 0.0108979822128377 0.0163170615555564 0.1879050762627 -0.108165274821213 -0.170487821540139 -0.111673117067109
0.206747828005577 -0.330899537197483 -0.372170766912679 0.175909245555474 0.0106594715905217 0.0271438305644481 0.193949173731908 -0.129608101446513 -0.22546179707699 -0.109054061615122
0.304876629536236 -0.339366631173465 -0.405535613174911 0.117400780483648 0.0133421599770032 -0.0748251001738097 0.200608022193467 -0.141663066804811 -0.144475346121924 -0.101641336120693
0.273931670936319 -0.364803634744705 -0.372710455217105 0.12615253984438 -0.0152731324861629 -0.0680666561576837 0.184897619462092 -0.116050011581242 -0.176809517893617 -0.173531311494881
0.259713258624615 -0.3844641134799 -0.378399576400424 0.133213210760115 -0.0128314127933221 -0.0551102967653601 0.185055938812326 -0.141689161336892 -0.136844092269578 -0.162313589556668
0.259713257959579 -0.384464114099871 -0.378399577484266 0.133213211752155 -0.0128314121989749 -0.0551102928724705 0.185055937116258 -0.141689162347252 -0.136844092578895 -0.162313588058602
0.268278435691513 -0.383196174940696 -0.371858636729201 0.130908723253255 -0.0305783152381425 -0.0621246603426972 0.186825019321761 -0.144613142187503 -0.140989962889956 -0.141456173304888
0.26066429039069 -0.38067807573582 -0.390065309459836 0.121720131604944 -0.0282134014800581 -0.0771671167992555 0.186843796797866 -0.147749872095138 -0.15463621033479 -0.162230734442611
