0.258371322404045 -0.0450653448074316 -0.385423064524823 -0.0204390029575233 -0.202372079148333 0.0275424887166516 -0.416225101464899 0.221517930713486 -0.213060772569073 -0.294579080216558
0.204422204544475 0.0807784943574935 -0.53217147632148 0.0520203514738692 -0.339719481258516 0.0788179603011829 -0.163616089746035 0.222491128090074 -0.345499777665544 -0.232109593787696
0.2011182375806 0.0695585285125053 -0.524688179068392 0.0570170421370935 -0.337480500129969 0.0850888823557128 -0.152778378929125 0.219422304668276 -0.342703156548945 -0.207309459947886
0.232373739620391 0.132908927816921 -0.570486363012633 0.0875334844950363 -0.283768201167822 0.0349391165914065 -0.155347397850671 0.281020850817213 -0.419201410902958 -0.143962379598553
0.217365847734123 0.108386507166485 -0.529014858402537 0.0550003684057698 -0.314241039512096 0.0333079101202918 -0.144381522318956 0.268905275869412 -0.388835495293365 -0.182566995965151
0.200648269764868 0.0957332261497249 -0.521228554894817 0.0531101975470089 -0.28598373713467 0.0620719728164144 -0.177281390737817 0.274573460819158 -0.385435761549783 -0.134919869618555
0.250648013945599 0.129358430517859 -0.530698705580724 0.0279073435113829 -0.34360978483105 0.153387996621329 -0.13919623211044 0.229303006837545 -0.412017429356088 -0.175779401438671
0.275419750631814 0.152537450525179 -0.552145951114544 0.0361065675168831 -0.311682869248647 0.120835166721451 -0.0833735176446444 0.254247873864995 -0.432143226418996 -0.152523745627897
0.27541975154827 0.152537449851983 -0.552145951850405 0.0361065674148364 -0.311682867894759 0.120835166946396 -0.0833735178581324 0.25424787326797 -0.432143226109447 -0.15252374529062
0.280735057679295 0.133902533855436 -0.528067467895285 0.0432753211170802 -0.200914551039265 0.189798607643942 -0.191751324651084 0.333754029392247 -0.362623865332378 -0.18872690855999
0.24989006543909 0.176508898245995 -0.520720997818185 0.0360125573608433 -0.225537813606697 0.1625518646741 -0.155505912971057 0.296540735092009 -0.341103370127039 -0.229455646014496
0.283433466006154 0.106338530464045 -0.536698065670155 0.025955308703296 -0.224173767582913 0.158361557011352 -0.220766917626161 0.366187676366516 -0.372871568313622 -0.211542012750047
0.281251349693426 0.114294531676402 -0.522647182124287 0.0347312263092554 -0.241948363269421 0.163144361242153 -0.205264172336093 0.361066231382579 -0.378782607649246 -0.194183175886894
0.242405314150381 0.0321313563229772 -0.523743408715575 0.00714716868418459 -0.244390085958218 0.0825447694332392 -0.212680379665726 0.278514951657545 -0.414569102416239 -0.174756897373889
0.255649189246157 0.0232233011197528 -0.53040462006321 0.0369905271667395 -0.227029959552973 0.0637496917345034 -0.197930874234344 0.310740752091552 -0.365837992203908 -0.202907943353217
0.283674912767282 -0.019272310806684 -0.537900211413033 0.0381473436650529 -0.243199794244318 0.112654654638808 -0.209328918705996 0.275823334796613 -0.386012392017246 -0.197956491697047
0.286559789301798 0.00764725214690854 -0.543652926003889 0.00943828965833915 -0.22760359012882 0.120243246093758 -0.200554253626917 0.273220508731404 -0.359397843186564 -0.192888731089064
0.269468754743178 0.00814136263979282 -0.520088031752397 0.0131173565128849 -0.241931885782956 0.123215655067631 -0.219203764795118 0.294510141043956 -0.385758852962948 -0.17283255329799
0.241158111846452 0.101492471159109 -0.569423415351275 0.0472340092395825 -0.224188107138424 0.159936867604192 -0.0580565600071126 0.274121098801042 -0.360440812541403 -0.206362313917296
0.232063698890526 0.0180314306376789 -0.55664315052584 -0.0168648570208974 -0.233288180973982 0.135851821121185 -0.0810215869952757 0.311402722972746 -0.372356197465981 -0.194096452482813
0.219008425112412 0.0449554596514935 -0.538520252627049 0.0447190192483517 -0.217741457889552 0.106996763357555 -0.0761770846134814 0.299342930934251 -0.365653245666149 -0.21022153729477
0.154989904336978 0.0938044190068167 -0.36774540432817 -0.0624680108030521 -0.162331387950161 0.213306596887435 -0.183746633625937 0.364487584728275 -0.188969700276395 -0.236404533314128
0.168708986805597 0.163056088866817 -0.419370932716242 0.0644200097831469 -0.268618242703982 0.12896262967478 -0.316866131749111 0.332534788137715 -0.181480322394823 -0.234423768653657
0.202057308770891 0.0443080658711286 -0.388160277858771 0.0150667376651873 -0.263838382765871 0.131726837358331 -0.212955793156429 0.28423361664419 -0.276679042976919 -0.255967627427738
0.18202347672401 0.0305928088757518 -0.391800099096027 0.0452554013565829 -0.262357192219031 0.144996089209885 -0.162295151566916 0.275064433263298 -0.284845443801447 -0.219848439767937
0.153530890664123 0.0326270688218152 -0.410821660208507 0.0158390891935462 -0.244584794517103 0.126419746778722 -0.180720374647896 0.288676493199206 -0.310277417614816 -0.237632309331434
0.13188094678355 0.072159991585424 -0.431114784287498 0.0302005121147018 -0.205661224384986 0.24994969064331 -0.263274762681019 0.276907114536589 -0.190945563431467 -0.290522793068552
0.141007223104332 0.143934010126246 -0.450219295314296 0.0425978961040771 -0.189253706841027 0.191586160738972 -0.247087302919195 0.329435940885105 -0.249664833429275 -0.258993850449605
0.1413332496944 0.137012238071052 -0.432185053122588 0.0283845736018845 -0.167913757749869 0.238623091578866 -0.25302491011125 0.316798212574108 -0.220860465677306 -0.283659763848056
0.129817829868762 0.0226880562776979 -0.403823594603118 -0.07294056280587 -0.167371978562982 0.163779162545354 -0.232643735771706 0.2749429410673 -0.267898235329468 -0.255384281607408
0.164630891750902 0.0579803965601034 -0.412674297871944 -0.0585825167642797 -0.177272113975068 0.135443425204313 -0.174084915616038 0.292318963989765 -0.220364339394636 -0.215834619794304
0.145674120777825 0.0420493598916836 -0.427307858485169 -0.0921185260981603 -0.18960145466347 0.109265617808342 -0.204451361870187 0.336205517698919 -0.243419349965755 -0.183102888907732
0.14586332871985 0.00849087742348563 -0.40333585959259 -0.0465843705790884 -0.191775347002902 0.115691573012151 -0.203334272642345 0.306426450032006 -0.205710395942763 -0.214724064132944
0.242787984810641 -0.00485907153588575 -0.450296412069881 -0.143343071959506 -0.205373470569104 0.11089759049779 -0.15490390212877 0.190584623004149 -0.179560811597372 -0.338210659346033
0.142312627225468 0.151266734162678 -0.356440093241147 0.0980232646248416 -0.332247345485379 0.272014029885257 -0.218364501327853 0.277065914670545 -0.182373407687221 -0.34646966279595
0.166026010677295 0.149205347840106 -0.405740686442048 0.0470472248634506 -0.311982507404443 0.291912030600547 -0.178612061999466 0.315211464376425 -0.157663327588723 -0.317296604019181
0.145163627110302 0.137408689642487 -0.387662257206338 0.0601935696518116 -0.288202674740734 0.211961197972685 -0.212797396008746 0.282114650398527 -0.156223270529188 -0.35247610842732
0.11055020340987 0.175086681564061 -0.353309055668633 0.0732012927643707 -0.3404236236444 0.212428448229062 -0.212243199890317 0.263266533827637 -0.187024175647911 -0.329926510740932
0.114760210809586 0.163508800259772 -0.320910446577259 0.0749857139514249 -0.320562315879413 0.248133683714261 -0.207040462968133 0.197521631119786 -0.205875322088556 -0.310698628267542
0.205763385669145 0.0161592562397205 -0.160265116876363 -0.131062388359318 -0.373712062300605 -0.0168278297270994 -0.170173652451884 0.351928462618363 -0.214372993450095 -0.328932364842374
0.158773222686564 -0.0611114820329113 -0.199110213513223 -0.202704266608792 -0.368160044293117 0.0423977699986019 -0.201666585123257 0.264451948519509 -0.212773954802168 -0.323141660231152
0.257975865734226 0.0192578119780132 -0.168444310651899 -0.146035647220978 -0.322387263848205 0.00659150529900857 -0.3235279798236 0.312358495653794 -0.210849544148567 -0.272362483728521
0.247367836154751 0.00644159973785399 -0.167687412218901 -0.139418305514394 -0.308317174855168 0.0159421567197348 -0.340758711889273 0.32232980995527 -0.199238235103425 -0.278019555596539
0.233079280958204 0.0242590649881658 -0.238985293612059 -0.203091673971034 -0.371777105630315 0.0998404136121473 -0.265138763576522 0.412150567917182 -0.222183902391951 -0.28754256236642
0.246033487087539 -0.0929188068274646 -0.154808360080696 -0.204870486898078 -0.434306498712177 0.0527816401573361 -0.186750204875876 0.277255187511052 -0.194202816987487 -0.208915750026327
0.197269066770066 0.178533796654047 -0.227499068771529 -0.359847356090662 -0.204822609523081 0.10428619260173 -0.292774738740139 0.142708470661613 -0.255904608133797 -0.327149647585019
0.203472554527824 0.143186392646081 -0.134229999652136 -0.371429323432239 -0.253821437466294 0.0475046722337064 -0.315258652618756 0.119957146522685 -0.227429897716569 -0.406323958203548
0.228095398173711 0.152245927752955 -0.161556170267255 -0.221950771263876 -0.209404677403063 0.113345572424018 -0.223230692780647 0.286679217735161 -0.34333031286175 -0.263288483070976
0.168007460901306 0.194166615787616 -0.184801470835489 -0.23720630601621 -0.195727191765139 0.175411419720942 -0.251076584893098 0.297633477295762 -0.272940901123229 -0.335903131913784
0.14952688156045 0.167140714249071 -0.145914045092824 -0.241214854570267 -0.157919253190563 0.133793753507021 -0.141051297460418 0.385701581107055 -0.263897067356662 -0.278837516708809
0.137212813968301 0.160869377075378 -0.133845614240598 -0.23168565251325 -0.168122831280619 0.131525929832381 -0.176953075421799 0.376862502415557 -0.242561246857215 -0.257768427294006
0.201547298500169 0.0534261902623378 -0.144003233270373 -0.170105717447297 -0.150325592127044 0.136305493149908 -0.211402862185851 0.373454755375042 -0.314186280260568 -0.221445988110999
0.224962482767574 0.101505290325697 -0.15751237746298 -0.169230042350873 -0.187854767003165 0.126210540587733 -0.236232098571684 0.370523138282255 -0.290887413864189 -0.19521383603819
0.23251536714696 0.089605000824462 -0.151766011796855 -0.158600649565391 -0.200795477005222 0.146323658818206 -0.226035058770188 0.361242442219917 -0.283152925936009 -0.205648399255975
0.222951106615013 0.154136444542518 -0.130450536771169 -0.21243615202515 -0.172582431821295 0.093635303056903 -0.2491586345901 0.330202035034053 -0.330398078506465 -0.240473119554028
0.196310663490832 0.129591645852752 -0.166523867004496 -0.229505066700131 -0.131048725267293 0.11850662135877 -0.292225669488609 0.356861366614067 -0.312945648262697 -0.245953180107823
0.162016932280699 0.127587168521875 -0.19897185257266 -0.189205887835261 -0.176087399735355 0.124926596336601 -0.257331801096097 0.315771208375872 -0.334882276071848 -0.257547432018853
0.156845485698179 0.129355298063559 -0.194268073927966 -0.185878158562519 -0.177980618696856 0.128842759642217 -0.21276937366461 0.318724998430973 -0.345086426773617 -0.224274352595107
0.184997082386247 0.117122925915374 -0.128279954488867 -0.197617358024902 -0.201250023228192 0.124681476733838 -0.291805119982828 0.415222674915836 -0.301201681774475 -0.236439065695492
0.197424244094505 0.137785404840974 -0.13634325307801 -0.186280669861862 -0.165179283412593 0.121909747203734 -0.275899879735341 0.376981962036515 -0.292140788169442 -0.246663336253962
0.0658742008697275 -0.044758427774437 -0.134467184954908 -0.386321053716172 0.0540907703562796 -0.100476903380452 0.0113687887307142 0.346040830617443 -0.494971282488172 0.0190369484259724
0.0862065743452257 0.131572917752563 -0.0670211533786113 -0.462855337374834 0.154355736444888 -0.0781577407131215 0.0786874452912344 0.277003769500627 -0.398619600441049 0.0436517773324787
0.0760488794398999 0.143024391432149 -0.133130878051465 -0.497646481931111 0.110464158593356 -0.0939375510239014 0.0832640468456245 0.305529515540073 -0.43481897129093 0.0979619815989946
0.0709893818450181 0.149778301255838 -0.162307858869129 -0.48977252695737 0.118376968203244 -0.0805367836002876 0.104068760899945 0.298025240556038 -0.460149124342544 0.0760521687059547
0.0396545988256505 0.0324467304131715 -0.138743206471484 -0.427937000435291 0.0560699872328988 -0.0867518857972975 -0.0071791636300133 0.277582100556842 -0.420760610889171 0.0032863967771701
0.0395440986177631 0.0195800668065281 -0.11030290118494 -0.445674409025257 0.052332098285344 -0.0992351050844851 0.0394879936468937 0.25076604040679 -0.446641588933613 -0.0245360212190941
0.0247363748606829 0.00980869967242104 -0.146281128676246 -0.404210008131699 0.0774357888176644 -0.0345426457151757 -0.0229327598416658 0.252262988396301 -0.43643793079417 -0.0277201799188558
-0.0257156325551347 0.0383790251844553 -0.141899673773305 -0.368913935034389 0.0780539562328066 -0.0924465955681391 0.0964873284108138 0.242990234385312 -0.445705846130402 0.0764497227257858
0.132116174543314 0.0947459166690308 -0.125126671805936 -0.359010729832976 0.104002857906209 -0.0315599280983827 0.104331223882459 0.22893322322053 -0.435144239147926 -0.0556853277673677
0.0464952615300125 0.0323652780033672 -0.0814535115093691 -0.366209957843997 0.0904568429828573 -0.0532006010490116 0.0435136204699677 0.222453433447832 -0.411146565491681 -0.042984481275955
0.0500661387913409 0.0493110134645645 -0.131408190698404 -0.325727269300522 0.106127247992055 -0.0623680054281067 0.0186143486087959 0.200547272442615 -0.399725910934523 -0.0244651441516567
0.0749141832607138 0.0472225308754158 -0.157353758673045 -0.367683625532833 0.155362017042614 0.0667390116290241 0.033717467488185 0.0780211236442528 -0.446197000303921 0.121550104169684
0.00824109967732927 0.0382705983617049 -0.166371373737905 -0.328167418335188 0.100693109447864 0.0220568127850514 0.0148164163909788 0.333653447498094 -0.381825757257307 0.0949557740927056
0.0438732572318556 0.0633735374105799 -0.178011246200483 -0.436224827296739 0.193659299598353 0.0294923580395355 -0.0313745333675114 0.379211928817317 -0.465955502215198 0.0497126575487841
0.0622514954496426 0.0506811289030974 -0.17257493305165 -0.384010893844866 0.166120632006906 -0.0446826810892129 -0.0306945842030822 0.35532336353225 -0.513847382054561 0.094503094711556
0.0254098342425462 0.0565152142439041 -0.201657453817426 -0.444606018916321 0.209331975053876 -0.0386060184002822 -0.036484709354234 0.39933984232658 -0.439765586068207 0.0260294763656207
0.0168896226178004 0.063334251747256 -0.230807612439152 -0.394173762608086 0.111978269530425 -0.103772631702764 -0.0908096666334779 0.238249239389722 -0.435554129978544 -0.090079625187685
-0.0377919808416532 0.0555888511611045 -0.251532450586779 -0.2870601197438 0.0210313935665151 -0.0130612634100261 -0.0816368333995749 0.314540037251047 -0.41397516845634 -0.0343025883558718
-0.0457126982336656 0.118931319279299 -0.268527669481757 -0.287010520927184 0.0844614437383382 -0.0524583404871519 -0.0755798666132347 0.304875100260721 -0.460077163259533 -0.0833223442215949
-0.0471172384553133 0.167189694316826 -0.135358815692502 -0.316578023791117 0.0675257689971728 -0.0782143460256201 -0.112660457744828 0.315532870472366 -0.391274417477332 0.0247955880684164
0.0193088400481199 0.190532730901235 -0.241305911695448 -0.258243760770651 0.123077141628029 -0.0769098824219165 -0.138193137833132 0.330238512231682 -0.360062157197215 0.03917515752548
-0.0312704379079212 0.206738726739457 -0.302333268358682 -0.15036430630536 -0.132758172996235 0.0805365545425149 -0.126787772934096 0.3467567294167 -0.275084939256201 0.133377313960488
-0.0186955961557956 0.159659284594175 -0.408380510780267 -0.162815863085267 -0.0805170421483455 0.0948354887592571 -0.106326049816285 0.307797084859256 -0.230852593379239 0.122725971123243
-0.140536974081673 0.118258697463555 -0.33249057601557 -0.204711941127496 -0.104539492280925 0.0368199576350429 -0.123697397150687 0.285320597028658 -0.221687065083444 0.039173158480623
-0.131596577140186 0.136205351793755 -0.302051994929302 -0.228085063019005 -0.11066347077529 0.0108213216741678 -0.0942927388917411 0.24446879990172 -0.230105554077567 0.0577968302838235
-0.015362920410554 0.115390787629734 -0.321667391315336 -0.17582951343687 -0.0339007143919408 0.0478850998109749 -0.157262591262463 0.26160049419421 -0.324612118954728 0.100851263040167
-0.00733593636679542 0.0894351511187459 -0.383903549569413 -0.164149397211732 -0.0686413700873861 0.0686586774567758 -0.0856443762021769 0.254570909268355 -0.301066850235051 0.0905930663185201
0.00365571355716995 0.175417871982946 -0.303817890555998 -0.156881892705834 -0.0451290777914311 0.1047097289143 -0.121914919157169 0.22082637021995 -0.302525508610366 0.0645868216579746
0.0137459888998922 0.156730026116471 -0.366071760017764 -0.119596017890224 -0.0588648683532973 0.0690200118780753 -0.127545128926233 0.232905162836785 -0.291127634671154 0.0597565140528391
0.0646256430399827 0.0948543860812062 -0.352031956522635 -0.23471913567486 -0.0486426337663122 0.10877461988235 -0.21287359969838 0.165494109088245 -0.381786108255522 -0.0140197320790613
0.0116658484498921 0.104519777726429 -0.43925186478008 -0.210293022416889 -0.0391746871659686 0.0836528976014251 -0.196848685503364 0.174050167421994 -0.3429736654361 -0.00531481281860349
-0.0534824255473748 0.0302363045152248 -0.301848878687258 -0.230170595407498 -0.0165222591873097 0.0713731415606236 -0.138724633589975 0.173829888879084 -0.422148500028643 0.0283607963758863
-0.0524783858043997 0.0541636491147969 -0.324542104539229 -0.240901092795655 -0.00609689326971521 0.0782592467124836 -0.144800244141895 0.17354445064697 -0.425798570589181 0.0518755572671284
-0.0203332347580896 0.0304281474007456 -0.342107292330124 -0.246333788081247 -0.0233681596872795 0.137082035140982 -0.119530373023126 0.206751943478996 -0.443607102468516 0.0089686585194691
0.000280284792959606 0.0415878914284156 -0.316305770439938 -0.247950743813667 -0.0218102903710704 0.115081742172915 -0.125509000272294 0.208386113586548 -0.433212190433856 0.0440967537287951
0.0155618478530293 0.131997804103308 -0.361326239690485 -0.214996212142823 0.0478729726998419 0.0887591942109555 -0.227233086917471 0.247723505804357 -0.385901451604827 0.0536004439340982
0.054577210450568 0.091645963126685 -0.394157242133413 -0.190517908841415 0.0106585358090377 0.105229992148451 -0.124492913697945 0.189851240846222 -0.369562697884337 0.0123249335676126
0.0689248938125545 0.131568223225334 -0.366863484170323 -0.195484509694883 -0.0384148775632283 0.0434337249134342 -0.20973593600814 0.210863506995057 -0.370289391275884 0.01135442561576
0.0521595716728073 0.119697442786418 -0.345419879082991 -0.218633839969792 -0.00502426295178835 0.099486381800577 -0.186087759538591 0.216451279602495 -0.355240270038475 0.0318790735258112
-0.00437875913891604 0.132592695831167 -0.328854285920225 -0.214132864825188 0.054521231703107 0.074450268271224 -0.232642624091672 0.174726219477677 -0.403441640160684 0.0375028628487248
-0.00121288259647372 0.101595429427587 -0.338577782000202 -0.180439348215036 -0.00840083850450211 0.0891357452868466 -0.215418917003987 0.16898913396541 -0.401246444429161 0.125467318429077
0.000665158307551676 0.0685465265304768 -0.342520589857082 -0.234573886133539 0.0122353947777462 0.0922211088789427 -0.20926392263006 0.169694550901691 -0.385907864886314 0.141157474427396
0.00871162815683122 0.0727927339318551 -0.305702518232492 -0.147774072556209 0.00770677810028341 0.111423196691085 -0.155983799947955 0.133531409532836 -0.397693743739017 -0.0901946758414277
0.00167407225951335 0.0763434662512404 -0.318906591535158 -0.188998269250475 0.0664069243577559 0.109625035285673 -0.190300260667935 0.233349397595398 -0.369342230740047 -0.0778451440927783
0.0111792165559873 0.046420675637114 -0.327312972617683 -0.207772994052409 -0.0149641045038004 0.13412265268408 -0.143864418748648 0.147548520801156 -0.41838847950025 0.0581613645691984
0.0654053046249813 0.0385625880094949 -0.308716046613311 -0.188826350083389 0.0218687772024851 0.103917593943773 -0.176777284851963 0.161999828840008 -0.477511132836196 0.00742388134217711
0.029496532241268 0.00255523671105466 -0.365624745480918 -0.292036402615495 -0.0139213762521217 0.0598543354823648 -0.200028972274997 0.209905982555236 -0.259647542774166 -0.019528046925384
0.0061178109797929 0.114627747363971 -0.276770698644436 -0.214264784241444 -0.0836449424259097 0.220502127953367 -0.0830089369396202 0.255886831205366 -0.323538399096434 0.0180409045950626
-0.0429902805470747 0.121800063413479 -0.267650761016145 -0.239766098312328 -0.00917265655186923 0.20398333604732 -0.123221870452896 0.258114208343446 -0.258098121255446 0.0604934510712866
0.00982263379256323 0.0758721101338277 -0.249750441496882 -0.227446383942425 -0.0230907766157233 0.146895153560449 -0.137797475491611 0.28419600298187 -0.320133450994297 0.0716797053588855
-0.00230683618318549 0.0870629617963975 -0.259180047147858 -0.245997466065001 0.00426611467748783 0.163940478016116 -0.125446540278269 0.251390057367655 -0.309393154396473 0.0275930585641598
0.0284521399306143 0.0733177982992621 -0.235699039073661 -0.276687723106972 0.00799184677976476 0.119839036090365 -0.128985306803701 0.267647867783716 -0.333463085406816 0.0665557390180534
-0.00724509935585395 0.0708272484902232 -0.305766599545593 -0.207793219856304 -0.00655456072751166 0.149877251039955 -0.0926781856263892 0.265007192530033 -0.323498905244526 0.0441550025571349
0.00445276294502357 0.0797417877709616 -0.304127474975495 -0.223243056038142 8.93279386795162e-05 0.153977629820831 -0.0935350794999503 0.29888453809524 -0.274319104965096 0.0681078502535466
0.00445275958395614 0.079741790239547 -0.30412747227679 -0.223243055663813 8.93229736966886e-05 0.153977628996216 -0.0935350787171459 0.298884540284788 -0.274319106100305 0.0681078490168612
-0.0669650069100101 0.0875365201097418 -0.261874752625257 -0.24809818247743 -0.0501342135853396 0.115867676406079 -0.0987212302045758 0.250260174833955 -0.332536977756355 0.072328506438756
0.083246350876412 0.146326704045231 -0.24318767979977 -0.178617383517372 -0.000496882867915382 0.199885223547215 -0.120072227695563 0.236963175634339 -0.338404873552703 0.0144464754712055
0.0438342663898324 0.138560603523597 -0.279994606676532 -0.218697338421451 -0.0292396977369746 0.199584950990949 -0.102952660238107 0.238596647811397 -0.326541321465054 0.0342506785234439
-0.163916110021272 0.150696258313682 -0.220544256934528 -0.163638294200726 0.0149761404950639 0.198783656431751 -0.0529352981107519 0.33308598828199 -0.250799827542139 0.0786644366808069
-0.109531986667493 0.107027450058256 -0.228882479015421 -0.138765480699053 -0.0173016952760676 0.130801081022916 -0.0204569717995975 0.313699178246321 -0.287496809616273 0.0705940936143697
-0.0934251771874095 0.0807991614044604 -0.197372235483013 -0.146582405194787 0.0082068233567962 0.143385293390882 -0.0137022960180382 0.336602580212415 -0.304502186757972 0.080517406878067
-0.131480722822437 0.155122713886604 -0.362591884707467 -0.122231293927358 0.0367708083233525 0.093470128207659 0.0351361847656841 0.304737440715866 -0.311493155493105 0.0382515682446374
-0.137636659279411 0.217638559765662 -0.358442709129385 -0.0675722427803953 0.00011095373728897 0.0964347186784677 -0.0605582174658285 0.213659353176329 -0.354557517764803 -0.0126415759796297
-0.224421150824761 0.176333373236553 -0.292240237265605 -0.135273117597783 0.0237076096228889 0.11110170440096 0.0193939256631061 0.226913676976756 -0.41862584619921 -0.0020396950029846
-0.109711370188152 0.0712797065145198 -0.200294230325221 -0.269717237588443 -0.053305432124746 0.0261644570280431 -0.0437240110474231 0.306562148062167 -0.32101027360839 0.160811630831899
-0.0258755832760585 0.191980544165271 -0.46069911997765 -0.223654714955146 -0.0916123856941031 0.144010524414428 -0.173171501912567 0.438003716933558 -0.403477045828531 -0.0325718618667121
-0.0353056773321334 0.209970867061799 -0.456602425749774 -0.191409559393497 -0.0960255655906763 0.164426877425819 -0.18524589422977 0.43955779045101 -0.429736748472441 -0.0510206405791249
-0.083830748142018 0.175048193044739 -0.394666706380708 -0.188613291000075 -0.0151046384168881 0.146237946868663 -0.224013362443367 0.434328808517618 -0.350104303130262 -0.0155825906530187
-0.0610019748584583 0.165815408616904 -0.369802098804715 -0.222130977697723 -0.00907082410775675 0.201252578268068 -0.175911182406238 0.437843527831788 -0.408280566383499 -0.0416322188893232
-0.0616003612029608 0.176038828485828 -0.372495198889174 -0.20251617290506 -0.0134153520363616 0.210970856965966 -0.174466478751249 0.439915563737357 -0.372146382797596 -0.0317512985034251
-0.0176326196657089 0.167709355560472 -0.464846192244614 -0.230024663711192 -0.128294722693914 0.204921799436541 -0.0602915042988338 0.434585255884325 -0.352446153099873 -0.0303770872509726
0.0391143762671553 0.215757826095773 -0.474379324192978 -0.144625836992426 -0.0734030771623018 0.162355395737911 -0.133192573246684 0.406568022932305 -0.374042408755369 0.0263574845760959
0.0416505695190413 0.196056376505717 -0.467932272635654 -0.191611837973744 -0.0665863946729032 0.153717095149724 -0.0399838899267398 0.46288322731287 -0.306385519217869 0.0218234631792001
-0.0146109624432879 0.250527413407979 -0.407220427710971 -0.275881737171105 -0.0748102967506641 0.115322250450702 -0.0605451098262478 0.42440114464376 -0.346905020959948 0.0412778983859418
0.0115165334127496 0.22460083230357 -0.365836424411257 -0.237806336260305 -0.0190438667693733 0.158623987599719 -0.161857590024032 0.465438319846933 -0.315912950933765 -0.0128995927674515
0.00215994430729249 0.276075327797796 -0.387520497746634 -0.21611487670109 0.0763885987489225 0.165957966554644 -0.111266718042089 0.394544843880522 -0.336756968551516 0.0102336804029764
0.0811005621131294 0.162457442516612 -0.523816380959943 -0.266554964869897 -0.0837900014318261 0.127515384055261 -0.119608234030508 0.412420128369246 -0.378556624161432 0.00965336808204422
-1.96909141072094e-05 0.0967601387464171 -0.448188594421247 -0.213497236760868 -0.0774880295306593 0.136275534499299 -0.175056039439959 0.362605684976217 -0.387474022754444 -0.000278818242099913
0.0152381265668937 0.124257380248958 -0.441717918443736 -0.200845736965634 -0.0312970382905746 0.200419867139794 -0.148688726992721 0.331100179654399 -0.383548473940302 -0.0255575563199055
0.0299872545831699 0.143708324571948 -0.412459515837116 -0.190501045569539 -0.0722505793250134 0.127405191490358 -0.143759761416192 0.330703785917544 -0.345965511357389 -0.00974903890559639
0.0173611286460886 0.126134877586999 -0.407520362618474 -0.19667182366513 -0.0325300734836159 0.139545527532947 -0.108175993539078 0.364864860951868 -0.363365127480308 -0.015037655762166
-0.0432818163698608 0.134730776930468 -0.411392119270725 -0.226028667006729 0.0264082339860107 0.188983973638625 -0.0803823000966876 0.395331427099149 -0.402015025089762 0.00245372344012332
0.099886823491977 0.167950993245817 -0.508003695619248 -0.14703575675859 0.00857376332417999 0.155545437842361 -0.0449129757588611 0.489017699295025 -0.340051688272786 -0.00827231805992802
0.0664589170195364 0.171172948775817 -0.453303570763163 -0.20633772653696 0.0524418884702688 0.103594609043467 -0.153351929384146 0.427785720789201 -0.337979558434795 0.039034058724891
0.0702740147256356 0.189081168699175 -0.490768560959158 -0.122836890357027 0.0901435484588865 0.127662405754597 -0.0729344293984579 0.379854507301844 -0.382392623997487 0.0389515137089959
-0.383695695905573 -0.217943939949887 -0.132195397249059 -0.275110324751883 -0.19699998894306 0.21173718317772 0.296873043495617 -0.220639233780523 -0.19982404833295 -0.0593791878845114
0.236286528421435 0.15377033360795 -0.398345210244518 -0.518819907827999 0.114133263121417 0.233098769665281 0.542585176333909 -0.245981393253482 0.0157836266932084 0.0853095175365799
0.237876640207881 0.145442914970906 -0.400188131583181 -0.58255767020293 0.230357214321316 0.252847623947584 0.631953932663339 -0.152846084458973 0.0443491306538764 0.108733371454885
0.220861045649888 0.21672052507979 -0.396852015423584 -0.559602709847275 0.167482656761014 0.266090716315813 0.535291179544296 -0.198633024091144 0.000811399566318928 0.108015810074992
0.277374659320685 0.178682324370416 -0.416466051877201 -0.591602437517369 0.189023698816338 0.206840484190592 0.553160372216509 -0.213062609946718 0.00506206881627035 0.0998807096493413
0.264411223080866 0.133349369980853 -0.403149716633221 -0.546093831192048 0.145502929783516 0.219303317168352 0.59743550246297 -0.243774460160367 0.0447351729813538 0.0686198026682311
0.293689813119596 0.181215147459484 -0.387177353291335 -0.5044573320052 0.147688018646752 0.163463898050004 0.61693244711234 -0.254243762915581 0.0242971046865032 0.108039106838838
0.225834964788959 0.179522412109632 -0.431335334288103 -0.490380852598974 0.150086865466398 0.149814109767205 0.64674404336886 -0.255934172061629 -0.028392555028813 0.0442781710382649
0.294018347920758 0.14189539466483 -0.392188244142003 -0.491212106734034 0.17796852146875 0.137502655873491 0.666462167671915 -0.253672887179171 -0.0560544616474661 0.0612866777338894
0.303027603735967 0.160890548889766 -0.393072882557626 -0.477854029070517 0.133066154391563 0.150456886900123 0.657586826052931 -0.243529402183211 -0.0559096336001115 0.0278548327309324
0.271510642830857 0.157580643476357 -0.41710060506433 -0.482385233535169 0.179655008183859 0.163222464172213 0.661160414794157 -0.250793273389531 -0.0561039038986554 0.0669083590254027
0.225705654547888 0.184634507842157 -0.480491984497334 -0.547873093714886 0.185828651890127 0.201248355493114 0.616764853834098 -0.23418038908671 0.00229451255263214 0.11588375930444
0.283348934674025 0.115673682390335 -0.457009310531047 -0.553867773550749 0.160851460071266 0.0605885365249368 0.563255012535091 -0.281731676962734 -0.0443167746404494 0.153050129383337
0.265768263368193 0.0844856002710979 -0.445702742792619 -0.581786352804351 0.178870943405747 0.0647415038413766 0.613591710891827 -0.309122186060525 -0.0242050547166188 0.159040354461379
0.264968765976617 0.133310321453219 -0.422868692238563 -0.620823132212224 0.120271402039897 0.220580944792117 0.469722931033519 -0.215761607616155 -0.125841464704061 0.0287001805912015
0.249321727746372 0.166619437359794 -0.456057963629865 -0.552254474283188 0.229091723039078 0.25324654024248 0.485210186585787 -0.239874281321645 -0.0902140520805213 0.0633784081513391
0.252659919600368 0.176102049193337 -0.395557704445905 -0.580289388650051 0.183534127186638 0.20671796231106 0.484048822296762 -0.274086936040355 -0.0869470064373091 0.0227845054102423
0.264610914736477 0.19000390950637 -0.423206326715305 -0.58883292220506 0.218154402806795 0.190639789730007 0.399157811672965 -0.242770688074791 -0.113912179924755 0.000461833936706844
0.341401838423626 0.220661186000786 -0.380674625582408 -0.596233484975192 0.234495333652634 0.202111358017582 0.464878755324539 -0.2338620293588 -0.0970241591140993 -0.00048172564607496
0.327548607352727 0.192592984459394 -0.362521392035092 -0.585276316636305 0.220324417685306 0.19758006714571 0.459400060716089 -0.244495245489648 -0.090709964160473 0.0166819797122105
0.313119723116961 0.0843786699696577 -0.434710712008844 -0.602747772842882 0.188473123778511 0.177988532584273 0.477720563970924 -0.216901056868293 0.00754349732256778 0.140511743417637
0.326959079587253 0.0550046520040298 -0.440307239371085 -0.581945895295161 0.200152321421171 0.162064767812726 0.460333737414181 -0.177662217755284 -0.00474018972802315 0.178279779624999
0.305755273202793 0.0449238579051524 -0.433310403059932 -0.580030042487363 0.177184113073815 0.179867665095172 0.465711556174708 -0.191479515308266 0.0053402307835227 0.160128306991583
0.246859125046694 0.20407770152587 -0.381934608948689 -0.546371436459474 0.136454695140746 0.26488746256689 0.513582558122468 -0.207010189255602 0.0903621565843217 0.0702536690608372
0.206381326984203 0.185434583513488 -0.375661173536057 -0.492229736636677 0.125796514999057 0.217490608664527 0.568705668092093 -0.193463754024699 0.0860572208263672 0.0399165721742603
0.236605190499009 0.181436237286744 -0.41622158153197 -0.563524204580736 0.103672100224191 0.237034192941028 0.553277446925176 -0.228356345633961 0.0853081903995056 0.0836210285010953
0.285184345514789 0.141971224658013 -0.494532962600572 -0.533450523850314 0.119097549604757 0.274406426928406 0.612344021419084 -0.200818700783374 0.16431703007509 0.131919805629935
0.284216444026696 0.168824993010328 -0.432162110130504 -0.563286074710709 0.12587493476847 0.217111751022644 0.580231259289919 -0.142151415533985 0.0816754778651318 0.0778306791783681
0.217026297832234 0.251048448283856 -0.43099366796624 -0.519787694410035 0.074822695250827 0.223049666631489 0.560379451687147 -0.182112964766814 -0.001841515884275 0.163854864509281
0.186449959356556 0.252641184457417 -0.445288532997086 -0.585415283375938 0.0770455414944989 0.234157667844439 0.561322583033335 -0.141574122153611 -0.045139381455619 0.181633245796234
0.221718875266205 0.247883301237672 -0.449409197474281 -0.57800512560575 0.0705082628557111 0.243792463722317 0.595970622418343 -0.150492036006768 -0.0497473099893328 0.186187797754007
0.206017416487149 0.220307636102788 -0.390788009083741 -0.538023329934329 0.0339947036956866 0.195085535730115 0.538950369879912 -0.141822449045195 0.0136807234571097 0.155644102523292
0.233228510730879 0.215805451507569 -0.385628345559344 -0.567533650992605 0.0661378502242591 0.233218154107591 0.560425810585341 -0.129166291163748 0.00603287374108356 0.144818927993767
0.208826856941356 0.281088116667462 -0.416226582420187 -0.577907093795032 0.0443345229824123 0.182243365757133 0.548556040445747 -0.157279042639992 0.0265708176717049 0.145112840169418
0.208826856941357 0.281088116667453 -0.416226582420182 -0.577907093795029 0.0443345229824136 0.182243365757126 0.548556040445748 -0.157279042639995 0.0265708176717055 0.145112840169423
0.229767256636857 0.235249271602921 -0.427623464733469 -0.588285537453172 0.0341064505772374 0.247184580700762 0.538341795657546 -0.104158484240892 -0.0096676913292891 0.137711929375197
0.228728669238738 0.24468463268231 -0.42386088354298 -0.575451502677495 0.034600270935946 0.22176865753731 0.516657978571195 -0.116019193773612 0.00476716492316002 0.124022277650433
0.261646620106998 0.231550818476138 -0.446762524824059 -0.594876074044506 0.0505099046804604 0.239711153294232 0.511299390719898 -0.128845210466976 -0.0161323594511309 0.0994089383804991
0.228451963411631 0.218178703549172 -0.447374758084572 -0.558321263012197 0.0486120651443034 0.212625291670399 0.542106054639826 -0.127761207282717 -0.0377460910631981 0.106458946958978
0.209816616444239 0.142254244580925 -0.367855909401812 -0.57618921671975 0.0984952510266324 0.192718385448369 0.605340663463884 -0.141276218713202 -0.0350321010220591 0.0889743853787704
0.168351243419766 0.180863412453979 -0.379780265369021 -0.447395934474145 0.114792479150244 0.235988957498242 0.615683982102168 -0.153281632044234 -0.003136928355309 0.142754599487298
0.205804065323682 0.156800453254346 -0.379093468434177 -0.516284243977486 0.0644660315579973 0.170979659146959 0.547764588967696 -0.161790103450171 0.107326243701469 0.156447289566316
0.198998406713791 0.136034753096963 -0.338797680034896 -0.652110085760192 0.0365683844542622 0.30847823777333 0.601764609550574 -0.197841541153281 0.0921115128375358 0.219281515926281
0.251137954164925 0.183307610288975 -0.357031752356149 -0.633827703992888 -0.0431792651361365 0.272036310735739 0.659731070557644 -0.248411573480679 0.0116792671400181 0.230759176424824
0.241212248168963 0.184399899731306 -0.360472138713502 -0.645081938558572 -0.0378694044297646 0.281421139751815 0.606226062066245 -0.221482926063496 0.0599073893877511 0.186253139336873
0.260166058827804 0.192175137755439 -0.357311419620976 -0.645809691325732 -0.0581460519533415 0.287773667649287 0.599721448726429 -0.224913859385947 0.0492949378033574 0.182508998748498
0.272111399371413 0.12167809611842 -0.303508649489986 -0.545441094965477 -0.000848184380623016 0.205871052597926 0.563038070795091 -0.193368667128525 0.00586432354950867 0.14418870484294
0.248042522866521 0.146065842007797 -0.338663750840841 -0.552639808812181 0.0129667373521006 0.221602156257821 0.547571599631023 -0.167184950996569 0.0249569179326843 0.163685380952304
0.212965486615595 0.130729344786951 -0.378739343992982 -0.598672986885541 0.0701846630283334 0.292559955654396 0.534921200952593 -0.156892600695887 0.0244534324302238 0.267559035360765
0.183842845047985 0.115254625494115 -0.424507197024871 -0.622789232341862 0.0295824386252797 0.312291952119699 0.538066772094477 -0.152883677280432 -0.0483155474654573 0.152703950416398
0.2304381477176 0.132554214827366 -0.427120171849235 -0.624570589032426 -0.00491167811776511 0.296822473809698 0.536777322220308 -0.14943123197645 -0.0395713997467667 0.119620395091735
0.222743392476838 0.145776240468981 -0.432911269450949 -0.613851435817313 0.000700266355568191 0.290308828992006 0.510291488699505 -0.165740386220211 -0.0360961389773147 0.134920857900116
0.211868413956376 0.147368497543795 -0.317027497863146 -0.453294091544445 0.0482123333646584 0.292467381790116 0.567633060213446 -0.221160152806563 0.0391430546673158 0.177659442880316
0.202342065654115 0.182604485057184 -0.379554735282389 -0.492790294420705 0.0246406399468385 0.238555202714424 0.604612007401901 -0.148514665301323 0.0581171214277255 0.205583292287028
0.213390539819268 0.138330207097834 -0.39349651737519 -0.491461647234151 0.000751776059813412 0.27927423618285 0.68197159074558 -0.150522135454298 0.00850514986070171 0.254914583923724
0.175732830662653 0.0942685531037779 -0.39649876231115 -0.582728374167614 0.0520745466491006 0.0560030138329556 0.532599242058159 -0.174511377477268 0.0474820937715641 0.0612666662771007
0.101179749558136 0.158830750678079 -0.358106524244583 -0.637676332198957 0.0623506518724543 0.0190161551423246 0.633872013002453 -0.124732847340534 -0.0194130216477684 0.0781084578617375
0.130289669837912 0.141972701966475 -0.406882674449817 -0.634659934532851 0.0863542290004769 0.130696163936747 0.551894079892071 -0.142433312539689 -0.038160089041012 0.0876547884272803
0.206744199661861 0.123709617306675 -0.4725261900852 -0.550765503146207 0.0102076619119842 0.0545249293267697 0.539559895303082 -0.162859186840194 -0.0931959639540683 0.0840061800886945
0.134373251439979 0.117451500990144 -0.390367478365005 -0.557204441955426 0.0523300108328945 0.0320146200981508 0.554214086613456 -0.134204381375603 -0.0863979374648339 0.0927108774862852
0.0635979684799361 0.0794723172640767 -0.42478829663176 -0.648632330044676 -0.0401835857539176 0.104310817581056 0.515835094622453 -0.231266693080662 -0.0872716205416459 0.224271049273811
0.137126080594686 0.148841482345396 -0.419504440629649 -0.59770620670825 0.0407493304706545 -0.00685119883888691 0.482477168362104 -0.268411023888751 0.0179060760272495 0.205638345035336
0.298450458135912 0.194524339175223 -0.537997598985345 -0.617459011037101 0.110721681270964 0.163886145335002 0.411553923149916 -0.229180527757211 0.12880886885104 0.101825766613309
0.270969283293134 0.207463195859683 -0.536909785989773 -0.551555355868063 0.136220766474711 0.117958569937305 0.391154641443457 -0.159188629376918 0.175505213542381 0.147166584544617
0.27655829860364 0.232764119740144 -0.516124877701103 -0.541621622309529 0.128804145147164 0.111880268361181 0.398596047132044 -0.189402842709943 0.140435085252629 0.133778498309378
0.280337286006681 0.206015263030481 -0.541665766745234 -0.549933247858833 0.144120050629661 0.11830731080721 0.396940956430486 -0.200140966911806 0.139803457311794 0.140738411576346
0.294136267786346 0.118245594127272 -0.347794107520695 -0.58081450806313 0.052730423179495 0.082367236184039 0.518457044647261 -0.218231841152238 0.0187263289246084 0.0640920357129932
0.167242194713831 0.107964639714287 -0.338612356448192 -0.64023662958857 0.125047090089072 0.0989826371617114 0.509412405701295 -0.230826274150765 0.0182699518936934 0.0640839779130038
0.093720840556694 0.146180762373969 -0.502023203745919 -0.4041658934487 0.0818083720232543 0.0956422094708305 0.612313870673763 -0.207553131892428 0.0181122252905492 0.0698262280172693
0.0500439545671514 0.120061318309013 -0.466610075007455 -0.442636800321248 0.0662744858799621 0.118493004023211 0.572990016703919 -0.220229061573984 0.0630277198899022 0.121782458047712
0.0828372747325191 0.158015951713011 -0.422830029041215 -0.420595017973602 0.0567407234007773 0.141733613394238 0.590773280089785 -0.230888936804889 0.0287296930905249 0.0778798519124216
