0.355185049383055 -0.0906725402799615 -0.0157653742252999 -0.223232957861581 -0.00149192310866567 -0.34273627560579 -0.254257773945835 0.0642464686884134 0.456426635740098 0.179423229312894
0.384067335027579 -0.0266586033936467 -0.0318780057873276 -0.201495576182467 0.00850880575885124 -0.343874879651066 -0.280868478297704 0.13480768685617 0.435575472084021 0.160854487425472
0.380945769140259 -0.0773006373466546 -0.039093570580551 -0.214016064333413 -0.0137353138729225 -0.391847141125026 -0.264463804724359 0.102964407786085 0.434829930545683 0.15338938397055
0.334524395983216 -0.157541050111706 -0.238097095523116 -0.206642378173302 0.0494158852297527 -0.350443796227075 -0.191523950925759 0.171029393768264 0.326791209636826 0.169381833037974
0.332359932877442 -0.217314034554083 -0.199945342343107 -0.118941809704792 0.0423659450045195 -0.217754556437803 -0.217108639012703 0.105071602005956 0.356431639987231 0.175873398699374
0.274076771337837 -0.218548022957568 -0.193892543145432 -0.0288623265355939 0.0715614726504789 -0.327242436103638 -0.178625709077597 0.170406203553205 0.374452082307671 0.152254348708485
0.274076771097657 -0.218548010950963 -0.193892550359596 -0.0288623194031193 0.0715614716318617 -0.327242422642138 -0.178625707686939 0.170406205143717 0.37445207876783 0.152254338279327
0.220035301645168 -0.180613875079604 0.04358400399384 -0.184184848646365 -0.14247459733858 -0.307842413681751 -0.281797634914256 0.211059833038711 0.313762489819938 0.201200254862205
0.232009041961647 -0.149955994973167 0.0393941451177299 -0.160201150519385 -0.25277110317132 -0.302160544113822 -0.243115131583724 0.177343365857799 0.410544426366534 0.065638486602098
0.306619656430115 -0.16695792126252 -0.0480991291339338 0.0578445167569895 0.00410062345657089 -0.24821210425436 -0.225404178552715 0.170198739992172 0.368580741507148 0.0958604390277391
0.412883015893731 -0.153276100991053 -0.0235963069986121 0.0737039979198553 -0.00622973618110168 -0.301108525801212 -0.124227911268189 0.233075712370676 0.455741318468813 0.113045258861067
0.309277782468432 -0.131419459287416 -0.0379992249140764 -0.188292008982961 0.0178798594360478 -0.428331046130961 -0.272345934178933 0.182087548600533 0.380522431816728 0.381587052663491
0.221852647975426 -0.0377506697144073 0.137585439486642 -0.0834675875500266 -0.103551818471219 -0.307201750406668 -0.174455469470378 0.137372164958233 0.141129645425587 0.347703718458097
0.194269751826666 -0.0226810089105906 0.05671304432733 -0.08381016625675 -0.0459053205859771 -0.261096765839573 -0.136608575989005 0.127954677439415 0.185670431509005 0.310734789471193
0.187871808199361 0.004949763176367 0.0546565012436835 -0.0832707305621823 -1.94212636439178e-05 -0.245928854531692 -0.18809921230336 0.164224624053439 0.122932027971868 0.337140025937519
0.164332839074617 -0.0296709435166516 -0.00645511207851061 -0.140437767089465 -0.108466562556193 -0.296564986826339 -0.188204697773417 0.0989315428927417 0.159677377152179 0.306672625483035
0.106076662926084 -0.101286010521773 -0.118459848650623 -0.27678823313034 -0.10587878134076 -0.23563749689826 -0.384305670994321 0.153698194255777 0.351278670564744 0.219929781665996
0.103908749117053 -0.111410961228458 -0.12511098141671 -0.277581715097959 -0.108663834410022 -0.231482451024953 -0.397267618731118 0.156534952940444 0.369855940918881 0.215061370423618
0.0840361424765072 -0.124417200267631 -0.137338182438073 -0.207291068779451 -0.106895921597542 -0.169413949784189 -0.39614056353947 0.158073015557794 0.381147276536209 0.210525278219011
0.106718877476543 -0.0786153490520826 -0.154505316931566 -0.23707902258348 -0.134626168359727 -0.166966161440018 -0.412334957578559 0.193665756207312 0.372945464143244 0.228259794255734
0.29685674573697 -0.168267428610922 -0.00877696485852929 -0.0466633371329596 -0.180523196856066 -0.0732285917299893 -0.324838873662376 0.208414521221388 0.367534233538261 0.162782997484753
0.3508740504951 -0.230780834220776 0.041779796267458 -0.0346356651248923 -0.100582668133788 -0.115514310621025 -0.243919245331389 0.275432774296106 0.318282236419872 0.217391556338752
0.256568312986841 -0.205168708311035 -0.00719094940574427 -0.074795460896752 -0.0999152335574703 -0.130152594866858 -0.204901106727139 0.281606484039018 0.29786848045818 0.147580724912599
0.258682148836876 -0.175597787154297 -0.0230807230827392 -0.087468950814665 -0.106914240194542 -0.132698182762104 -0.202127073007948 0.266051722854283 0.317766461426834 0.173118101777435
0.299593969723778 -0.144706526049316 -0.0140042794522192 0.00335813523072086 -0.0993677955277345 -0.149879254882679 -0.243505570443771 0.187740863811881 0.358093893597909 0.19578942343891
0.345041396065354 -0.195562037579815 -0.0215377026020964 -0.0784666312188062 -0.0961153190667063 -0.0950720248692704 -0.184604727832245 0.219343923950563 0.314134806825743 0.201103243877799
0.345161266090859 -0.127539157420036 -0.240400352018934 -0.0774865010663881 -0.106689648949306 -0.227519314616036 -0.197144081761603 0.0289774693541273 0.123360732822999 0.243974204164187
0.356350413063596 -0.192499205257617 -0.253170524066617 -0.096089929132322 -0.116441142580708 -0.24921366926335 -0.148596056620684 0.0505776835950582 0.166055296013283 0.257332492629908
0.363607904748969 -0.104300245870602 -0.278303754307047 -0.107369193557178 -0.113083815469727 -0.226879172428767 -0.151361963574727 0.0420180016813321 0.223243430690961 0.246987447631576
0.357656769912993 -0.0955277217608777 -0.288091222013178 -0.111558621951728 -0.126774251326268 -0.233183028587653 -0.161186078804872 0.0405035926774079 0.224992198108305 0.24728812999355
0.389363572447551 -0.178966983826017 -0.209979388723148 -0.130550331498676 -0.0731855429549371 -0.216571855610953 -0.199325516371898 0.0653797118833197 0.1490603726341 0.23530190063053
0.40561374470919 -0.178760137110422 -0.221357205155737 -0.154798500412 -0.12814906953016 -0.247422756174344 -0.188265300048272 0.0931836913073968 0.144694357402819 0.217091232150824
0.398073038931193 -0.188933670173374 -0.245063379916103 -0.150496379504818 -0.127204634159666 -0.202683329832299 -0.203693192621984 0.0743236046169387 0.135563294891689 0.200615445563699
0.310590711686214 -0.261896954458782 -0.201734345953321 -0.110734932198377 -0.106011433543376 -0.234481942039375 -0.182656978645822 0.120524675648358 0.165452357350648 0.243316034138886
0.374097444726548 -0.171014876777461 -0.198003684566508 -0.18408175195945 -0.0896159047389668 -0.227571904016765 -0.199411085481967 0.0895259307075468 0.168255570625539 0.239972151175635
0.337315057494467 -0.173015754098233 -0.198591596950166 -0.0722725947419935 -0.13235067461094 -0.297964860134533 -0.175599291372314 0.0790261137018037 0.225075348591395 0.274511465159066
0.290366819326877 -0.186433250166668 -0.221020224185693 -0.0136494999298541 -0.0521667995876121 -0.344273563763545 -0.234332055752091 0.00385754103262212 0.221990957064498 0.228676872972442
0.352021287984013 -0.192839131224489 -0.245344670605358 -0.0171553591285335 -0.0656739338244128 -0.270809340459839 -0.227638424152947 0.00463426559262216 0.254540128546361 0.221423311866118
0.244642067493024 -0.0845427420194412 -0.103822949343999 0.0853126502542718 -0.0506962657877702 -0.143315973294057 -0.131024576741393 0.243227340985268 0.331959668691587 0.282855165143024
0.247584233438244 -0.107900811546073 -0.158282874667373 0.0448839053140933 -0.121527758803537 -0.150864523898324 -0.246781697302359 0.177298552059022 0.360562902899826 0.289184759437647
0.274125298000159 -0.082913737698148 -0.155054372193009 0.0845040046787595 -0.114660823944796 -0.119484042142241 -0.258141832225097 0.201906008986084 0.400488295737138 0.240125875764715
0.261299053449322 -0.110394950780443 -0.0371735498552061 -0.0975108738559995 -0.0734586897056995 -0.357604961776004 -0.115313682360895 0.103223938663502 0.271723353939256 0.301639702437423
0.257491888347948 -0.0824623362980556 -0.128679139361965 -0.166804141988707 -0.108746726831756 -0.341842383526325 -0.135389221005672 0.109878786103405 0.184642606164304 0.246677152981833
0.241593068506876 -0.0516695282042814 -0.0845703548856073 -0.179380557423361 -0.0651490200012041 -0.345703004863345 -0.0898523010306362 0.15388399902906 0.186372098690968 0.338446415304051
0.13287958895556 -0.0531618148044571 -0.15403842741926 0.0291927191422728 0.0588883441256497 -0.331424895115525 -0.181416519075023 0.20590693023529 0.283369895958219 0.275071107961697
0.213181610081354 -0.190998704541417 -0.182330299084986 -0.0395155273893769 -0.0155169955959819 -0.375894571143378 -0.15866215878521 0.127680583671391 0.257643773115073 0.253329805988078
0.109433118252543 -0.14520845299209 -0.20377028741301 0.00227351233240101 -4.28647973610176e-05 -0.368721122935895 -0.120545154650416 0.126572948354454 0.256262115639969 0.219473057499605
0.207810887953889 -0.0988448479247533 -0.267712437157221 -0.065165830850355 -0.0945102820009769 -0.26000478216229 -0.177188590146298 0.116414887536334 0.226669132876692 0.270998799984976
0.255464483322907 -0.059066673032108 -0.284807732547052 -0.076222298401338 -0.0803413962755303 -0.270253134710081 -0.170404117684652 0.0822683272302275 0.191591902005375 0.227493910994671
0.179258914000713 -0.0686147022054209 -0.195163550597118 -0.0905068409678655 0.0350227116774637 -0.235916715148354 -0.14083801271144 0.0361583602787623 0.224968555955382 0.196516435203577
0.115495095015707 -0.120818093898989 -0.18818550263813 -0.0789437456037462 0.0656816058754107 -0.207617881970754 -0.16949865463005 0.0680695870742272 0.263304147544335 0.193763379428674
0.153978376341925 -0.142877279389039 -0.202993421224942 -0.101145410521395 0.00459744857400379 -0.22256492824316 -0.137110247901212 0.0598448020009241 0.248025569392057 0.250219371478715
0.158143077221651 -0.0754440516885648 -0.209458590736943 0.0127364348747744 -0.027450007001806 -0.322078528490262 -0.14988930943063 0.131920425231121 0.1637555858363 0.235549045802914
0.200361352382861 -0.0845048275289343 -0.259974354364825 -0.00764492260469423 -0.0704185710666521 -0.26033975104517 -0.173159082642475 0.199441361298164 0.262543115626405 0.259136563904018
0.204075896508327 -0.0880732334311504 -0.257717483271716 -0.0273232321629052 -0.0917753008780947 -0.251838527692718 -0.186570791039533 0.226793950761922 0.303025840830432 0.23460741676207
0.250458693425317 -0.0880087238598296 -0.234241914700884 -0.0343945053010235 -0.0384988239866995 -0.256223185237534 -0.138964895984134 0.172652884349788 0.207617708197927 0.236204197256391
0.17308839475307 -0.131987657855959 -0.283264862629514 -0.0666916704886478 -0.0335032109517856 -0.245601312849346 -0.133305324842877 0.183539512901785 0.179547519426268 0.2691475676915
0.272035848992526 0.0211172264511078 0.0601937197228077 -0.137317033057449 -0.216195599896821 -0.379474652993175 -0.124205786156465 -0.0069795990514299 0.33190752185224 0.189218935721991
0.230379474041744 0.00267052381554749 0.0666664180466178 -0.0958775232230763 -0.243085559528284 -0.333638232036544 -0.0768200663289218 -0.0593602850677338 0.317430719528142 0.203138604203557
0.17034975627471 0.0328468682629841 0.105984206538423 -0.0211372398374374 -0.284577002858752 -0.524401896997888 -0.153526353605471 -0.0644902765503003 0.216846688025326 0.355291185931253
0.135868041168812 0.06406434467884 0.0264124816867128 -0.036356803871801 -0.295745709916767 -0.56978203360233 -0.158749894235407 -0.019035957846905 0.242756895632409 0.309214544320645
0.148880318707428 0.0148654951774444 0.0628873667513138 -0.00618529043671764 -0.281695649035542 -0.568643783918759 -0.146068868378251 -0.0632662510524749 0.225904243897692 0.325650783992213
0.19235334524847 -6.5845590282813e-05 -0.0778180202530425 -0.0633132475424072 -0.406683589637916 -0.121557475297322 -0.111188241665674 0.0251929865615772 0.212004687016 0.0254875741939626
0.150504434541671 -0.0402696486402734 -0.157059441859625 -0.153237904864422 -0.251545357560325 -0.14426905208198 -0.114023374516508 -0.0532892242063728 0.245277216576578 0.213311139951263
0.165020394229992 -0.0496032192044764 -0.0116573323728645 -0.169334319365672 -0.261793806655071 -0.26927664920185 -0.142467051833833 -0.028684672159682 0.201206481919847 0.134658391852269
0.0989708780944757 -0.020800339302061 -0.0537488607410602 -0.175293442345506 -0.388982374269896 -0.274499306103262 -0.144520727403793 -0.0538560049304135 0.268237988403933 0.179722602033795
0.229922748692531 -0.0467692753085948 -0.0624762787250267 -0.220795348157208 -0.342684223648838 -0.308188457228836 -0.139998670647014 -0.0228578520676204 0.24614685052126 0.176409736267994
0.243249438549696 -0.0382740689687359 -0.0879965773044375 -0.165452244813573 -0.357047347299455 -0.321842066487245 -0.118870518201802 -0.0708417741059657 0.25025691916792 0.194239710732663
0.175102348122356 -0.0660638674543017 -0.156891515674187 -0.220078083943764 -0.351635663249539 -0.248455820338817 -0.106853337477791 -0.0101513445829578 0.215091809095897 0.214402779395231
0.161195816717221 -0.100822462454281 -0.102168063567801 -0.241003196780419 -0.392118698996574 -0.242719433980345 -0.134755977314038 0.000619516625171622 0.233380282021524 0.227307049567824
0.173687072482971 -0.0775501759263228 0.0348812722606535 -0.373700544366853 -0.392168232306761 -0.165899262192912 -0.246733849109583 -0.0469411687278679 0.306103790868362 0.241117623003364
0.17904737431926 -0.048130214790612 0.0223266826148969 -0.294082039234342 -0.359467904996514 -0.133083409069834 -0.279883741026988 -0.0494822621201457 0.324861828331161 0.230490120255433
0.0981247537979069 -0.0537094515452609 -0.0870282062321782 -0.341326008332725 -0.26849633897128 -0.126697536251852 -0.191484612560097 -0.129888614682711 0.280690032029596 0.143006203229346
0.19151032901729 0.00514497257571251 -0.110029901280471 -0.403076376259577 -0.261661652882916 -0.0945570431147465 -0.198473082948586 -0.0689254058978862 0.257817493217836 0.111799388124651
0.147022063373551 -0.0325308819983338 -0.103588383574747 -0.333274191021049 -0.173776349606087 -0.126144011711731 -0.116805665413384 -0.100419371635626 0.23039032151594 0.070487161435526
0.152678708475036 -0.00485683827561225 -0.0900045172195422 -0.315566277966084 -0.238892760043658 -0.10920273067649 -0.149791415292856 -0.0924026776642101 0.15981437583145 0.105152862539505
0.196704809232486 -0.0669549705300291 -0.0311086091905178 -0.315745706964364 -0.272138129703783 -0.090384100734609 -0.190055256740671 -0.0990584727682022 0.196798194917895 0.0983372648557355
0.16063744768672 0.0173246828362012 -0.00636764006034787 -0.374069272435004 -0.19647974158529 -0.179863237837321 -0.220574991182566 -0.14426592566061 0.228536333236564 0.08463944274589
0.183328221658938 -0.0398966216612322 -0.00945944050364099 -0.458521571326092 -0.173229432539165 -0.167332165049258 -0.266140693033745 -0.090245193312354 0.27529666796561 0.151994558792384
0.0918522168454228 0.00819820363026107 -0.0319197381134869 -0.324681981064791 -0.218872909288338 -0.169347085142191 -0.228413239138526 -0.126321281565593 0.233314630140725 0.0921904386695358
0.161913175360856 0.0556541410303394 -0.0141125285531675 -0.410780154587806 -0.247000330646072 -0.180337002706439 -0.220674989231181 -0.186631522002157 0.214199750000128 0.08528053190688
0.157629984329721 0.0234188387471721 -0.0367843742211387 -0.371238820070628 -0.193328230420919 -0.168229595362822 -0.243940010998799 -0.0947214671286494 0.168539589619265 0.052414165546299
0.305881906857458 -0.197390016429041 -0.0121986679754322 -0.458869331296478 -0.0785063655396613 -0.192210474780662 -0.183841908266178 -0.00599329375859728 0.350805220750868 0.104923598319712
0.35480025152784 -0.20745172037453 -0.0853271766013413 -0.405360661315118 -0.0353233855462257 -0.168364038195892 -0.212701826972841 0.044791515469491 0.393254383562225 0.135229854513961
0.38358553538729 -0.241906639841525 -0.058115594460999 -0.388500292292638 -0.0402675364471325 -0.12673088966799 -0.238901217983279 -0.026589983292794 0.407915775257519 0.145569130480433
0.33511690103935 -0.111050437163754 -0.12725812988222 -0.401888351695064 -0.076223745780555 -0.406860771321393 -0.146577143761654 -0.137998029382667 0.266797576679856 0.0314012966929473
0.327270241310192 -0.0994146758871688 -0.092973743913216 -0.385436653292406 -0.017297914633115 -0.449916149277064 -0.178042610659984 -0.0844993728139364 0.285517002110352 0.0388936026817628
0.381766603526067 -0.178972155401692 -0.0176851840274612 -0.428346807718451 0.0134974133294398 -0.409923598582805 -0.104406339504963 -0.0869659108379936 0.288531115118398 0.0724779348421982
0.165080815496358 -0.136499416955362 -0.117594912826467 -0.335619536465084 -0.0211186462135561 -0.197319982199854 -0.0685019518250661 -0.0813458557173216 0.372491169484898 0.10804688850675
0.212995830267513 -0.184211564270583 -0.127029596144722 -0.351316126184059 0.00766068262751776 -0.228011092685933 -0.0454217771019309 -0.0822911758813408 0.40039285664388 0.103144456008596
0.224409739467439 -0.163699695934895 -0.13541028481514 -0.318163411435048 0.0154066116580208 -0.308199657968897 -0.0490344882959443 -0.0933435532553258 0.362518766741848 0.11799358076979
0.165371585057226 -0.18618492070575 -0.0544622805698735 -0.323083508997178 -0.00166056494005993 -0.342556874492467 -0.016523600535268 -0.0273027722441624 0.382080967908355 0.114956695776217
0.244651376370747 -0.215691230434537 -0.0239553059009512 -0.285045082075786 -0.0117410117321153 -0.305912866189386 -0.0569036555241185 -0.0157698888130072 0.368997766639874 0.152491151000826
0.410083098061211 -0.282074530393787 -0.0486148919737289 -0.349098579626894 -0.210914723607187 -0.285245578599769 -0.127991359770085 -0.118351552110993 0.374405333066747 0.192930547352986
0.430205329633899 -0.27207820900391 -0.0168297745501975 -0.360333884499798 -0.184469551891658 -0.237308682338495 -0.134787792110261 -0.130806879164153 0.340320155108456 0.24008679523636
0.401169027587337 -0.270151506727597 -0.0227994950363974 -0.323236256688092 -0.196722273856321 -0.310761478196871 -0.189287415004334 -0.119394449686301 0.37007692413941 0.249822338894154
0.493599981875185 -0.143688775076038 -0.119477694884365 -0.34857450118092 -0.179461927110176 -0.374903100236118 -0.13145573671905 -0.101704591728841 0.442488338590697 0.170935476009077
0.353171933836414 -0.163522927178661 -0.129368849348351 -0.357919847545397 -0.165633921097487 -0.229221760877695 -0.195074475188792 -0.169168564831454 0.428008818245038 0.171096652627874
0.427274091339 -0.162047308768051 -0.0540111670308621 -0.334502104893068 -0.167130417605803 -0.245686319956072 -0.189465632400715 -0.116742528268927 0.431239859551388 0.212332875391722
0.285138568022953 0.0501087404967537 -0.11078074389754 0.00130549578980423 -0.280935550516715 -0.299272396808107 -0.126923365456045 0.0540768396881297 0.374989065545389 -0.0130706959518583
0.212367101039339 0.0252244915999481 -0.147890343218594 -0.0326287816539581 -0.262126876595726 -0.290031458781824 -0.151087851691202 0.0675652561154717 0.372706320987498 -0.0220628728815095
0.309628432819169 -0.08759782071382 -0.26995709641183 -0.00759087023052427 -0.14801289913431 -0.209514491874798 -0.102619296083764 -0.0167697246325384 0.469911156842046 0.257277270556597
0.352001757181657 -0.101241552189633 -0.280778000164045 -0.00495156253531919 -0.163313673237786 -0.223636562529759 -0.10797097857784 0.00159094962814409 0.46268540563921 0.260418732786463
0.300682482120343 -0.119565225488297 -0.228183052813798 -0.100439141308269 -0.254219632619183 -0.269924920259652 -0.0333009378341957 0.0204140391136347 0.444660052380065 0.289592868970703
0.266788611395803 -0.111843908577111 -0.223873073830047 -0.00100466421353984 -0.221927597623245 -0.19213603951035 -0.0891660508001996 0.0750732302551746 0.50419755501893 0.231925636437617
0.283374890187772 -0.0867542353402975 -0.196436763879241 -0.0217707332516354 -0.238419623048147 -0.183383260483631 -0.09005535673324 0.0492223958332615 0.477989605496721 0.220119757703203
0.316096476599947 -0.0866168977868485 -0.246088611196925 -0.0624915297325729 -0.340540125327215 -0.272299015628304 -0.0731540340315101 0.151389791853047 0.287759491723127 0.0836177699348831
0.241378452110515 -0.0489546537169871 -0.237673200264606 0.00929537419860147 -0.16208995038005 -0.374290719259653 -0.214931709185593 0.14313861889579 0.34388041869556 0.159734670909169
0.267023797412834 -0.0229080207264897 -0.263418114639086 0.0869589363217624 -0.18405984233365 -0.384401222074342 -0.159120132604739 0.143824864628626 0.314325912614273 0.187342554770326
0.267583796034581 0.0240021124162967 -0.269971397360801 -0.000793073808068118 -0.137946975352776 -0.368329719754975 -0.229792034643738 0.152660666991694 0.317423063712666 0.168483242789977
0.277554724726136 -0.127501046242882 -0.259032176785032 -0.227744421152505 0.00896469535375915 -0.556456621555565 -0.114414703901012 0.21819098626185 0.246394280418887 0.17428839636884
0.293671144035409 -0.197634992948135 -0.0398030234035864 -0.245787254910336 -0.238265886358903 -0.482389997509895 -0.0746222652727822 0.156087198465346 0.211553419626642 0.0342753040168101
0.364013117761275 -0.23297102337532 -0.0528566075728844 -0.210800912746142 -0.379784828660207 -0.38816416446722 -0.0555539358218114 0.207410364327996 0.308492055470088 -0.0610243974011284
0.292744598931521 -0.247641991472068 -0.0836271543194596 -0.251941175503454 -0.274873684368812 -0.414751256728294 -0.0123759005770674 0.11263202108588 0.248495847022125 -0.0198671328038909
0.252441556361061 -0.173947484418537 -0.0185994081294542 -0.143169045495439 -0.273420148206941 -0.392163774010823 -0.133100837600908 0.256593693701453 0.359135742073375 0.0210386417538621
0.366743343599918 -0.093505899877315 -0.175843845893445 -0.0993921635512928 -0.199771269700756 -0.407743631118581 -0.217313085312885 0.184201985074716 0.189931061650407 0.0413725784905705
0.376389833852894 -0.151586310416207 -0.178601929164614 -0.0726481153153343 -0.195087925719231 -0.387779616535651 -0.146521006935531 0.198888235635977 0.238290551791314 -0.00556175997702977
0.307503477243847 -0.202735302315733 -0.1315628918701 -0.276840451884386 -0.300706471980268 -0.307938658871873 -0.139131802020286 0.150596583665696 0.375771937565423 0.0397147021891651
0.322977248056755 -0.155635258817364 -0.0604179382251705 -0.175090218344361 -0.344330670689459 -0.276181059560902 -0.120950033393846 0.122544348692842 0.278565186438239 0.115668068654202
0.156327104613099 -0.26208679205941 0.130382269373026 0.0967844398420707 -0.0792267057684782 -0.528606625438966 -0.164125998620741 0.0527361943481331 0.310731326218075 0.344185076115649
0.178892980264394 -0.172718280475963 -0.0185807254407249 0.00742894896663371 -0.192390137321739 -0.449848044017888 -0.290042491614678 0.132598520201706 0.334330658232218 0.206736256156307
0.213918340863271 -0.163201560954907 -0.0377798037543424 0.0254130444547522 -0.176121460571701 -0.441549683848001 -0.293901497778745 0.108257964490344 0.347368138587056 0.185538257658412
0.220244192142619 0.00462609292866356 -0.0705414889607471 0.0674856766083108 -0.300187499010865 -0.368694722158286 -0.239667340739942 -0.0927070594322937 0.253096123253971 0.0155448283245731
0.162072860911728 0.012831657248903 -0.000719914431053742 0.107926651500295 -0.282630648219592 -0.385524584661922 -0.199380465831889 -0.118553452701386 0.290146669740523 0.104633806591202
0.155550799512523 -0.0538452402062754 -0.00190977822732113 0.0633070660624957 -0.259617736105236 -0.325978489677931 -0.241030543199633 -0.0396357888663444 0.311888710517342 0.13853430131273
0.270325553394348 0.0130460396946976 -0.128699288598798 0.0240170806954271 -0.281947863473229 -0.422545389366062 -0.191689268142949 0.0292012055724284 0.21037041634391 0.138252088528631
0.210817290764234 -0.078882109464594 -0.0982409492317118 -0.00254003075689764 -0.344292453262427 -0.413847150858497 -0.150307646106803 -0.0866528032678777 0.241752997563977 0.144456827305006
0.0970519987504144 0.0415020038612398 -0.17209558178168 -0.0259675409384709 -0.0993879255573938 -0.383912184627896 -0.197514312754043 -0.00362838433293482 0.424252584883748 0.266429029876236
0.259997559036303 0.0124518618805991 -0.16968949331728 -0.143450602004883 -0.211177119974164 -0.314864958202063 -0.186237948587702 -0.0777979368676516 0.31053488709656 0.170016279520134
0.249613397710725 0.00138919831874307 -0.0997454645653143 -0.136141087507086 -0.0986622673566956 -0.340416015406189 -0.227662544042625 -0.107720979796617 0.275326455086844 0.263751064433751
-0.0584878464698322 -0.206117940765004 0.0729648853155512 0.0130386908175217 -0.357640001927662 0.0191788132051798 -0.321374528019714 -0.347821508847583 0.455867755013653 -0.095091561277915
-0.046244245414067 -0.17738332516352 0.089505495494704 0.0676353457444171 -0.374284581025336 -0.00521112040666769 -0.295533740728261 -0.308493711731275 0.455774144670498 -0.0761504984713399
-0.0273966785083995 -0.139126324319697 0.0232640232759815 0.0454680212112632 -0.343241770670785 -0.00918546108366886 -0.307556313377505 -0.336993741530875 0.47388448695422 -0.0419233664910534
0.04010410583581 -0.0884194465251722 0.156861186228809 0.040432935871448 -0.45041687030229 0.0503807855155247 -0.280770552395345 -0.318636065231863 0.503910800012012 -0.117068742368785
-0.013048134477031 -0.132167737809079 0.180134335193879 -0.0406584007365697 -0.359121011674605 0.012800931545038 -0.249528705060194 -0.279818149734429 0.495970606388906 -0.0370707687289688
0.0730905888300604 -0.297474334324894 0.12004181633479 0.193294437487682 -0.210150368289565 -0.0478984927823524 -0.284163953918229 -0.142583362190866 0.374773644571922 0.0446399745390751
-0.0792946454116966 -0.199457709670304 0.0857119671561961 0.0729746336898095 -0.268459670104405 -0.124862258635525 -0.346691532745265 -0.100452066900588 0.336573956714458 0.0821857229810365
-0.0761208196673846 -0.237647998146269 0.045596638581521 0.0816708251360767 -0.229863780659508 -0.159600150107788 -0.352723851411971 -0.125861864705785 0.330371525730221 0.118196510696222
0.00265901064073864 -0.180825409156401 0.193606527182134 0.0930946283177183 -0.235934321944006 -0.0989717453470528 -0.287878461776489 -0.127206430898523 0.519957186786976 0.110842250817812
0.0210525578898918 -0.233060551085188 0.215302053664236 0.17397562584556 -0.207228205138458 -0.0843748154512459 -0.326317394031815 -0.195934649211222 0.586524701714282 0.139697413675308
0.0595339017607696 -0.269299603732791 0.174098295376364 0.092537264659912 -0.240426449564792 -0.279278119231352 -0.307734709698699 -0.192621327896138 0.478490563486781 0.110462987918158
0.105716321381712 -0.195660142253689 0.171659364656202 0.133933480747419 -0.236900085092853 -0.277766134962749 -0.29226958909441 -0.19155865856761 0.463917784740012 0.133693860141731
0.102302017921846 -0.209030877209332 0.175107665001939 0.12768106644237 -0.236698135614047 -0.259220527061079 -0.318273623924834 -0.20619188818993 0.454845955875069 0.124227203031739
-0.107717207447649 -0.249023842950106 0.226118090403923 0.101512491189735 -0.218880750389984 -0.124761610443508 -0.32965945820038 -0.172006962115231 0.394411777032255 0.0262986928224901
-0.0104833006389281 -0.280967106273367 0.127075784920339 0.128843910839147 -0.149954569993884 -0.128133055452492 -0.308663619754023 -0.159103198394083 0.529768721597796 -0.0163260674311843
-0.0285638292311605 -0.278767092973057 0.0725510354866761 0.133838988272949 -0.131005813736553 -0.0753294939760784 -0.298681231194631 -0.156580937877589 0.528369485005403 -0.0719798166750562
-0.0953788076367504 -0.178375693668175 0.139946164014066 0.0491173494262536 -0.01158479260633 -0.23396939122805 -0.293093537311312 -0.187616171901612 0.337014882341472 -0.122500643673695
-0.108213691977539 -0.219544654997104 0.143881917557577 -0.0123091321995946 -0.00812673923405667 -0.216027630006756 -0.305573163890869 -0.171729457970961 0.319334532142452 -0.0543567854614366
-0.00443411957728886 -0.189072510473637 0.120537568439254 0.0354606214348315 -0.294044702468411 -0.184900362218349 -0.282337060255171 -0.141354320364288 0.305427509600083 -0.0376533689412233
-0.00727811480731222 -0.140241030886032 0.0762859240167244 0.00336709609603793 -0.301453751204982 -0.238808409613876 -0.285412478969285 -0.142479794702836 0.280355317428544 -0.0551141138957022
-0.0614491966600737 -0.0983765398051512 0.0495395648442638 -0.0875086893245224 -0.195135371605959 -0.195787384468535 -0.419848351655148 -0.141998090329723 0.348597714646274 -0.0828396956598745
0.029262420695589 -0.125608595266949 0.0983890207446577 -0.06421391935025 -0.256854891595413 -0.201060509144352 -0.38118456505015 -0.101985527617319 0.295148117261871 -0.0665326890566784
-0.029890115602065 -0.0961915647229208 0.0782903855735319 -0.0372508903481209 -0.244739274698997 -0.154390531999627 -0.351562856694177 -0.0503666065229504 0.329547324219976 -0.112932736225573
-0.0904730778811306 -0.242290937287502 0.223245697921479 0.144931670031888 -0.317015984006273 -0.017750060587694 -0.221951067318262 -0.271015690470692 0.34762414317008 -0.0116034516214086
0.0220893878883539 -0.0410422616953682 0.160266570884649 -0.0972428997970837 -0.129186272221743 0.0979148124818826 -0.30906004824934 -0.0751443651520011 0.342008712701134 -0.0287507336400117
0.00603669232379324 -0.0320227482839951 0.169013302477851 -0.150698170537323 -0.12269267635309 0.132012926716202 -0.288207569714272 -0.0878118144328524 0.322338012267335 -0.161048165221613
0.0355016782121462 -0.0555837189343475 0.217991506748154 -0.133793945633013 -0.192472662475218 0.125427526794098 -0.255165039001983 -0.0487595674710868 0.360658365228085 -0.0597826669594321
0.0343015114806146 -0.0483880558811737 0.310496767569004 -0.0533107438100889 -0.120820657831016 0.109791759652176 -0.275222197830315 0.00113642557139628 0.36262444597048 -0.00909739048915478
0.0246357688577776 -0.0567017126512469 0.243281027153381 -0.094041069068054 -0.107741226209474 0.162394133230991 -0.256395633649768 -0.0999869486554532 0.295463391048488 -0.0218541130193891
-0.144729216596217 -0.254085909224192 -0.296005962553878 0.0570405882485523 0.193055709245473 -0.16300968370908 0.149730978948961 0.0305101617005735 0.0764763672856354 -0.648586965138823
-0.138332573920475 -0.246453626360152 -0.249661977203912 0.169126931245716 0.0804618235770777 -0.161845051736857 0.0906995211087089 -0.244388786883412 -0.13944962741198 -0.614942893917071
-0.233065000266764 -0.130109398000898 -0.345860686684382 -0.0463119206410188 0.103811754342997 -0.0875899790760643 0.150824161538519 -0.0436006359441908 0.0456409024637818 -0.707627452722393
-0.251696837275792 -0.184133735132182 -0.30289362544554 -0.0337385032814074 0.0887047276368811 -0.0222045165126317 0.171210533953349 0.0277197789514242 0.0104705027928014 -0.793757601141548
-0.284139055767859 -0.250723949833448 -0.298053173830621 0.0299268401410263 0.176287609535375 -0.0543045786540237 0.311341005785585 0.0245188427540455 -0.165514895003708 -0.611580236635075
-0.303989770131639 -0.221891519287517 -0.366878626528938 0.0188399066267936 0.166856052777556 0.0794395150763814 0.3545170372509 0.105507584351068 -0.161862722497285 -0.631122765352676
-0.332607885096339 -0.240189657413298 -0.329264387465747 0.0441824902004137 0.17487326114336 -0.0377627418027755 0.333336916838252 0.0660102685853926 -0.0874368703448582 -0.547712729489379
-0.311737224902966 -0.214700520800313 -0.365156249659218 0.0204446859825421 0.159141184508215 -0.0200049080646769 0.301315705689937 0.0848806724877837 -0.128811295993042 -0.572711008339202
-0.15921597600532 -0.0228681660560259 -0.377832921303561 0.114744966788476 -0.0215498851703694 -0.0339293743217462 -0.0256787920934161 -0.0910672697693031 0.15132151820988 -0.410246247674905
-0.0246783302959042 0.0969263395972317 -0.191092218712717 0.129558623431825 0.167886433610487 0.0192494246495978 0.206169272490038 -0.07251085583494 0.291918980639274 -0.528361442400442
-0.0334447974380999 0.115231232746673 -0.23563233775404 0.339555467440206 0.295367387276676 -0.053140615490893 0.26085081616434 0.0354798219390817 0.190223544667622 -0.522519264235345
-0.0733746800286714 0.289605735855337 -0.305939493814323 0.227380246762457 0.0856901609779629 0.0524655311233012 0.171366133676694 0.0320286115698912 0.0506180947744859 -0.427248130957988
-0.0738681140726205 0.120493075313183 -0.218095457372978 0.2938512551462 0.181419994169586 -0.0405580475803805 0.0121757574315254 0.00246804061614295 0.105709038978608 -0.553310105518339
-0.0302593279857381 0.214417719008821 -0.28281213460412 0.0380226457196699 0.214515108736895 -0.166423249997667 0.175937224086542 0.0170409245529337 0.0690159555854971 -0.442366196804703
-0.380890269095461 0.0663843434664047 -0.20839184287669 0.366715655562858 -0.0136274499111809 0.330941872980102 0.187100388881769 0.0843750947685295 0.175389531850519 -0.518580510550315
-0.347245446965664 0.0572805777156931 -0.220099893044119 0.334272609380533 -0.0826371843790707 0.283593446214694 0.205407642937174 0.151192176476371 0.20232114891981 -0.644574962013965
-0.318443317708668 0.0697409211634793 -0.22840253521247 0.349587498416559 -0.0880593510766067 0.260490835104057 0.190343015519048 0.136579493584396 0.217876661776049 -0.631182999396636
-0.30593477168906 -0.0969634130348105 -0.256193954645451 0.338497079574708 0.245718572952175 0.107275025752963 0.527992086272294 0.0533530841442878 -0.0456624260976353 -0.60613666500877
-0.306216815242976 -0.0317274067732457 -0.266071731206249 0.189441381839039 -0.0243610495441567 0.135177740496517 0.417232980434281 -0.192385044274915 0.0292859880258058 -0.457678718156704
-0.202304720541944 -0.158762783503984 -0.38173703770686 0.376976219443855 0.206407673188788 -0.125634072160156 0.456020527227905 -0.0689149993485965 0.431579259152963 -0.590351112394127
-0.168998910802421 -0.0720432933264493 -0.336521103150825 0.393535573235373 0.177573396496151 -0.0688068277458073 0.474571708438039 -0.0828865192212875 0.323227590801181 -0.517090200206626
-0.064262983382585 0.146332861246071 -0.379583096063612 0.380929531928601 -0.133013028240422 -0.0471736001515474 0.298735022801706 -0.100072687212271 0.173002514153369 -0.679331134799434
0.00198094820808605 0.152916446261291 -0.43034193090677 0.507245004097516 -0.154238820011227 -0.15814023992331 0.320529229188901 -0.13882660309979 0.220763516867705 -0.693848300966886
-0.0392778973227626 0.184427180292684 -0.304904474286748 0.381525251478473 0.193643690871674 -0.222092461498259 0.194102113544572 -0.247179643285337 0.221082550568765 -0.484467308883118
-0.179455024393647 0.194653094547759 -0.323997570873783 0.28582869727271 0.147114824806972 -0.241290518415944 0.105378588011982 -0.108773884482939 -0.110087571487217 -0.392758450503733
-0.148316112900161 0.21484048777164 -0.285271142975798 0.412048373499388 -0.0742980644557307 -0.238864567480339 0.310045150545997 -0.00862960716705633 0.196570866497404 -0.433503350506146
-0.109444863587368 0.200791816957693 -0.257591272596825 0.47107692848915 -0.0725082468544603 -0.207617342153884 0.235475454978857 -0.0275100990277092 0.198962645274452 -0.393978654227235
0.0386712639378655 0.117794574843454 -0.231006945440898 -0.342558582420538 0.163904870931518 -0.326120372865999 -0.124712143003315 -0.0706005282037408 0.00121448636692163 -0.42629660954508
0.0371350521470266 0.0952316331247185 -0.200749317095804 -0.359099607004978 0.143668515265363 -0.299769988003947 -0.11104467495044 -0.021047693380913 0.107889117467854 -0.423338743322361
0.0408023302442782 0.141975466985761 -0.181230484374994 -0.357616108381313 0.153516365097122 -0.328877169689458 -0.0961788117336103 -0.0026626252954522 0.0995063771829842 -0.404847440171486
-5.25691359090641e-05 -0.0807168995819435 -0.227692481850368 -0.489806698568294 0.27484733611131 -0.299646184020649 0.0224245999682556 -0.101399180225286 -0.308785680175302 -0.0963702258240772
0.0777175590084804 -0.0742394460270389 -0.212475286424167 -0.449560357826186 0.396566065757979 -0.253838723707222 0.0560478038369312 -0.0779005435711777 -0.447085529734116 0.0649364970663978
-0.00505147018834419 -0.0420869500459011 -0.183588024379716 -0.459325530564182 0.38251833751302 -0.247904289304996 0.112335270020276 -0.153961045764615 -0.448312869400886 0.0700920815059749
0.0420832144546415 -0.16132930580072 -0.110386705857382 -0.406052335200195 0.494293316734008 -0.289990358176451 0.112596937933143 0.0265914544281629 -0.558973717400019 0.179228786568308
0.065677340873605 -0.106688923880492 -0.156907380599947 -0.418896116418981 0.476068152240276 -0.29094984808916 0.056275296606892 -0.0286248877118878 -0.546337002276211 0.0448333758390467
0.0615613526849577 -0.0713246085993355 -0.0865180831396723 -0.400955385142485 0.453354957815048 -0.309609267729214 0.0785500116799834 -0.0718114745464639 -0.568020059829593 0.00818567974033494
0.0526869430045536 -0.059821259115444 -0.141461001091515 -0.388069558280721 0.432345525554176 -0.369724458228583 0.0681012836743378 -0.0485235477113959 -0.556668151423479 -0.0105154929497684
-0.0691498725663125 0.0324963535160711 0.138331843707739 -0.464604304546506 0.29396558321836 -0.258349194455378 -0.141563155492634 0.0852722306543869 -0.50351405118394 -0.273253801686031
-0.0515481058812915 0.0196947304007216 0.00134707006402984 -0.490772447113393 0.335928201074643 -0.211076764696842 -0.197088387496702 0.198860903774861 -0.450116513935086 -0.308882749771757
0.0214223898584428 0.0715592434063482 0.103188022364871 -0.524865809488113 0.313238609117048 -0.283809168889953 -0.208075589617734 0.110266858155886 -0.474519097484969 -0.311848841679052
0.0889121965931113 0.0252895581848117 0.0700028355623079 -0.456940032042373 0.328656428780872 -0.280903612039935 -0.215781034950875 0.125143843930741 -0.514279418778521 -0.303936809518322
0.00960671072839864 0.0552979539734769 0.112008828674067 -0.47518768796984 0.343110674411213 -0.231933534117414 -0.239632228448363 0.116194482318951 -0.501543007475043 -0.317786577984696
-0.0189335541926388 0.00513838253655048 0.0648259897898851 -0.498259544819946 0.303467629699016 -0.299875744956518 -0.0771328466187299 0.123547189047379 -0.417969814647795 -0.228212589088906
-0.0220047212592353 0.0373636373840843 0.122226035989563 -0.533846056076814 0.431846240875354 -0.292408646433144 -0.198251682546771 0.146435053080924 -0.399782460048802 -0.286839322628922
-0.135180421450045 0.0479941021924245 -0.181261772461653 -0.390431687266584 0.184452260158572 -0.200120549221301 -0.125553637147515 0.133262359411052 -0.292287924262996 0.0100425181759701
-0.248252197700307 0.121251017372061 -0.128579899720094 -0.434772757530481 0.0541819136369712 -0.171606430130762 -0.0819243502554351 0.0160544487339612 -0.147655900947034 -0.187652022656651
-0.22780288715288 0.100374869591725 -0.13184399109151 -0.414382796876147 0.0862441636550773 -0.150687643422897 -0.0998521878557322 0.0025950568690183 -0.150509507907706 -0.17515762020041
-0.18222352957788 -0.00138127051929841 -0.161882336912064 -0.540448472419664 0.072186183076061 -0.159850342416376 -0.00956795401740795 0.0844167164588245 -0.232334362781696 -0.165493785179269
-0.161732709537103 0.10822772061767 -0.0693061725600911 -0.527672778772139 0.103788737482102 -0.245728199050945 -0.066425743256261 0.230260110648027 -0.278279607135529 -0.157119953847231
-0.191260493465928 0.14026865389067 -0.0734963828250906 -0.608200832671846 0.157592469961601 -0.140810530607103 -0.0690807982480133 0.21451475514605 -0.284423662030139 -0.0809549062863645
-0.118070042737102 0.105132133534394 -0.122499127407519 -0.626042655975166 0.162236267727032 -0.164910820191941 -0.0562255212641259 0.234332595927516 -0.237320312662147 -0.120094175077783
-0.152053575781443 0.0516962196163274 0.107960274741171 -0.357858859406326 0.211039629720785 -0.343093520539651 -0.227676333076194 -0.00170449048182227 -0.384164755015528 -0.177467679306103
-0.133353284874209 0.0164259621348483 0.109316411422895 -0.383160900675369 0.247347911262654 -0.335786838494536 -0.232865453539875 -0.0904821054450634 -0.433892914022082 -0.255072328995616
-0.13777511985266 0.0264503026183242 -0.00560597299152768 -0.50272790306523 0.221400863938439 -0.262688540610715 -0.187839823117238 0.175332876352457 -0.382530130619725 -0.32483522393387
-0.199363690748897 -0.0463127922767012 0.121223922143579 -0.417692624186649 0.219195764309597 -0.239115974253566 -0.155074722596531 0.165937075154901 -0.255126279221009 -0.289133547074296
-0.111561578271087 -0.0139442368328711 0.0720689437348992 -0.493184310043535 0.269238636950384 -0.287448572770183 -0.197666386754702 0.178127169685014 -0.246947525291325 -0.205788323472407
-0.0698504379070972 -0.0207288048794926 0.113356455152867 -0.479678384020965 0.328271372127096 -0.299137078049936 -0.203060278133726 0.231444364078958 -0.323697980369824 -0.22358592818544
