0.144478418803388 0.60106173799703 0.0941629787282066 0.172217531003606 -0.0274521467083299 0.289519899807016 0.74363176717562 0.180798775560338 -0.116797565556657 0.128330472709054
0.138525566801227 0.584328944406511 0.0936191322724434 0.158851390092606 0.00449782809220293 0.29347065808337 0.753171105418662 0.224432963405751 -0.137716677163673 0.110515929083046
0.137960359753402 0.602736946323362 0.23973388165755 0.161439676090193 0.0403139310607211 0.32079848129121 0.707730703574601 0.202261466705962 -0.242134995275337 0.14350806190927
0.151488122081103 0.589463798172535 0.222771454487741 0.132489082795768 0.0351961628244435 0.330794734516309 0.71792746179113 0.204946157225301 -0.229963295960905 0.151298447451978
0.178103506470579 0.627277555111595 0.168536114057546 0.159396839383175 -0.00503227268281706 0.282632285323557 0.709210549263144 0.17024289742072 -0.164871587570105 0.147042406580669
0.150219943321826 0.632053925495938 0.133017833742174 0.130532439296326 0.0237456670592237 0.359700195408306 0.754827584694331 0.170731883480708 -0.0676895243386034 0.161585243402051
0.205014961273399 0.730277718240785 0.15992162004056 0.130457373335511 0.173857701877749 0.275528033734861 0.902001680431654 0.137796161028595 -0.198131044001185 0.0969138479064332
0.232791178574467 0.659611734519084 0.102870933972732 0.114065193586572 0.0574719819657789 0.349040664828975 0.819081777783202 0.218918245438036 -0.137533622032477 0.118211626924115
0.180763485895605 0.635523163443816 0.158143558024211 0.116881916636349 0.0432045389835383 0.407994480011434 0.800226149192837 0.23140268458576 -0.122136753088228 0.119065286077432
0.196777806025756 0.681558245103768 0.188009004731455 0.0579324163036691 0.0799283037283436 0.39893742146269 0.812287452396742 0.215775774643493 -0.127503077120519 0.155521731334277
0.173632476940308 0.673807346678785 0.177510269239261 0.146509492363816 0.0759742764065484 0.397997979639472 0.84557242475614 0.185113239412049 -0.132359382684718 0.118446555515071
0.133552419871428 0.660805138762148 0.083423663965641 0.18420394084246 0.0965677813249289 0.42600131282841 0.64843831780651 0.0989769837815015 -0.0750851041789928 0.0899121600146162
0.10031894468651 0.6599314416748 0.05986393183388 0.133245956340889 0.132986644407943 0.362189856893072 0.689102859510446 0.152252605009686 -0.128182064467785 0.11057313092175
0.182036362015495 0.626206638649236 0.0963326723125158 0.122072869607716 0.081731552673489 0.319736679030359 0.825209057985059 0.188275985152377 -0.211187748894639 0.141931661482708
0.117396514469253 0.622326278178444 0.161761774709745 0.0972049259491595 0.0269397846213577 0.340450876674588 0.759574200122109 0.206455623985278 -0.187785781536543 0.14612760973947
0.134848982295019 0.622902696036099 0.194304778626455 0.116704698659588 0.0419717326229983 0.3212179698363 0.772759344862677 0.1843080665642 -0.172927945709434 0.124174283078358
0.0945923882442204 0.566566311441818 0.0843406679767637 0.184762211682678 -0.0289114677590337 0.21648174475858 0.909304107118802 0.0652294268840966 -0.198770864150293 0.130887827758906
0.0768437996275523 0.585852922978048 0.0631754515448138 0.184929584843813 0.0308282210500795 0.274716352925924 0.823697742619723 0.193871785138348 -0.162849399926056 0.159827906736579
0.109126754469341 0.602148631452264 0.161107989281856 0.206356249934725 0.013771749771147 0.219415939721876 0.866187136634313 0.163229789242298 -0.151956060463293 0.192190266570565
0.146844298538939 0.606471506133223 0.151800285504889 0.209578020546695 -0.0247063658588899 0.189211886984016 0.911122495359479 0.139108957812304 -0.176921470763449 0.168503555678664
0.260998551687414 0.526236022621425 0.171621002683376 0.291929919249831 0.0244011819860077 0.343158292447356 0.842059701253712 0.170003059468295 -0.219526902258805 0.287349235639976
0.345625213170349 0.561760911547999 0.115965413625529 0.164683414678797 0.0444201100126979 0.338386677069448 0.802863819013065 0.134849918619227 -0.151390993285276 0.230248313358098
0.160265628889907 0.537426600150806 0.128451282422611 0.138413689128382 0.0736433204900367 0.244927374554208 0.888139960518947 0.180210133289096 -0.241044168413779 0.187291783159158
0.164383567844426 0.556038670974673 0.0772590462293941 0.142626025137309 0.114728463806675 0.251096877518431 0.891244803515673 0.188797337486088 -0.277988713690643 0.206010000559675
0.418221345001048 0.788269616400882 0.498845792485992 0.164052579776567 0.210643411705645 0.323827632099834 0.770479679300318 0.271869212491506 -0.362708538033517 0.254459049606943
0.512074039398321 0.744704932456848 0.462150417347931 0.25718187943149 0.148784831013195 0.317647431314387 0.786801651004154 0.275924067143209 -0.409406255012767 0.239913533585167
0.476790524041814 0.763541064294327 0.440711880757893 0.228284357526956 0.153725052273519 0.336385432465053 0.758886353746038 0.256547934502479 -0.336012557420279 0.207010516738962
0.352563571646488 0.776380377560601 0.250067653891575 -0.00625773592678008 -0.00794367150233232 0.64717669580212 0.638335267677459 0.37067854515013 -0.499712653700796 0.367289550158967
0.340765839186715 0.818747993801192 0.325561494749323 -0.0778983315176923 -0.032832421400141 0.696573370812831 0.670558337396446 0.350291342181071 -0.490214774183151 0.382093498877578
0.267953093172052 0.780368591514829 0.267907451848075 0.0442688130593109 -0.0366133508912806 0.713792002163208 0.654138485671276 0.462584792410719 -0.505735242875016 0.360873735077365
0.274767810736466 0.753280825635691 0.312268674405779 0.0916714892820788 -0.0126262903092788 0.690777424890204 0.689243028683199 0.482186699907649 -0.468131845056023 0.3947788695481
0.269738921119721 0.795272087570301 0.352954086188819 -0.0792547082193036 -0.0808428365608967 0.551483606874374 0.45567684544742 0.465809616355889 -0.360425872535854 0.497900863112128
0.205108814147793 0.754631038139645 0.312279220913221 -0.0301038630279441 -0.0356486210319203 0.585909751963428 0.533682529417124 0.529344100242645 -0.373994831640438 0.429493680656451
0.167238183838556 0.759642292369376 0.337348165392126 -0.0367140592579884 -0.026517518937407 0.554197878214869 0.524289504603011 0.509706916072058 -0.371204703681402 0.428901934385935
0.238550797793854 0.744087952817759 0.425601147421309 0.0581562216376419 -0.100942203672978 0.755186092765365 0.741447842043051 0.491291694364279 -0.52748462242205 0.391590092064402
0.197203022155025 0.755705637454598 0.374331688519996 9.70830124695683e-05 -0.0778146932729153 0.707420470354932 0.76796328893955 0.496921483767106 -0.551260061894901 0.348504899571416
0.24035392280608 0.795902056530732 0.431374664415377 0.130660079054891 -0.0105077584685234 0.70270918198816 0.776214995975749 0.440454107007864 -0.561190276290122 0.336275889169677
0.225826511444959 0.757386128584987 0.412672308454388 0.0691681440571475 -0.065391313029433 0.798299696920188 0.805922770793258 0.411530259256673 -0.558292104898074 0.327777961710208
0.466273621239996 0.763263925746383 0.219180182976929 0.065501659180758 0.150738536469471 0.470828392096288 0.610042619178003 0.448917273751941 -0.206580835546588 0.458277498008706
0.351237651126734 0.804140599429149 0.402462105071241 0.104539912835406 -0.0271165967771516 0.528935258051612 0.561043612053741 0.503396527148167 -0.182704978455009 0.412689941454719
0.459921480160309 0.759175220851166 0.361944671319484 0.0866122382289602 0.0583006140499287 0.55338586438572 0.74759964269501 0.411174870596021 -0.302835835467984 0.407009924839906
0.432645465125941 0.83431104952849 0.311155964359271 0.118783712647497 0.144162010495377 0.562240483471585 0.75128516657366 0.462161262848288 -0.2934035693478 0.474456762773305
0.375897370329338 0.768644179875123 0.346438219004134 0.100851141524421 0.0786104774954098 0.513100577208326 0.722149984234435 0.44874957563978 -0.15689539184435 0.425068489219496
0.417155952129473 0.728949260411268 0.324814176890729 0.105342260157491 0.14713956506394 0.465081243737117 0.738557388487308 0.434293961534157 -0.17728216754253 0.42554441289716
0.420422143849702 0.824295855368732 0.373119872228415 0.0967625514294316 0.016095929065905 0.623804239459894 0.758583296568647 0.446901930925212 -0.298981730813326 0.413658078249079
0.372020915087196 0.802651381774652 0.366292473571134 0.0931291953657771 0.0126587341868948 0.63281968299137 0.775630805611259 0.444707250746319 -0.309805485782946 0.412717869692648
0.371833685918455 0.881454128896933 0.375368307601323 0.020706606188701 0.0726796548827071 0.611532688095842 0.762282026510503 0.442063836653996 -0.318285850994497 0.418595403319085
0.349462613091796 0.844313148641664 0.403976787406731 0.0225684670740913 -0.0133266328910275 0.600056601438477 0.765410940502396 0.392242658441175 -0.337822949349183 0.449344686624648
0.18635433613726 0.63623072166273 0.224842072709953 0.0339505395021316 0.00279090989865498 0.436148672167846 0.649089102309334 0.486303019356466 -0.544789016465259 0.502518440915029
0.145554494955295 0.647316330545996 0.231247512270727 0.017492068581642 -0.0217544136675729 0.411654658885327 0.657691786862194 0.487956033147399 -0.509341450551938 0.51475683608259
0.159615391331269 0.678054108358728 0.215708813057597 0.0507743618966439 0.00546919503069715 0.426973936304921 0.653157579795246 0.483198178758406 -0.537125791298788 0.533021779194803
0.125626633790068 0.675067934433916 0.246898099070967 0.0446768417090964 -0.0246526053063598 0.360918271834923 0.628507430323891 0.496077276190568 -0.528525952242931 0.560223142402935
0.158200905691672 0.721489439306453 0.216482264404049 0.0865206048010244 -0.0451089191691794 0.399957632322462 0.661622899233032 0.425414130511905 -0.551206742399116 0.538793522532124
0.18652081379453 0.671660714856184 0.253153008248042 0.120320984556528 -0.0598897082626175 0.368780207269973 0.662743270082408 0.352583523354794 -0.529902901521575 0.525791281996969
0.132848064803749 0.683965763071489 0.275717030733285 0.0565486268606657 -0.0757830252985257 0.384206080054733 0.645489173292999 0.408849926679821 -0.525740733267933 0.491585803846335
0.132718681715868 0.682370603756637 0.268588493962724 0.058476736086227 -0.0489986373277823 0.355944851875166 0.64122347715456 0.390652316951309 -0.530152729579228 0.505498758080394
0.233470957480595 0.806659729415153 0.138048498892466 0.206453101156957 0.0185359743581288 0.600244450494243 0.632450462689503 0.410614048371712 -0.311327893841389 0.461949822461292
0.218820485620767 0.808191989874029 0.137181831235129 0.217696735703392 0.0110102785821164 0.570280948998649 0.622221702975879 0.37463131087485 -0.324716289549736 0.490893559486203
0.154464306472808 0.789273413015356 0.287251171153976 0.128515012883941 0.115029513490161 0.509997972480095 0.482767550705975 0.363260755573418 -0.245973575004393 0.53789710392113
0.18589547661399 0.793929370376142 0.225089805496994 0.157261524386067 0.140013534699675 0.460482523719319 0.522338170765873 0.360392953063428 -0.304730593456973 0.538481220879468
0.204402645460781 0.794653112187303 0.203075638237488 0.142925303482373 0.156035167795717 0.499876560790283 0.496990196047909 0.363079847325588 -0.295717241138703 0.547187240384359
0.209254944027563 0.766864431178747 0.238828563311109 0.154099057889417 0.168847035105152 0.467810696573147 0.568357743635517 0.345533810221366 -0.297425168504181 0.588110033730949
0.201485980012221 0.79408739402813 0.229111966840426 0.128357763865013 0.146779621615271 0.458516120914863 0.543664804809501 0.373325776501951 -0.325166527164334 0.570646430628788
-0.392488286652561 0.126949628503836 0.205785917930076 -0.186730034305758 -0.235545436213917 0.0107700530702072 0.466428716190936 0.25951587835234 -0.162324916220625 -0.123441288160055
-0.335520903268761 0.0134876938708177 0.235395041894968 -0.202077019548542 -0.284538615799048 -0.0474749655178731 0.44949388494049 0.355822223870513 -0.163028254704756 -0.229639342286454
-0.37441153010558 0.138926991883011 0.184304959605315 -0.259114598344655 -0.315310371831688 -0.0890696938988949 0.310116535022895 0.355460215973512 -0.120841097320631 -0.212497069043686
-0.330549942570527 0.0669837532232236 0.228128517425104 -0.274369878086703 -0.343292669288309 -0.0887499714599176 0.393433571643226 0.347498024540214 -0.126408683145139 -0.14447072884604
-0.353605875740458 0.0552266045329 0.207200091564826 -0.273015864282265 -0.311907036617041 -0.0967606830466541 0.395032402020174 0.353788310032995 -0.129207635981603 -0.134575316426925
-0.381301637424357 0.0558714830838025 0.413767306826363 -0.294734217119457 -0.579692826958905 0.0163460497119033 0.381239349358113 -0.100573500030534 -0.313835263961575 -0.0167022404239852
-0.49211652163212 -0.00342857377226271 0.340316957042926 -0.150930815672182 -0.529770975673699 -0.0462741798619881 0.371541302982468 -0.0549888742076151 -0.216207107599906 -0.0636740593717651
-0.509646021012706 0.0509695054854469 0.315135937324036 -0.187471928828261 -0.577875997216222 0.00763498095562413 0.366663007471847 -0.0114982112947711 -0.254129913766087 -0.145763812594861
-0.359058072679471 -0.0168257817638367 0.455685618963743 -0.238357944443442 -0.46116922015742 0.163674041030497 0.468405645321063 -0.0199416026567594 -0.207703957248002 -0.110827381861972
-0.410886688611237 0.00972410687998785 0.537996617333502 -0.194444019926626 -0.427571332179654 0.125945218776252 0.456324547224808 0.0309271790396005 -0.159577797366459 -0.0715217374978907
-0.422143230912184 0.0146368276022116 0.543306284391601 -0.265915486462973 -0.524040424975456 0.0393118025545575 0.593582695932984 0.149695394735032 -0.150683717718357 -0.0470131717120713
-0.41947062827776 -0.00492296459648586 0.498283091012673 -0.240780727315227 -0.509520271255973 0.0402905477865515 0.566586337585872 0.156759682076145 -0.102583650365093 0.0557451342516209
-0.362880075178213 0.0651229225448985 0.489603367789004 -0.209949737936725 -0.470693988719587 0.0508307982894116 0.432447622236178 0.107380102955482 -0.172085189465134 -0.0496764408791914
-0.477301234327258 -0.00675163506964064 0.46197519322195 -0.139236777812756 -0.503389963618905 -0.0641376646912617 0.575324297002917 0.127039571217387 -0.0560648193631358 0.0671209107071827
-0.358632124481023 0.0579903690424085 0.462053519179271 -0.164378213110923 -0.525775827096088 -0.0464872776980902 0.48924290191724 0.0602681867247164 -0.0639600293664476 0.00565809925793381
-0.47147001881321 0.0440337706448292 0.429233790474927 -0.0815500414867232 -0.513088390615025 -0.0224126141160978 0.483157052725458 0.151770428030029 -0.0520318995270667 -0.0875077794106572
-0.478600543003433 0.0216612566379457 0.462260027294385 -0.144338661516132 -0.490702767057756 -0.08011033957751 0.537413420141043 0.105731828967499 -0.0260002436001781 0.00869636117971371
-0.349057806285724 -0.0117159505174025 0.377901619955242 -0.171243712889605 -0.480315469503713 -0.0458376920445789 0.62281613117759 0.0746829932064474 -0.0256747028183696 -0.0140899408623965
-0.362793853801138 -0.0195200925980899 0.351241106293685 -0.120035876459662 -0.470489853986833 -0.0509272917853845 0.625998136355256 0.048312369750871 -0.0360812801832829 -0.040927598770221
-0.376584108985892 0.000839839287819145 0.351848064840834 -0.115291343816688 -0.45969420840214 -0.0726308682253669 0.574716930668898 0.0553336030772481 -0.0870487745824834 -0.0281491880289997
-0.311684173959928 0.0484145742771488 0.388118181489343 -0.48122522649075 -0.68415748557622 0.0669824393552247 0.413722426795288 -0.116582533157262 -0.055824177669281 0.128650063987502
-0.318549080057414 -0.106588435128889 0.344217376350943 -0.451448507505247 -0.605875766221485 0.0894242352297416 0.37230725950211 -0.155776729889714 -0.00277672590037099 0.165385029669391
-0.304182711015522 -0.0390881436356611 0.409638009961959 -0.422583431480392 -0.639232958883967 0.0747461315682736 0.423866362234765 -0.165314689096247 -0.0398296208256606 0.106164715181665
-0.181946562056175 -0.0496038120909963 0.581144506373282 -0.516128636440383 -0.59278494887041 0.0132197220723232 0.377454313363004 -0.0498619391090252 -0.0283518024810654 0.175439360718552
-0.201888352945512 -0.0907608694167102 0.579383838419822 -0.51787937009207 -0.612773312056044 0.0473535460661633 0.366387189061691 -0.0664569375718704 -0.019729162859107 0.18345095873198
-0.259967296219798 -0.107800448607906 0.634479472647914 -0.465404659386982 -0.580899223887487 0.0696219236130114 0.395891579923867 -0.0852935433664011 -0.0602188630786192 0.149798999046296
-0.21707964447642 -0.108394957324364 0.583805637628426 -0.489154595994531 -0.608519561205605 0.0352551409859653 0.402082368681929 -0.0885579183967545 -0.100767968164051 0.139139440162342
-0.196182186216987 -0.1115398420759 0.59487243730466 -0.469031306290285 -0.629323918825734 0.0277801975339484 0.410476650237031 -0.0866935554174372 -0.0740935909770385 0.124864716246172
-0.319058132929285 -0.148856074929824 0.467791834924981 -0.492565732654003 -0.767675788231552 0.0646071418404893 0.395437516522679 -0.0702937966569517 0.0269692771466611 0.219329382265243
-0.304890955282965 -0.147168503128842 0.495183113873836 -0.478645964157454 -0.717257723331938 0.0397417760886149 0.323099024933345 -0.0464998986761791 0.0642616244711073 0.141040519303133
-0.272509390693777 -0.179069567505981 0.472693960062663 -0.487209507304677 -0.631974857835907 -0.00744711826852443 0.393496171399208 -0.047931284296804 -0.0253057352966539 0.208203373310668
-0.31622343935468 -0.199180696141219 0.482516712925589 -0.438969950590481 -0.545786705017434 0.0125360620084681 0.427773594459968 0.00203912450116998 0.0340280507821574 0.254907238442714
-0.319934512019337 -0.138076773767819 0.41858336063026 -0.531779454156478 -0.596497814286427 -0.0537118076079139 0.434625445607675 -0.0221739411416344 0.0410650150083546 0.229704715727091
-0.299596323448818 -0.169222616027662 0.439640682708146 -0.512826211849409 -0.582573248636185 -0.0570896414971565 0.409157483918977 -0.0140076459217267 0.0257015885009134 0.246942546230138
-0.342875432962206 0.00163652148484204 0.446359694174834 -0.316554248930227 -0.665249928165681 0.154282229398532 0.347547291775673 -0.0853069392228576 0.110811104878978 0.0991179956305897
-0.389899643377715 -0.0420960835760917 0.426162372893618 -0.344574763375431 -0.673792630101722 0.111775299183471 0.418145539770901 -0.0693948296069535 0.109915193768559 0.098030190908325
-0.413643684479868 -0.0205928837539514 0.489609817536492 -0.317061254768615 -0.602235008549753 0.142753696752984 0.339387395407222 -0.0271719269662936 0.0999394405725624 0.112233948510465
-0.383601505385098 0.0147472813093004 0.418578171472559 -0.282604746721966 -0.612165711852814 0.173848491180939 0.342055672569575 -0.0462805939741726 0.162913672183973 0.0431318553891951
-0.231476706980569 -0.0573911994180805 0.450264991633408 -0.292512545502905 -0.620573106379158 0.129211967279914 0.367835669578913 -0.153159277115342 0.207420977453249 0.200958941950351
-0.301030917681106 -0.0824439146867519 0.474083086976406 -0.399397508127012 -0.596284407776888 0.150085310622579 0.321890763242572 -0.0529932890321666 0.11205555272054 0.207358852524863
-0.262515235550114 -0.0700473870133838 0.509074245249617 -0.417241565434899 -0.680452989803029 0.219870342349753 0.312933990120129 -0.121461863452065 0.168742683646429 0.161771409531164
-0.262009521716197 -0.0595130926399061 0.519927736055485 -0.393414343821544 -0.687701966536547 0.221827533315234 0.439613692814264 -0.178350671753001 0.13689579803421 0.23011494633458
-0.185270700528226 -0.0582303683409392 0.516274426565806 -0.3947938858419 -0.694424455821111 0.16126026885853 0.444529737128214 -0.0904538490758263 0.151602302353007 0.143380102041345
-0.176790715391535 -0.0539813071834385 0.514481831099858 -0.341160233883878 -0.714510954710291 0.137798285432154 0.445655779315616 -0.160279370998946 0.14965100276639 0.151746382038463
-0.34254982341658 -0.0321906636825224 0.484415795672787 -0.431067564943449 -0.656525931347956 0.0824934370522214 0.319972379970162 -0.14495896996726 0.234743629999842 0.187826751842407
-0.23115897882775 0.03744491691497 0.418177773401011 -0.322099384021404 -0.692033286255239 0.000248279991704264 0.292229460811862 -0.103236096894577 0.312548659100223 0.167417544146447
-0.221583680992612 0.0147084996609464 0.391520060835731 -0.37940565724459 -0.696542402250405 -0.0380549486571036 0.257257971306643 -0.0905893014205001 0.164195800214748 0.230004203905573
-0.348488318990976 -0.0578504658182612 0.386086821142948 -0.260350810022968 -0.641102453748993 0.045312808437796 0.307311865496219 -0.167490378585056 0.198647058524086 0.0809817683361543
-0.337782649282487 -0.0268136512116292 0.307912284649642 -0.24203325242843 -0.77609588473679 0.0615473190985769 0.361704076198322 -0.10470682279928 0.177134135535658 0.201453468614067
-0.276434769845048 -0.0269073337812363 0.348514841858668 -0.325634565264607 -0.756170399794195 0.105974457532575 0.325694839022723 -0.0623424724874415 0.184223014104094 0.197870996838584
-0.332899384224907 -0.00412859063967094 0.342609526307652 -0.287265456312222 -0.735989282054139 0.0678338921491797 0.356398439511157 -0.0900805104442729 0.176685902838503 0.198827664125559
-0.289276192354742 -0.0902153167925227 0.357458265561427 -0.194096684769958 -0.728671045244774 0.0491558770533592 0.283271086108351 -0.0643824259731008 0.210514908188034 0.110369327720221
-0.312325741641711 -0.0537883886013166 0.376474677091156 -0.265812799456421 -0.834083732830666 0.0989525447253791 0.366586482320378 -0.14788591970154 0.14562135334196 0.139283891329894
-0.179063506021027 -0.0820424026189445 0.367031960293422 -0.225366228490454 -0.593594609420603 0.107902080308774 0.346857632536349 -0.131473448665001 0.151719393439494 0.148143921153637
-0.252685336003199 -0.098240849612214 0.574798926229112 -0.198298953423741 -0.64797308369579 0.0509039327878719 0.597863076523518 0.0527010369362905 0.212482890623285 0.135497791376948
-0.343424776640753 -0.129619944736128 0.623138998405114 -0.26318003066385 -0.648202836191776 0.108764427986531 0.627610191398919 0.0228989156368203 0.166362934554124 0.109295262269376
-0.358889671182881 -0.111584791171412 0.621484683221997 -0.252196158214973 -0.644837003353511 0.120224227959682 0.600269338874576 0.00191109708962664 0.175776157973228 0.109034867483519
-0.315877150597579 -0.0785846387751877 0.613944696065141 -0.220824455448788 -0.682496303529238 0.0858284007169302 0.621001840213438 0.0519360171208614 0.11985844750174 0.1251190672562
-0.335666799910295 -0.0790197335248038 0.616427423629416 -0.235321408881555 -0.646755875246131 0.092889715663218 0.595286550660869 0.0655656903138236 0.145050468013326 0.133969302823799
-0.259591954056693 -0.0647831946529387 0.717485415284999 -0.340730250869544 -0.620327158498688 0.157766823820325 0.480986929781661 -0.0320388568752432 0.241671203084175 0.182435106453353
-0.359847450952682 -0.00244152956440533 0.598716625518211 -0.288510539641137 -0.593978417859181 0.166907543183362 0.538202116395552 0.00100729680865928 0.215393692216648 0.223933943803223
-0.30142417491835 -0.0551561972050629 0.631740185086874 -0.243585830977505 -0.681877736694264 0.12293027043436 0.503998202392442 0.0124466534491047 0.262939631626287 0.0981322980801155
-0.258763325456203 -0.0351023064134777 0.590550133517249 -0.253950830995013 -0.63725840442094 0.169877421816658 0.548158329794078 -0.0518828669056074 0.268199820761141 0.0938872430798834
-0.220935005530756 0.00267221523055067 0.634628544415516 -0.26698806646026 -0.66740336218455 0.150810011116652 0.549820298915045 -0.103165325186044 0.232587907146128 0.0715593512040057
-0.269892166851757 0.0608300735822949 0.464292764225415 -0.271653954060137 -0.715938599371938 0.0745224611728328 0.365409138966315 -0.0854069115633579 0.258019704458143 0.0881522895292012
-0.321962492628719 0.0894265178473994 0.541926383762685 -0.208273177885079 -0.724003576408588 0.0813734457080199 0.435998625061351 -0.0685029397142829 0.106175356427357 0.144416540164868
-0.335860734884804 -0.0782393035489794 0.506973696441259 -0.301837203463146 -0.52310551132863 -0.148547224597028 0.261516234181984 0.0401012204890126 0.200360856401142 0.0707690480224477
-0.357262059924673 -0.0700439487287832 0.544868663331597 -0.277090673273168 -0.493048302898015 -0.118481350793855 0.257472147714004 -0.000479001323203363 0.179186897075432 0.0572888479867221
-0.305639544793114 -0.248570639238254 0.456005632048266 -0.305187994639974 -0.547773465480762 -0.0816498868309879 0.333873093629524 0.0742847199565122 0.10335557412242 0.0448601127748629
-0.331470015636757 -0.153300834345 0.548167918740323 -0.324874707923622 -0.585307628532846 -0.0486646586885379 0.299005548188368 0.0189849538047675 0.0295544291576464 0.0901868884766513
-0.289303023530378 -0.131254713805538 0.522465222762329 -0.282865812214113 -0.527256813642914 -0.120365927255377 0.303045225073622 0.0815511048166422 0.0299788931067655 0.137610867844523
-0.333961357064877 -0.119187118440399 0.486939704846446 -0.294466060890763 -0.543606703911005 -0.155514152587194 0.29556334259134 0.0204179440845265 0.0985337275825469 0.0774768727498065
-0.253173470108772 -0.0942820949162297 0.529492411496093 -0.322803887489717 -0.572856883719319 -0.0968356051690502 0.332058183360743 0.00539162135746697 -0.00406502207418736 0.0806726742193001
-0.275834453819883 -0.0442778692701574 0.526709330979262 -0.451784909389321 -0.536478035153314 -0.15081693270608 0.266487813523436 0.0306091283240921 0.137614601491367 0.083005201922941
-0.256189003281009 -0.121459422496987 0.52220456240502 -0.361352981186016 -0.597509998922551 -0.137090636996412 0.329318924420181 0.0423146631387916 0.0357863354276376 0.0357289924699228
-0.303637401827166 -0.145826196333586 0.514228164867296 -0.307554033905327 -0.541953102976444 -0.104500385894576 0.327744445866189 0.0812333184171145 0.0402405245902577 0.046992067435545
-0.277690203216729 -0.0904929231006059 0.48966508313482 -0.39570331885356 -0.553523222017498 0.0564497642736578 0.403593687201604 -0.0191630855288256 -0.0530471347909544 -0.0973149092844478
-0.363089497449639 -0.195623312381296 0.486570310489896 -0.490689355454002 -0.637917574892096 0.140758847599705 0.404288049854702 -0.135120132433983 -0.00773067363246708 -0.0794529471642974
-0.414723135208269 -0.158729184102128 0.546032674144306 -0.404827229383735 -0.620388970010597 0.0455987902817676 0.428939876218871 -0.177176575307106 0.0961789181693991 -0.039615165180229
-0.316994265864116 -0.207571412013119 0.599259957462834 -0.341610838675433 -0.634597846471218 -0.0750186431838313 0.403537446736456 -0.0973999748971906 -0.0287693998891469 0.133588354858509
-0.254053162418773 -0.23165656332202 0.549716518900879 -0.374647040676208 -0.655588230098716 -0.0194434014822349 0.391334844632414 -0.137623202975401 -0.1024310633143 0.0164036278641625
-0.276760980187144 -0.201420079899863 0.59679963108999 -0.375211169975708 -0.682051869266056 -0.0134666049313734 0.453328180031355 -0.122925490198685 -0.114863200446494 0.0100534978878523
-0.43637788677128 -0.098943776595177 0.414701326608434 -0.340460587418134 -0.296248677081225 0.365142603422244 0.409050182474989 0.241093054352563 0.0300956103194207 -0.00237748391762774
-0.394841223658338 -0.0769498084665732 0.374906070425003 -0.278629039783578 -0.359959309903768 0.369912453768448 0.420959777036522 0.30852342307383 -0.0909877102542518 -0.00583143773334243
-0.403474480548254 -0.152031620939937 0.454040429886551 -0.287870652928763 -0.456045852390728 0.238801929675529 0.54616315708681 0.0125823363432469 -0.0424242369074294 -0.0278542991725888
-0.350689886610251 -0.0785167645132773 0.409605741978384 -0.354520792186272 -0.443248750549498 0.162183202928828 0.549518841129762 0.0133173106651065 -0.126474811098998 -0.132403765806619
-0.359966083892822 -0.07492106661525 0.428368061633388 -0.379807178936434 -0.457640179462234 0.155293608603703 0.571134817012279 -0.0106353862628377 -0.103021339978478 -0.0972393755779328
-0.22125307068765 -0.106565402621533 0.223324779669881 -0.210936369802864 -0.405838760774511 0.104572897796061 0.600863046254409 0.0195517301621399 0.0291469321456011 -0.0396312741878014
-0.357209678851012 -0.044478390676987 0.316285189026033 -0.203411541684965 -0.512684106987914 0.0822705030532419 0.62431625837745 0.0929392749742346 0.119204716404231 -0.0667966188116191
-0.336827322958593 -0.0381286150318243 0.326666612172831 -0.201889893860083 -0.534289319242267 0.0749949534422914 0.625425928738292 0.0887224277344198 0.118509392301909 -0.0712949719446
-0.331817224038704 -0.170115368889757 0.312866008228316 -0.270704444034024 -0.613057624693123 0.165236954944851 0.729033841251583 0.0211482809998293 0.0357969616983201 0.0512594241117155
-0.299506284417577 -0.215028679466489 0.293614435126944 -0.297568778151125 -0.626552337086093 0.161509579045869 0.782213513388753 0.13901357497095 0.0789204946963635 0.0217513695954642
-0.239993998418265 -0.142900569646848 0.353572632362685 -0.278031002982653 -0.606439576380108 -0.000445570170266661 0.665160011059814 0.0587737544115731 0.0640800598126825 -0.148927697542743
-0.29432113944921 -0.0942520346338097 0.311181237702996 -0.244322935242727 -0.58081184509884 0.120132503510614 0.626790853744007 0.0473601732193031 0.159441673616641 -0.107125832544566
-0.257491817664161 -0.129518171887507 0.281185505969178 -0.237744308838674 -0.44408542662819 0.190218628488654 0.417833426494055 -0.0461317447278143 0.0501595098286628 -0.0561838836061433
-0.333420838503322 -0.175772596395614 0.27285721335997 -0.185817570887998 -0.396407251125773 0.1028377451687 0.449251373829873 -0.00131198041831956 0.118467997524276 -0.00639627347527602
-0.311400777115504 -0.186613061548355 0.357901374136518 -0.199478603972084 -0.359466433095755 0.153981679510879 0.439387403716931 -0.0452653044639454 0.092923479003623 -0.0704136659332669
-0.330756082706756 -0.147055627789982 0.315587849506138 -0.185677886020897 -0.370850848281328 0.136114190154416 0.457862719211558 -0.0322538983387043 0.0689917766618487 -0.0314699803136705
-0.370121323415719 -0.128603505528839 0.224952945306382 -0.285487217298024 -0.38796350118452 0.133260956437552 0.450389350559887 0.0928696616095806 0.0550185234603407 0.00758405538073212
-0.408779773892479 -0.125501545876064 0.274383433498909 -0.25832414301169 -0.288169660984965 0.126599719891454 0.556632734821578 0.0605868390542963 0.115123476943788 0.0383450661108675
-0.41262474654371 -0.0776658843923121 0.258016121979871 -0.276165329270858 -0.367190665986615 0.140967224502738 0.554417468146255 0.071408759939262 0.134732340468782 0.0147761519460907
-0.369266259224832 -0.196016205487713 0.35460140859158 -0.286800735247657 -0.397539350820047 -0.00085751957068772 0.529210765995094 0.123788736665373 0.128306277406154 -0.00379036939328667
-0.341790142452746 -0.105384349538607 0.345853389160279 -0.181678525987933 -0.42053882232393 -0.0157911151518139 0.489970132541616 0.024049341881552 0.0869013824047937 -0.00355286494233858
-0.357208683062043 -0.156817593353948 0.29802624458516 -0.113242504649204 -0.453050466267192 -0.00622875739086873 0.48064452044545 0.0702679514407942 0.0676563692646432 -0.00591908985204642
-0.19307376379496 -0.063123838639217 0.529605368391704 -0.3729054082742 -0.485711441071635 0.0690403113620355 0.541506586314979 0.115516517205215 -0.167170339805828 -0.0754058779893648
-0.274310762787863 0.017020187285679 0.490003406193248 -0.394052470450587 -0.472922895694583 0.0399513648920649 0.486763834897867 0.203738628797082 -0.222934334768504 -0.109493031769897
-0.267190828946603 -0.00335799389647787 0.461087005033868 -0.358053052121062 -0.507209061629961 0.0610895806266667 0.486642715651992 0.218060599394741 -0.230989996303549 -0.0974641040597646
-0.330006146424647 -0.18100993826617 0.345760386845924 -0.295532081674965 -0.47604652892788 0.0170543509267741 0.418590907553496 -0.0334679179469743 -0.161459845147565 -0.0731448845314447
-0.383494436235406 -0.0855824465141421 0.43861191672866 -0.319337927757747 -0.507232281697413 0.0116139996456229 0.438390854313918 0.0581707090105197 -0.144873105900342 0.0905753832510617
-0.397591353314234 -0.165944973811824 0.373497621280686 -0.31247932361198 -0.348880064856155 0.024399491271467 0.410687019335383 0.162200505930872 -0.194701438155356 -0.000716943284041875
-0.359626469941761 -0.146733535629758 0.404889843673547 -0.365834361620693 -0.359702673341293 0.0274019734602674 0.405161862712808 0.121820694428549 -0.188438505288138 0.0585074274729295
-0.367396295260722 -0.133413218503853 0.404176925382728 -0.35849729314163 -0.370474041868223 0.00726475552997198 0.404730950431976 0.123394019789624 -0.175358776562642 0.0495371560522348
-0.384434193056919 -0.142602116452684 0.39486902405309 -0.352312404225922 -0.418944562387495 -0.036033231979051 0.432504381805165 0.129582826557904 -0.216725813179305 -0.0176266313678218
-0.359707411506837 -0.135036267188348 0.332006851541809 -0.341851773176553 -0.35447584828068 0.0769322850715257 0.366844228663823 0.17230268074931 -0.229312006416782 0.00995885656294006
-0.399996211391053 -0.130227134360024 0.381277009785057 -0.303334344251734 -0.346917915846796 0.021423174049942 0.389251714776622 0.151685071244933 -0.188930943640684 0.00404023516657218
-0.397507700183871 -0.133993527727708 0.350135362497981 -0.340808476438182 -0.352674101276024 0.0467823147111845 0.37920909900622 0.158089405055841 -0.213840858480347 -0.0124268129326375
-0.265458672806081 -0.0734195279087018 0.381057126730357 -0.279553854494805 -0.584387138601107 -0.07031167812669 0.459219645765441 0.0731361899312893 -0.2017757421389 0.00448730905786722
-0.283942372768769 -0.201423539476185 0.577853721181089 -0.393080941620818 -0.470880575512772 0.0677172631318775 0.385529311832068 0.0450885077345227 -0.235547958840562 0.059013002222883
-0.255102826432633 -0.172824174334324 0.431374133713891 -0.275391944990736 -0.349653390417312 -0.0238887201880848 0.398040727913743 -0.0252015108028763 -0.181237114773292 -0.0471736562200877
-0.260919387514139 -0.14519474272395 0.435817925277304 -0.254738841475864 -0.385364561120312 -0.0518703759384974 0.4163461094209 -0.0111441939699897 -0.208432655604223 -0.00399212927568737
-0.216564406905273 -0.100976939108189 0.30131724537192 -0.180294751091022 -0.433002807063727 0.0245604912985023 0.478137540046064 0.0220576609570026 -0.133392140116982 -0.110153479848951
-0.352553043035386 -0.289205197087015 0.49940942506221 -0.234625672435858 -0.501287840666831 -0.0470181246415837 0.485783227538529 0.0269195595678216 -0.23301571158612 -0.0600668245641586
-0.363094682289581 -0.25100076644361 0.468586974483772 -0.20036540362985 -0.541884302358243 -0.0628966039205326 0.461740404975765 0.0535548224147136 -0.240423548215118 -0.0520696886477083
-0.259538045530191 -0.111949712129619 0.247581459472206 -0.188040046920233 -0.518765026768704 0.0997999623949748 0.604178585930686 0.0455497654963624 -0.158668995506936 -0.0150505220163713
-0.291174717477953 -0.117125707702385 0.209735832081151 -0.348069450131053 -0.414444694660058 0.116056544387346 0.403171567163526 -0.00281828715718934 -0.154789557492555 -0.0227466410226567
-0.277224733771448 -0.153065537857583 0.248684724864518 -0.332747751522724 -0.398238453722671 0.0826600243395087 0.37592829841289 0.0130488722985817 -0.237767280833085 0.0185178948406791
-0.308574886609944 -0.191381864877001 0.18962515005442 -0.348542912696079 -0.423363402519931 0.0820591373154049 0.417829871946917 -0.0115390804895036 -0.24616415075704 0.00409506095435756
-0.339383555657863 -0.164912712070992 0.245686238364941 -0.303397211945874 -0.421595552973354 0.0522501925676062 0.351515279544382 -0.00863602490514624 -0.266388801503409 -0.000670054309910657
-0.338323466080158 -0.243349953098204 0.256751480158952 -0.293813843551234 -0.498490500388613 0.0241277237996969 0.445276731091758 -0.0528598500878513 -0.274738787934083 -0.0111779646115064
-0.338512295923784 -0.245888009661745 0.234098727834775 -0.30538833858389 -0.495986845210927 0.0320679828259061 0.419976042737072 -0.074420170738908 -0.285283803440386 0.00149907346392366
-0.308739460996333 -0.154045041153114 0.363760276925162 -0.280714660456764 -0.342884303395843 0.0379496221320623 0.5273746144748 0.0615882690446717 -0.166040837414448 0.0319871777722228
-0.330134444981355 -0.147387508646403 0.355239216334138 -0.233416719900121 -0.397227277383885 0.019803714572502 0.541303460916411 0.136786318068976 -0.120293496292056 0.0169314650090642
-0.325785372790407 -0.265385178479718 0.431728558478405 -0.242226747092929 -0.378561455450654 0.050537416033888 0.567616172530864 0.112379178486303 -0.106491691548108 0.0575738508626808
-0.323998945098511 -0.234007435458166 0.380507461361113 -0.274059814332686 -0.373850453377643 0.0436713221328718 0.559203503362389 0.0871764587883627 -0.0773189734706568 0.0291809511151444
-0.284543792822513 -0.178630480583844 0.432353904141495 -0.227595908548193 -0.394078112431972 -0.0241652750904775 0.556983602241575 0.0394425344405227 -0.109623591642531 -0.00775581800869232
-0.301131002095629 -0.196929100763335 0.434749993047785 -0.193322991711521 -0.374718859298242 -0.0308180200229445 0.601012911989001 0.00938433063945617 -0.0544629365841846 0.0105507697353761
-0.295180793438411 -0.189257402615836 0.388543539548093 -0.24014828593639 -0.344353679184527 -0.0696744747293762 0.590260312701075 0.114736911789763 -0.0451061195116016 0.0154405557309485
-0.305268455529083 -0.138290314280133 0.41321928445885 -0.294281561017551 -0.390843185183983 -0.0400881874489758 0.471642331714804 0.125189136681754 -0.0663354363256068 0.0211230278704781
-0.390759529240622 -0.112756992655409 0.383917759986743 -0.239134513281898 -0.401736301744728 -0.0192325886473444 0.551288171450331 0.100578892109602 -0.168841298438055 0.0610787510860386
-0.390438358724679 -0.0958204319349522 0.388054587921052 -0.255175310453874 -0.396040074970427 -0.0376228860480592 0.563420674549373 0.0939947471152039 -0.169688876703744 0.062885591604445
-0.317079768170513 -0.163323381158107 0.409814412573668 -0.314829459347171 -0.356859152930505 0.00967334799957148 0.541613951132486 0.12456765940995 -0.151283844637749 0.0543508586362243
-0.382249028888838 -0.186108706734359 0.400613995857331 -0.315858230662773 -0.325448439389052 0.0335436403495104 0.529769124225685 0.0930235696159483 -0.0914300304243371 0.0841605481404147
-0.396218973754943 -0.164006678118478 0.39819243139504 -0.324447153715621 -0.321233808668081 0.0236219935063384 0.566671177611984 0.0718957035821813 -0.111416643987219 0.13593050890146
-0.393763628920417 -0.144356489107434 0.418653848767012 -0.29882700622195 -0.322068399514443 0.0237963085159318 0.567048374840943 0.0509417051110727 -0.139681278062674 0.123430851575891
-0.37716550051805 -0.130063791724814 0.40861520313732 -0.287554128336458 -0.269774184906104 0.014026669296635 0.583586845689719 0.0915925002381463 -0.14202628174821 0.140167035075382
-0.464819838482305 -0.105292657851475 0.291866696591551 -0.190583901325428 -0.490688730002891 0.0168318283933151 0.505899703550637 0.0717451930033347 -0.165371790710865 -0.085756308057695
-0.377774360587176 -0.0858498400992391 0.19432747914811 -0.319665535331751 -0.316370932016991 0.10724191819755 0.511273517044312 0.0738507194271726 -0.147007380535799 0.0487165730017991
-0.327854983934581 -0.103199154272749 0.147551422981985 -0.299531224332685 -0.294437775999276 0.0677872362498577 0.522247549050276 0.0131712951446541 -0.205391870748089 0.0908418977273438
-0.323374401711326 -0.24956375844519 0.329260607673745 -0.256367823845156 -0.443753311613522 0.204680426485642 0.418009721024973 0.0178935918102075 -0.183635539706103 0.0346383524698498
-0.321608789492067 -0.154813689062727 0.328162578715765 -0.283556229319214 -0.510513947097004 0.0883048266258114 0.479726263925809 0.0337166441995498 -0.309518468076 -0.0896329613814356
-0.279454508050752 -0.121615404361286 0.226378499272088 -0.207561939402197 -0.457883410890708 0.173603402892109 0.440516088357361 0.0356844449964844 -0.191066296513951 0.0381226600107384
-0.299355005380058 -0.172640217632978 0.266549185885568 -0.270123031444784 -0.301414441622576 0.100520879551434 0.506909350871852 0.0425899676299233 -0.2411911192245 0.057579661790874
-0.285124414791959 -0.16172870845007 0.311306477893069 -0.252695511574956 -0.406859780997355 0.149170886615473 0.480521658894892 0.0129018066724347 -0.212332493819837 0.00613951277537208
