0.438561520314937 -0.0806884612068419 -0.183569279876606 0.0153913551720018 0.152033440301326 0.271754103533581 0.0541189874086411 -0.251173752218169 0.606007397829794 0.125695318929346
0.394049975428127 -0.0314181139482292 -0.0809689672270531 -0.0978610673537096 0.185745577934196 0.19764659167275 0.174922332134759 -0.225885971948246 0.545841751995413 0.0780242955740229
0.397560351318237 0.00412604498106544 -0.188420295647127 -0.0968000798135717 0.132618575662923 0.212121270565222 0.153575077631352 -0.227938274211992 0.547676715156296 0.10852671016686
0.434031228830142 -0.00843661484483563 -0.135405569664572 -0.125761289959439 0.1391531860917 0.284066161742041 0.188358336698036 -0.220479783539862 0.57759470407636 0.166128215096665
0.412081698278184 -0.0338104155794911 -0.132483621974692 -0.132190334305248 0.181849571803358 0.276712914786577 0.185317704555929 -0.231683338853342 0.577050960573215 0.154370673513071
0.415994894323581 -0.0324406991881577 -0.192433927205448 -0.0841661227032939 0.109736044980203 0.262410953420267 0.170278184210155 -0.239921772542246 0.599482849076649 0.0499584670138654
0.448144264171213 0.0261837113084355 -0.206689981312923 -0.0458190865938229 0.148173737995776 0.205260044688358 0.164967818731398 -0.265761712718615 0.589923651813869 0.0732690626363404
0.38279981049979 0.0100222009928196 -0.182110150990526 -0.0830800457222783 0.0877084375707859 0.240788558763087 0.137159780129112 -0.240591746172723 0.621740371718921 0.0615780304674485
0.390293611038902 -0.0201658286987483 -0.155870907979108 -0.0924122221728426 0.147509521969859 0.263375727127796 0.0675990141635117 -0.191836776411037 0.572472341251703 0.0920826480534697
0.376816646264089 0.00482904168273433 -0.154054467542854 -0.0883295041944882 0.229057397495064 0.173559302918838 0.11050141545235 -0.303218306104848 0.614011378236637 0.109194927076374
0.3770520104405 -0.00318132980618198 -0.0590866949580737 -0.0432884650080385 0.18966548821015 0.245840510004655 0.0868321682070735 -0.300380695463798 0.646252273600696 0.104924000249961
0.419508950900323 0.0457872571665327 -0.0916989864505666 -0.043374944838398 0.19953570173166 0.23803596945909 0.110579740831544 -0.25201493711566 0.609561709608373 0.0870889069134141
0.44821760746409 0.0236527994239986 -0.0836275484942047 -0.0428555991638924 0.216634831525966 0.232168457971814 0.0534278371233331 -0.220657037053121 0.665052406558735 0.170309097686531
0.376001518138214 0.0404151624127235 -0.105477001289268 -0.0871861011263858 0.244790232063399 0.176551804499821 0.0870776796218994 -0.270855377123522 0.634202581536492 0.161309294681321
0.389685471103256 0.0542403290658475 -0.141832321390766 0.0241908652682147 0.303110706184653 0.221064854744664 0.144026260052318 -0.24663014367792 0.623515383622086 0.122275623549361
0.413773397715762 -0.0269959282492801 -0.159413988347154 0.000977537713076882 0.185442251370957 0.199495889863176 0.103092544997484 -0.321510372541923 0.675414438390087 0.152467668745264
0.432247228452227 0.009791264158002 -0.147572635186171 -0.0106184817350498 0.186799600607229 0.20308633826707 0.0744528363886019 -0.27520351029352 0.694654361543825 0.151680500656104
0.436914270852711 -0.00220159486188855 -0.137726099289609 0.0518642137692356 0.22120785000309 0.143796182403985 0.0623735229969952 -0.171253772837968 0.684096392967968 0.133158834503115
0.389792449174439 -0.0322677201647229 -0.0716874309675932 -0.0032285119528808 0.183438900884065 0.188216195331293 0.112184972361719 -0.209341274749694 0.699593967913727 0.1572763197645
0.41870525439998 -0.0337337352045475 -0.172565495577856 0.000296787281648084 0.203751442851378 0.17318736073488 0.0648229682432668 -0.175030682526018 0.705831347707143 0.176785631089315
0.400766427620665 -0.0259347092358446 -0.201120811792069 0.0446107527722431 0.230268094558546 0.162493573625063 0.0736022868715286 -0.165503018060113 0.703246308627384 0.182926890529459
0.354901610046282 0.00268203187642559 -0.0950248087420749 -0.0970388705768089 0.171245345724216 0.245298217461025 0.0571724216099086 -0.235296154158128 0.669910508138266 0.0700254604807251
0.406691024858631 0.0264717480953265 -0.115578566934714 -0.0973041934138835 0.221022596813259 0.247450224097239 0.0321063559431918 -0.269384967567984 0.733292364393388 0.0679300054063346
0.383196804748065 0.0775429923088703 -0.072935732980301 -0.0479889693291508 0.214300749058804 0.146700761439581 0.0287347663284546 -0.30626749354332 0.667313318992408 0.148823627752584
0.324960832801953 0.0882349294655321 -0.0941559354627224 -0.0306040062329547 0.213938263529442 0.150581497235602 0.0634901169105385 -0.293187954899634 0.703952525498749 0.130267553504191
0.338493853376233 0.0494011319935734 -0.136377320769659 -0.00962445751392898 0.197940420901903 0.183471234285057 0.0424594667194426 -0.275431924774407 0.673616004232421 0.178841872062217
0.355289571300005 0.0578723136261093 -0.141908005905085 0.00616749093762842 0.21443690510596 0.160034265723972 0.0881637456847762 -0.306652694793337 0.673552931623947 0.128487413063192
0.345455747057525 -0.0463118229011884 -0.160075853788471 -0.118899665952338 0.233331507334383 0.28186204728037 0.0358705928266573 -0.225175376010175 0.629549503484356 0.0681725433548822
0.379450471082429 -0.0961829214409139 -0.292452718070791 -0.0999632568818607 0.297001021979967 0.219545111117666 0.15621914901559 -0.32525640043852 0.641233718349809 -0.0185466900092956
0.394133149356899 -0.0658012829113787 -0.280647526419934 -0.119814982481003 0.223039361314489 0.193476513245629 0.19603394767605 -0.341501209180318 0.620429026973271 0.0220376228184799
0.333770090251167 -0.0403510479996252 -0.258442153670572 0.0612364606073167 0.189790377732299 0.205689162401759 0.0897232065871385 -0.172440807549782 0.59178251661181 0.0458734327691754
0.308066951967867 -0.0699081343959954 -0.27338996393082 0.000267376469176653 0.12729435426828 0.208655529703611 0.147205169312526 -0.17105705314501 0.601356567131193 0.128197823199792
0.374477423617864 0.0569289541925519 -0.292662918572501 -0.0185471098348927 0.161646058689747 0.275902513524292 0.0686188154342937 -0.205697735857802 0.624939335180562 0.150800904623149
0.337987912805478 0.121560795209208 -0.293128151773492 -0.0742107771979084 0.158903573445916 0.224882312463806 0.0191268377691748 -0.213506480659903 0.63386241234118 0.149991880243515
0.354481562516706 0.106344062122221 -0.317587498948834 -0.0992460644129646 0.181542706340314 0.253484870815892 0.0118674692834834 -0.188934162564137 0.661108820325056 0.145720855401811
0.311071329788135 0.0636114544303317 -0.259203411058634 -0.123584028921917 0.143191956027038 0.228425427770819 0.0179367421655749 -0.189504082835912 0.6121053344696 0.208292463121406
0.408440956365469 -0.00779762750087609 -0.137157904567227 -0.071237079805391 0.280385726171471 0.232873217331497 0.0699554080287275 -0.362642833984751 0.650687312070586 0.0973832198072108
0.361468576295539 0.0765065387120306 -0.177552898612746 -0.0642370525023333 0.309853842109299 0.294194684770989 0.0518173770317381 -0.320392257012789 0.614071590623892 0.0619246281319479
0.369641912757319 0.0295431092297175 -0.168589662785872 -0.117220172296579 0.261218460512082 0.325696906089654 0.0549255696123938 -0.258777276198693 0.692356853451564 0.0718252375972521
0.419551549783034 -0.0247218744772439 -0.153508753081588 -0.0446560385437202 0.339134800376093 0.239215994211417 0.0628453773853654 -0.294236893234736 0.67882962605198 0.080463469373176
0.37231505440881 0.0224906006463443 -0.221411743422124 -0.039671766375515 0.28844299629784 0.280018655086584 0.0592318152680356 -0.29270370697556 0.723905701706632 0.0887968832549418
0.367581842385751 0.0237366795633285 -0.204660650977219 -0.0338349986143615 0.295815042327559 0.266473463481831 0.0583965652775204 -0.289723697826345 0.735288105785641 0.0976701470196334
0.457813407679739 -0.231691340409409 -0.110453764461137 -0.124617979257123 0.353721924813412 0.168786941442538 -0.0363452918282434 -0.19055116693529 0.676398298184101 -0.0681249259857164
0.432538700846504 -0.241122427481568 -0.0518691583958815 -0.162232024695468 0.361046158565701 0.253760772206704 -0.0321868305346272 -0.150356873704269 0.660058352947257 -0.160525219761863
0.434838811675546 -0.252812920996227 -0.0688267471980658 -0.151202367534626 0.360759993508818 0.269051463855253 -0.0240089738062266 -0.161636399399672 0.650934951252007 -0.164316912914801
0.434474908089435 -0.15653198625796 -0.0268922046891185 -0.0739947984392524 0.484656061479749 0.336486482500453 -0.0962873332157144 -0.172679624312828 0.56872348113247 -0.116816290931583
0.424356348921656 -0.275451915662844 0.00250301988134402 -0.165271241954847 0.467617682593409 0.213213148957525 -0.00862109007433138 -0.271711513217643 0.494245969092585 0.0379887048685022
0.447209610060898 -0.275235265615882 -0.0219602536330528 -0.148126115924633 0.484434782231966 0.230180333160031 -0.00249596982724473 -0.285143123112491 0.497489883435267 0.0485530567649515
0.411001122649779 -0.219259238319336 -0.0310890575471264 -0.151286368693142 0.470044960144145 0.244633563012999 0.0368573780731394 -0.222549887405231 0.500906632995677 0.0464466583770017
0.415228571317133 -0.219531348495162 -0.0180300433454037 -0.174995110370636 0.513985514045951 0.228031663055275 0.0632185794865678 -0.215351420775355 0.53362857701088 0.0599559999877002
0.435210636912781 -0.263264263737704 0.0407474355559591 -0.211512199242225 0.476529245835391 0.220962924016406 0.0166179349727621 -0.222508125293589 0.455881185246739 0.0341125014005288
0.435991902039082 -0.223580987634305 0.00754826547047352 -0.175295230461408 0.459159598016127 0.177839243109296 0.0338760479836116 -0.247023690659177 0.505994828319558 0.0543481776647389
0.422984103421345 -0.240832442455681 -0.0283623412874484 -0.193611545320051 0.454148065628125 0.191838204378685 0.051795870517649 -0.191491858926808 0.453350451381624 0.0632159491734777
0.505197444624978 -0.242226304145074 0.0578932225520794 -0.0294675123739923 0.484342774746252 0.41340500501536 0.0210808737311018 -0.254198038585987 0.558407950528286 -0.153040334750828
0.492318117309062 -0.172756372997442 0.0371392984042587 0.011951380310274 0.411236593390257 0.371002865230783 -0.00817609490945268 -0.167173620902327 0.574724658908101 -0.0541608851973245
0.479706588965268 -0.16691703035199 0.0599993492580672 0.00502946670305069 0.431264955172562 0.413083270791502 -0.0150784296470418 -0.182204064060471 0.607189352094993 -0.0440740668701211
0.422777291701414 -0.211427140916679 0.0201877560218299 -0.00841810848551188 0.498646727056743 0.427729156188313 -3.47975959035071e-05 -0.16428421721175 0.559131480543026 -0.0431652826710626
0.450042819589691 -0.237477593911313 0.0524128637121544 -0.0210003173685993 0.473108869749124 0.347806433020872 0.0445522030533827 -0.205542396460304 0.619667647122629 -0.0510186335054302
0.418972996778974 -0.160841107023698 0.0473142369261638 0.0379931698797219 0.49714478850985 0.359930909925418 0.0485740104086034 -0.168200731266274 0.605818368768595 -0.0548900342702998
0.413150183003861 -0.202487532678148 0.0425244685649431 0.0210017286153585 0.504624653150998 0.356092803163997 0.0300005767603947 -0.176134456975363 0.615171734448953 -0.0801043699539045
0.519840665877935 -0.229626946368202 0.0242851531553093 -0.00561786254044393 0.550585587976139 0.393596858011371 -0.0521620983259305 -0.189116483961405 0.496834123559442 -0.0394582069675705
0.469646463657383 -0.118344776051667 0.0134144745250259 -0.0418953096628429 0.486713919936232 0.356978968231855 -0.00698051287922604 -0.164543621640147 0.414054269362699 -0.0138659479311421
0.479470576988665 -0.155946222066385 -0.00499357735613253 -0.0361811589595072 0.494605866048111 0.355007243649107 0.00131907731637632 -0.154805272860966 0.408127282391968 -0.0280040654972594
0.429320305945862 -0.191026080277672 -0.0129348353446291 -0.0355456614770498 0.525787526538692 0.343401622179259 -0.0611689696249447 -0.13848599215785 0.506233076607679 -0.0689365058926169
0.408255837882355 -0.168542932369191 -0.00858192867810105 -0.0157004535433902 0.516259043112863 0.333201261277361 -0.0110907022230738 -0.160672411245355 0.47899240092545 -0.0532425454469498
0.422503574818403 -0.165845420901183 -0.0334366606740385 -0.0349848780367702 0.513134567223239 0.333096905006866 -0.0392452575860556 -0.15723019635156 0.488255256662894 -0.0699386711383871
0.28897187583285 -0.239726819433986 -0.166642955128068 -0.125713278817982 0.402137085224476 0.193274985814518 0.145278532545804 -0.228954792032369 0.65735977662316 -0.10005942503397
0.250401594329207 -0.293661829018149 -0.218586098824424 -0.142827976049831 0.375180315088603 0.241335433590811 0.195117643691825 -0.222729039571946 0.634362435492673 -0.0474762075434063
0.423808990078803 -0.150873502295517 -0.102231383431593 -0.0503921313325472 0.255131508518157 0.26695815779484 -0.000428622902887597 -0.244215574505744 0.530256903793424 -0.0116647798958875
0.479909009401997 -0.14254981179071 -0.0563953188299395 -0.0939663484889423 0.258428921089787 0.274362597051439 0.0178312272911467 -0.265576398082443 0.549277637488597 -0.0226969146956171
0.447597581740424 -0.199924779772891 -0.0523540739490885 -0.0772260186328433 0.310517174189038 0.338802330834055 0.0419653980350106 -0.30538265524254 0.536695088453021 -0.0071529460237713
0.482498667590731 -0.197846342182333 -0.0479952072570947 -0.133590356230718 0.288582129774279 0.268577668982915 0.00316039926094195 -0.326844052927518 0.55463128546127 -1.93749944329441e-05
0.48931731214908 -0.214548762214566 -0.0498300984066695 -0.141480229875047 0.252328363634709 0.288906209622022 0.114889470476587 -0.336209937130365 0.488433973257301 -0.0131093815053391
0.443679664981941 -0.150794202198096 -0.101861461780329 -0.14891556009952 0.23775083102172 0.33110087052647 0.0781984377554636 -0.300473589296605 0.499029512172444 0.0856308063012224
0.419687609987226 -0.155725491930985 -0.0488833347949671 -0.0988654360774994 0.247801378781376 0.341591881477675 0.0740506563963513 -0.294878079841372 0.515286770721842 0.0723779734112304
0.473776228053799 -0.190169153493007 -0.0616607973536462 -0.126642199585313 0.282888989039354 0.330127733125058 0.032700489016706 -0.302210863996583 0.528669026599221 0.0354770756761873
0.439925725993588 -0.19095968891482 -0.038025597611247 -0.0950285003852 0.296879919527521 0.281115497938972 0.0207065315948029 -0.325375883770235 0.499510322534165 0.0783714412822695
0.482562436613757 -0.197614973112901 -0.0550780881469875 -0.104462894812819 0.303135906441206 0.294375253469435 0.0405219710179208 -0.326274780145122 0.492689276657286 0.0825570520014819
0.435861485115056 -0.177901080559814 -0.0601688160648954 -0.146868309182129 0.286432257418916 0.285234130104868 0.0113481383732933 -0.319480393681145 0.527191273258334 0.0550608645450733
0.200075488382639 -0.330437448229559 -0.0745814567836441 -0.225042729107666 0.459680657397416 -0.0734841444389768 -0.0675069705918898 -0.118850900518976 0.591545626965463 -0.0915917626431512
0.0762376789814668 -0.395013125794676 -0.1647494897312 -0.215102699337769 0.537816086355866 0.071345292200278 -0.165446801457481 -0.0594845323528215 0.528890559128792 -0.156307905459634
0.513990831896118 -0.288475132077118 -0.0992531192992167 -0.069364425427874 0.475848684158188 0.150804098608769 0.158553671140638 -0.22512471038989 0.511459357474559 0.222804624919077
0.572757047351268 -0.26922287527964 -0.0934421834642226 -0.0309564884258516 0.457695838457341 0.0855533136774423 0.167619986543852 -0.240895724589383 0.467459908941365 0.1988361337853
0.547711607940669 -0.270077261741677 -0.102608204541269 -0.0150446704981432 0.470136108133306 0.0701157423793093 0.102626304773985 -0.294670718775849 0.561569647790748 0.0871611084235761
0.547839051885654 -0.197224199784456 -0.121281990946155 -0.0569887793210866 0.462797195106931 0.0931334417682955 0.0983347525144387 -0.323457086063812 0.615240417623731 0.0958980142331459
0.454737507132033 -0.218536645804911 -0.118376388959154 -0.0252626533984504 0.435532636655357 0.0591256202406373 0.137384198204538 -0.316850356629583 0.570467408256072 0.144246567813509
0.491572847716373 -0.371419560609357 -0.190345609816723 -0.0278582503336339 0.383790319927131 0.175782577681355 0.0947442758916725 -0.296350183821656 0.453739752192869 0.0763750618746881
0.51481008310244 -0.297305050402659 -0.190339599730733 0.018213908772645 0.430668875799408 0.173518428060165 0.0537002569207743 -0.215297599668945 0.564984618534077 0.0870834369659841
0.29239761545938 -0.10389731544064 -0.167513709465163 0.128609455396472 0.475181410699539 0.12067969091536 0.086659241223548 -0.350391148297493 0.596189824448157 -0.0381209811101307
0.249308978334256 -0.147598770356108 -0.283089696014207 0.152475032702102 0.393780663516596 0.107657737778161 0.0739200631119114 -0.376005993477847 0.504505212051474 -0.0459853264074481
0.241618375126383 -0.105674113022971 -0.278343726041597 0.096222506235441 0.457436396712072 0.0518487289050051 0.0455751834010587 -0.228110227702095 0.551052465067727 -0.072046637577303
0.217497429121581 -0.159829168077888 -0.18150387410516 0.132395257034035 0.357347912850563 0.0896604189525839 0.0172449038886404 -0.263816864297465 0.542982070638279 -0.105441124928824
0.231307785903899 -0.157485884485276 -0.176231665967349 0.133520361875729 0.332339822933794 0.0500831811228633 -0.00196687846795769 -0.194351640478897 0.515455034226569 -0.0389997005529844
0.269112941794866 -0.172195873019252 -0.15940575589969 0.0782527779043756 0.315547466292221 0.0866656701204105 -0.0179271913966883 -0.213548593980685 0.535001651815653 -0.0709986175924457
0.18498520525216 -0.105312596849581 -0.284421995057813 0.0969520217134588 0.328743132699658 0.0596760485716723 -0.00414471748725839 -0.211306837423598 0.525173117803657 -0.0521924400393105
0.181507306728368 -0.107300882255281 -0.281712525862245 0.106416935530365 0.343224108754746 0.0646117254737505 -0.00412970579736457 -0.193443763610815 0.516111721744362 -0.0525039440024446
0.247711404770684 -0.169206363942969 -0.263354069957833 0.10269117249708 0.32415089804066 0.084943157458213 -0.0107695645079121 -0.275533323137776 0.561257236608005 0.0146884325839541
0.261879818184114 -0.161490739924059 -0.255818421909876 0.106597844957323 0.327239968064368 0.0993819147169326 -0.0247749735363052 -0.265958460644846 0.583816851073944 0.0179427340681265
0.210833912552135 -0.144422533909432 -0.273120457863382 0.129224884705382 0.299852863431708 0.0834709944132209 -0.0161570825929761 -0.287615229737594 0.582244891514375 -0.00529474822091743
0.237515125268577 -0.130356133031347 -0.26366159135448 0.155403603266826 0.29597382259957 0.0873029239350631 0.00395571376480194 -0.266564994819586 0.562701282633154 -0.0458422436952739
0.219721374042395 -0.163332537454048 -0.222706136807843 0.146048517142763 0.368409024744073 0.0904285122841732 -0.0434706356159645 -0.205456349950418 0.55220498641135 -0.0358008386192232
0.276056994950167 -0.146146806376863 -0.234495279175686 0.106014231694327 0.353096638491899 0.076461901396892 -0.00315365774166012 -0.251122486658333 0.526928683044122 -0.0355633350543253
0.26064089471827 -0.170038972383966 -0.231097621123715 0.0992039643897901 0.356334960483734 0.057777538091318 -0.0537465233463697 -0.256368157593367 0.552394299989573 -0.00843636519178679
0.267163545643893 -0.152604644663599 -0.222680941750415 0.111968774198102 0.357290320776501 0.0609523308512375 -0.0559072762505909 -0.255411046799254 0.54677283234238 -0.0399521207335106
0.361144990525743 -0.11335641355742 -0.140843640540659 -0.110068898608281 0.40287383787136 0.0680736358825226 -0.0330535210777303 -0.211858204853511 0.47189522658667 0.0700034185189831
0.42584806912219 -0.114434579143929 -0.114828195544368 -0.110355465569204 0.397467559023657 0.115040156736895 -0.0386334220399718 -0.214900744248073 0.487661724802814 0.0304276210106254
0.376014123263985 -0.264653034627373 -0.15723144546783 -0.00930664716739362 0.234796881869042 0.121635091500394 -0.0299914467249221 -0.144569404140584 0.440178185139654 -0.0593299971910197
0.306107371037236 -0.238657719726211 -0.225776384595156 -0.0331874663982959 0.269813184898929 0.129371146572681 -0.010776264502743 -0.15771449444498 0.457597031641196 -0.03530253239244
0.352441673831938 -0.226785732934888 -0.204947301647044 -0.00837971584241428 0.279082510267123 0.0866703219125282 -0.0309043518789263 -0.138495723896117 0.445575431780931 -0.0366602842343291
0.406623401672453 -0.270808309736808 -0.132393990065856 -0.0263037824819458 0.298643895003672 0.173915299947447 -0.00501635856543609 -0.155010846336961 0.424970162307694 -0.00706366442362995
0.37245147331834 -0.28444902977661 -0.19378122729036 -0.0168027499415396 0.299058871758602 0.0880864430723807 -0.00395184498239441 -0.137682101974895 0.489324953317871 -0.0670686067263787
0.37532706845783 -0.334736121917683 -0.203699902872127 0.0590383598539349 0.33526446283494 0.0910858388948325 0.0151658708612206 -0.104177391467563 0.454961790461079 -0.0404176025812751
0.38294509924794 -0.311153343344326 -0.19301093110749 0.0542742892308256 0.3161842361676 0.103575678382849 0.00350480351640026 -0.120951048585215 0.478725222090447 -0.0127899805328422
0.400045647159273 -0.340012741175723 -0.181731354239507 0.0147742888768009 0.37530040230876 0.0661389681807013 -0.0056584115696057 -0.175201518932651 0.537640437571963 0.0682212662048601
0.438313549391935 -0.321839696341831 -0.184627874914777 0.0273678365953635 0.310775409884372 0.0807047976962337 0.0737973536194631 -0.169015884166096 0.492425339403618 -0.0423190357036677
0.378519529465394 -0.231418708703118 -0.121763814844301 -0.218572735145789 0.265885531866337 0.211881185040337 -0.0573238989393204 -0.293902598142501 0.524240466622508 -0.031612703883039
0.447920379127045 -0.308558978535463 -0.0693141504002016 -0.0497112663019937 0.343856871089207 0.0259977314816448 0.0797538591517631 -0.211833728702031 0.503718145232824 -0.0152852546888493
0.429063180232014 -0.388611481263458 -0.0756881355840901 -0.0251200329652203 0.310654428074789 0.101389485727699 0.0129856903633626 -0.0919336403244016 0.598947766912257 -0.0152184869981194
0.280332597235756 -0.233157118751648 0.200091773891304 0.200062746236797 0.283252684690035 -0.357824894845996 -0.0177361851804454 0.224681651582554 0.00862123487406038 0.107952857486881
0.289651684026239 -0.237877186493321 0.172721969491553 0.244410832013048 0.23315552383007 -0.307083254653979 -0.04652738480751 0.132468624787137 0.0612800606103802 0.0531601254892791
0.307991913312453 -0.317920614645761 0.14526644639729 0.300822255452219 0.178205540564137 -0.239568069656539 -0.0469878116111246 0.184176079743765 -0.0501579919590616 -0.00166270419111855
0.276109235163915 -0.303950222743128 0.18579989465974 0.275535739652109 0.280115989069224 -0.333779035315936 -0.09631002575687 0.16962760553478 0.00367900968084706 -0.0201248311171037
0.287163232737146 -0.317479836632501 0.193997579664304 0.286205520219479 0.279059866097482 -0.325323190260826 -0.0792602028845589 0.151205578682075 0.00781520374987622 0.000747395638768607
0.257050686516219 -0.294086624384077 0.149594054635652 0.228806334012132 0.223834304063338 -0.293966752012519 -0.0984658089288218 0.161455922077176 0.0182724447723727 -0.0233627372878653
0.293161641164155 -0.321898028264142 0.176840930567877 0.217770411505082 0.211356523892391 -0.300726135883271 -0.114604091106741 0.183841666107667 0.0524063375316168 0.0142332515190701
0.299464504627921 -0.233683801954272 0.152257601740903 0.227854945511797 0.247093214264856 -0.287678143697009 -0.109130928008347 0.159045217270524 0.0170959821929349 0.0628201196792699
0.271669026163875 -0.258934792640187 0.157448708905348 0.193635880241136 0.249006526426915 -0.230326563792094 -0.0907901239699579 0.123062952011866 0.0229142928973925 0.0372177276026484
0.305620427847068 -0.364944471437588 0.133830463244506 0.201326484373651 0.27124694933183 -0.322209180928536 -0.0421919504890191 0.113237884971766 -0.000706542445116027 -0.0359864608087795
0.232723784781542 -0.26506112493795 0.140125891926947 0.266735157682035 0.307173456070788 -0.311889626232296 -0.12163419972883 0.150717874475329 0.011695768261701 0.0615286467868989
0.246815785887651 -0.269617611095889 0.148809774755158 0.279966536126231 0.334416014848787 -0.283856943293338 -0.0453325869725058 0.129132125430863 0.0599698407111266 0.122365796458963
0.0581235624747671 -0.236660575111736 -0.0125048780545027 0.101082470121388 0.0425552679944787 -0.157554288707024 0.0974349898837472 0.0912180331342033 0.111411274358529 0.319558058702784
0.0626307077386839 -0.230745689637083 0.03358791252847 0.0909554812637037 0.0535844233532108 -0.129529731172304 0.029834471096425 0.102135894608505 0.0684785486652642 0.346601995939392
0.0744737279922161 -0.224128801729624 0.0222052848728837 0.0558226158183566 0.0826659038520417 -0.15258445956619 0.0411272581376662 0.0739554274342895 0.0914131865339757 0.32153175322418
0.0487966736550849 -0.260830958048299 -0.0452978465256401 0.0525496245453529 0.0071967915168292 -0.11474088133053 0.100153888146538 -0.103460976802225 -0.0427399690210938 0.348892973289193
0.0411153385832365 -0.286229068492138 0.0298827188340779 0.0757192364930251 0.1302315807414 -0.158923555593105 0.108687487340125 0.046228734281387 0.0981841949565065 0.331035357213065
-0.00103472708298897 -0.260136145358806 0.0220369728800704 0.0918561908698315 0.0719948393400319 -0.133857459975937 0.0749606679802946 0.0503154153183638 0.0986614372432553 0.307597866036
0.00565949109880926 -0.251554540571487 0.0443987277370103 0.12020394871791 0.0646595377219846 -0.20549263292201 0.0946471289391942 0.0819183057514809 0.0926148472139105 0.32524690733388
0.0441191445401679 -0.251002941637185 0.0545342061602168 0.0424827566439149 0.0853991072400361 -0.103006387057311 0.131831708309406 0.071364718282479 0.102415570877974 0.310324192154991
0.0414358867502416 -0.252391693380771 0.0680161755646845 0.0640051731444858 0.0392589219126917 -0.109074985115397 0.114400850760104 0.062885518814411 0.102855000798079 0.337650632000082
-0.0234468745691188 -0.137531245910201 0.0843868315346419 0.164792144994509 0.0311939567486778 -0.157299304424156 0.0131944585374128 -0.0210275913686673 0.147612888844688 0.276767028137139
0.0340469279169736 -0.133741678590146 0.0577898343962197 0.138974471456197 0.0137934496801479 -0.114498164817395 0.034105349214224 -0.0782769872557441 0.0715701948281415 0.360040640982994
-0.0143387547829639 -0.175772466781203 0.119181229083672 0.129089050568304 0.0225958406134295 -0.16129624247186 0.0601237787510003 -0.021926696726604 0.0537403637834394 0.323865311483153
0.044160287887307 -0.179795350621792 0.0826643840330583 0.103098920898756 0.0145481333232434 -0.204909101831178 0.083328754855638 -0.036022047653858 0.0169453642805853 0.363567504936541
0.0977760613300071 -0.308635985516144 -0.138434119315132 0.120845124477078 0.0586986931174563 0.097400067734577 -0.116550689202696 -0.1719441327333 0.190386425127813 0.2550479860551
-0.0087891189971939 -0.25397355597051 -0.0333366699654808 0.175402201067306 -0.0376601430002394 -0.0886389962292716 0.0180684514358252 -0.16926691413317 0.28208772174894 0.259722499323047
-0.0181959022329026 -0.17796701287087 0.0211600594924607 0.173326283489534 0.0365214591471689 -0.0271205706995338 0.107104224733777 -0.144815132562676 0.244076527027743 0.25390506671544
0.0709730173219779 -0.13605833219646 -0.036357309549077 0.208456071685822 0.0864139608900965 -0.0182775422712762 -0.0628030639549691 -0.183780750665519 0.271659946562942 0.309305165756726
0.0470957538474379 -0.139155369011608 0.0134180789701631 0.2537495584906 0.045779221296558 -0.0475296074263872 -0.0113143732330165 -0.2237729897936 0.236715908229282 0.275509800850014
0.0386798603982062 -0.343847046226531 -0.0314241490530415 -0.0623495508671531 -0.0847779585883502 0.0993429127115997 -0.231649899698655 -0.169799700723042 0.25609860683958 0.346564398720873
0.0378581617029635 -0.253869390469262 -0.0239816247931417 0.0017603658619177 -0.0410257685065652 0.0511235491393916 -0.109961012545909 -0.211813189490232 0.373372279642062 0.286431879113015
0.0987412639926509 -0.269734582546079 -0.0543889325832773 0.0152593449299458 -0.00513786986251783 -0.0166039972035581 -0.136672991775033 -0.222501528948072 0.437525309196536 0.317338836218623
0.0956552767185229 -0.285991783762665 -0.0762621947253301 0.00350217686195185 -0.0167452011393549 0.0123568840636293 -0.108777390300226 -0.243034404107086 0.417210773572011 0.325238634039832
0.0534648859054079 -0.284125106371608 -0.0757468952008445 0.00629782405116494 0.00531516720247966 -0.00608814479835821 -0.122323614308517 -0.230560195787907 0.425540834767055 0.328844109708089
0.0746330748379359 -0.3241542977789 -0.0549109940196086 -0.0113656100728406 -0.0209361339365808 0.00453403529470304 -0.133343605246148 -0.271427896750138 0.49092016521817 0.369819200232532
0.0968991911305135 -0.32690197678856 -0.0454013958364531 -0.0167746704958407 0.00968936112315566 0.0213815413647113 -0.151723257045097 -0.26165591885681 0.477330153541791 0.351502968437343
0.0892165782021749 -0.371944849031195 -0.0580287847642936 0.0186346489662878 0.0110478735972974 0.0335595254655078 -0.149038247955931 -0.234749245680908 0.456219299883554 0.306408818065803
0.0741696417973766 -0.32491953275999 -0.0396295745132221 -0.0508374801262071 -0.00419606288652339 0.0180220000260879 -0.123419631289425 -0.248798966802787 0.449789969159678 0.281400099952493
0.0630714635201429 -0.264522421925873 -0.0388639941845478 -0.0129535516623515 -0.0164547801211326 0.0316548025320693 -0.161869081046461 -0.164978976805225 0.432036527631451 0.246240674969206
0.0606702969090528 -0.243824250210021 0.0508111343052816 -0.0335719465521555 0.128874797241998 0.0428461509344026 -0.152014596963981 -0.244065465646281 0.421887492395218 0.275106251421501
0.0835008534798645 -0.268245338764926 0.0399162609634454 -0.0260386110507826 0.124524495431855 0.0438092246783184 -0.161709815563205 -0.250999065552915 0.407441078830161 0.27803332255375
0.0610683918848478 -0.280237103247433 0.0462538220678923 -0.0237557801590584 0.139379433970177 0.0791275454164153 -0.158053843355902 -0.273686202484696 0.396514649144331 0.287708161326084
0.0803953261054021 -0.272523275299584 0.0514933097286651 -0.0250305058921222 0.133673733179377 0.0848671627825882 -0.176679614644259 -0.271291749932937 0.394868483506341 0.296194138421178
0.0606872828725877 -0.277820911833229 -0.00248872676796898 -0.0929862253198666 0.0835771991413859 0.0546294979319476 -0.118948044333417 -0.19712400682381 0.420456299496805 0.222765457714855
0.0575231294481109 -0.215252965868946 0.0508787339545839 -0.0166999618976328 0.0730763161003446 0.0743089699409471 -0.121243899520885 -0.239185733959899 0.409659728332579 0.266829995141664
0.0666169738916993 -0.292048010159718 -0.088400955735435 -0.0205745127390645 0.036645024857659 0.0028714327830754 -0.100422864964653 -0.21081895702402 0.423599301315311 0.181844460153799
0.0753475850098486 -0.272720861824931 -0.0899671816276772 -0.0382533971373026 0.0761219447948517 -0.0076992286806086 -0.124297277804646 -0.192620651172225 0.413854475893353 0.171665766062024
0.0848775010566979 -0.304539538023097 -0.0344617360208917 -0.017737045996478 0.103820689449101 0.0145712629178652 -0.141069539304448 -0.269170342331594 0.410370004780738 0.211699610668579
0.102665297568236 -0.300974119625049 -0.03888138460642 -0.0145487242009214 0.104454802584366 0.0150398874146777 -0.108128547238005 -0.248430055718124 0.406329011231208 0.206549677397697
0.127678391602958 -0.26687469853695 -0.0259527491550112 -0.0133423880751541 0.0560781391778486 0.00905409370787139 -0.112824606757009 -0.234685535743945 0.447284292022382 0.236435678401933
0.113536100384298 -0.287601973994238 -0.00171479689722899 0.0048596649869745 0.0754291799982768 0.0602121027801418 -0.103796982850031 -0.243581245090641 0.410792023950598 0.225722399032657
0.0482427476086354 -0.26551420352165 -0.0252075683966973 0.0409096421783244 0.052570550586999 -0.0754424065911242 -0.0884185526626059 -0.294424222740381 0.475448233627375 0.235472513503231
0.096362552138496 -0.259183467775186 -0.0278015808218263 -0.0300022829432842 0.0888563479227769 -0.0324246715168325 -0.145300352557002 -0.213001374126504 0.440799663563641 0.12845401630388
0.0198084045457765 -0.270786733637693 0.00720896337395039 -0.0237137478974134 0.0574884711943453 0.0175873325424913 -0.122207131219981 -0.255699983321506 0.467214098939285 0.176325203960062
0.0519523882495935 -0.246630356182316 -0.0270732596261034 -0.0153192214087159 0.10052115109563 -0.0104642086339701 -0.0965029378774005 -0.205076191751563 0.460068231287664 0.221556782644593
0.0566793112524062 -0.273902402301806 -0.0620619164535863 -0.055025794015037 0.0261381102559843 0.0159145717719526 -0.104888874173496 -0.249882845348846 0.490794924430523 0.166458212569946
0.0253933862718776 -0.224194167259761 -0.042224424288808 -0.0494848856012846 0.0452485076659097 0.0311243325784288 -0.107899606405841 -0.287370783251918 0.476137021963627 0.183639640260934
0.178632153880822 -0.135442166310827 -0.238375176748414 0.190642475861253 0.0380384715931249 0.178726465327136 -0.0675138716991826 -0.0471813821940391 0.370515836305865 0.418270113467469
0.180678018975911 -0.228773365833441 -0.162871692434793 0.0943274028798243 -0.00393907960350488 0.103862004259268 -0.194907110243155 -0.0772776322049831 0.349638417456349 0.622928150814921
0.241286686138293 -0.207914564569852 -0.188769186671241 0.11472561812158 -0.0259027517156892 0.089011126993987 -0.19065526695011 -0.043108116356051 0.378098258546869 0.597589292889763
0.188011158965012 -0.146929375760983 -0.176733580584536 0.0956599423414642 0.0509884977329306 0.121257063971498 -0.135930970571521 -0.106575739057811 0.299652193410559 0.487582239715563
0.140477465438911 -0.11764879556398 -0.132993814924348 0.114525246059223 0.033772047550881 0.0924723739709597 -0.126167025350367 -0.0333339749606633 0.276608945046869 0.577503331598231
0.200216169545937 -0.17182100428007 -0.0443413342337547 0.129788571662105 -0.134822931852319 0.0165050178442966 -0.0576543588956132 -0.281907960728441 0.377564885695007 0.432113894913237
0.222759161199937 -0.157342757907262 -0.0552261594874091 0.131272533423167 -0.143588990856485 0.0344412942324521 -0.0701190109376016 -0.288997316486072 0.376683125847872 0.404937649306265
0.222915559552485 -0.168506797674638 -0.0907104746010627 0.14873628516754 -0.0976423998808116 0.0895534969616456 -0.0740040477137773 -0.282685904954821 0.356617046226408 0.389697241286258
0.169741148276913 -0.191015947759369 -0.121114527663035 0.0948654988156721 -0.0729471166273113 0.0193422709267442 -0.0320385319510563 -0.288415969024543 0.398400094849117 0.358284775430213
0.162700656712 -0.143219592764164 0.027534803005266 0.0800195325561819 -0.0681328249567208 0.0538758202093758 -0.0233098406292867 -0.151967015916743 0.302654185703806 0.424618780780565
0.121937398265527 -0.107202694387627 0.0551020034206432 0.0365309395296556 -0.122897713817813 0.0846602923839629 -0.0288938700370141 -0.127802843622911 0.286954680314815 0.409889172425515
0.118526748525607 -0.150775957119914 0.0748316462427718 0.0244512180535437 -0.0768395872944116 0.0713537903209871 -0.00421583352153611 -0.136033757648069 0.28116661997829 0.373102009051973
0.191761643108128 -0.133122891299818 0.0388546374283976 0.0359430794996246 -0.0567771581180202 0.111222154982993 0.0619418318684077 -0.113670299663985 0.284688186931041 0.5116719027831
0.17672378529097 -0.0866596350868126 0.0208607436482396 0.060610503323527 0.0212150866362748 0.147782267768658 0.0803690349740188 -0.185888511656552 0.325308740095447 0.542870752473071
0.204236406272341 -0.0520099563931504 0.0297281050080164 0.0359809823386364 -0.00512392505526808 0.154853981049057 0.0785200189744864 -0.154798474515791 0.358899169201286 0.538237470616879
0.169418495480737 -0.150284279163742 0.0337885447182137 0.0116913638176253 -0.14724649567007 0.0724914593289254 0.0309209529156519 -0.140615487062972 0.21357213987354 0.459676760837623
0.111166151146167 -0.109910527248401 -0.00105554291444543 0.0182610894782163 -0.0495178970674831 0.118552582914093 0.00432882905897875 -0.0763765568635121 0.295225264004979 0.434617282954987
0.101047309700582 -0.115600571509053 0.015685073693473 0.0454917679356235 -0.0642849921929331 0.099532822955318 0.0141428469970954 -0.0754900914120517 0.317473557739693 0.431210413984523
0.0970651093802516 -0.130719020198034 0.0205178097138901 0.075218877823433 0.119093663043242 0.0635730888550819 -0.0298997001273188 -0.177492308150615 0.301838887785009 0.425961447684834
0.101617927363849 -0.0768847159707229 -0.00279864903969702 0.104033667515541 0.156987834442203 0.0733711405360175 -0.0182192380110358 -0.18912745282291 0.276409360439725 0.454558932104865
0.112187796477 -0.129877922792778 0.0238678547547699 0.0412541635810149 0.159570106095061 0.105612227607334 0.00554903228965161 -0.153797945883471 0.281594889208548 0.455071323750406
0.0398713712267709 -0.0893906882511414 0.0453334442307996 0.0776472176804886 0.199245513242232 0.104610189923041 0.00568468458175473 -0.173770732671672 0.310475953354708 0.463395326256418
0.206964645912678 -0.135213769600683 -0.0915775899072726 0.0229897675828487 -0.00868324159016957 -0.0823555899476451 -0.0614366881394861 -0.131078810226636 0.346113758657028 0.364562710895499
0.239297050977836 -0.140242993167385 -0.0779744369087301 0.00174806317694046 -0.0363276753337493 -0.0648717731698213 -0.0601731230997787 -0.142167282725053 0.306645766788846 0.371497472819662
0.176372323330441 -0.113184456900417 -0.0811253563333454 -0.0221026006601198 -0.00284083368979392 -0.0780724103144896 -0.0534240471700323 -0.117414240023611 0.314125311867838 0.394088613283797
0.1923944854912 -0.0944358361613233 -0.0477244543206996 0.0114214890444052 -0.0159595926236695 -0.0833475974105795 -0.06274463148211 -0.112062175483048 0.304051393906772 0.357956323820643
0.199959121975021 -0.105963835421421 -0.0868472667663699 -0.0465264521896946 0.0353683904538493 -0.094616147238971 -0.0563816321670631 -0.174859858652301 0.292662746475232 0.384788664641772
0.239882490730109 -0.140442411686494 -0.0103446338198871 -0.0318529060923764 0.000693477377226123 -0.0631975173578586 -0.0640497960904922 -0.179181041451689 0.315575147437895 0.385677614651688
0.236547270916267 -0.134201318725656 0.000552998970052114 -0.00321078812639017 0.00121595536111791 -0.0467212490160863 -0.0686457702582233 -0.178010111106259 0.306266586973587 0.374809889477726
0.236167646776249 -0.135368167119192 0.00297070832725901 -0.0323751043504255 0.00867543554142227 -0.0538585341256725 -0.0558488744785826 -0.169536374897014 0.298711916566364 0.374178890055809
0.187431536301954 -0.0446496242204232 -0.0814809307731808 -0.007042807317907 0.0156886376553206 0.0122234602411189 0.05289256757579 -0.150917052356608 0.359527413280534 0.395789231930131
0.178578651487668 -0.0753501469061516 -0.0352542864421639 0.064861533110889 0.0334003850418522 -0.0197194260995851 0.0579086250421898 -0.156263829677529 0.428124166551535 0.375438915365674
0.190371246283454 -0.0634852756885019 -0.0228938803570839 0.0716366696706659 0.0273805817113771 0.00423213859898842 0.0808267291329428 -0.15682798682217 0.434401070019818 0.405368362448996
0.175687260481935 -0.0509931493211811 -0.0404173058031038 0.0824721148483411 0.0227256293665646 -0.00966587157919378 0.0847887632312036 -0.162464270767132 0.430008522765811 0.380879979729475
0.17547300742773 -0.0601283045786832 -0.0250738886145336 0.0880832379348023 0.02912834322258 -0.00893169254921168 0.0778522677267357 -0.167800784864592 0.443045817454631 0.391054727242573
0.189518205417892 -0.0687812175910616 -0.0346756554416076 0.00323572852445183 0.076526779712425 0.0475889827079319 0.0682019590144794 -0.189697284975641 0.40164554603574 0.456100950692961
0.162541484957333 -0.0817211428857129 -0.0581766754497534 -0.0308009295522392 0.0935134434269718 0.037134503658362 -0.0301596153594444 -0.121215470019195 0.424411030883278 0.443972362925312
0.23691016977199 -0.0889112703247344 -0.0610255910356984 0.00277933415264721 0.0512739806135617 0.0790829926509475 0.0984770043375615 -0.187465163869167 0.413008132517246 0.442991769612536
0.204787558415211 -0.179715267620145 -0.108109946057171 0.0335052325417121 -0.0842905873847913 0.0813734481494163 -0.0428689743282738 -0.134520281159148 0.305829141270882 0.401829525407639
0.145995479571341 -0.174274861492421 -0.109560563756613 0.0382320380604047 -0.0158079898864161 0.0235471096826187 -0.0280455351342532 -0.184779758124422 0.33837570935016 0.456519059088652
