0.0267315660786459 0.102841206863828 -0.170097345321755 0.216011608747828 -0.102452968955332 0.339504304208445 -0.169142911562502 -0.149968258567941 -0.184722369701188 0.222980675905321
0.00386476462739254 0.0904632451023715 -0.113480280422297 0.213340118168269 -0.0786966636964459 0.402603940386734 -0.229022165013015 -0.120070372569837 -0.181339587907025 0.174045111116292
0.0988248368031082 0.0878238460355454 -0.155576524599151 0.122454124421366 -0.102939707886251 0.350178988812407 -0.186730353827839 -0.229717510798202 -0.141608539611126 0.22145292487253
0.0560452927686489 0.128886163925546 -0.142036600235363 0.192504352959894 -0.0380771335210175 0.381699512909954 -0.212190078243922 -0.19176103569862 -0.180598334342033 0.203147497010645
0.0644052263922641 0.148996384352502 -0.123744363249122 0.209029939909039 -0.0841887479038938 0.350451764152217 -0.214942899572329 -0.182703200165752 -0.210657704324712 0.17163048692293
-0.0346991113222818 0.0284542194338656 -0.127619795797616 0.0356479756380954 0.0414134381407171 0.189141724167266 -0.199031099477969 -0.10461005273963 -0.0153917428848723 0.0358403061930668
0.0197881175079475 0.0466467846808156 0.0310953314053472 -0.0150019871637771 -0.034112654371261 0.201385954451264 -0.252790952716256 -0.0257253453847859 0.0248309885353429 0.0558609204666489
-0.0633446268429653 -0.108023994456385 0.0766642355414264 0.12465138933329 -0.180853259925062 0.32642581650185 0.131777846797429 -0.0188931461992364 0.0187345796054159 0.304851897128379
-0.0518530347743682 -0.11370532186682 0.0719729516974222 0.172328731205776 -0.221366483147728 0.352643158767445 0.14904435591841 0.0235209118717441 -0.0231034805239409 0.412911027275113
-0.0437487953419803 -0.124380390961581 0.0814756366197436 0.171430535248493 -0.204501943069296 0.349846377077535 0.145708333151699 0.0412237650996183 -0.0117703761345246 0.41086098819173
-0.138733097706919 -0.105056208613678 0.0588346272928223 0.184023675106684 -0.148143465797181 0.384140076797088 0.102157323706401 0.0640601994629893 -0.0335642807907685 0.332416047285779
-0.166863450005527 -0.131970834686466 0.0435224772051304 0.139013284041559 -0.163781163742634 0.395368870592711 0.120934666811178 0.0388022310877899 -0.0388043958076717 0.344577393194994
-0.0269572849115515 -0.0986610843684607 -0.0435259640205222 0.155957834609773 -0.308812863716258 0.394983871343769 0.0720343357536851 -0.0111272093169745 -0.0333235326659976 0.367370773526355
-0.132856234715842 -0.0759908178952157 0.042140801877329 0.247874003649468 -0.20095067525204 0.283249958321443 0.0387415783620703 0.0518515968615963 -0.0385950316007031 0.352548495250236
-0.144917962248455 -0.0190051413201959 0.13548910117677 0.124944310679834 -0.206471494057318 0.332776121300583 0.0837658379193929 -0.0674642410709005 -0.0699623212294487 0.301150782828915
-0.143956018619798 -0.101521059917516 0.109408999585146 0.155672711438842 -0.212046763497327 0.343848983605668 0.127130480811837 -0.0301691888051061 -0.0278329414662614 0.311750838419353
-0.166128693414883 -0.0623267492229042 0.141051587623191 0.153447596698186 -0.200513082895503 0.35127029095734 0.105342166990238 -0.0103654088957878 -0.0323963219948752 0.326878845722418
-0.163348706839272 -0.0818960700999438 0.115734562426993 0.183157176829339 -0.223614306182968 0.34977573447146 0.0958007404359244 -0.00982972605864645 -0.0224349225566865 0.309438721775955
-0.123746000338216 -0.123266758178001 0.11798732690261 0.219868597234499 -0.236637465171701 0.337572436249973 0.0579260558517242 -0.0644171113581345 -0.0910823766584575 0.317143477676066
-0.157646700532766 -0.0730081486561618 0.0979711094515973 0.207115705215925 -0.224642503338776 0.353793154621494 0.0363155171824886 -0.0350673455062531 -0.0810437187865976 0.282340827792697
-0.118296788534436 -0.0399586263941624 0.0675249331936462 0.138598238531302 -0.261918265758196 0.398387230192565 0.0414677010417286 -0.0509184534026829 -0.113338616039627 0.378625232703381
-0.101881148561302 -0.0279850515977682 0.0676625777919452 0.153166325996349 -0.222953002402961 0.393824617835323 0.064544499782502 -0.0909000256042009 -0.136809357169775 0.339494383480062
-0.101881148561298 -0.0279850515977701 0.0676625777919499 0.153166325996348 -0.222953002402961 0.393824617835318 0.0645444997824999 -0.0909000256041928 -0.136809357169771 0.339494383480056
-0.105683552131548 -0.0265050526263375 0.0753443224581514 0.147164175087246 -0.225932322713101 0.366952987378017 0.0979283570287952 -0.0911992413519935 -0.108285351029393 0.354267109431486
-0.109700174608866 -0.0290876592791811 0.0812180704124606 0.145399859209777 -0.243457005530032 0.380585061388468 0.0938738724224265 -0.0953741257052431 -0.0891883231409457 0.339847068645193
0.0227584917743566 -0.0903802601748176 0.172839808172131 0.114967177583805 -0.0699261440755658 0.280059890999214 0.0356810771743988 -0.204446722795167 0.131608775788116 0.445230752012926
-0.0369039651872443 -0.0942692153511706 0.165669183609921 0.128061851562739 -0.0930795505815566 0.375713448255383 -0.0424505445869715 -0.228464878019834 -0.00615367382246844 0.514613455506415
-0.163802920509165 -0.281678807508389 0.18324714234937 -0.0716714220075315 0.00756782724741026 0.0905534521090391 -0.563407783082296 0.449068486025154 0.299782949398967 0.495150325768431
-0.188118648333721 -0.244116281909844 0.183840508350128 -0.0320502530268656 0.0825669949063142 0.162119273266443 -0.563483603226589 0.32457584147124 0.326403288601741 0.569297966286668
-0.141958876059068 -0.270782578533389 0.242757720518045 0.0365302404725302 0.0384685425701104 0.0907872373173516 -0.564794609576027 0.380946257417259 0.366862462155539 0.546182902453033
-0.31056922306302 -0.342480219569119 0.218734366853023 -0.164993347957637 -0.122830036730763 0.112794130905821 -0.541774183609117 0.311432632883299 0.313486646829998 0.462569270017537
-0.252106596372512 -0.346683224332454 0.269458516760239 -0.141752040771149 -0.141456124168069 0.130652994614471 -0.532760263806372 0.33247265611963 0.301196591387446 0.470964821344535
-0.240207334743863 -0.334152778725581 0.269278361429879 -0.13832833814331 -0.130017630196897 0.156045314909957 -0.535565362787761 0.354147062020703 0.310407616102632 0.450319873815746
-0.242044405572957 -0.324555626070599 0.266797166169791 -0.161310431757224 -0.127311160768525 0.173971968827713 -0.516915392749961 0.355966962829093 0.306078181726398 0.45748994141415
-0.309313075671956 -0.397566191181996 0.241594775373289 -0.176110098530197 -0.133960709259524 0.0897643838362786 -0.481359194381947 0.361002605695201 0.313209250320315 0.45905446568794
-0.290210622853371 -0.413301083456945 0.274258670905924 -0.136124028955355 -0.107390857437042 0.104569743391399 -0.483979362007982 0.343156993231826 0.319959013172341 0.422514105787675
-0.295658890136907 -0.410541968491789 0.254482932104358 -0.148048237604514 -0.120066238503495 0.129573196796918 -0.492655443689182 0.351344652760187 0.332597293699291 0.435351892459389
-0.263781116180474 -0.379517596684475 0.271940274452353 -0.135250408742346 -0.133869101195706 0.0928666648813002 -0.511248580770551 0.344518401464867 0.333126039285396 0.4472697239759
-0.281571708486418 -0.396686723634749 0.238139103003776 -0.120412244837366 -0.147987332085919 0.0979166404995159 -0.532462251330931 0.353621528177259 0.313000516550034 0.466579335272228
-0.310179636688852 -0.357378507259232 0.263859164211212 -0.128338041522653 -0.117682930549295 0.0938297495140082 -0.574558909077768 0.337460948291457 0.321804760339066 0.448640010483166
-0.281917418241133 -0.333347593215287 0.281784037305782 -0.152661812490965 -0.143144585092628 0.120703148967241 -0.541445806419731 0.346610391053198 0.2679497023569 0.404935447468
-0.281917416739507 -0.333347592844968 0.281784038305548 -0.152661812652554 -0.143144586736026 0.120703148433431 -0.5414458083331 0.346610390278578 0.267949704050999 0.404935447958472
-0.318549132029865 -0.391047175844493 0.307466533201846 -0.13320093741575 -0.107272557176634 0.117777068885379 -0.535561405287029 0.334603620524599 0.273226800470839 0.430091772576462
-0.275081410828702 -0.356621357049582 0.255691483855138 -0.122513394322801 -0.117966174479704 0.120545704331035 -0.554532056870468 0.307970626426061 0.292722253805234 0.416326790361621
-0.305775362342255 -0.325240645815738 0.273491763850537 -0.142034650910337 -0.138045597961083 0.154329950286377 -0.529650994693818 0.312246013799489 0.313422142640473 0.42908594125124
-0.301793773459619 -0.322176511788669 0.264390907405496 -0.158631697730634 -0.127684258441227 0.124040149544918 -0.485732064131313 0.284102515339461 0.255122832906419 0.433573389679291
-0.266907326668391 -0.386205350594244 0.312730556802317 -0.133160480132812 -0.109276034693279 0.125378795620035 -0.501971634901514 0.31297309856893 0.304984759214736 0.461474266620601
-0.320451713762368 -0.30851864465726 0.303746952566898 -0.115276838328761 -0.0771676115087055 0.0700098314015672 -0.540711098226397 0.329137617591679 0.313313680542156 0.416025155256209
-0.234228767926644 -0.422572417467695 0.195973172091015 -0.209848009387161 -0.0830198974269145 0.166790079737464 -0.499502938916655 0.225026495743463 0.305594621869307 0.512227419200761
-0.253801469483102 -0.393199649265534 0.210564270014911 -0.215283393972394 -0.050518030648268 0.1765120493517 -0.39889470439186 0.304772214725703 0.234586339852844 0.436435041777987
-0.232394040042368 -0.43172274639294 0.226958121913431 -0.240621093386586 -0.0539563986553697 0.121266638409762 -0.478158960818533 0.35949077490175 0.297126595042371 0.510580325237921
-0.200466752977865 -0.247667989601846 0.220022798420363 -0.13049567541727 -0.109891187670563 0.195234796428649 -0.537275762998705 0.289966529290308 0.271428684742498 0.531358837371751
-0.2186534335381 -0.236910027316404 0.259965200520002 -0.238396612566358 -0.0690962943881522 0.135883559579928 -0.62615234214741 0.343651810393164 0.325234859347214 0.494989569791807
-0.234705943079406 -0.321766876974417 0.292548295570522 -0.219658374013344 -0.0508978594660345 0.102212006021679 -0.598543663273528 0.360216949777998 0.334460499110681 0.563730574548153
-0.257105458267117 -0.407579981364691 0.312767259124297 -0.192367604432916 -0.139645098171271 0.174883454616012 -0.543856522693915 0.368668101270934 0.301060789119027 0.485464121046281
-0.247349849051735 -0.411974996303051 0.285305458442274 -0.201043050224945 -0.148528178184887 0.186762754084319 -0.535630882154128 0.371597511718165 0.31032551179942 0.48786112313845
-0.249691724468767 -0.334897978559535 0.32742133575407 -0.189609808658426 -0.102346643579539 0.103894209062076 -0.560008220951404 0.368208086615031 0.26410379308224 0.490395303288533
-0.279562131111604 -0.379831576497926 0.277858689565052 -0.194370975010962 -0.12939701749299 0.156638397961485 -0.598647427948732 0.388810270340048 0.270454010896456 0.513156244659011
-0.239843598849989 -0.354289748561872 0.300770255155799 -0.206390869706995 -0.162661517313177 0.126161617004493 -0.537888195436971 0.3799783284721 0.286936162386188 0.492309432259983
-0.224169903618111 -0.362874581055945 0.257716971231996 -0.201313127932859 -0.14682754765079 0.14095935872027 -0.584008379309394 0.342981863121358 0.294164045691681 0.488516162144759
-0.118929529271279 -0.271213661944572 0.146997337367223 0.0884220556817887 0.140684163005487 0.0473896213737076 -0.0415017826468553 0.345307305885365 0.146137318167824 0.250855041341694
-0.12977596023571 -0.263058665003848 0.173041426613438 0.0555971016219451 0.179167796202551 0.0817586717908707 -0.0965924255680264 0.313548248687935 0.0817362176232194 0.237951734996666
-0.027890512071829 -0.252481966128952 0.106242116686962 0.0514485863862505 0.133523132733656 0.0698188877738559 -0.115938673412175 0.324718712064197 0.169102880243731 0.241013221522266
-0.134181010174953 -0.272245901272017 0.141390386564258 0.116485327472622 0.198245148849421 0.0288425898409885 -0.0661419739658489 0.32491276285158 0.168442322824138 0.210978406274956
-0.140499155833654 -0.262638757487996 0.148166156795852 0.089919194708236 0.179124476286203 0.0181498836730574 -0.0560436971182113 0.313827478892707 0.168777772116126 0.215931621013905
-0.128810823842317 -0.360064431865228 0.206752754399228 -0.101369982614614 0.0782782573179032 -0.00335498148971952 -0.0324860969965778 0.346804654378295 0.336751242823906 0.102565892532609
-0.128360329856923 -0.303001096359608 0.138336232213881 -0.00409571770759542 -0.00230030556250717 -0.00268631251550087 -0.140665826675334 0.335004748824465 0.224142934397758 0.128302849416694
-0.136052516411368 -0.339788717808337 0.157739339082843 0.00961579487441563 0.0468640187457877 -0.0384798810458959 -0.0749169698227638 0.325994434236953 0.219201666683194 0.156277647500206
-0.147616118442038 -0.389614875377754 0.161623361426258 -0.0295381853215835 -0.0307950803438455 -0.0210043444384295 -0.172965529873409 0.342980747213796 0.255195697162428 0.101967210103517
-0.133499519177027 -0.375467691473853 0.183362301875104 -0.028850155100514 -0.0234542931517923 -0.0172606984586802 -0.180881631224226 0.355291919051383 0.204329384316033 0.104397745527945
-0.17932168500372 -0.277600235108087 0.200675163174329 -0.0426719655770925 0.0509977241020211 -0.100332358343039 -0.175497709059789 0.316678855164681 0.294122148764478 0.104231962024854
-0.120802193514573 -0.286909118399369 0.224686099002765 -0.0648116905247021 0.0476962899948249 -0.0469361608766436 -0.251625736764737 0.411626405268996 0.225022662405923 0.0902362488964961
-0.112055717671758 -0.241275313477022 0.180173191037142 -0.0344748708111796 0.0324279497573247 -0.0605166448254829 -0.222051402643148 0.376389483359814 0.233256999218302 0.0522795432279972
-0.137791515246274 -0.253956462926386 0.162604548053805 -0.025402193392364 0.0520868390557115 -0.0718731842192848 -0.257969030523594 0.368955816520285 0.219049566227597 0.0670380862574052
-0.12290295488754 -0.227755239307261 0.197995748882784 -0.0678407409606397 0.00726264382578522 -0.00397826653278839 -0.270668735317131 0.367942442350051 0.207180899362384 0.0747775285076501
-0.126191564678744 -0.229464377055177 0.187705271464289 -0.0796869520061475 0.0593904489202773 0.00157341708925135 -0.307989413411454 0.381133009195861 0.205709524294367 0.0881785864196143
-0.116054177460776 -0.237350257412595 0.223945696552232 -0.0711001879785964 0.044344053792422 0.0171689023529084 -0.295667302790217 0.364732314333761 0.22618079635752 0.12468278595439
-0.106666406011599 -0.239268297410704 0.198010361783587 -0.0876353348789344 0.0382042095674224 -0.0191843533491619 -0.287965693012618 0.342051662806811 0.232820193858003 0.0756666032537356
-0.267398730656019 -0.352201053314839 0.0673269130234665 -0.021102436436749 0.0768438997072083 -0.00425518885824789 -0.0240800910754134 0.51957133755664 0.141975099514315 0.162577822125524
-0.203024333018901 -0.270664605675475 0.127327229757608 -0.0374374600135744 0.0887691229644145 0.124822735348735 0.0169860786517656 0.446224923774642 0.133969926276437 0.168152108754139
-0.195873865714753 -0.274252813037558 0.132053468486311 -0.0365256523635799 0.0844121646431861 0.113090684462179 0.0233597631510319 0.436272490789847 0.134997969497523 0.169659151230127
-0.216224222307897 -0.303268863634831 0.158171868901664 -0.0687473946146395 0.136823453403637 0.0834115807818646 0.0541538124590773 0.407357663062827 0.126070628170138 0.200275736299604
-0.187505577320216 -0.277545663169344 0.161797240779489 -0.0816873173287307 0.123477755583484 0.0896128549932804 0.0387685439626801 0.423126598852434 0.145409489014447 0.193953549962839
-0.247599439559999 -0.365736280143964 0.0930156911571491 -0.0475962384420414 0.180335745755011 0.106636760989179 -0.086611539027982 0.51283333044314 0.0846408912997924 0.174971179863397
-0.240411458453211 -0.33284803023199 0.131456042057946 -0.0218199019797337 0.12449041180957 0.100068845135777 -0.0940411744800611 0.533667084134625 0.103753975709305 0.170886549892726
-0.257751228070195 -0.350874491871944 0.119827831634638 0.0356861637653518 0.0959418588377725 0.0421573413186752 -0.0828949816752501 0.485687829753551 0.0965102729017226 0.173698902395633
-0.258308127052673 -0.349618773186866 0.149997994602366 -0.00809997732501755 0.143536847394797 0.0789146718364804 -0.0791533593419976 0.519986553408108 0.0419093824355171 0.191430624375859
-0.28327548351087 -0.378569459724545 0.145490091838397 -0.0307064799325543 0.0924839168795615 0.0969637100153606 -0.0858174482924014 0.545813950129743 0.0496892468616793 0.145301592942498
-0.272801005808869 -0.362191395811368 0.140389326742129 0.0109964396773038 0.146042153699828 0.114648503924765 -0.06339936917763 0.561262684988517 0.0577686482043727 0.162459562800689
-0.277396045126667 -0.361346264847903 0.139669450309534 0.0130308841460319 0.15399122576894 0.117464549745872 -0.0797982661412098 0.570419888436665 0.0740540512004087 0.152817484483372
-0.277538284819558 -0.346623462662344 0.115787239092114 0.0136119608853159 0.134828981228752 0.0969198842520233 -0.0499642933096455 0.560061918900805 0.0794942260799689 0.154902888956718
-0.303156270916304 -0.311070138098057 0.141819377422986 0.0255066622910601 0.118546513657901 0.0888235485061012 -0.0759025107687581 0.573546006712005 0.0907943837831847 0.147171524990954
-0.303156274590551 -0.311070140984314 0.14181937066711 0.0255066598142034 0.11854651543202 0.0888235499655583 -0.0759025097569068 0.573546003585386 0.090794387598646 0.147171527758845
-0.200904666138388 -0.279338957246084 0.159515756631931 -0.0487284866421743 0.0821654619745523 0.0552901044820965 -0.0966917631217398 0.468950202477088 0.0765449576292296 0.244011830531466
-0.219976976449167 -0.276346612044097 0.219448592075159 -0.0242061567921916 0.0719159722296221 0.0418528930814994 -0.0583713494420922 0.521411165645846 0.157195908830936 0.180027870017662
-0.259972272764985 -0.288090503164509 0.131278994413049 0.0535776937534145 0.0680894823089898 0.0930862996518152 -0.145022848947923 0.453123362912202 0.267536138845778 0.252223393575575
-0.180165380641802 -0.222663728117713 0.190263137282484 0.0582147366438701 0.151960808759553 0.059487805452797 -0.0125621559610016 0.428413217377017 0.150452747288535 0.184539511403048
-0.1869785281317 -0.20686389665977 0.177554863859331 0.00145965514307026 0.13922038866945 0.050453853122039 -0.0685930616078396 0.372606328533128 0.195262305350323 0.181030808300708
-0.235315833987993 -0.263781244009399 0.178241490304137 0.0562196535152774 0.15922670986862 0.0483325016085942 -0.0176577128298162 0.418413481604233 0.158086405105719 0.22972475861417
-0.211327909456985 -0.243500602142477 0.170163084205281 0.00760732817772949 0.12106681539434 0.0225013074866863 -0.0656608605360773 0.387861658152394 0.195451641580301 0.173971775548387
-0.234568272748813 -0.249709853520113 0.187111511908572 -0.00300071304727263 0.143649924427201 0.0128318681294889 -0.0571172090446198 0.425621288339632 0.186388989619273 0.228266357362065
-0.225747379746535 -0.267130326510749 0.226357323633963 0.0521878498003786 0.0984101957072976 0.0237143960586112 0.00972188936826792 0.409065640054577 0.125947913768514 0.196570293896161
-0.182501577929372 -0.30902900622504 0.19303724541917 0.0641509045112682 0.0992535319240385 -0.00547335363843328 -0.0177956160775865 0.439811331256972 0.186815681162603 0.208319659392427
-0.24226694346716 -0.287996594474976 0.169991500932271 0.0231100426566628 0.126748810718632 0.0381603059809974 -0.0410813861382986 0.442382402334947 0.175024666048555 0.220539431419021
-0.0113141701211025 -0.156080918468582 0.495217553122334 -0.0888241180033093 -0.137275540241522 0.191175257741115 -0.468315020186608 0.122136381269798 -0.0541953868713442 0.18082458308262
-0.00201388966395392 -0.143951403991685 0.502919204269959 -0.0395634216375211 -0.123283050363546 0.19440131636734 -0.52430033914625 0.0911818376362852 -0.0529626726990341 0.110241736992717
0.0075163757172472 -0.159357422621223 0.468925953466279 -0.0773598557871819 -0.144374797526348 0.176940750493498 -0.506565403375503 0.110307478537637 -0.0727713620474903 0.136129175788899
-0.0234026607042211 -0.128780092189301 0.533658408059805 -0.0807617067579052 -0.162606419488712 0.178695137694559 -0.569086064478625 0.119738458148397 -0.0767916947702455 0.0985371128275019
-0.0316853620259579 -0.123759152400581 0.541830354565273 -0.0797786988953578 -0.168771256476125 0.171092396493287 -0.568094398837673 0.139825470236066 -0.0867906228780038 0.0879090200466214
0.0116761053632983 -0.145412800779123 0.507701818607191 -0.0730099010887966 -0.167802577812859 0.215677535100178 -0.511740840235573 0.124438717633717 -0.058277028398145 0.111556902134927
-0.00399678748243555 -0.103250224508412 0.467524402413804 -0.0603427921276368 -0.122019762728672 0.208578569057035 -0.515686901701045 0.19864363309201 -0.00615068217584208 0.129007388962368
-0.0111029951430611 -0.102662043730801 0.50423617557928 -0.0240193741753239 -0.144986497991405 0.21370681499899 -0.553746138615979 0.189000559196306 0.00860053627624932 0.133881560811983
-0.0434030720463174 -0.101482358533486 0.457925689305731 -0.00882802414307771 -0.204830593368091 0.339361604867254 -0.356489519637306 0.29574599580196 0.0839989341406232 0.168119384951241
-0.0978881594888733 -0.0380106300516467 0.432210946486184 -0.0418627883519276 -0.245577990414397 0.379032879750039 -0.361818297735033 0.264953638947697 0.0828254687159921 0.115232935832698
-0.0708777832217112 -0.0475180298745083 0.455447113573716 -0.0702520316633342 -0.240755083751776 0.405359356690934 -0.367860527265564 0.229005251140884 0.0687375743774859 0.131670671325246
-0.100872770193709 -0.0596809395700471 0.449378833276121 -0.0564451269436962 -0.237715030491572 0.428160578177035 -0.391067881078643 0.20698826557405 0.0664738987370271 0.140221637126436
-0.0452763532761232 -0.0262846143971665 0.429522345972094 -0.102441934003934 -0.201554448436058 0.477445856219824 -0.296721848887958 0.259073326979177 0.000766676462129108 0.12309139715582
-0.0604775759732 -0.048202219640975 0.486231683768005 -0.0927660130620418 -0.13381757746494 0.432457694748909 -0.271362747473944 0.307305145655723 0.0879428084651777 0.0991622756546325
-0.0238215022528013 -0.017136630145784 0.482272287505408 -0.102397878517792 -0.13737770200189 0.411885139561177 -0.297555892201415 0.336629155757026 0.096360898391637 0.0954725893637235
-0.0213084389796465 -0.0239177152236161 0.47512421881071 -0.0955450340918985 -0.177566687389912 0.445350212648144 -0.311599730250402 0.320853814708212 0.172118743997335 0.113217735043564
-0.0459995061061651 -0.0547474126341413 0.447208185779083 -0.0443790075259241 -0.204645390710274 0.435064768034219 -0.327011132170981 0.307587390731852 0.106698779615837 0.148792696477948
-0.0693319606779843 -0.0463423274415832 0.43064946824573 -0.0448571769098418 -0.169751288450795 0.445143842659686 -0.281941362508705 0.294385564314893 0.115164253846842 0.135756330780649
0.0484458759702127 -0.0332708103169058 0.595919507153337 0.127454312768865 -0.140865198709912 0.246082996693738 -0.407414661048071 0.15458571305582 -0.0387500752671045 0.0265205293218426
0.033677717622479 -0.0342075611189018 0.556565750457992 0.124300806862804 -0.173206785460773 0.253691307199856 -0.388725603909351 0.169148026764989 -0.0655078685990272 0.0625400958726955
0.000466905203813477 0.0275765758373599 0.575216980694551 0.134655573177335 -0.142985493041115 0.304629413348882 -0.317980522638793 0.169316856040344 -0.0601747065812579 0.0731197730244789
0.0116726767262469 0.0207883735245144 0.606713837707768 0.11644698387826 -0.181474343954243 0.296688960257059 -0.401955315423421 0.194991864735496 -0.0261651373006881 0.0976102857745483
0.0912837266462533 0.0400798244451227 0.62929348749813 0.0658168115189033 -0.195250519065245 0.345830308847485 -0.440123258827668 0.256852455265936 -0.0364233130779914 0.0376815206780677
0.106317503190116 -0.003285588558705 0.620034800040331 0.0539370370937956 -0.181929418594733 0.346147271229368 -0.439083790948226 0.27236918861862 -0.0279302360869751 0.024901640612681
0.109652198406404 0.00776438315426679 0.60024538222011 0.03092438311562 -0.201221218062587 0.332098237574351 -0.449835634296135 0.247267324393689 -0.0377130173803521 0.0531159591319189
0.104382847183403 0.0192637906805004 0.571133803632717 0.114279829603125 -0.159922608650138 0.361453790032394 -0.442150929708939 0.240922794568937 -0.0536103841282338 0.0710871833955886
0.113550880530824 0.0185744280386275 0.596007976693185 0.0581402454391988 -0.191647958535197 0.321558389638652 -0.382270314201019 0.251328198162782 -0.0491639831863917 0.0702065052556892
0.11679986281735 0.0453441682419286 0.588503014120576 0.0703775494570422 -0.205415271221967 0.31402479472415 -0.395384121970175 0.219054177590962 -0.0562320659639373 0.0553578756308886
0.133007331199488 0.0146989053834772 0.584706634709324 0.0923766510233558 -0.199225563124493 0.337334517409459 -0.389714230850637 0.231632699091048 -0.0436146051906839 0.0650473186142764
0.0891246878420368 -0.000778471865187491 0.577029068171623 0.0928761320766476 -0.173007664949658 0.283462691732303 -0.366005964839318 0.263138182130255 -0.0732664975110995 -0.0166612946590217
0.114154006539719 -0.0072986394615435 0.595331372632569 0.0939246816319342 -0.165606592139733 0.291340486051821 -0.392385119744936 0.25192800428751 -0.0498325460476001 0.0432306632083223
0.128272285493666 -0.187830768036698 0.661432814172399 0.127035075548887 -0.224375589170693 0.270487605344507 -0.333880879902747 0.25723965540271 -0.038328850489634 0.0305767934508716
0.140702511141067 -0.137179967516338 0.688087623476316 0.147224084528261 -0.140021751963537 0.283292756058176 -0.396220156691236 0.183192690917864 -0.0537056333352995 0.0773061749073726
0.127909307328302 -0.146558251225533 0.681704456144504 0.096115809102205 -0.23079977448252 0.308327993989255 -0.357965419729756 0.240804174574961 -0.0483418220284296 0.0847483121124257
0.103580523461808 -0.148097828711851 0.688049375709195 0.083204664140543 -0.199951400228263 0.270299440234165 -0.384144687727159 0.257732334586171 -0.0767074022139447 0.0777510571820609
0.0668887803154576 -0.150362117963151 0.683871625337331 0.108558256483805 -0.237483032666583 0.28849289341567 -0.405710014571994 0.218808147288053 -0.0945616235107696 0.0581294074738896
-0.181247522230795 -0.0473869662854223 0.230848488066906 -0.323105879025925 -0.250070362076505 0.389223636376286 -0.048778810162684 0.44677912857671 0.154554445985321 0.0165549414010731
-0.205524480111656 -0.136978192114114 0.227141127055175 -0.391321281186438 -0.155355138685978 0.670997389705407 -0.234860695411589 0.582089725600311 -0.0684346755641285 0.233317310967374
-0.165998889547962 -0.0741421842616189 0.301877633804391 -0.435363624454949 -0.137127680852258 0.685446831083276 -0.172204618088488 0.558354153313335 0.05457028568902 0.281117093983949
-0.14292641394287 -0.111063229096737 0.209602799911228 -0.420032866833132 -0.116390459821965 0.621583666836975 -0.12739503016141 0.697457010671921 0.0434971560166003 0.297755143226741
-0.215995466573922 -0.0935664962110375 0.238102069501478 -0.423882764057654 -0.126328233424022 0.612267920199328 -0.219720824525754 0.714825259909297 -0.00286111693690784 0.258396160252543
-0.180509709253645 -0.114320955442554 0.207504919907557 -0.393468784408197 -0.128379044731243 0.598798087782136 -0.176085362339155 0.703808018765954 -0.0151344375442998 0.276922837681573
-0.245144298799251 -0.0174297871534567 0.20830453929701 -0.437830646869487 -0.0967344718235065 0.634437251350094 -0.176130105721923 0.69645806982394 0.00386824085660812 0.295750341812732
-0.164572393540505 -0.0547138136891422 0.21668631710719 -0.467378303061584 -0.113206532579652 0.629293428958006 -0.131814870735273 0.640432250511198 0.0153453762531277 0.289868472359757
-0.169890082359046 -0.0719820084835803 0.178788537367972 -0.406498791805573 -0.146465623001624 0.603260821949834 -0.180803877307652 0.64144094322397 -0.0516208829734691 0.264584999064998
-0.183855592144568 -0.118280692789087 0.20191251486404 -0.480897517517501 -0.0938514987588941 0.697567805232429 -0.130499393321162 0.677607707488132 -0.0165205564326418 0.343073184588858
-0.150791004792171 -0.0987176797283955 0.218106655398497 -0.444486898008744 -0.106829634651188 0.63071136865513 -0.167514279650793 0.693616801445414 0.000915242393651164 0.300539917016118
-0.122201430983934 -0.125081161987541 0.231945046680179 -0.365741005999846 -0.196296514056266 0.641361159709181 -0.17734129395903 0.626784130934564 -0.000343168521790595 0.259958055804624
-0.159125969794192 -0.061749720038835 0.300836007761996 -0.35352080431566 -0.152022819881651 0.679628525424974 -0.204044169484237 0.576035356850172 0.000589164203661397 0.258846601307062
-0.157483798375933 -0.0898786953256694 0.296836489317853 -0.457233645313099 -0.122300990522801 0.620972454098582 -0.222525455204239 0.60862884441455 -0.0120378759603017 0.247828808213382
-0.102596926153526 -0.0740010571869295 0.260880779160791 -0.408024665843565 -0.098752894408596 0.660064689219493 -0.147203483930029 0.582783340694607 -0.0210716278528229 0.272801116603588
-0.0947827038899274 -0.0350674705603275 0.281622882543183 -0.423708446822817 -0.127012191064741 0.651906471523377 -0.166332751278154 0.601417110091214 -0.0204161364892162 0.245366774059915
-0.0938063683095954 -0.0395634554052624 0.296898914946993 -0.430944622288386 -0.127255450144235 0.64115659577354 -0.15346303715717 0.609774040646601 -0.0192024395105366 0.257497196253697
-0.211674837587195 -0.108480697456828 0.149388868368553 -0.424026337592812 0.000675123127990691 0.370037553437565 -0.144048068182853 0.571130124676468 0.00813136653917005 0.142627325661642
-0.230536161083052 -0.0946331195775041 0.172890713824995 -0.432613601307718 0.00605129895749022 0.37960064287788 -0.144522685869721 0.5645587587567 0.00442732052341462 0.124882894859586
-0.253492773592867 -0.0296071749705715 0.127847075078102 -0.33125845135943 -0.0939920212813383 0.578539478795695 -0.0895165403769686 0.55247306907656 0.0989287653458381 0.264585388108806
-0.223991579375038 -0.136222969564371 0.171445283211814 -0.409505517871038 -0.0785088235216873 0.565440944311484 -0.193314639326279 0.579709311383988 0.119592776836162 0.19188282904351
-0.185800394399911 -0.149461656040375 0.160223930637159 -0.419052516012605 -0.0952996577110287 0.583454706589669 -0.175089519385937 0.567887271176857 0.0981354224585026 0.216285660194583
-0.282963420195276 -0.0549402890184833 0.214126536705309 -0.285971321562836 -0.301530877033014 0.4361227338591 -0.380614983014268 0.449958401261202 0.442671289156357 0.161657303282635
-0.282963418284462 -0.0549402888461245 0.214126537327076 -0.285971322201956 -0.301530879463393 0.436122733202942 -0.380614986002891 0.449958399517579 0.442671292513534 0.161657304505636
-0.22441547712612 -0.0152522995239848 0.198592877211707 -0.299179146234537 -0.259643386787344 0.43366194346043 -0.379715967149916 0.405818663535311 0.499216222635155 0.141125147430467
-0.270623509247447 -0.00448751479377135 0.219218263571829 -0.288715475191772 -0.255855285998925 0.492696073077194 -0.35666449529824 0.446619386977547 0.528537206753032 0.12026600116653
-0.271481161353561 -0.0577756390376847 0.194686450688158 -0.253954302014807 -0.22254381130748 0.467912618429332 -0.374478182584023 0.395721133824369 0.457989861057552 0.121250733967418
-0.242705544912029 -0.04499219698848 0.177635791552993 -0.24878486089743 -0.18890707116409 0.481560775451158 -0.383305510147416 0.510432345667878 0.44124181723153 0.123119349472674
-0.256122656503632 -0.0295750989360715 0.185230285398072 -0.222625864046848 -0.203095760213993 0.451204456043814 -0.385273129032432 0.496050630214202 0.412388040114724 0.120808710155627
-0.291040793917404 -0.093901962252189 0.173068634959856 -0.292389091598286 -0.261511263501836 0.396782224344809 -0.407058159174853 0.413593933978194 0.446193643849085 0.142983301765587
-0.222294248235388 -0.109389675776637 0.212840327444062 -0.240978918017823 -0.172627370077864 0.472525453030664 -0.382538863131522 0.4751394625867 0.430339200515002 0.192110955611768
-0.24257672289605 -0.106697400284547 0.157851851576694 -0.247108969011206 -0.1637005356959 0.43500569982874 -0.39818088253599 0.455520606215363 0.390244330504189 0.163851425854971
-0.230356629334115 -0.100368690978099 0.169211941642273 -0.263114805714119 -0.176785750310742 0.420584525402339 -0.398854992594251 0.452158387290448 0.436827779842473 0.163951574503201
-0.241332483430641 -0.0807921559044704 0.163754973603304 -0.264522852437454 -0.191799398148386 0.443261395162742 -0.368939470902258 0.476839566670063 0.436336800378272 0.139858999490321
-0.236067730971464 -0.101889558336359 0.172590601935978 -0.271951650073425 -0.206479984686065 0.445175666527132 -0.401071348460288 0.487846519596348 0.413178095479733 0.166674830482424
-0.259967092549952 -0.0480481893695481 0.255523264401813 -0.306605750766131 -0.294477745197161 0.446552103365701 -0.413230654584254 0.383443592373728 0.533955072508411 0.0798361429537367
-0.172310442463618 0.0103923644127876 0.224139079636477 -0.295803004115443 -0.181506154261714 0.487889065000658 -0.320035178861795 0.354610816817266 0.442386485989613 0.153033676650845
-0.16828391976186 -0.320944553825108 0.132126060308847 -0.140438075094953 -0.148140311692896 0.367866243146969 -0.289331752405737 0.397977427442939 0.155584143424813 0.0967817329854374
-0.176540601779579 -0.291609795006648 0.0756888786069388 -0.0374677047693202 -0.122955328985872 0.403514240899472 -0.310698712132413 0.399051884443806 0.11730673182289 0.13930627720549
-0.257962307342604 -0.319721780450186 0.0775591640857622 -0.0907959643038811 -0.139703541206014 0.332189647416048 -0.324433576785898 0.431507550312967 0.0872047294501136 0.16318642135429
-0.136026286556217 -0.310882649252319 0.159636207569892 -0.0580532231574419 -0.015266975661519 0.436950854268491 -0.367029443579363 0.378851998726006 0.184886835429434 0.237401762293812
-0.195957770959743 -0.219394572878008 0.178188620443774 -0.0979620736730865 -0.0422278441193549 0.415669856369174 -0.372109411561917 0.394424032511162 0.171050492558445 0.158636120531216
-0.158960343874794 -0.236392882869239 0.22064686902016 -0.0641978436553799 -0.121743012050912 0.515034570497702 -0.371867244377196 0.399259194732959 0.117656085545021 0.260236452342793
-0.195664630120997 -0.23164200153084 0.25834177904253 -0.0350641856582232 -0.0978458049411108 0.466495525724026 -0.197530970710619 0.375329090568401 0.19385720604068 0.19534186963758
-0.237382843481428 -0.254737259218585 0.198590604678366 -0.123887921195845 -0.0997366864030649 0.50119144258727 -0.196352307018319 0.382032973585257 0.180397493622173 0.249880418740168
-0.22116953095003 -0.280441351171764 0.209849302122503 -0.132016257480673 -0.119550586955374 0.482944057066017 -0.149813733784121 0.394879357706094 0.176647670483934 0.260120533967282
-0.330779956174999 -0.116527199091393 0.297675680319066 -0.0540243221461318 -0.196172731808827 0.391773386669738 -0.20194292342773 0.214181841158848 0.163505414855332 0.245195702419858
-0.314454952650286 -0.123866410355175 0.271187948728755 -0.0731287633472349 -0.222965378910653 0.411506540363498 -0.193781190065746 0.183720091490914 0.142182499951801 0.224226175826218
-0.34646746645842 -0.0778416266334138 0.310427591001867 -0.0918933438931071 -0.212764871071564 0.504954062574387 -0.167680912159713 0.19309133981193 0.18272712752921 0.275933441815731
-0.365153726363957 -0.094305338895542 0.29368445632923 -0.111969764975112 -0.126917696657692 0.465384266511875 -0.215370656062173 0.222061094859819 0.231343246067363 0.188762915697272
-0.262404632626878 -0.0671477510017746 0.117257281835115 -0.0963416802283321 -0.142074611487967 0.490285869547473 -0.185794407101977 0.278081457085386 0.13153176370501 0.15690397600616
-0.316370364596601 -0.166724811699854 0.192571434253217 -0.216390862007412 -0.247195665994519 0.59433290501053 -0.227658387509094 0.329318143279041 0.17946695395928 0.123903285495511
-0.295480825680404 -0.142465883855885 0.227856656159773 -0.0615783304133234 -0.248703161020925 0.584956709433797 -0.165214954415324 0.258106420144841 0.146549230639234 0.123514304235081
-0.284553984465824 -0.198263561763618 0.206688473137408 -0.105857535193785 -0.226452499733315 0.568278284575302 -0.157114331922869 0.239762950447154 0.169813482174275 0.117588655390472
-0.290667510828054 -0.186543833528463 0.202223215330907 -0.0781797682034565 -0.243517247092161 0.585228553280643 -0.175492979784625 0.251699633145889 0.150668867937658 0.106429574429685
-0.213656888982939 -0.193151081321041 0.13177582365644 -0.104872492461878 -0.186388265727917 0.48244127642734 -0.141523171141549 0.259743639555312 0.206428291838996 0.183199646343699
-0.183025054805521 -0.174002130943321 0.189400897576953 -0.152138613716085 -0.0924078363563415 0.43796816692135 -0.144144941197404 0.233445827633163 0.151261207471545 0.172695675296869
-0.167015385295774 -0.228880819933617 0.171849018262727 -0.140384586499572 -0.131762282475083 0.482983427719485 -0.140202096814125 0.238501457752717 0.176556294273793 0.164795990685646
-0.138538657300601 -0.215392520475078 0.231239959824371 -0.118663169279 -0.17143203266866 0.446942611099471 -0.147228359071875 0.228428439468839 0.15659185628437 0.183450078899322
-0.174714033038727 -0.230645446806149 0.179475876006588 -0.137602942570483 -0.109875497295344 0.463117215657769 -0.163578618310105 0.240876066074056 0.164677279061197 0.166302329081429
-0.177867647387083 -0.193943104556532 0.201848686811147 -0.194014374059994 -0.107815324391644 0.443701496622966 -0.147439527932559 0.267520361931386 0.200706401235061 0.174392604120782
-0.146939368498037 -0.18808398937315 0.208033748311101 -0.142596289501064 -0.133457223343884 0.480015727689356 -0.157605811747553 0.221999759293054 0.179615675373925 0.166233159772493
-0.18268794932878 -0.226637065461566 0.19926519155791 -0.158321798105129 -0.11061809496311 0.449175473468565 -0.12785607790427 0.239503301128172 0.186119649163163 0.159159950013613
-0.235121974399004 -0.116707832561036 0.222109251596513 -0.158013645074261 -0.166963171411372 0.377659016265568 -0.246168416915181 0.268863541732959 0.201463947954143 0.186727469214222
-0.258583180188784 -0.0970251456314256 0.211366307555919 -0.185642721487044 -0.182851434172788 0.39425806199063 -0.259729264554933 0.235381919053129 0.179176634635478 0.196689844307905
-0.338642990165962 -0.0869435090667014 0.202521302335855 -0.198681654275245 -0.196715918737626 0.399545570323549 -0.196141560662397 0.256548373487049 0.197117039767899 0.137611434300521
-0.34933708575173 -0.107381558119811 0.221897818665937 -0.164769312930407 -0.163846768382321 0.483313319228265 -0.124904741603148 0.264927537136546 0.233211637441818 0.139216973687431
-0.356645556556057 -0.114068104820544 0.221384109030168 -0.163088273754528 -0.192782472960647 0.449940876596126 -0.140819148002767 0.266353070334062 0.200641666680316 0.151324686799624
-0.263953074391635 -0.205097106992496 0.19363048990532 -0.127703181867053 -0.220717154709829 0.440637240140635 -0.110705810008994 0.311144477074293 0.162280165146254 0.186121179393115
-0.241327856977333 -0.190133829764848 0.170758157454736 -0.17218773667092 -0.188982079393603 0.462613592688703 -0.114613338837002 0.300146642557247 0.197372618291158 0.19373029122444
-0.233746492247136 -0.0449831787609265 0.156385529322089 -0.0896620970376492 -0.12085735200409 0.457629510262665 -0.0479851840351788 0.258280098215131 0.143286241369798 0.106935753931651
-0.202175166698221 -0.0918081306966017 0.162748011085695 -0.0634088454103593 -0.111902731536029 0.460032811087948 -0.0685923329713345 0.267755941929278 0.163188347915215 0.0879446729051616
-0.235231861996347 -0.104632705823952 0.212539045048031 -0.14786529986384 -0.200326557611695 0.392291489339328 -0.0897224628344928 0.27876800739713 0.186475979170655 0.146253903094194
-0.291058158024421 -0.171257451075065 0.15720250504582 -0.155828963608853 -0.169418877802838 0.484029059179119 -0.129387460566601 0.305517048425964 0.180174265615603 0.225084825542648
-0.313983699549895 -0.125727443291225 0.227290855033416 -0.114869619870334 -0.207248291712661 0.455467541690177 -0.117777201111726 0.27786660587527 0.153417656129501 0.198025384122306
-0.353377818659925 -0.127749747830998 0.250535515747875 -0.107580667625887 -0.22459130380034 0.438511247915313 -0.10567915083141 0.265312839923986 0.168280166470088 0.225767714885142
