0.587607697582407 0.219384968111114 0.346983921499432 -0.111647478710964 -0.382339170229176 -0.000494269402292092 0.0860863112877286 0.230828150249411 -0.100547648569375 0.00909245442659003
0.559612081501355 0.198927336917715 0.366430625795233 -0.0906034614537226 -0.381757640770545 0.0699048808714932 0.0799029878914971 0.240830679924781 -0.0847827865395795 -0.00242610653258956
0.582073928494574 0.169776176533413 0.361856106976159 -0.143358282724468 -0.359850186578965 0.0290554138024191 0.046587612818462 0.209159385546397 -0.0566700516986482 0.0483115723893139
0.555657800968042 0.165693395324706 0.336674787389725 -0.0675545376765654 -0.389376227583165 0.0498786655048468 0.0447575565462922 0.199880370848095 -0.0803811329147061 0.0419693958312447
0.547391969295951 0.104526253690623 0.418543584728959 -0.189959911136935 -0.455936759540611 0.035875161044322 0.107230508989323 0.322808216122776 -0.0606431448283937 0.0797506609475321
0.530390128046287 0.106838083052802 0.430150843968579 -0.171492577075694 -0.474749408904 0.0345632888013128 0.0690412751975834 0.306653102276344 -0.0516978146138574 0.0863798882625775
0.501539180928287 0.140116138806668 0.432794011068639 -0.155028459541634 -0.398164653238046 0.048106431981762 0.0216792623784607 0.24719802720705 -0.116446037561164 0.0714262869870164
0.528844081674007 0.136987145733511 0.43195101959877 -0.162573901611352 -0.410883832744052 0.0534605373789809 0.0476677386337878 0.235185333624195 -0.14495428240159 0.140033094983826
0.507988602710633 0.253516536733148 0.28287552881948 -0.204515622434283 -0.529355815988103 0.0723155281781578 0.165792379571599 0.117223358956154 -0.00467125725024055 0.107908551942168
0.516705093924141 0.273220401413253 0.331493297195714 -0.245994591945113 -0.531772579934415 0.0408417385240915 0.143469986754877 0.0505320165449799 -0.03680435161067 0.0823407454837705
0.494042537601566 0.150878974502669 0.339474125712644 -0.256929829649592 -0.47006177178277 0.117892005819199 0.182479612105772 0.24793892287189 0.0477373907024036 0.0510035166622064
0.572954299863878 0.238404623361449 0.354900913250406 -0.156522181401024 -0.390216122469077 0.139265064214722 0.0363924367015337 0.209578145391328 -0.0590181902430456 0.0967709026473164
0.521398355658007 0.195035498901095 0.370462273111835 -0.177747654178392 -0.416225349881633 0.157770405046613 0.036840409326193 0.209437214012775 -0.0392161833322954 0.0510847701013201
0.456111301844055 0.218909967154006 0.458888027186718 -0.215953661617706 -0.518775405661686 0.126593394401761 0.0986578391028759 0.218209217089226 -0.101325584840146 0.0164855749006042
0.388732223948755 0.224168174951693 0.480958980931104 -0.209625828628079 -0.501173007545279 0.104859652758168 0.126612949019187 0.188409390964201 -0.0845798558950602 0.0345257631405857
0.510788015386527 0.271655558106275 0.365191351273461 -0.216383920886631 -0.450369448691381 0.159713797323124 0.00307749492641143 0.19163743733713 0.0705604500907278 0.047829588593488
0.499242910226016 0.278306710189836 0.378882441035967 -0.200875556460569 -0.430796287343623 0.155079830714434 -0.0185582123867462 0.173438702240167 0.0771527224947316 0.0825760121803759
0.472208718832409 0.250177433303126 0.406508200667343 -0.153486396480013 -0.426705564217242 0.13330496577468 0.0394078491455779 0.188312071015773 0.0541825572819088 0.107874911182113
0.500486309617201 0.256343698296127 0.37010805185255 -0.208769146013906 -0.415820329706571 0.177234343317126 -0.00610540550725878 0.227635269782823 -0.0110767162460619 0.110267136439006
0.511311913077392 0.272218862158457 0.386467663641242 -0.232033153225932 -0.399830580650061 0.178414274677099 0.0265168870857108 0.251311523321342 -0.000214401090557452 0.168338832879908
0.506417345480039 0.263522610131625 0.405430859101765 -0.197711509426872 -0.422984763662953 0.170267041911718 -0.00211882328019008 0.244015405893907 0.000317121249386812 0.163817875459026
0.497784461377815 0.254246434121065 0.401112982167757 -0.197716948539695 -0.452375323764909 0.161691961092839 0.0212231969879008 0.227379717946253 0.00155963034771417 0.162962348125807
0.517197094759698 0.246574181508179 0.411899706927409 -0.238775923731026 -0.427397042173427 0.158838364989895 0.0242874348193743 0.239589091621402 -0.0188744680824044 0.139096978124493
0.46754494051547 0.0958048035750678 0.549240186319588 0.0334245259355883 -0.455618149282353 0.0133445153068058 0.0670404338373725 0.0980817060116173 -0.337812464908534 0.1443555387167
0.404529837507253 0.112795458898674 0.573456290445568 -0.0367890732989393 -0.546453328084162 -0.00421315574397376 0.145103739556313 0.102875555565707 -0.250935367835016 0.160283541390288
0.430275047891257 0.124515708844431 0.554098175010797 -0.0149357366604557 -0.523269620989719 -0.0212426817202948 0.209980829021846 0.0788690240303018 -0.244945742731015 0.173090679814733
0.468485204981026 0.104616343099894 0.560989713208976 -0.0318324130315816 -0.502041902284473 0.0144676299453215 0.211102760040518 0.0860250365890298 -0.255026023605258 0.159558678719955
0.433458424198353 0.11275171249559 0.569841104822399 -0.0515230908348548 -0.505316286144872 0.0302226795259137 0.212679360815821 0.0960348726360664 -0.253275910800199 0.161147194609501
0.426617356359687 0.0690869434068962 0.561522772793764 -0.0239366428241597 -0.499568928629587 -0.00434781094896733 0.183947550014697 0.0583169642451041 -0.239873622850381 0.209474698570077
0.452688988946616 0.086811039587338 0.590752887564763 -0.0383523450953823 -0.48805872001157 -0.0346462057207921 0.174822005549375 0.107923984741259 -0.213391377430198 0.186661910802342
0.496363515123363 0.170737830477503 0.58626782494287 -0.0265095324622899 -0.47374301630357 -0.0355919915841951 0.164447177616448 0.0490239332066191 -0.240575263585713 0.191838674177273
0.453591231048952 0.0992028339528788 0.560952135903296 -0.0392317358833263 -0.514618018431083 -0.0607273900054284 0.187622349375047 0.0435452948241925 -0.263895279792202 0.164342550181395
0.416619813200009 0.144614466101223 0.531119489038589 -0.078632871007091 -0.502075665753055 -0.0402400168789236 0.138370934501346 0.00126385711239628 -0.303276751344338 0.179591974392549
0.414507484413243 0.116711077659051 0.580248111762059 -0.0411733964171969 -0.468269950987692 -0.0277511799362228 0.169191493011412 0.0234597636971969 -0.274138495009757 0.17665035358561
0.461082316550448 0.169435309448055 0.563973001198859 -0.0825557816710854 -0.469470893475256 -0.042377712138412 0.184590556837618 0.0211781954767947 -0.283418747392518 0.163535353213967
0.489518726784181 0.177309448435936 0.587462997501041 -0.0580412006670396 -0.512475646425958 -0.0542613768229332 0.205489760793378 0.020507338778371 -0.279985224789749 0.176384736513805
0.400402204296702 0.0990406745009254 0.473208370821758 -0.0687020200889801 -0.528729728109213 0.0163913772854809 0.151675585238238 0.157981502124186 -0.309305447103853 0.161702060426592
0.47547730043169 0.158310716768057 0.515266679925472 -0.114434528795739 -0.511323204117701 0.0321173910114418 0.144253850853588 0.108972093369794 -0.231233292223456 0.17027598061677
0.44733498718528 0.172362594662499 0.532286707843576 -0.116989428120801 -0.48826120884663 0.0338136572820146 0.167090022987761 0.111215969980352 -0.200476618472276 0.187453699551683
0.395902533616907 0.0885071477420178 0.451680933581635 -0.0378065159691321 -0.383673870699365 -0.0873729570901235 0.127857417703343 0.0934089661820238 -0.296854174742854 0.120680266044062
0.432617000523198 0.0108905887339281 0.462433128987689 0.0709535747565665 -0.323011433566846 -0.00751076406491369 0.176085383063105 -0.0100152854328524 -0.241303809093334 0.193981450686405
0.445794622002154 0.0677552345231641 0.489205208818725 0.0810512877479487 -0.352148058932181 -0.111987976502287 0.100586386293693 0.0228410327786095 -0.253974929024458 0.172081515465441
0.393270111392929 0.0785870753227378 0.490172323968779 0.0130660263555468 -0.393478415954985 -0.0465897725431036 0.116963409450557 0.0112840533852714 -0.221564339420809 0.164474657659615
0.37863876468344 0.0814752210491948 0.486778882256743 0.0493793991973331 -0.333267387193234 -0.0918992558728252 0.136229643814015 0.015107161608406 -0.266395913857939 0.168319574071676
0.445388364115456 0.0411406334304458 0.503529301587253 0.0469242723747586 -0.358707910175613 -0.0598028192516559 0.105594504149335 0.0152673286339068 -0.235039221634342 0.159549327347858
0.427717380069419 0.0523880745623729 0.527883160137518 0.0459914605908974 -0.379689537918112 -0.0726866814391749 0.121373428018575 0.0115879712009615 -0.236998140657067 0.154447122678939
0.5089257828165 0.0356255529230421 0.563258498466425 -0.0421059353494266 -0.383660745714661 -0.0623942506449965 0.206183056657977 0.0660087891126726 -0.182413506368315 0.211915782664392
0.504809749241601 0.0655202192539319 0.508707637960828 -0.043476677262402 -0.354832622749876 -0.0236245140447214 0.208864061999689 0.0330463065679353 -0.19083019877057 0.197667532270315
0.486509470782233 0.0509755693639454 0.57080983953591 -0.00672006974405126 -0.399551696567243 0.024445958844297 0.23100378903762 0.0815880665179952 -0.16823273265893 0.231232142508076
0.481715363121103 0.0696598980683663 0.590435475559516 -0.0117147882686835 -0.357055220077653 0.017589602436631 0.202401089088147 0.0260144914144896 -0.190815227990101 0.231590760021605
0.471582386906088 0.0332062932469925 0.58241264994006 -0.0137735818647118 -0.375642639425344 -0.00679203274240975 0.205021287731942 0.0644484945374325 -0.222479797768839 0.241854413045328
0.432355054160783 0.0902235422595657 0.572625872118522 -0.0362735959164637 -0.435356240839546 -0.0115055194499063 0.178994939750894 -0.0374809229319057 -0.229923436532541 0.223525545757046
0.421500330213993 0.0154683809059366 0.558862686237978 0.0154160731487184 -0.42870106145238 0.0323544104283337 0.181981505841403 -0.00233129046897491 -0.218087666535799 0.228914624788408
0.347186819569984 0.123106226996327 0.46848064949992 -0.221898152018537 -0.399215748365267 0.113230427070635 0.0193733190456966 0.0589183293991805 -0.273277011376103 0.265733468976224
0.43235450773921 0.0577976756113247 0.45828888210954 -0.173891421534202 -0.448053655002788 -0.0311450641226154 -0.011825594749807 0.164606121924195 -0.252379481310288 0.28607830742521
0.384659659738379 0.0911582842963486 0.55313597181058 -0.234281389074596 -0.46453625293958 0.000787255895831722 0.0600662625623012 0.141516014315846 -0.210533312776865 0.302049661019357
0.35895808202902 0.0858831947002804 0.598221117760154 -0.259334823537156 -0.479517316884724 0.0104457383642257 -0.0136309748786226 0.148598101664107 -0.215713413863108 0.307605785036041
0.319308554185454 0.124693714613881 0.574341409373509 -0.248550976456341 -0.468830457283971 0.0113094367237027 0.038613214989875 0.159083330638767 -0.246769852834562 0.260206489142675
0.407337686222971 0.123428013568909 0.407965161699396 -0.289735812286363 -0.475473811309328 0.113343376774512 0.0880219835984663 0.0869742706041387 -0.168408707016381 0.333331930852522
0.415163657614351 0.122231613920209 0.420397393243543 -0.272577302766182 -0.471368869616991 0.124681379221341 0.0933267125471393 0.0890778835249089 -0.16528274991091 0.321750390161784
0.399697901144855 0.0792982147011652 0.502776392895361 -0.198896656654466 -0.406249502772196 0.0438165452422064 0.000300750388346729 0.146588501209176 -0.311863863103279 0.252484462292491
0.379758432218098 0.0658455227178643 0.53243514688914 -0.237271723565968 -0.400998268116511 0.107911364358732 -0.0128544887299204 0.144431334884587 -0.319284032445283 0.252011749005267
0.365760690254739 0.0636687522003623 0.536487895748394 -0.272225870482576 -0.444811542810264 0.107108774949709 -0.0117461227975266 0.175221639473279 -0.298080665742536 0.237297899056387
0.376726140059359 0.0811701541842373 0.531251838819848 -0.269711624291072 -0.412836565998324 0.108118326224726 0.00573845546713035 0.173931233007469 -0.314162856797687 0.231405772510313
0.36281091369043 0.0961176976953043 0.541092132034976 -0.240069573162062 -0.407760258999427 0.0921409695100427 0.00590125969531669 0.172833220366785 -0.344095425801598 0.260508032179458
0.37186880794882 0.0876666101913988 0.530604206100817 -0.217304650636209 -0.402198051770052 0.0959875824797936 -0.0286092068417286 0.182527665839533 -0.306544558076163 0.255143656663523
0.382984325874141 0.100247522231026 0.528980990903127 -0.248027844171558 -0.397209446785263 0.109272415513781 -0.0162816598487892 0.151986688741832 -0.275038905393297 0.233589841261504
0.382984325751236 0.100247522106127 0.528980990741971 -0.248027843598737 -0.397209447003397 0.109272414837972 -0.0162816602679728 0.151986688646727 -0.275038905629031 0.233589841451091
0.36686396789254 0.0840344679881897 0.528369742915871 -0.271062771613124 -0.416014329983051 0.0955867467068692 -0.0255628837725865 0.170528915207603 -0.279868048709406 0.21547733277934
0.390450985492069 0.0966712700214831 0.511826816128219 -0.236394708859915 -0.422572626063738 0.0571711384518567 -0.0276878784205245 0.144538498794853 -0.306097750818842 0.234982997635113
0.567133802862977 0.0405149937899646 0.629192818514643 -0.13998041684964 -0.323916116521648 0.175652447957356 0.0379824934818098 0.0904776950589787 -0.0540538957086095 0.0800412895054833
0.533457911000657 0.0829622130779849 0.554977022756621 -0.220723861066726 -0.27061982056925 0.24540349121248 0.0771016609678981 -0.00852832668526513 -0.0742067241394891 0.0310567346044581
0.563090891163394 0.0880792651486233 0.629988677135214 -0.258607473064548 -0.234138141379964 0.213943865400679 0.0835524754264406 -0.0108410709533129 -0.0818759072441496 0.0685249936288396
0.623645437511924 0.0444235961151957 0.603481446709608 -0.267649486802733 -0.285798780977333 0.14462531045697 0.106190169334096 -0.0112935641998233 -0.0613794537810295 -0.00274843741069375
0.623645437305562 0.0444235959054615 0.603481446438998 -0.267649485840918 -0.285798781343598 0.144625309322235 0.106190168630253 -0.0112935643595072 -0.0613794541768408 -0.0027484370923541
0.62834670278873 0.0880014835451352 0.608632105357688 -0.248638928319433 -0.271710057091523 0.18055686244774 0.143972846461204 -0.0274191375856105 -0.0211435315158012 0.00906600491339661
0.647099260065634 0.0923063317366007 0.600817826469277 -0.26652923702985 -0.301719013929023 0.196731852955387 0.134621928409551 -0.0210344014217624 -0.0102811684101808 -0.0280333997956038
0.591489066040205 0.0654976734573716 0.624742034157426 -0.202276943342104 -0.314926343608912 0.174084600416909 0.0313659386454927 -0.0116464022975503 -0.0384926979420087 0.0250870775427716
0.556753964189861 0.129737742630316 0.588780941114842 -0.256624058906881 -0.308757178757528 0.171539988062 0.0784995932401303 0.0184965005058107 -0.0496084347994437 0.0661405695978534
0.575705102365144 0.0879688141804038 0.545162030537363 -0.211674526023132 -0.306952087836256 0.150060234087544 0.111247074912033 0.023184149469276 -0.0499042797296556 -0.0125573423180524
0.578757813991734 0.105285589037005 0.548082378108033 -0.212638214113578 -0.300978501475046 0.161110237593862 0.134491432133846 0.0206918940539031 -0.04711086194371 0.0146813832905396
0.549030714469339 0.00960512227983105 0.608940995405289 -0.185947057702919 -0.355860491179642 0.300585019770678 0.109150863845323 0.0385374249816819 0.0122589787739008 -0.00189595691742747
0.619627109936482 0.0387453765080205 0.563507287738896 -0.251473975420673 -0.346890229901977 0.233293594147759 0.0429741528578175 0.00305728706068079 -0.00146610756310266 0.0150551440847392
0.466787655792767 0.165607558606262 0.575879618711383 -0.260708021061 -0.283274257905398 0.0585326404601195 0.048224607196949 0.076178516037411 -0.0652246269439384 0.0218702702459017
0.544559265847014 -0.0102067551356416 0.642505049577295 -0.198145823953243 -0.316684840868811 0.167298296078637 -0.00513098831327273 0.109438440891385 -0.0280116855104303 -3.55934536218757e-05
0.567254216976512 -0.00476944560966272 0.654194547624302 -0.156416307756821 -0.346062370926244 0.179071140369389 -0.049225691539086 0.0924708726848394 0.00383132981534224 0.0178963668953387
0.566016697659988 0.0733938257064693 0.610817012229917 -0.19622764042308 -0.386869723250154 0.124636977002976 -0.0394022954965714 0.093892044411749 -0.0441267372132792 -0.0334849512287101
0.566959619995268 0.0749099169459834 0.605562403522828 -0.197276992347354 -0.386268970129168 0.118301325128408 -0.0476455843458955 0.071368400025568 -0.0524137463546412 -0.038049284956284
0.605912723272562 0.0606591945341861 0.575592544910303 -0.289255317906813 -0.340027863530199 0.110761425896071 -0.0368665495777694 0.0928650716312494 -0.049568806360722 -0.0539767128164874
0.593351720891087 0.0793158532218887 0.569997304504962 -0.301844295636229 -0.378984281945621 0.120511536477916 -0.0234173729250777 0.0864933072358541 -0.070941650694338 -0.0523342934832946
0.541600686037271 -0.0125550436888353 0.590067414694827 -0.252212180688888 -0.308092955274992 0.160762417695836 0.0237811284845559 0.115083316911127 -0.0433984526234272 -0.0137612474897219
0.531283520217378 0.054160060806986 0.65677912203919 -0.270178908611147 -0.310668596673875 0.181859294837583 0.0496899247420524 0.133167075485906 -0.0532892709383234 0.00752768943022331
0.508720692328924 0.0662914505377472 0.634457294703401 -0.235085683833961 -0.304752755517153 0.17645275400615 -0.0172985113781381 0.0926320376744401 -0.0703323930866676 0.038334000401849
0.528448127120923 0.00200638834345337 0.603490794996071 -0.222151345858795 -0.286138100065285 0.180162824540762 0.0587811341886196 0.103910840618411 -0.0468486118639026 0.0214431124211051
0.506767763590873 0.00518281792784878 0.582258900530976 -0.260705169513998 -0.272450069707664 0.118550327226106 0.0405521718153867 0.0800445111632362 -0.0282413778274265 0.0187833589553707
0.52484624009579 -0.000182536347088423 0.576426588111838 -0.250080119754938 -0.283381338767925 0.132296528064854 0.0552017467943755 0.0649781013279382 -0.0357233113979621 0.011811469714187
0.487155234655143 0.0390095052039135 0.57446029010253 -0.225242537080115 -0.359563933398725 0.161060295386377 0.0340503348076782 0.0511139177231649 0.0239914281908101 0.000956696595504115
0.551179402403137 0.0552574481179827 0.562713292977289 -0.246397050728399 -0.301650995662168 0.135428018393158 -0.0139857667857982 0.077518843311476 -0.0914262377269142 -0.00519654581034593
0.524845315518716 0.0578240198953849 0.546802857586827 -0.244517977916898 -0.334457268069778 0.20383962963146 0.034686953588335 0.0913840540117644 -0.0939992458131742 -0.00577432095734075
0.52695645805878 0.0546030102456293 0.544368804048141 -0.229600565731325 -0.337342914254739 0.207169397185593 0.0501367527966785 0.11485195138098 -0.0680338427673821 -0.00492629521490187
0.511934647980884 0.0610669459165209 0.542954007388017 -0.240821887025113 -0.34066768136529 0.200565507265592 0.0287329063735399 0.0986281508604377 -0.0831302560891545 -0.00442287840041777
0.537169553408612 0.0859230285418071 0.552826408033305 -0.2368621482751 -0.376182325959719 0.137497025660617 0.00772729702340834 0.0374709207190067 -0.110126450396039 -0.0638734881495703
0.53317619297185 0.0307038767059969 0.557500947784124 -0.238692325572735 -0.412722802859334 0.219136477597708 -0.00228092352803107 0.0809124017790332 -0.0750777560087751 0.0134272987282149
0.489929755192857 -0.0285864094178997 0.573469257199007 -0.27423705815828 -0.335280926850668 0.13914929105092 0.0196289635963866 0.0821658479060428 0.0226059617747745 0.00568101162645044
0.544574659171906 0.0209089932417485 0.627095514828343 -0.243619339549489 -0.230579515761139 0.188341802315105 -0.00497088895232494 0.0984793971421309 -0.0656441189234529 -0.0626783429754833
0.596055823502601 0.0430525606202247 0.615463473816143 -0.293724114696847 -0.251542251525124 0.147278591729836 0.0573233578144357 0.0658500227813409 -0.0136812475938982 -0.0332889973664703
0.566907163481818 0.083273890455777 0.595066260531214 -0.29819296668498 -0.269684890840909 0.172449383787545 0.0795078278936662 0.0373344209413783 -0.00832431192925259 -0.0175764959128414
0.499217738058477 -0.0161688787296884 0.614475006592921 -0.324035648911785 -0.204275150193693 0.130579831548133 -0.0749281555573381 0.0421813694636666 -0.0660142374953917 0.0245932387026514
0.511934372585492 0.0331276038458683 0.651795867573715 -0.259774264933867 -0.242172148186385 0.187195535620134 -0.0777856063927922 0.0158096427634519 -0.0249808784893051 -0.0137343604860387
0.504607374564423 0.077543994303354 0.655279982384188 -0.216335721158299 -0.206335491579687 0.164735077384955 -0.0415799760090384 0.00620775721797846 -0.0163746117732164 -0.0165191499597479
0.575823358596565 0.0447060087403396 0.607229655392525 -0.228865313237294 -0.321260360655862 0.129979403077054 0.0665963901035767 0.145309831709025 -0.00177424089748891 0.0653542196695962
0.61921893405806 0.0456637974566705 0.581200681937016 -0.272710944941795 -0.291811368373193 0.152463654011577 0.0532458210835071 0.121477294593726 -0.00897973046442734 0.0658769788275839
0.557680781421698 -0.0217641666360398 0.627693592222572 -0.212904429310488 -0.311503400744214 0.123020232564402 0.113747326310713 0.105894962111698 0.0464140203473398 0.0756641406391089
0.554524905386394 0.0539082869223722 0.591620938872796 -0.199274902786889 -0.383915797197399 0.238343463598394 0.0226009054221263 -0.0611880987909339 -0.120119331385924 0.0760400997531324
0.578561657164108 0.0833212404559443 0.588235243325726 -0.172294581278866 -0.363796133009984 0.19231690203104 0.02360016461185 0.00585483914728135 -0.179158738885275 0.0829685476658118
0.587962954560705 0.112892962306312 0.643786080365564 -0.195118459422278 -0.398604274128037 0.201908458882668 0.00740534206924028 0.00832417346371359 -0.149151292504928 0.0754753057294886
0.542300813977113 0.103477195755981 0.633488929828086 -0.195476945875795 -0.337053180424859 0.196203591582099 0.0110629200154192 0.0154950579615994 -0.130175752891462 0.0753352531061599
0.55345670237283 0.0640265078386202 0.561068735705409 -0.207102700983825 -0.375914045956528 0.199161669641469 0.0100563705963321 0.0194314050087143 -0.135448183562286 0.111255727707028
0.540413466525381 0.0747341125793627 0.672668725583117 -0.212015507649882 -0.333243636044665 0.175492156768727 -0.0163122776841304 -0.0274003666295471 0.0162351988458854 0.120257571379713
0.562881132300574 0.0134790221980561 0.624934352627284 -0.205823548671535 -0.350802001452845 0.184927609518433 -0.0476201358368977 0.0352077045227856 -0.0665748528821282 0.0514734117541362
0.339953367595941 0.253565653951192 0.472676148362783 -0.244561251785739 -0.295482366125652 0.148144143941446 -0.0155396988558178 0.100575046172839 -0.0721612102475964 0.202398407319005
0.36405897647685 0.259627828848877 0.45248370516354 -0.257943135308661 -0.309052569278465 0.0897041648911653 0.0339733414628306 0.0932267064680609 -0.122901310497904 0.134669479377953
0.366324515266937 0.273193897122183 0.446424928336002 -0.285189756477614 -0.319923897968849 0.0995199255274806 0.0145992736976742 0.075713800575882 -0.138247424829519 0.167595194413907
0.405736276784224 0.147845597072085 0.565009266117622 -0.200224589132297 -0.451311697610827 0.178159946538959 -0.0414978607164934 0.024366546352628 -0.164727682661203 0.130783943640151
0.365587091635572 0.178437818090771 0.571907279426501 -0.206161940468645 -0.46967988459909 0.205208616731051 -0.0550073897579621 0.0364115597019465 -0.181240051229921 0.173238141455182
0.365587091612873 0.178437818067703 0.57190727939674 -0.206161940362862 -0.469679884639366 0.205208616606255 -0.0550073898353626 0.0364115596843763 -0.181240051273454 0.173238141490196
0.434314271667224 0.18357266818153 0.566000480254644 -0.259836372973556 -0.411932662037507 0.142436280103802 -0.0106374476746792 0.116454022145726 -0.197337991416917 0.184570613938779
0.485830977837712 0.150260359358195 0.565695737627029 -0.237361373662482 -0.45227932476366 0.0837724567646527 -0.0339562952597984 0.095754800513716 -0.215835338574166 0.139321125749092
0.474016323726463 0.157276772491242 0.535339469385023 -0.231757717637429 -0.456576470142857 0.137907848273987 -0.0484007551798256 0.144378141608844 -0.173215187817484 0.18459066472579
0.296636760382894 0.111558027211356 0.631077379291607 -0.0797063958441117 -0.301183186514565 0.135928136454877 0.241475030154587 -0.0700715032818393 -0.030392997945494 0.0765607897012777
0.404062648870616 0.083073402090138 0.672687650693251 -0.125824686737058 -0.327508912994197 0.110802455461694 0.288989255786576 -0.073735812167455 -0.023206626937846 0.204183780845483
0.446966554807231 0.0660523283391908 0.612577177230061 -0.102085934538184 -0.322137638482618 0.14030060946006 0.22430810314838 -0.0355004181724252 -0.00307191604724459 0.161025354544293
0.417725589977737 0.0628401058062444 0.632528703758084 -0.119957402205881 -0.279267626158085 0.0820675094158393 0.202322087235579 -0.0288745051015029 0.0368657130454699 0.176158529619929
0.471136508188966 0.0256822698569261 0.68537364716628 -0.130870980158404 -0.284326458166164 0.147295534608857 0.223728175270949 -0.0479635936829268 -0.0403964531045327 0.200101107838821
0.451272062104469 0.017803762213634 0.691669042483292 -0.135066094950256 -0.311921251043105 0.137873571818206 0.227338920199859 -0.0514695421345806 -0.0338326856590749 0.200651524204521
0.398726946504758 0.0937434329236655 0.629901879692951 -0.10608123223031 -0.271206102189128 0.125826616565426 0.203833816283179 -0.0324051444313816 0.0242777736676596 0.20074810808299
0.410409000588432 0.0459078939939462 0.63812615437697 -0.132712856154682 -0.317790778068154 0.0966383330060793 0.222223020143153 -0.0146085887534933 -0.00953340628983226 0.170298721278416
-0.10693221891826 -0.016655459146862 -0.0525682110484377 0.0489582591799056 0.0563842555567475 0.321181342377112 -0.0254834093956105 -0.0428104333227069 0.0597623237922127 0.0473394864040201
-0.108953278211075 -0.0270538183041229 -0.0201592744705846 0.0384866812838449 0.0540061536094976 0.347521941195931 0.00283040620947453 -0.0723623032754605 0.0416016562963879 0.0322267776141999
0.0126410923374717 -0.00851270524006524 -0.0600229549945271 0.0108330059696044 -0.00558485335806534 0.374221450561147 -0.115371089826323 -0.123881851299245 0.100475033351117 0.0592948581372008
-0.0429801513852833 0.0293202137662707 -0.0746609240095442 0.00195574437787576 -0.0819471784660089 0.306975606268551 -0.0938182560168921 -0.0817172416039323 0.0773806570983696 0.062800390462487
-0.0554781376060581 0.0107099307620356 -0.0662249923521527 0.0120548511418677 -0.0571919714028534 0.311546145283855 -0.125355986303438 -0.0514095500772736 0.102560383920279 0.0533668500359809
-0.077280605855532 0.0599679530473923 -0.00758682918457805 -0.00584500351226613 -0.252252443485569 0.382377777952391 0.112593572256295 2.35583511617028e-05 -0.169221639535851 0.0793522042516543
-0.089627709977993 0.0380069838181598 -0.0124539342163568 0.00556495494051078 -0.147188218905689 0.441482098252527 0.0277443348896912 -0.0770448732785372 -0.213639547801151 0.0362849258650561
-0.0386056753340581 0.0886216857477966 0.00658823803206661 -0.000413003323670344 -0.169689690460856 0.382677078440643 0.0836652443981753 -0.155187654794549 -0.183246072084897 0.0363475749715304
-0.0451456675521004 0.128533972716252 0.0340373596187366 0.0074922934569129 -0.191170294109094 0.409739752965827 0.0394226655081621 -0.125730657872911 -0.184947746727882 0.0727478348911035
-0.0499554341860931 0.0861834872952025 -0.04217556923847 0.0207000371093334 -0.13714349714862 0.408714235612451 0.0876895338620049 -0.116512793522147 -0.177652751470202 0.0439091550301828
-0.138323812907115 -0.0155677838353188 -0.11571825877208 0.100792282978756 -0.208431225403336 0.418608902008042 0.0724947399954737 -0.0287771879258968 -0.142881497021637 0.13454253498108
-0.0989638197507905 0.00288383603900282 -0.0701313789460226 0.103679548817437 -0.191199408133053 0.398971040099002 0.0318776499791453 -0.0452339240056546 -0.151963591960952 0.129870271256938
-0.121613824484138 -0.00349152904118759 -0.074762921987655 0.0506352205107117 -0.247285361056783 0.436419628929847 0.0527828662116154 -0.0895142095990409 -0.152396266088339 0.131858703526794
-0.0652977952534065 0.0428583610384369 -0.062505005578293 0.0669727710642915 -0.258267670680016 0.469976762668546 0.00284907539193214 -0.0465187010202423 -0.140309029142473 0.160179209745658
-0.0845166469993549 0.00868829674740335 -0.0915216459540635 0.0333803891749641 -0.259513042561983 0.434216684840808 0.00964889944847846 -0.12462517643448 -0.13052260911724 0.174827694452299
0.215081639678619 0.420379050163315 0.0236876038827383 0.511934191284779 0.49854093726397 -0.0491431345090399 0.0214001339889227 -0.0190034084239629 -0.457270740449154 0.0977583261706336
0.221041514283727 0.419157880218442 0.0191909764373628 0.505157591588687 0.474057449267389 -0.0358294132365322 0.0201064104621028 0.00359268526715906 -0.461235472926856 0.105338290822983
0.198444615922369 0.433482384977773 0.0480712565455549 0.443898723917883 0.512374493180628 -0.0160284735582125 -0.0125384649042191 0.00759631626993916 -0.466207223234042 0.0486291103096656
0.196408215673682 0.452122267419454 0.0371207127654965 0.458783690233804 0.554717316416557 0.00622088423493536 0.0168098960541491 0.0254886249048529 -0.469768772460693 0.0678177342027024
0.244183009203534 0.424110710157742 -0.137927323844086 0.634190486537718 0.403437415703107 0.0151386053161708 -0.119793978025755 0.103859722396287 -0.215672833192071 0.0076271165640705
0.125043447872279 0.466768602247305 -0.0900737992163683 0.572460079517457 0.407032366113788 -0.073980417821006 -0.0975536639001941 0.128297330865921 -0.178147545325285 0.100626840271596
0.207272482909139 0.409387265724886 -0.00625392608377284 0.518748568003035 0.373288122050801 0.106853515607073 0.00384957066445168 0.155828229140407 -0.350277363828898 0.0815376355809701
0.214260184950797 0.3728725368845 -0.0094689063821056 0.497237275533661 0.453913539199585 0.0758856149228574 -0.0278998051505465 0.131333082128343 -0.368191071568554 0.0523793460275236
0.245055823677564 0.365325011792963 -0.0343317392751483 0.494085303483835 0.423484920904495 0.0950345306669341 -0.0258932503796453 0.105903141632686 -0.372730843511715 0.0317007295126063
0.237895983224913 0.373816217385994 -0.00837500336702771 0.50294493569333 0.420074055928093 0.102955804090474 -0.0371911831742053 0.114731928621814 -0.381043030262041 0.0354634973579836
0.1933235504319 0.377027991632389 -0.0167718991607942 0.405380727399691 0.4178092320396 0.114609968666099 -0.00458721069076255 0.207557436414305 -0.29951057154421 0.0871305866336989
0.289117772149543 0.362588469388709 -0.0831640884561012 0.446839187053701 0.488896341677443 0.142883439197692 0.0116670392247345 0.104296963210916 -0.246486750871461 0.10824800700208
0.169445440707156 0.296930024277263 -0.0807588764126436 0.582394293879464 0.427825814544009 0.0663813803372235 -0.0160886694649059 0.137212556613824 -0.395378313136499 0.0241502378607152
0.13958777968707 0.388032717079921 -0.00351821513613539 0.570255483966849 0.458639125244092 0.0409292911963768 -0.068010228981193 0.113915485195692 -0.314925872749275 0.0969640536583983
0.178243143389883 0.388564727726046 -0.0718084541809882 0.520315960178921 0.482201991028709 0.0507744366443413 -0.043837814070999 0.171835707469897 -0.299955091672436 0.0846194571476132
0.204234415521356 0.504573592141565 -0.0440763294063026 0.505699783230268 0.506825602259061 0.00214762774543983 0.00122848390406217 0.088918014090766 -0.350466738672083 0.0313021652074672
0.175965384600214 0.473245625043365 -0.023802412291615 0.513784247329922 0.515285091547887 0.0104593470288682 0.0251260039086116 0.127721360190321 -0.319820790119124 0.0601722109022805
0.205080747713624 0.486898998031545 -0.0342260043310714 0.507376807311466 0.501076132748171 0.0166926220407388 0.0340077893080961 0.118351962515701 -0.305687127051075 0.0441939788750482
0.138438600431929 0.426608257443561 -0.0813910725777193 0.522288507546757 0.495830415296107 0.0571452331556501 0.00631772846343585 0.162473480860879 -0.34301665584079 0.0403103698651212
0.150417633274987 0.429834256199466 -0.0225668098136966 0.489056953827221 0.484224963821487 0.0405905025840315 0.0156239806832029 0.152212339548185 -0.366505754038206 0.0375829488566828
0.134937954504335 0.417921537379466 -0.0356824031394059 0.491376167934047 0.518565942649244 0.0576711601028003 0.0132192286326253 0.123985297560224 -0.332706259261763 0.0115285328519229
0.134937954504326 0.417921537379468 -0.0356824031394038 0.491376167934047 0.51856594264924 0.0576711601027917 0.0132192286326293 0.12398529756023 -0.332706259261766 0.0115285328519234
0.200636645720767 0.33820320982332 0.0341338723696186 0.518813363943595 0.379864802810002 0.00583273514020208 -0.0962340033038971 0.137257197704389 -0.23704420397996 0.0166987714486939
0.156109104471937 0.296070070063044 0.0651383743644804 0.513320497850741 0.406956208681498 0.108241681299823 -0.169859932719714 0.133109669407613 -0.246313759372268 -0.0245571113573071
0.133856675965283 0.312711435322044 -0.0258357710037342 0.542645668538051 0.468856414304224 0.114716451228895 -0.114099696498288 0.159687994422636 -0.173313231870129 -0.0119746557688103
0.0747952387955389 0.0320417354544385 0.320052554155861 0.409208022512679 0.303010904276213 0.0414754408150262 0.0151913459496198 0.0827166154068937 -0.372734167313878 -0.0387382372971714
0.122094064706146 0.0230632247778315 0.219153541095483 0.366398471747859 0.353651174355996 -0.0442721917621971 -0.00516130423611189 0.0262927444574502 -0.430954702156104 -0.11397115032387
0.130686870764315 0.00535149106829901 0.223110727643689 0.351262782570047 0.373537170693793 -0.038643915298048 -0.0117735237535222 0.0701255641524875 -0.412712122976728 -0.108201963291068
-0.00206991430073486 0.213487569762754 0.159918306141254 0.615960343065551 0.453387415040893 -0.162832680483425 0.0533440244457164 0.0706756766572258 -0.245115539066795 -0.0446264673310727
0.00386723102922392 0.120312499904821 0.198122620387375 0.541050885015623 0.482927027607518 -0.103960007256268 0.151799607532216 -0.057985817466118 -0.284715977047667 -0.0924605717937623
-0.00832823830056361 0.147020007656953 0.119569216899793 0.523025105865629 0.396556439326481 -0.120173019743575 0.0587257912889014 0.0313779309922917 -0.289998938137053 0.0122881710798716
-0.00624278623462166 0.256627445978025 -0.119181121115655 0.273875431394573 0.537889038809095 0.0563096018978846 -0.105504466040101 -0.0352249728501731 -0.329558217386923 0.225184657974665
-0.0107606371472724 0.255824795783842 -0.0959239589221121 0.252340482285853 0.532979671404488 0.0702918805072327 -0.0945797600473476 -0.0128715563541804 -0.330645879619712 0.20552937330019
-0.0539973278369148 0.23017686260459 -0.0385413410834144 0.354618828787357 0.446402564729089 0.0667849638090755 -0.138902145654698 0.0156153821398466 -0.389167004703411 0.0734945285137873
-0.0781881701693581 0.208237656054869 -0.0225105842119994 0.386991454348327 0.450365865974593 0.0539379409431146 -0.125127343454474 -0.010826420222557 -0.380392394922046 0.0271364889137404
-0.061338250322034 0.186380069530745 -0.0651690928640999 0.394974086214846 0.446604657489111 0.0678795869367478 -0.117183727040417 0.00156650524462954 -0.374777012897698 0.0615181833438505
-0.00842129448439039 0.245314931269308 -0.0483974779315589 0.253720530045307 0.416853858987603 0.0932006032393829 -0.148683292641406 -0.0119156721186305 -0.337437058878724 0.133717568654893
0.10975056365216 0.20982060837475 -0.161401962963421 0.307072678290846 0.459405850414793 0.0520776671501667 -0.0707113616916581 -0.0244163273911698 -0.422344304423602 0.136620353417469
0.127811932365399 0.192372723901877 -0.166850101844008 0.281316131182112 0.476295463994702 0.061229278905803 -0.0817493812123838 -0.0289920338994861 -0.422613382933587 0.158550509418482
0.0816381144950211 0.204650261230747 -0.146707130597748 0.310511615755397 0.437422430839218 -0.0111237538610387 -0.122801603922213 -0.0466196750484823 -0.401231244423459 0.156383772928074
0.0472284948181133 0.227830223468378 -0.126700142467214 0.319291975816712 0.45990699191396 0.0500910598661362 -0.136102467399256 -0.00706941728792755 -0.390536497353903 0.142908248927737
0.131315397744448 0.371761844626116 -0.0283101931475746 0.49310394368083 0.462123840199647 0.183533615674467 -0.159569850938321 -0.00766996063097324 -0.438296169835153 0.0179338830678907
0.160134238902629 0.431670642615654 -0.0358865947721651 0.464242534503675 0.413288743345195 0.205286342076741 -0.148658942542783 0.0692711657580416 -0.339475799093048 -0.0140029551855725
0.139520267043297 0.418552506145994 -0.0478671376237127 0.476479747483913 0.426964147013808 0.213294063969395 -0.152100360843943 0.0473097851861584 -0.353455412591926 0.0173020484456323
0.136552042587521 0.373302061142084 0.0121568521982091 0.59322009134127 0.456089419786402 0.216905417800536 -0.114934927083772 -0.00385169550459118 -0.400731941713481 0.0282672050947634
0.165896628119844 0.394593205241407 -0.0375760773025649 0.564408877426841 0.503766348203498 0.227924669835912 -0.168552963042119 -0.021938945057519 -0.336453145139495 -0.0139417568387425
0.171092957962836 0.419529186650273 -0.024729308467903 0.565734556944458 0.488865683888938 0.197649058399579 -0.164081613325175 -0.0254411626589016 -0.355851980544335 -0.00254794867103399
0.193245546508001 0.412216568164159 -0.0345963119265175 0.570399407959646 0.556575659466174 0.147165068371206 -0.0644936611485376 0.0200020052404802 -0.342582964717767 -0.0106390797403455
0.137860414932125 0.394199513255488 -0.0154780161011342 0.609050612464486 0.527057817936623 0.191974410960504 -0.0674916790573485 0.0133404102109005 -0.330740683475143 -0.0205442325990887
0.148983331173139 0.37892651492704 0.00839370613034251 0.633029289603656 0.522277940236537 0.178391400361604 -0.0942850503546292 0.00983307658704436 -0.378932467454313 -0.0086998920873294
0.151850477918883 0.372569284057616 -0.0195811933088 0.590246549611845 0.531857415350994 0.152570011547252 -0.116503930326175 0.00166572943964539 -0.330482804597564 0.0163392287416627
0.159225447686458 0.40080061801732 0.0258669188478223 0.610713221270801 0.520900461706564 0.16470914816086 -0.0991013439776836 -0.00713381554681482 -0.328278523408414 0.032326825470621
0.144095199568284 0.393473609299558 0.00145029659673174 0.602721944335235 0.549330780783983 0.170623188211836 -0.119764374558966 -0.00756170329303146 -0.354001375658792 -0.0045190933002651
0.157873742937454 0.367354667599291 -0.000437066840577434 0.608029773718938 0.531078112457872 0.190096658129308 -0.104003562999827 -0.00640265711608045 -0.334017484909269 -0.0285332273064264
-0.0821726469035377 0.331056384555322 -0.0296268189812927 0.388967627217745 0.499420681633548 0.10036725430852 -0.0434467295497019 -0.07677220009299 -0.492047782294117 -0.00634243967598395
-0.0943234139054471 0.35511903837561 -0.0561816190515611 0.38299363531839 0.518011021459551 0.108785780309589 -0.00519325074089848 -0.0624665421817615 -0.473086213539327 0.00728327625608862
0.039181875159746 0.324064193522937 0.100900555459271 0.3721766546342 0.545573708269059 0.0777808949223349 -0.0379093821474307 -0.0203968106092234 -0.528026251931197 0.164910796795437
0.03088067510871 0.351244207623745 0.0833289441951179 0.360943958428204 0.521066371593283 0.0950637280600771 -0.012572790177676 -0.00324652006705437 -0.57246026155014 0.190547248309355
-0.170041954750166 0.404982762054028 0.0894758873339219 0.452316071154755 0.663477425981343 0.158075526332413 -0.092353628985396 -0.129404481421923 -0.405368594550342 0.132125197357031
-0.108911801711139 0.195205544677439 0.0159572446003893 0.40347707867095 0.533112096683857 0.0575772733216019 -0.0391782091404021 -0.0286712077161843 -0.52589124946104 0.0637850119715198
-0.0404964887329759 0.257469530326929 0.0166928632223954 0.368333735671536 0.577284952954433 0.0335315822152554 -0.0470820547423027 -0.028325126133504 -0.497195787125282 0.136939655551225
-0.00204707544502832 0.257958000478782 0.0014678507871707 0.373835701382768 0.567070201081299 0.0359030023160538 -0.00722937623632539 -0.0380054874957883 -0.499610501577189 0.109330098568358
-0.00176066575157692 0.26466124686746 -0.0181344451552939 0.405174019871378 0.525486925499628 0.0290924927219647 -0.0038662911926334 -0.0310821361361524 -0.517653216464448 0.140175893860337
0.00297047447808087 0.240092022469301 -0.0275312060712837 0.400963027114131 0.557908054475864 0.0388507084384822 -0.00980185333317169 -0.0206675541831059 -0.531832283200199 0.10925029842528
