-0.0947511026090729 -0.256723155019018 0.326886570863465 0.0678052944924826 0.306315165351948 -0.35722314086239 -0.0478712863955866 0.0569533875827914 -0.29873069104143 0.452501951460566
-0.0831706448633766 -0.270985778302937 0.330717520039215 0.102911579216796 0.263523939355471 -0.336283467890402 -0.0294332996296716 0.0436131012026672 -0.241669233727595 0.48990732114594
-0.104717571464724 -0.251095645432976 0.361641788940361 0.0493165923933125 0.280478505058151 -0.399962254763713 0.00186503863425056 0.0452450314169955 -0.224203796023835 0.514173313463742
-0.139746092300537 -0.294259663857049 0.372188295837621 0.0880814144613536 0.207518173246124 -0.383135200101527 -0.036684868036993 0.162442986670512 -0.300161773624964 0.332528621031466
-0.128562972733819 -0.301751473965089 0.332719391896994 0.0823649376828278 0.231015198801632 -0.336100652597126 -0.0544980213745851 0.141279050920856 -0.275172583160237 0.389984794784085
-0.186869682018064 -0.189792090835355 0.0843503730457397 0.18991427616724 0.219450930619128 -0.298845847731208 0.156204976685785 0.280770038277048 -0.269006784135997 0.134970040884811
-0.269384914860119 -0.17917210000565 0.0986175080293266 0.227902598408036 0.25528683841453 -0.294469024576288 0.198473925766596 0.260066992612377 -0.254356333531035 0.134772808339187
-0.307604199619863 -0.283040498258817 -0.0306544530354102 0.298046441191249 0.17620906020825 -0.347759633641573 0.0315457236936825 0.306662241499351 -0.338445235764651 0.166956815451041
-0.312627815730954 -0.279126682448076 0.00567436559664541 0.270381348885568 0.152514798408679 -0.280221069122014 0.0430896455713839 0.236870537681113 -0.362877529121902 0.172747023494724
-0.245488106638641 -0.238890572301557 0.065262984564239 0.269568265802098 0.120054590020879 -0.30272752553588 0.0927558048348428 0.217002225123156 -0.342484957515064 0.229960259912281
-0.254324751253569 -0.230098644783249 0.105107735253069 0.193137228437383 0.174712088381994 -0.262567743187596 0.172834534972846 0.196084329747005 -0.308557955430165 0.170571287010082
-0.203665802707131 -0.202693404462016 0.162748576875844 0.194556462668922 0.185665824761703 -0.270338603660144 0.156921573826279 0.184620919225533 -0.263090987963961 0.161902998726043
-0.260046893219089 -0.277727965548059 0.183400180872278 0.101812651462892 0.15475588009584 -0.329296058524268 0.0790108978618199 0.247092851125255 -0.305347147967117 0.269886640715887
-0.265787286162378 -0.200934923946403 0.206060166347774 0.200150171081591 0.182905112355172 -0.27867019849993 0.0784674684306263 0.271887912230611 -0.30644377811202 0.263202243487727
-0.143310107932057 -0.191743326375606 -0.0289217438666459 0.157780993677572 0.269234316724348 -0.300625234921147 0.153770013243959 0.234295312235515 -0.30924628019014 0.260443577379469
-0.218951780577613 -0.164606048972763 -0.00444168356120473 0.158581713719545 0.177286436957734 -0.36385876332625 0.150774625528793 0.149618180829127 -0.33029478759981 0.276085386106711
-0.144154143551575 -0.163108175110113 0.0478978867461459 0.100215292693769 0.137403229246572 -0.333699719277079 0.167501601832289 0.151603187736342 -0.295654635203427 0.333985050712117
-0.186592410860541 -0.153769038115686 0.0338545899120987 0.108126339315516 0.151357059404351 -0.314884416125672 0.172135272803559 0.133572777555433 -0.277557052438395 0.274249645831395
-0.197037079885401 -0.190764512331766 0.0194304281984077 0.0862537889063481 0.101919603368171 -0.355609189209668 0.170292958943711 0.186892258123936 -0.299641543502626 0.29573357356579
-0.286621288639765 -0.181642810991202 0.0543464469386613 0.127586588918436 0.176422083214198 -0.393973314985092 0.242616539737111 0.209420756573255 -0.342354342157274 0.163838755063184
-0.206959674020708 -0.139696120659507 0.101194631806542 0.149788013298828 0.151555666457801 -0.452486152800842 0.203246230033625 0.190710621142782 -0.30616519831981 0.0459167276671194
-0.198213204755575 -0.140887575451338 0.0592761549872046 0.17118568922783 0.160860023744669 -0.403733161546178 0.208192525869824 0.175884135087875 -0.311943713215449 0.0959900370189552
-0.206236976069553 -0.158976428830258 0.0613549492221285 0.152564075365361 0.18390567545311 -0.410312032691708 0.222645706384394 0.177898310329793 -0.333422528878311 0.105766515016213
-0.225972699307872 -0.138942979279808 0.0692104029812624 0.164432135441187 0.185446366399932 -0.415225976728826 0.214797524551196 0.173276784529274 -0.309112209895293 0.0643721214862307
-0.179471545619543 -0.24494609518098 0.0457770077224866 0.102294889034635 0.154759300542096 -0.325794718566008 0.137292685848947 0.245336352337714 -0.360284724717955 0.177760917135802
-0.26466902447998 -0.237842463035284 0.0759705329316484 0.15417565286655 0.273473892486897 -0.347207981611264 0.0328234955965432 0.191128457753069 -0.302491197300755 0.235654459961189
-0.27434072969779 -0.211878372076202 0.0149790896591407 0.12872366008737 0.16744923903972 -0.29203108171197 0.13848529626755 0.167439483758117 -0.275112862983701 0.228784689723308
-0.196213287853857 -0.201313733169737 0.0374760097215672 0.12575480685598 0.25155684677406 -0.238574196178332 0.126134560471554 0.205799579298146 -0.351573575573894 0.194873531889581
-0.199441806070838 -0.222848309568864 0.0326236517445543 0.111796810103748 0.245569667535146 -0.223126301311188 0.0783148827599523 0.197381739522093 -0.329598131909274 0.199502232213928
-0.216123855226578 -0.277827250637053 0.272862927466208 0.0656776717571882 0.221234006018166 -0.219668292885986 -0.0496339447891235 0.25968551867015 -0.29479309036077 0.333008142414646
-0.180365728135585 -0.239503698203164 0.313135299432518 0.0168265720224119 0.222509194679757 -0.280958281825691 -0.110590980835225 0.199872573511712 -0.27618920475716 0.311948067248378
-0.189321276101123 -0.24681709885048 0.294157224476566 0.0265656712002438 0.193202372156952 -0.279778105409164 -0.0836237221056438 0.16691563641966 -0.303793795019228 0.252816555102703
-0.16243231151732 -0.275446282144361 0.347990080864536 0.00432284344599187 0.176166217498959 -0.273731709020037 -0.0831400401984113 0.206608992067984 -0.330978946609332 0.216706805855382
-0.188516135689013 -0.23554488167408 0.256492558937396 -0.0104662085799558 0.14999402700002 -0.247386261346693 -0.0859050980596641 0.226404534357017 -0.282061550156804 0.331607047176077
-0.204190378142951 -0.236190654192801 0.287647355603171 -0.0271940062932695 0.133417163860913 -0.322655291052945 -0.0918823898526323 0.233542771006592 -0.298446719617374 0.298599811185521
-0.206695031473009 -0.266908044137666 0.291386134036437 0.0567920030582743 0.200989688237891 -0.277942417833548 -0.110812440614335 0.206673348188252 -0.285759664628101 0.246055329009988
-0.189340137399101 -0.230398809078898 0.351178311316871 0.0576112364780403 0.155455480044054 -0.27926246419619 -0.0543366064903476 0.22292212863932 -0.269868516461716 0.264297792980742
-0.190851137914879 -0.255467222223471 0.341952812184042 0.0709829793918773 0.151508574246123 -0.280912176147689 -0.0833667399641297 0.233063896788881 -0.292667976245185 0.249973313024321
-0.211927029979628 -0.247875812612998 0.325610749349467 0.0487994800483124 0.181959310822019 -0.266980036709151 -0.0658972616832257 0.238348429189874 -0.286352341962731 0.311621251879204
-0.186558432652279 -0.254595351261446 0.315970640181607 0.0429523597527769 0.134474838647355 -0.277959393964429 -0.0671317469032629 0.233385423034772 -0.26992094667251 0.283080859407304
-0.164148112039253 -0.237060977216197 0.271812062316542 0.0495114921849559 0.190202150932192 -0.298752509124674 -0.0746586049796446 0.185635490503227 -0.269903642865518 0.271562328934322
-0.161085732964513 -0.248185412088132 0.271894797187553 -0.027166630294526 0.135810688783613 -0.326662814525579 -0.0188048570110114 0.210590923752002 -0.45232921279084 0.321552663779197
-0.161407058107021 -0.317204201209056 0.247580242689395 -0.0287995485532989 0.113928336771897 -0.326940061935045 -0.0141509544776902 0.232806121948951 -0.449510439656695 0.303891309320548
-0.15023447613508 -0.284852400515988 0.300250746521626 -0.0207620978805975 0.114016383473552 -0.34730363275143 -0.0370920165903567 0.25746994230885 -0.431541582475812 0.292402429548283
-0.135517640161599 -0.244449275435751 0.303110852016867 0.0278163735421242 0.18266686775059 -0.318775529947605 -0.0778250668952853 0.191048127274701 -0.440077721250729 0.29963786894393
-0.130689471635797 -0.285856449789678 0.338393509722483 0.0754526159119285 0.21564731405532 -0.368426224804737 -0.0777413060901717 0.151267448217098 -0.467086189611757 0.320681843520743
-0.13123718804869 -0.339241221157857 0.33492120716186 0.0508153660025438 0.221067524586928 -0.522250367755625 -0.0175328078806027 0.281549201192489 -0.240935692359413 0.270312821462275
-0.156222727896584 -0.320506660367617 0.381256560904302 0.04964026032361 0.185976471704247 -0.507161110043472 0.0144796431340391 0.294687686383944 -0.232252676115195 0.306920429984167
-0.18027385755199 -0.287858333552267 0.367665281657704 0.0503145069887627 0.230728599047204 -0.419642550459952 0.0936569392602739 0.242458074917225 -0.26355798936456 0.306214905446492
-0.172899473047469 -0.282445550909968 0.368497427148618 0.0357961993459129 0.221527729038337 -0.423652475101151 0.0939797591082426 0.247299764100307 -0.272312561032161 0.302934768818896
-0.123759743759629 -0.381870461270914 0.344122093353288 0.130415476070323 0.232887340393422 -0.401786955161011 -0.0120706594465931 0.216263991559349 -0.233380829374022 0.351913470323735
-0.161904493653362 -0.327408143525138 0.378720509370442 0.0809307413565348 0.327696896564231 -0.407320391934465 0.0249937630195429 0.199926446464807 -0.321823388970133 0.270272664839789
-0.181275280336487 -0.273881206294257 0.385006895352083 0.118887474913186 0.276805198446447 -0.431608227451259 -0.0067302873852492 0.201475534251384 -0.333810352438673 0.31323428833823
-0.137858505844031 -0.31948394823892 0.375401280957636 0.153970688502699 0.260980506753696 -0.38907568514558 0.0296920534467532 0.222105031617632 -0.318438940482108 0.354232074373932
-0.182744288596737 -0.302263718881988 0.376788426858065 0.100846066698599 0.24626513192622 -0.392179385559728 -0.0355716303195977 0.227969773458046 -0.306467367640167 0.270162390691545
-0.200344074383866 -0.203134628863818 0.390302774748074 0.132508204753282 0.234791873613751 -0.407472481797558 0.0555192340531953 0.251899803052565 -0.286227076262867 0.254162056407674
-0.200344073942123 -0.20313462881362 0.390302774251324 0.132508204608057 0.234791873368264 -0.407472481444793 0.0555192341577446 0.251899803015849 -0.286227076732368 0.254162056775483
-0.260485138732333 -0.233010583040415 0.271792129842436 0.194940153041363 0.148707068119062 -0.283344743496283 0.0508931872871696 0.154997383826527 -0.340698235445025 0.188129901959941
-0.239588395709765 -0.191649593918952 0.318426578303689 0.162190546713486 0.099974627624477 -0.228390422804674 0.0652547549030362 0.142391924194817 -0.359351686755095 0.20863458960692
-0.261397935573189 -0.183120757298209 0.344740851584388 0.219845585409753 0.126467812531996 -0.208254976170301 0.0641185552650213 0.18783864755399 -0.378623811328579 0.218172867117001
-0.2020820484468 -0.193650778579652 0.264728782831125 0.133752814314237 0.172856114731534 -0.26608638707631 0.0381952092315095 0.133838417672297 -0.355342668856086 0.204733650616261
-0.263345629115654 -0.107803620280817 0.203916151090264 0.158629819360381 0.18394843371347 -0.279895103016837 0.026079380246492 0.211243897485117 -0.379700577490706 0.258235630390662
-0.270326649964928 -0.155540329184303 0.19195456973345 0.139601959649178 0.199175248577251 -0.271613403746044 -0.00234355114327491 0.223959738821721 -0.360862046734685 0.211993704043402
-0.285541403200853 -0.273742103726838 0.299887201295554 0.317282588735579 0.0761095805194265 -0.204687714714007 -0.0609507623410367 0.0854513111853969 -0.235925698712247 0.193067108909561
-0.320901598319773 -0.278073511302568 0.285966604178977 0.197269479239995 0.0771435942502903 -0.253917628662913 -0.0724368850339464 0.0867673075305118 -0.346413111174916 0.0947902982898501
-0.218029435680725 -0.352958395754037 0.221755170287643 0.15490717573566 0.181969594237523 -0.320412395232072 -0.027595714820594 0.151639697505269 -0.282325464648817 0.126767974337072
-0.212286403626657 -0.418386253230978 0.331036403650069 0.14302871913829 0.181571510459142 -0.271694390715133 0.00325293333302039 0.0804639095764524 -0.298143638589257 0.198364067453827
-0.237285489223836 -0.397361940457981 0.293515300316738 0.195320084363886 0.187293757600667 -0.278781823127949 -0.051833118766931 0.122059135799608 -0.29122255344428 0.243299614565657
-0.239069319142629 -0.306630787571324 0.321735537489958 0.110628996487824 0.172696931952127 -0.24567873364752 -0.0950923022177272 0.249514037057462 -0.243777361757943 0.165418394454734
-0.248060282915164 -0.246100518971724 0.318011339946732 0.144005760952542 0.23503608276166 -0.236494776960844 -0.0843511173062341 0.200365024347656 -0.17867381700852 0.114979186869217
-0.216885696758379 -0.279979148446885 0.241821032846392 0.0822512285898365 0.186112010206039 -0.21177403529843 -0.0352541497025995 0.230490679565903 -0.188848064038842 0.0932974407374448
-0.204790352035445 -0.295934840666106 0.23745327944578 0.0997574766844064 0.179733847281705 -0.266451917443647 -0.0376267057677516 0.210249655819765 -0.147107327852511 0.107490138359023
-0.237831417231415 -0.265039964439234 0.26791753144782 0.15323940216154 0.18392924556718 -0.201682747985753 -0.0783954289901881 0.215281530882147 -0.145729390655482 0.106007059952139
-0.196230922745819 -0.294819196292039 0.276963940632333 0.166672720507699 0.174728893329419 -0.208639614406204 -0.0419933608206735 0.186125988914957 -0.129687421679759 0.123002389790917
-0.218296573354343 -0.232759387533216 0.252014555585293 0.16700223169587 0.0974125567831913 -0.230397518564077 -0.00505269745128649 0.209365797789577 -0.137306044412182 0.0984738719571592
-0.243733180868035 -0.294570025325593 0.347933679555194 0.11871760957751 0.123002626852716 -0.309023217366839 0.0570175594286666 0.249123687855761 -0.16337789310546 0.124876574610195
-0.238661350560942 -0.295644412218522 0.330028279833579 0.0951193514557181 0.20257695756809 -0.326286864495912 0.0306213350287277 0.212913396005989 -0.158669972039097 0.129782338603268
-0.236411924814693 -0.297449675872335 0.318028082313959 0.113489235572705 0.18290720540559 -0.272359775735119 0.0555118423490768 0.211678590557199 -0.107104217239445 0.102003541400169
-0.265881047338095 -0.271081689976562 0.317662932011055 0.115108107460106 0.13520362591241 -0.285645184801466 -0.0361062703426457 0.217277793580527 -0.128752870758608 0.146937623093176
-0.248262336938423 -0.276448727740434 0.320598536790138 0.103663400955513 0.165102622686972 -0.293890061015648 0.0339559438793703 0.250073122064153 -0.14055140051032 0.148033530526265
-0.188851880246864 -0.345723561959904 0.31602163715747 0.147224466569507 0.0907460980756992 -0.240888817643521 -0.0560807478401845 0.18523810752219 -0.299952035984802 0.0928480271485316
-0.174252382048794 -0.34179760694034 0.356560338871934 0.126905204340489 0.11855251039447 -0.293008437743824 -0.0245357091873531 0.158936561436368 -0.212316682396099 0.130221833226744
-0.263298357633055 -0.262709351337846 0.367005408945841 0.111817374014254 0.110009466222234 -0.285262868461143 -0.0253321007596593 0.117860003123081 -0.198379186557198 0.0983524126072626
0.194805027697718 0.0767246146496086 -0.165474634276912 0.00528141277117978 -0.268456701503274 -0.0292462107273966 0.0379642348195296 -0.266953023760697 0.00499572195733215 -0.557580778759491
0.224518364648673 0.0846469996449504 -0.0974695245210864 -0.00923504117871925 -0.230212159366591 0.00203427817435389 0.0319135470181164 -0.237909509789552 -0.00059794601350097 -0.533208060674272
0.180813713133886 0.0674849147738593 -0.125166682390923 0.0251363424722741 -0.275916916035794 -0.0407763425785751 0.0551306050911118 -0.289956404394865 -0.0144462645401016 -0.575825403609671
0.158313398833835 0.133105672902083 -0.101201471397631 0.0412439931927968 -0.307858040845552 0.0171603739990781 0.0202748594864682 -0.190553953512937 0.0246995269766295 -0.583685033222425
0.163932002457935 0.156580987661687 -0.120922854640534 -0.00643545779213029 -0.232707512407561 0.0187900764023922 -0.0552163649162591 -0.222439595645053 -0.0429452545874325 -0.554461791000828
0.163712046670218 0.0892732394485688 -0.057476720579152 -0.0167651423515384 -0.300471128309397 -0.00106884395678853 0.0343804333319344 -0.192868226215137 0.0386277441417813 -0.601838860375843
0.148262445748514 0.0924301035239166 -0.102601003631716 0.0533276384998829 -0.256562958318391 0.0329066607243998 0.0427395864347326 -0.271865758752296 -0.0557861968647801 -0.578339266897095
0.232863019291151 0.143837199139038 -0.0747981186519806 0.0377312480361553 -0.208343454936943 -0.00877291503330969 0.012047938612497 -0.180903362563815 -0.0635770662617059 -0.586020292879666
0.210517409777272 0.220203727621426 -0.0476110209025594 0.0365439500792627 -0.167425814908386 0.0260455020260251 0.057826409173219 -0.183453531521384 -0.059194005575484 -0.621532593325386
0.234116349745334 0.153145582308071 -0.123913551511892 -0.0150478374929685 -0.210565869811093 -0.0124877067363252 0.0124570836235013 -0.259553607874795 -0.0862892717525639 -0.61699822266993
0.228538953121332 0.162581347945128 -0.112216857025966 0.0121469875097557 -0.163370264082044 -0.0161546161278421 0.0314914449975753 -0.195099800500411 -0.117039644803029 -0.548774612968863
0.210873922870883 0.173502652001375 -0.105264030876453 0.0200976313433153 -0.178570532194062 0.00666220589111049 0.0470734467577625 -0.214676860216638 -0.0607959160637898 -0.581319427623337
0.170897894412901 0.154082477882158 -0.145587981849093 0.00774843300091594 -0.216223815600046 -0.102364095614237 0.00717044062773667 -0.210343223468455 -0.0358891726491801 -0.486356377453946
0.122408082458585 0.186829585455495 -0.0730833827318215 -0.0126659342696884 -0.186922583407338 -0.119417064640489 0.0507196384137875 -0.205485476218471 0.025156627748578 -0.482919188871877
0.166787650875988 0.127763936597871 -0.082862130237842 0.00312883762772142 -0.265591640510121 -0.0439417589892738 0.000700537842842614 -0.234626761343794 -0.0134122576619533 -0.523308663412549
0.196206273160562 0.135267144109231 -0.0543305827106845 0.0551061454690825 -0.266903096506032 -0.0503878618220984 0.0172688553969108 -0.279064496490864 -0.0180367267280629 -0.514085367353397
0.138759208906973 0.156741627617857 -0.0392416453273051 0.0119312788017456 -0.250207526624721 -0.025924522893743 -0.000752871588464052 -0.204422067124459 0.00702979944498639 -0.543740965990313
0.160733698077887 0.14711859190101 -0.0447968285424042 0.00819347921563959 -0.250897628845826 -0.0418334473686032 0.0247261132112428 -0.264435349487813 -0.00886219913452077 -0.530835197310199
0.218684756676425 0.164607532508584 -0.0474984274160842 0.00291806952036794 -0.252141508566175 -0.0997211770345763 -0.00799633541045342 -0.194258276334846 -0.124291125684463 -0.548248587870554
0.307463678673399 0.150418314245878 0.0626036831353376 0.0102868299725078 -0.207619262838605 -0.0679346129385807 0.0145765000848564 -0.180317889935639 -0.0591619740047509 -0.540042316253287
0.256048507979222 0.0621415951637166 -0.0525996868217019 -0.0665158901711064 -0.273116404989635 0.0261714828962166 0.0161830977455277 -0.17183113946306 -0.143703258457516 -0.594105698094436
0.289926979985876 0.0587101825922042 0.0154102907969676 -0.0576109959617761 -0.24711768054326 0.0815472647348958 0.00590534405373578 -0.213331033713986 -0.168033837211834 -0.580524429194617
0.20182300669064 0.0559250113616163 0.0152837732279188 -0.0373274336100451 -0.202241149757128 0.0156872435738305 0.0280310724647514 -0.17712101424718 -0.122367856740813 -0.606138028508081
0.237225447731939 0.0564530263329635 -0.0262460216692544 -0.0716780800722243 -0.231130502720935 -0.0357062553256988 -0.0457857726741756 -0.11216498149038 -0.132243128701812 -0.606419789705286
0.240910298418109 0.0436746707262151 -0.0248184860381803 -0.0524880795862309 -0.205764932990039 -0.0102199384562481 -0.0392936841291226 -0.141469968891423 -0.138623759332331 -0.570400796887716
0.269478797751681 0.0113107340385376 0.00609339876828136 -0.0248276453208355 -0.196849758626395 -0.0142066586703637 -0.0758121391564205 -0.148177720942502 -0.153461652787463 -0.555362872771458
0.268322787822113 0.0109207335412996 -0.00980498717986148 0.0129279978080536 -0.223303628795051 -0.0068015019835472 -0.0695973286823963 -0.165453035495771 -0.191852316271149 -0.57507235582492
0.271052715576733 0.0515915318162416 -0.0195005901126675 -0.00691540100208593 -0.186648118867941 -0.0121959711131696 -0.0669170755378303 -0.128847085939961 -0.155459858754284 -0.543150712098947
0.194178200130526 0.00301186754900437 -0.0171853500300084 -0.0914996800613518 -0.120324802065467 0.0779502267594645 0.0773571751892447 -0.286756326453521 -0.0631867682743964 -0.677261889832942
0.262534043612989 0.0590210968742839 0.0525111349073686 -0.058601648097798 -0.191310720113382 0.0563458439471328 0.0761769948094475 -0.322046115080578 -0.0200947458930527 -0.608415826172252
0.154544138836671 0.0528089886264263 -0.0168973809195622 -0.0973057898470723 -0.189148564591559 0.0666362288932091 0.0685122368811302 -0.250957393806883 -0.0878060705269614 -0.647810194352766
0.196075173840554 0.0799071988567093 -0.0185633241684109 -0.0635807926931664 -0.138650983544964 0.0683474161968467 0.0109886839778601 -0.19123587174805 0.0115738041207172 -0.560401894174413
0.161606134555039 0.231056434343639 0.33151574992217 -0.0506532380142131 -0.278650053937225 0.228980673788134 0.205443909639418 -0.124181266721929 -0.0622465026745219 -0.126434709653657
0.306091470488819 0.261392211307894 0.321382008962918 -0.0114099212075134 -0.292926175881248 0.162451792916148 0.257157993130159 -0.12013588346378 -0.12988717834156 -0.169959664540195
0.275685539554183 0.262891919643653 0.291344053195621 0.0157401707154414 -0.304022429528846 0.126528506733193 0.250258360685085 -0.10628030751613 -0.111631387815963 -0.111872865269196
0.300089182452769 0.278309706747944 0.31421262159372 -0.0179363999337493 -0.26365833001186 0.108194699066765 0.239679310441121 -0.126351431166141 -0.105868302899638 -0.123279105056517
0.15551647373357 0.390325221234186 0.327074631448171 -0.129438986838407 -0.329841974673337 0.17864831565897 0.187738513084762 -0.0373890676780958 -0.0945615397600655 -0.0828533319746279
0.0449508059863384 0.41815067297822 0.286207797563477 -0.114329041110472 -0.339235762064474 0.14710036165013 0.191723322250006 -0.0474428525662814 -0.107532208350372 -0.0432217478360885
0.0429905911153355 0.391897451455332 0.291705825308712 -0.0611534540488526 -0.290570055906666 0.205562492069799 0.167702644599837 -0.0853032827781053 -0.0823337159506178 -0.0976660753945513
0.116684084047127 0.376977464287027 0.272133167197408 -0.0672608748499923 -0.345756958554738 0.150712372584337 0.204345724145298 0.0130636464100992 -0.0943605086170902 -0.125113991699562
0.121164783037361 0.390773861398782 0.289571319287133 -0.073556784481719 -0.329332459660704 0.174253599848233 0.187762296327414 -0.000488920179758314 -0.112083556574303 -0.061223218379309
0.1245924096058 0.376636651037541 0.260673206822584 -0.0898777982977689 -0.307972157900108 0.181284035725763 0.209175627714162 -0.00277673074159804 -0.0936845850292427 -0.0926029452237336
0.0324651280080654 0.289372516397773 0.295094980949929 -0.077201017136624 -0.330512837191367 0.199686735155903 0.132291046078813 -0.06076681174426 -0.0972595158339681 -0.067687357561469
0.086691710201511 0.297341521301508 0.25537445050697 -0.0752503513035779 -0.298225574013084 0.180346106310699 0.125635010734323 -0.0615435797905113 -0.116587818696012 -0.0982824422862447
0.110640456628788 0.300951486932186 0.264795125283129 -0.0642414377439926 -0.259443843947693 0.195585377875321 0.112652539014019 -0.0400011749080515 -0.126326962913334 -0.09094887929066
0.0704931062523914 0.220324275343952 0.367513729735892 -0.0932413386496226 -0.357757380891391 0.128799191944634 0.254743344613722 -0.0759131603749851 -0.08982842211854 -0.13542684771804
0.143154108551746 0.176918962400621 0.341275108070098 -0.108279716289652 -0.282542978090912 0.0674219727393628 0.236123422326087 -0.0204687540066511 -0.147293056030989 -0.173892022152028
0.0966337028453855 0.270921152410744 0.347015972602754 -0.0545366812779031 -0.312321938858474 0.0914135393137313 0.305896134862905 -0.015432694700909 -0.0468330887770146 -0.160553848370228
0.0930765873775676 0.275632293616026 0.340022964605009 -0.0846919873699298 -0.319597022125284 0.139129427094939 0.297269222758498 0.0294357385993799 -0.0522537313370676 -0.147676205605963
0.111652814679183 0.266611604828824 0.344027937540171 -0.0896195312118772 -0.325302570655641 0.127041755394402 0.300543812981249 0.000456618061122816 -0.0621795883454069 -0.127623666626023
0.101352014029203 0.202021805928151 0.330646786031121 -0.103862174907306 -0.33559060996751 0.0995819732074089 0.268889421697141 -0.0228101525205403 -0.106764498017421 -0.169879084442395
0.116563851853694 0.201830730485215 0.346339164463757 -0.0719047852766352 -0.294298069039122 0.109975000000568 0.264025724986984 -0.0303389831233784 -0.0643032048581027 -0.203623561770622
0.089041130369256 0.224004971724235 0.347551585603791 -0.0626712278577807 -0.288850105742273 0.103214544535642 0.292805406858929 -0.031837487370422 -0.0625905257276555 -0.264416528514476
0.103315789626386 0.220398177219227 0.32391292005503 -0.0601033651085318 -0.317160372684959 0.109111516168019 0.337310548289642 -0.0123428995488824 -0.0503517686856305 -0.201006734658794
0.0932783341643714 0.23557056335844 0.381659824564273 -0.107005661386986 -0.277833750629155 0.0826404872416373 0.24936830287402 -0.0532261666598035 -0.0659878504719986 -0.208189921599109
0.116295598134099 0.235362129486793 0.349391014532378 -0.101890661255971 -0.306958362185633 0.0846869619922443 0.202572998860275 0.0594572226157612 -0.0676298679604796 -0.173508351035155
0.239013997318647 0.549086356578415 0.133659396279803 0.0966857707135623 -0.151403305333426 0.0661677153329236 0.165720856623807 -0.093497369659376 -0.209926009235568 -0.346219785776517
0.259976534962777 0.449712855766931 0.134560263732679 0.199235624774967 -0.168606522077596 0.116472036978522 0.133973062124563 -0.132289953627782 -0.156214273527195 -0.330253478287741
0.250359918417882 0.474177272500095 0.127504828830568 0.140119558148816 -0.186186929841571 0.0727200473670675 0.11611897272436 -0.162719606715229 -0.123756967012901 -0.338699071980746
0.238285227028174 0.442466401711882 0.169655879172506 0.178835171251443 -0.204383504465947 0.144509165531525 0.0995086319557251 -0.0854114297880798 -0.171349993892389 -0.325897165299955
0.274145530358229 0.449381829501397 0.153075177896911 0.165882479841375 -0.188645941880215 0.127834139464654 0.13717991631333 -0.121155101646453 -0.167706807296149 -0.356890519753254
0.247787999079837 0.537748181692018 0.173774379387726 0.179696175034564 -0.174764379213649 0.104364527254955 0.161136169242477 -0.112683778094136 -0.177171444590203 -0.246406374514368
0.209253590451971 0.563474209392171 0.154291400913976 0.198636263242262 -0.177253370556006 0.0581578946809881 0.187737859249426 -0.106426811946245 -0.179810151509783 -0.290652108290856
0.277073284399844 0.503909376471454 0.212923862025376 0.0935550731394106 -0.118891414217562 0.101326513500558 0.098914899452148 0.0281911538922164 -0.227748456961398 -0.295024386135243
0.223569443677206 0.456911869943154 0.272702453844493 0.0450126240056164 -0.095881332825592 0.0886160567601359 0.176124977135027 0.0116799071216295 -0.258687869332937 -0.396362360508378
0.240869157359414 0.512063762164284 0.229822431738898 0.0330558980111327 -0.0980225145732793 0.119699006685165 0.203726348732721 0.0191685043523947 -0.161617502035933 -0.389470667248769
0.236805109690517 0.511189995550544 0.272800710211161 0.0792428399442252 -0.110136994122961 0.134968266950845 0.191109945809282 -0.0348789261346527 -0.219971397562232 -0.370883286496008
0.226414624471206 0.581445102042388 0.199698952055031 0.112321792660563 -0.0735672841059247 0.0379692108153953 0.186514048358879 -0.0555207587270012 -0.28185674878049 -0.353206700549987
0.256579035553825 0.546707893966302 0.219968089974631 0.113909874673561 -0.0537939182055604 0.0981159938656922 0.193269628071287 0.0234992953920435 -0.259597563322269 -0.390305429559072
0.269936643493645 0.516644949964427 0.227414418294727 0.12423357261524 -0.0575411368751295 0.0858249972685959 0.17846795617106 0.0305689127127525 -0.240731983897634 -0.368866214556387
0.219702363812123 0.489188126757643 0.226876331788359 0.146860869524011 -0.327023859950148 0.0490782108708373 0.185499295428378 -0.204871114362971 -0.209620176871544 -0.340726475764004
0.268737320237478 0.485218480076288 0.1923167573832 0.177861931033639 -0.346237530611353 0.00541252383560717 0.115626077604707 -0.192427265589434 -0.264680631987406 -0.358014695015265
0.314709917600113 0.522163128593694 0.207734990484867 0.21113578120625 -0.212241560213637 0.107467828843876 0.115419395879122 -0.194802905461212 -0.237875350688245 -0.351278365465688
0.29047666267646 0.50274311003177 0.209462134243083 0.202393123656018 -0.23683547182669 0.0886861161095952 0.0939064851338988 -0.196027901300505 -0.298096979836093 -0.396691214603768
0.315569898685914 0.518917745613083 0.261890361730538 0.208675429045745 -0.229819316977075 0.00860777180375196 0.14095618026722 -0.224708337692096 -0.250515680818183 -0.400324840202642
0.317063500597478 0.486447818901291 0.239429924331563 0.171075384467055 -0.247255315202009 0.0259208031547491 0.137435072207527 -0.260372470966211 -0.197508741255791 -0.352157539498751
0.337229895014466 0.567519851633467 0.286662345027359 0.183492440718828 -0.228558946692155 0.0364018360298008 0.153748632633768 -0.215117748803961 -0.379423577235734 -0.357296952360996
0.312012489123271 0.519338399374496 0.323382437238486 0.176039157588695 -0.178275343673227 0.0581887053730749 0.179430685284772 -0.20176656089783 -0.295570828971755 -0.361567811648997
0.3952568896677 0.510151074630069 0.241384351756156 0.16324397540293 -0.182651081532181 0.0327028693730751 0.181875915551564 -0.21438143240327 -0.316979362733373 -0.31099516727955
0.389425769877053 0.518598954362319 0.198758935121713 0.217113876757749 -0.158117654893643 0.0791686988260535 0.168522786968089 -0.205595444659837 -0.340667951812487 -0.370292682764879
0.125486799218793 0.384092652684705 0.284848999633432 0.19368521868729 -0.3327025227775 0.0612741548788036 0.104311386565812 -0.0994548861895297 -0.211456096198246 -0.299613276804927
0.161109832154526 0.382039808622479 0.282183295806314 0.205911785282769 -0.288201068221396 0.0523322260804759 0.185676176153555 -0.103845375049241 -0.173008396613724 -0.30359928762586
0.189175292511145 0.480945950751532 0.18624510446055 0.159964767010265 -0.261733632054161 0.0174944901358885 0.130457896368326 -0.0106365377495099 -0.165894096553374 -0.387548376204766
0.174521598350742 0.446347500751264 0.303708640203176 0.128859919490466 -0.190767922798975 0.0696816279024316 0.154788817064992 -0.0817279088692401 -0.160344888328517 -0.343294764896633
0.120947673790706 0.430649115908123 0.250924099831579 0.174689933309178 -0.209828749481074 0.0479113648867928 0.208522402275846 -0.0360414788704445 -0.184822916425519 -0.31005101463353
0.223988607124204 0.42271400721383 0.274459851405773 0.246177394560844 -0.248436445575681 0.0123457563050594 0.0863303132558719 -0.097001434162497 -0.2649344822995 -0.337785069906666
0.202130141117501 0.439637356385839 0.233173632867268 0.247650730512173 -0.250199632814457 0.0749871227222204 0.139393709646468 -0.169039207467497 -0.233697325729544 -0.367490680324834
0.201574439564007 0.432475121844486 0.215766789972472 0.239495551736725 -0.261307103589161 0.0353441292286092 0.121010884953464 -0.148691055222017 -0.218638159946566 -0.328831582329328
0.222478672880618 0.533906612436855 0.268052028871148 0.0685894941502618 -0.251290810022725 -0.0304075431697179 0.132779420991608 -0.0705258124547346 -0.146859157501437 -0.213169287174061
0.247539772943022 0.506986857987907 0.279110690784761 0.105631332347636 -0.361007914915074 -0.040404494224106 0.13935186558322 -0.0799616720410024 -0.234172525622748 -0.24100917747336
0.216784167606883 0.495773425865216 0.203528206654959 0.10357191324614 -0.299878164731223 -0.0342775425509399 0.118895458117538 -0.0694455356453272 -0.241765240415907 -0.270625385117704
0.219484069131583 0.48376213768048 0.212342489745858 0.10454250954366 -0.280048457105403 -0.0493679854335591 0.131407142876976 -0.0700983142966154 -0.245523088755812 -0.26552903800011
0.201755823346451 0.45985133761335 0.281776728078013 0.214958198510733 -0.173061583616282 0.000170845582465541 0.0790452494919597 -0.048326353492449 -0.207776404644462 -0.35643658100978
0.294527013398358 0.413616455242151 0.351618301116614 0.167593024324868 -0.326189841554645 0.0653960546858559 0.0646327608672455 -0.0938073437279107 -0.258435674267556 -0.285859839022498
0.253001880850049 0.36281575956085 0.321054411222923 0.169024964740794 -0.34015326977681 0.048394599654176 0.119271830088975 -0.129861628619817 -0.252138174339022 -0.314687643791663
0.243606879736127 0.386003803962022 0.321255037823366 0.180252873176508 -0.316792706305881 0.0680237987202118 0.108982581528419 -0.124667983785169 -0.201667284881511 -0.343205518098916
0.214572374712989 0.422949329900969 0.298550738961682 0.177108735464714 -0.27934222013326 0.010837487335364 0.122247461755922 -0.124537197269659 -0.24989993350176 -0.270283824833795
0.224956236435194 0.414591203920817 0.298243035940999 0.0947317413916347 -0.212293072117025 0.0159681218671906 0.164480456573908 -0.106046589789512 -0.233347697087349 -0.317749619067301
0.0120106450671547 0.365500420919729 -0.151909542681847 0.213366785100149 -0.250247682422809 0.219293579198957 0.190210704619053 -0.100533255061156 0.0434204614018533 -0.59040091131759
0.0424375320047462 0.38184042140494 -0.148569802730297 0.220802560951551 -0.170973405156742 0.250005862350517 0.196445197265987 -0.0338793339999385 0.0523342860742836 -0.682980500134379
0.0666013370475966 0.374142660795158 -0.134080411805094 0.204711967456473 -0.186633058584889 0.265320653143247 0.167448392039251 -0.0053684215751979 0.0222967560401871 -0.637624839940208
0.11836474411399 0.371852530852093 -0.00985103085133361 0.167453436910997 -0.169903992715533 0.217917492969753 0.192080457373427 0.0237894573955885 0.0618608916133515 -0.631950149770054
0.0448284563200343 0.31312335664234 -0.101714422462824 0.185699926666692 -0.17213484147234 0.251657035121448 0.22889359132638 -0.0359820939131287 0.0890929483875295 -0.591708510696481
0.0145763909246501 0.353914006001814 -0.111100996178747 0.238619015942246 -0.208885277399006 0.250590485415469 0.191268174491669 0.0261817749411134 0.0696644033621071 -0.612169223058666
0.187135215202428 0.090926983892631 0.139696799092993 0.052055267918788 -0.202719257159298 -0.00144217796526927 0.0934002676847481 -0.0778120978026322 0.674380087166013 -0.418789145913165
0.284956486441655 0.119580560767723 0.050198560959366 0.105069067009717 -0.23365147516637 -0.0414888967482419 0.195982785959009 -0.0932905432454962 0.586090725347338 -0.323294105628537
0.271259804191853 0.133534240541336 0.0515556086632022 0.119878347946212 -0.0995729281338161 -0.0225090638439771 0.195654082361002 -0.0892556562352296 0.63810835531716 -0.412281485144004
0.214750579563966 0.131597230334927 0.0831690116106219 0.0920451480160136 -0.055210735838836 -0.0238661880557029 0.189050072005587 -0.0640769791416739 0.636499073834195 -0.438003221902478
0.244398875973655 0.133015996290877 0.0808778658630486 0.223679591912744 -0.0776060640388055 -0.0757685747066272 0.111160966488906 -0.0150793110981388 0.602575448753941 -0.462122914321105
0.239219302642501 0.146225915690251 0.0499580114263453 0.0741615712930615 -0.132331423577195 -0.108216221040496 0.117472725146491 -0.0502484634045477 0.571450312106835 -0.408728710382513
0.228947192669761 0.109386384840288 0.10810776672985 0.103971261505078 -0.137858660883696 -0.112144264542886 0.17793868254082 -0.0119639622151556 0.643768380766535 -0.409048956145713
-0.0320328103010136 0.153977233460126 -0.124221222047922 0.038068120735706 -0.0663603769555883 0.160817259952281 0.329509177823516 -0.133128019860368 0.325422689104619 -0.567446073176811
0.0180531773627368 0.240112832212444 -0.069659292034108 0.0346392033064971 -0.189235024056011 0.212447223923785 0.260364579534955 -0.180984761190171 0.223031533187833 -0.636181145635149
-0.000273690809843505 0.253573358764968 -0.113911587388739 0.049357043486567 -0.200875435265032 0.215266266828477 0.293232458850872 -0.183496697598928 0.207587967691014 -0.610899410920523
-0.0377941583694804 0.25053866744778 -0.0847121104348951 0.0333751701635098 -0.153840347810292 0.227177672119018 0.286731853719095 -0.17053120016935 0.220612097530017 -0.64993962193359
-0.0175022177423406 0.193752061075715 -0.0457762114730323 0.0620451495561715 -0.231239604973027 0.213955573247429 0.277429861725843 -0.177737849994887 0.22183507636553 -0.640588181774721
-0.0206084612884131 0.172966876414139 -0.0718064572819351 0.0444459047147078 -0.196783294301146 0.229145181499601 0.30894299686994 -0.163097190882625 0.208442825880006 -0.645765388108175
-0.0553022149267472 0.0958480145004888 -0.132815604789033 0.0312760399154328 -0.168883530623998 0.26986587154795 0.266576359934697 -0.136735858635618 0.199026319669115 -0.688658985471715
-0.0505899995505159 0.108039145263223 -0.172684200364615 0.0358309662541457 -0.164676208448683 0.272320534446698 0.293332384349206 -0.143504810758238 0.178779375504866 -0.690766310837655
-0.0649704987377438 0.181008401304449 -0.134502320695363 -0.00265711922525042 -0.136538849498588 0.209549425208418 0.276877880894128 -0.106218515756022 0.257780056464186 -0.669139946724787
-0.0351250543622577 0.154605453028418 -0.136700676397394 0.0606403272379715 -0.194072386953448 0.238620671855238 0.25638614067055 -0.169707917536769 0.198823800971131 -0.712826330563553
-0.0305407367083735 0.148658916511803 -0.115475922303546 0.00156553236661039 -0.206506585127031 0.240386806451639 0.318366216864567 -0.160465652316575 0.251629158562225 -0.722066554687973
-0.0535439837970607 0.0810657050643478 -0.0684551160448783 -0.000106865097218672 -0.133039572721661 0.266706790788909 0.243850112619323 -0.13575264291877 0.222116323132977 -0.738316252540064
0.0625706469089929 0.05017729079283 -0.0342844646391625 0.0471409609396513 -0.0982898950769655 0.149307204121166 0.254899362548972 -0.23749115365726 0.348571490406423 -0.522671679242914
0.160744723823649 0.0995912172411112 -0.110195466959049 0.0407115292926333 -0.119603935278361 0.202525693765525 0.311654816104712 -0.183301343878775 0.352613660425298 -0.584870378183386
0.160744723823639 0.0995912172411079 -0.110195466959052 0.0407115292926389 -0.119603935278367 0.202525693765519 0.311654816104716 -0.183301343878782 0.352613660425297 -0.584870378183394
0.0664404187507883 0.143724459640359 -0.0301549610965798 -0.0247778875627497 -0.13942928146106 0.123875635506014 0.299332234475163 -0.22897856083002 0.44066449010679 -0.602143921362757
0.0435679346148686 0.0915277076711788 -0.104522565486107 0.00765210491695728 -0.107832532461089 0.145400012037073 0.308935518242006 -0.166723371232142 0.389588576238883 -0.595493158535574
0.0809806820221524 0.152628594307736 -0.122208292865654 0.012410134211486 -0.1201074672627 0.214157780587699 0.317634632675637 -0.235168026893594 0.330337694771983 -0.528314058454295
0.0943467977312462 0.169454841441802 -0.0918767063051035 0.0568173667186633 -0.112798935835158 0.203783224632294 0.329456511843035 -0.213414607458268 0.363712825585228 -0.621373189150462
0.0942525387486767 0.122501162123339 -0.0919265477476877 0.0607920627178417 -0.0605632786029988 0.187545794886903 0.217668146548617 -0.208555520712633 0.450138960388227 -0.566815755678532
0.129342408187319 0.103956735613954 -0.126324225467422 0.0565923228544639 -0.0185657893050868 0.197944785292221 0.2360729167764 -0.199320029351289 0.426275270687235 -0.549230047086658
0.128927767131735 0.110601064612593 -0.146154587939491 0.0388118749727045 -0.00107997362070303 0.188749009813623 0.230286414544637 -0.215480790256786 0.428175283108218 -0.552326911970433
