-0.0804584438200115 0.579314065765896 -0.163772466209081 -0.101945332863193 -0.605481470537364 -0.639341720405555 -0.189343710004031 0.00163771002931043 0.0371915645012448 -0.696998989816763
-0.141151945768041 0.605267561728131 -0.165489002934329 -0.0283770643018554 -0.664906248004834 -0.721760227947535 -0.270936908189062 -0.116485956326291 0.0679998575276049 -0.680525235203103
-0.174185794821159 0.545501449278389 -0.180768203407652 -0.0264791610402553 -0.694104466905631 -0.715795143802601 -0.279311124856037 -0.0599189852807002 0.0745360329939537 -0.683088810582772
-0.16159613209266 0.560404365364134 -0.180577163465335 -0.0199506577732312 -0.711746229962003 -0.711680661480485 -0.277282721879169 -0.0399151646360543 0.0928955506592719 -0.677926480701017
-0.177521845561101 0.557315648868383 -0.185349987799895 -0.0199551037309374 -0.696635152150153 -0.712474406804298 -0.288201202743317 -0.0488077245356299 0.0919274671776682 -0.678752751253851
-0.0787699249084869 0.57827248913778 -0.157748637306617 -0.0885193150489003 -0.477019657953543 -0.762173244813165 -0.232439488395337 -0.0172281604343839 0.0249992553145097 -0.531425851453155
-0.0721379444821613 0.578031753640631 -0.170449025002892 -0.108452602768599 -0.459667112885366 -0.760590791455837 -0.237688707699548 -0.0461322342995448 0.0667452677986757 -0.504405157043312
-0.0642638495102652 0.589988429789293 -0.173096717581974 -0.0808359693007095 -0.477784340282652 -0.795808275513178 -0.241569520566035 -0.00872987468869509 0.0492617435848386 -0.521447104250293
-0.156365615406141 0.526105819553385 -0.234103225331164 -0.137942044694752 -0.431604691577694 -0.660400361482205 -0.290500514870405 -0.00280482916063397 0.0149122999722559 -0.628793318441625
-0.123914849033428 0.519003101182407 -0.202126429531411 -0.0755337370311942 -0.485573167052064 -0.660605820093856 -0.269703079461863 -0.00856990326657399 0.0573468976790358 -0.618713040719305
-0.110273585501974 0.552999729971241 -0.181770142769488 -0.139942737805971 -0.485545401749667 -0.73026361136547 -0.251634263055626 -0.0493707640221125 -0.00723819561615381 -0.682682479492894
-0.110273580369456 0.552999732646293 -0.181770143051355 -0.139942748882456 -0.485545405292488 -0.730263616167772 -0.251634260815769 -0.0493707636030092 -0.00723819468548001 -0.682682482010834
-0.107168338451409 0.464253278688948 -0.195361945885095 -0.130751428520748 -0.517810467017065 -0.712150842878482 -0.3093172523227 -0.0221524924050893 -0.0143881024042254 -0.614669183808777
-0.126579920390253 0.484506055303872 -0.200434577183099 -0.173007083759001 -0.541142789149068 -0.726637885673633 -0.280619172741358 -0.0317518385315785 0.0431799117231061 -0.570331634859318
-0.160464379242285 0.523139537810792 -0.160827750122236 -0.1184725688725 -0.547310476733886 -0.78535716488287 -0.270709769455699 -0.0761206319862998 0.0146709612646422 -0.636138806901782
-0.140175198695693 0.484652548393258 -0.227276898418603 -0.111534735959382 -0.525556278615149 -0.744270862581029 -0.267993839687691 -0.0753060955841354 0.00784342760566428 -0.598916733093123
-0.172437556161254 0.592616597085447 -0.109476590314929 -0.1474001526105 -0.57754689043946 -0.813408934502032 -0.241965193373148 -0.117987064322322 0.00915106180469576 -0.567248560418204
-0.200878998359775 0.700628193462844 -0.147714996545916 -0.230672388522979 -0.521238749380088 -0.690325880468888 -0.200294090939435 -0.0450494045099009 -0.134081989155867 -0.607590339678272
-0.0710009368372959 0.679528992999301 -0.0146399281499141 -0.142691124575382 -0.469441520543236 -0.737387439082879 -0.33113983792369 -0.0963994924680394 0.0353178749578027 -0.504081511992011
-0.107399100320229 0.656126944346296 -0.0382001371631941 -0.138697097773261 -0.41375430115632 -0.697529304099948 -0.242845281624623 -0.129059292070768 0.103224024410753 -0.586306826812484
-0.0810865283412925 0.642139082846685 -0.072505234069476 -0.160465881343916 -0.477787312760663 -0.718454955890068 -0.263723493105305 -0.066915454424256 0.0633113627785825 -0.550736147988298
-0.0742206663772643 0.645578490396096 -0.115044232393951 -0.141106649067426 -0.480580067579511 -0.837531104820599 -0.195952697327878 -0.0719046571007807 0.0429471641713498 -0.598451154430709
-0.102673763964346 0.630563930835889 -0.0521226242419977 -0.119347297384323 -0.496833736582334 -0.661956432927164 -0.241348093118313 -0.0845571492421488 -0.0188301692757653 -0.572902190307262
-0.0538511299148586 0.621961902438211 -0.138534929034437 -0.116294197839151 -0.480121209835525 -0.737778767044858 -0.339253635885365 -0.0965624597628409 -0.0154082014276923 -0.55965735158512
0.00699948452918173 0.375835737483462 -0.21212528085351 0.212627563315293 -0.669749481732821 -0.402301948222813 -0.529067079687508 -0.313026138187759 0.041260597039054 -0.472939207941976
-0.029777357757722 0.439519011802237 -0.205345359650962 0.216922981320549 -0.650474507021942 -0.469976919645632 -0.442670807738501 -0.303983481989097 0.0687690018401727 -0.471406165187496
-0.022580287016884 0.433737675029725 -0.206361201755148 0.249992580522997 -0.603475760863647 -0.470230544011359 -0.476542851410475 -0.242749229203734 0.0800002756784332 -0.47829887609984
0.0112495747331504 0.401076366976974 -0.20531849261052 0.254659531267077 -0.606018242613848 -0.437368684327624 -0.464724974915211 -0.297592223520001 0.0398017730587974 -0.476096571212054
0.0467734728109095 0.377031844494674 -0.220339652061895 0.238583614859374 -0.631133419531617 -0.406819908147648 -0.414744095065276 -0.286779186224608 0.0476466941161682 -0.447847344810611
0.00880044747290546 0.37208649399112 -0.161391211920887 0.248508174744213 -0.594099239627451 -0.44654153964933 -0.434364739283452 -0.324311469123234 0.0707293909240114 -0.471514342740615
0.0242256375951823 0.381317873181627 -0.181228170403818 0.246855007942992 -0.5982532528926 -0.433371880478886 -0.425420155811974 -0.315466341566757 0.0702081904113906 -0.476891906214142
0.0551757649490264 0.357103095672918 -0.208861133275083 0.242798046785041 -0.559971465631835 -0.443664225160072 -0.416101532324733 -0.302621399280484 0.0213907519410334 -0.478604452992728
0.0547076365756957 0.385783151021519 -0.185055257686962 0.257180693451441 -0.57589740808147 -0.427177706616619 -0.409843875507231 -0.275483984925992 0.0474681691251898 -0.468240193795542
-0.130936957725424 0.493470231928871 -0.238751538892568 0.248388387907754 -0.651917217076719 -0.489571225180106 -0.549768259228726 -0.291151538273533 0.0203631952122013 -0.509130130177061
-0.0157893051957588 0.500275749827491 -0.143594786455233 0.173668668851897 -0.583249010796967 -0.439759804991378 -0.468130994320315 -0.319966094477516 0.0389872335195029 -0.485817797773271
-0.0439731368258609 0.340886024566755 -0.168607844096178 0.028315344272076 -0.227864819967142 -0.537812599345808 -0.412230001662933 -0.102187437886821 -0.0258147263240008 -0.671744229098297
-0.0475443415279594 0.372356844273514 -0.21209865480467 0.0288087051014584 -0.291940996619821 -0.767428487869014 -0.697577344316375 0.0163643698208102 -0.106360995797063 -0.739388599499414
-0.0273231844865226 0.319166772731445 -0.198863152526015 -0.0390697060931949 -0.25132791108206 -0.815597007721926 -0.595326164749492 -0.00096098409586097 -0.0631036285163333 -0.825725058461191
0.0142733425227028 0.328672833454613 -0.241723381778095 -0.0128350382983145 -0.310409683883109 -0.825431257930672 -0.576506430005351 0.0333669649204755 -0.104060636237148 -0.736890455368412
0.00292588526468465 0.433880048891824 -0.225633823084998 0.106192906400882 -0.325664091178225 -0.733924846682145 -0.554489147323519 0.0394906145571308 -0.111585139304415 -0.636736089345813
0.0410347274133102 0.425358271610493 -0.227554836389369 0.0957986313583024 -0.3132649911738 -0.672988722643741 -0.519685589510581 -0.0018360280657027 -0.131431801976779 -0.659282909585337
0.0304032344408924 0.379548589202458 -0.210978235041319 0.0803192076331324 -0.312767730254038 -0.713655729272496 -0.505054994659474 -0.0303170160450674 -0.103070828596354 -0.646611566884829
0.0210234826346637 0.436250511995343 -0.205660693103716 0.0339753145004412 -0.296738244740628 -0.719426582743611 -0.492258031666144 -0.0149001696581858 -0.0782075324333558 -0.651256793726333
0.0104734626952971 0.431925742636283 -0.187654733724194 0.050121481299227 -0.324673478878878 -0.694636945495837 -0.480051103431946 0.027371739093442 -0.0966871592421834 -0.628127970404769
-0.0157273867543585 0.422763540527057 -0.215976864189864 0.0539669344559563 -0.333075688857338 -0.70370614551534 -0.482868835014589 -0.0234645515726895 -0.0658907668673069 -0.650275002417551
0.0593330191166224 0.423143458383966 -0.200307580444278 -0.00715497134272912 -0.32751250206062 -0.738440053348881 -0.502110200679665 0.020225331987582 -0.123280387661091 -0.669675620648747
0.0559646080863463 0.391346918510008 -0.197450064870299 0.0566381234527996 -0.367810790141653 -0.734748892784744 -0.505585411479558 0.0602596326057886 -0.150598968779666 -0.722127930008906
0.0214237584748337 0.389364689167504 -0.198301950756754 0.0581768210244373 -0.334162529948543 -0.735824592605888 -0.541851380956266 0.00335314489175106 -0.101743660057512 -0.683994958118138
0.0140835066946569 0.351201841627821 -0.149110398327002 0.0752827190973265 -0.293538602217559 -0.715098618570692 -0.468363432844174 -0.0801533835740672 -0.164300708101013 -0.669365511143875
0.0368729573975894 0.372600542335007 -0.215859575810163 0.0445093548380115 -0.32098840718783 -0.68404332512888 -0.513462462026344 -0.0487031446843878 -0.118013131923229 -0.705160465559595
-0.0171361872175581 0.415245381683071 -0.139664693698044 0.0489257647604584 -0.286152846299053 -0.726042374950933 -0.529902592045553 -0.0470723137801441 -0.119888958766337 -0.635393982732549
-0.00886228794971503 0.399837461255095 -0.123732021979476 0.0694816703367984 -0.284485018294468 -0.734476967550737 -0.594990201660721 -0.0153935079277147 -0.173992471350367 -0.723659592696897
-0.0150175850197676 0.415548011006681 -0.161935177063182 0.046789121189454 -0.283161591413595 -0.682500718303339 -0.562715471795335 0.0277464468501817 -0.140130938719683 -0.744845539661928
0.000597518020777482 0.417898595977918 -0.210224042449266 0.127969922819814 -0.258825334147857 -0.693462321088824 -0.585700132414417 -0.0258311090960994 -0.154774231127427 -0.714903274918132
-0.0343690340708609 0.381819880011711 -0.173983243056028 0.0748166921841165 -0.218031234550521 -0.694755849697602 -0.564712426547511 -0.0037597063047561 -0.163884659205756 -0.755128936030433
-0.0282904618141263 0.338469550209931 -0.178104695395954 0.101254205519941 -0.228115536478896 -0.727307341863193 -0.458175573138443 0.00870353111670334 -0.156829707353619 -0.748148991384863
-0.0627152352776826 0.438886027189797 -0.182975747294229 0.0852195688928342 -0.25752255742452 -0.754795140040015 -0.530995963736938 0.0593445925222903 -0.166390830376962 -0.722129555726629
-0.0544037476893363 0.413870533301472 -0.222480829439802 0.116275642013907 -0.261192211348659 -0.761146383835166 -0.434343924739432 -0.00771086334552986 -0.191218654632632 -0.72172423079955
-0.0787178473300942 0.413863435647789 -0.212528651547999 0.106680420991657 -0.264880428860595 -0.75717868913147 -0.462235801961017 -0.0168403355841099 -0.125848736413558 -0.68959483489009
-0.23423740339307 -0.0185497455781456 -0.127283680495559 -0.271603312203 -0.337851363120404 -0.313948147584509 0.052072162507235 0.172381962956721 -0.0268066439570236 0.581771353668737
-0.257247792950501 0.000802712630787924 -0.11878611868874 -0.325921650197695 -0.231299243884656 -0.268853867525103 0.0953686117266665 0.232773698679107 -0.0362849561671675 0.539922398113854
-0.271498457422492 0.0170830660294154 -0.126246050585875 -0.331582159242387 -0.242528928258962 -0.266123835778703 0.0890019921488631 0.231937121335325 -0.0442278902794853 0.55439696687848
-0.223652522715072 0.00904349243215329 -0.144892096995057 -0.395983790042426 -0.317237439360829 -0.218180438461299 0.089288393530331 0.211394141258985 0.00776019087375154 0.504477465545764
-0.241678996725841 -0.0393800606912617 -0.15258308348477 -0.389314233574405 -0.319931038310804 -0.223350707512625 0.108003315070531 0.200386462569892 -0.00277115769972551 0.51223003364013
-0.252396935954913 -0.0426389174187235 -0.166704993568227 -0.37052879073325 -0.311673127260526 -0.231279447612197 0.101238458789028 0.195246772934621 0.0139202509450945 0.507385248575858
-0.377820090926058 0.032010821456061 -0.291866879900083 -0.163013252424535 -0.16727455078249 -0.138233145835193 -0.0038520092970195 0.133827618830092 0.0952112086583917 0.447249753502425
-0.38991733352251 0.0257932026693537 -0.27870743330913 -0.163404459047267 -0.197110457800087 -0.102926120539171 0.0448629630867991 0.099010937643059 0.0511513889890289 0.437336788425188
-0.358018772081941 0.0173331031885076 -0.289628552911555 -0.179601935972873 -0.176240747410871 -0.112592880960087 0.0149393763669872 0.0928282992948196 0.0373530642527275 0.430493888324723
-0.247469714427012 0.0677559608831952 -0.279397046058692 -0.258427967049896 -0.222533113806363 -0.183561035765058 0.0667040160855214 0.0724313268168728 0.0229315758719008 0.360624490601226
-0.31932357327578 0.0756190435434147 -0.314103674430166 -0.279184456492079 -0.252568127353795 -0.166178785391706 0.109582449256569 0.0788652608578695 0.0632466855691771 0.428241524579249
-0.330599005554363 0.136921454614182 -0.281642148544926 -0.214979635192501 -0.235211596013542 -0.212092283140855 0.126911331165715 0.13110736106628 0.0531373815135829 0.429167142195063
-0.301117815127381 0.0353463659323015 -0.279396617611673 -0.262935522653014 -0.25608791151646 -0.214352596537935 0.100475967676442 0.0857872758364727 0.0444225115106272 0.495737826751538
-0.365198687201655 0.0674561137783972 -0.288172051416369 -0.203425575559793 -0.20698327122073 -0.237109006448049 0.0861935490765699 0.160435174406831 0.0269096361243714 0.464238953860265
-0.261649214285071 0.101834139271056 -0.359968924257716 -0.285879690743848 -0.23346157143468 -0.174829277221709 0.100918956758868 0.120483002684898 0.049490824995549 0.440137656195626
-0.231859700409685 0.0887130984928567 -0.328683588078813 -0.201981696591973 -0.244623719475441 -0.13272156996784 0.118769662996774 0.0649007215730767 0.0889492493880313 0.479846486992648
-0.340279498152214 0.177920169337741 -0.302404966441013 -0.203067064762284 -0.210136808757591 -0.182479795238964 0.145769979489487 0.101531962885856 0.09680294705198 0.464577129129261
-0.251609392438755 0.0892391054561451 -0.332304543343064 -0.23702424048069 -0.26420216222961 -0.124498863316953 0.040787450716531 0.124381083070202 0.0454527738834777 0.419181902355571
-0.239961586109763 0.126354887068708 -0.322348140583697 -0.244492724563428 -0.2265891431899 -0.124115857621959 0.07262845387272 0.0339041015825041 0.0732773561880126 0.435674649421193
-0.239066617431491 0.116861024090198 -0.350087906771732 -0.22375399898264 -0.256692985310441 -0.144377079100836 0.0745493885084249 0.0438834599036786 0.0522294294289757 0.450150965038833
-0.218520650851719 0.148270013765332 -0.368538652332265 -0.233311902199624 -0.187849136949773 -0.102779735424556 0.102718904217902 0.0520433261050998 0.0669542395211064 0.420825358660506
-0.240858583756255 0.130563223130422 -0.33410547443704 -0.251294714104813 -0.223806936683654 -0.132479133453141 0.133430531856057 0.0623836539193548 0.0651681948845306 0.458038940029624
-0.20589888145208 0.105821317920659 -0.206967791547987 -0.219620398807328 -0.311691011297857 -0.0659556488189646 0.00663141031728371 0.116824509653584 0.00114465731383128 0.449274961115371
-0.322448861522737 0.0938963568872278 -0.154822938232094 -0.237739029273695 -0.310808944818664 -0.0735750079446894 0.0264950727727411 0.0527214686837196 -0.0263816136299514 0.470939032577131
-0.226203195982781 0.0897020267769143 -0.183486674589313 -0.169450146348901 -0.345324972188901 -0.067853458908721 0.0434178681687953 0.108992737312619 -0.006725127828768 0.512348973101065
-0.22326876690306 0.0969772796599056 -0.163433284481124 -0.19918446421161 -0.331624745349436 -0.0154906612699248 0.0379270293428664 0.119607213605401 -0.0377919319159152 0.492226730973666
-0.278904824552734 0.0240317005612804 -0.263338628316405 -0.267313900641867 -0.285946604712299 -0.0607933001719887 0.0336045065475997 0.107768210321439 -0.113374634675413 0.59916704012214
-0.251591226618954 0.0719425382616189 -0.197035666891375 -0.237525141947526 -0.283394022712507 0.0191610472973904 0.0662720348247793 0.0306788182616481 -0.0641126222007898 0.611126824632211
-0.227432488205556 0.103932746461795 -0.151478914571775 -0.231643749912024 -0.20663934041063 -0.0699470936326437 0.0994182336635964 0.150921546064326 -0.0475162766258067 0.568440470011054
-0.243688249701941 0.095473528199507 -0.157245356546411 -0.251342798005062 -0.203664801805637 -0.0747291788385273 0.0867637295404586 0.143050598219668 -0.0385361495463186 0.596494877259406
-0.210624123857319 0.0208656171277748 -0.162830988877125 -0.181607905447251 -0.297011610937076 -0.153054194405089 -0.010801842972634 0.230319372166166 -0.0765363474030282 0.427979296851328
-0.174223725416891 0.0281659082969622 -0.156602784258279 -0.185176141179909 -0.300377316953605 -0.160025872339934 -0.0269191884252154 0.214278008952914 -0.0686214922262162 0.442943642604695
-0.172032669299126 0.117921306705478 -0.112306783398929 -0.152958746208043 -0.327889749495419 -0.125030562940604 -0.0177492971572245 0.229390397995345 -0.0467148684612402 0.436608463879061
-0.2121604292796 0.078119535658868 -0.165145555837081 -0.181266380433457 -0.334361269340933 -0.16041214105555 0.00411645705294711 0.16034342729421 -0.0400123951024466 0.481207452804636
-0.155187193177675 0.0831647340495762 -0.17027425089028 -0.221399391392205 -0.310580422531987 -0.108053648366907 0.00143925310385293 0.121387869030024 -0.0690200438292315 0.489940365803563
-0.196543883503261 0.0675644667298044 -0.16599638445776 -0.19989569021546 -0.318410653092071 -0.106203352441336 0.0027113630752964 0.168167463466102 -0.03006174584371 0.45991753035381
-0.170840004051037 0.0947782868802549 -0.143185702558263 -0.196278878285963 -0.302877324028922 -0.134728927509602 0.0154014474435735 0.207303254217171 0.0126873155595253 0.472691760056863
-0.293279004275221 0.0529192077993356 -0.21487903644852 -0.197263290683822 -0.428747488093009 -0.109426500492482 0.0185428007830357 0.184482934538098 -0.0314921308044772 0.51040186452073
-0.366460599060417 0.0443532672151387 -0.143090777876916 -0.190521959992768 -0.443646998037638 -0.111066967267389 0.0471661268044971 0.183077574592668 -0.0742316381228754 0.505235266132519
-0.257435326328438 0.0350455757571452 -0.185267531165999 -0.164327393913449 -0.426509596409035 -0.17540571844654 -0.0344904243088889 0.164917717602162 -0.0410492723239305 0.493120042638822
-0.337477406472764 0.0294424953280874 -0.169417860042604 -0.111590769886989 -0.404164945960772 -0.156124765227593 0.0429562390855942 0.192406289830862 -0.103248276447828 0.515080277270872
-0.334884044414567 0.0207997555898447 -0.178795584763901 -0.172525136947073 -0.439055461269873 -0.158232465105479 -0.0158254240032582 0.140781835840112 -0.0563695969757939 0.564857191485127
-0.205565980746186 0.161691497557006 -0.314354890410207 -0.13874275224124 -0.203331903833728 -0.182539740514243 -0.0170715029898866 0.070627904888244 0.0101864058198448 0.521535257391481
-0.205156597641729 0.130360004712355 -0.282593141771546 -0.212292325089493 -0.245547433886836 -0.163266125912373 0.0180506920309634 0.0575850888143706 -0.0333275466636649 0.521535276007512
-0.25626099473495 0.077534104767615 -0.243951277651458 -0.141472962486012 -0.1987570334541 -0.174516551591582 -0.00793259379742252 0.0906419190812376 -0.0613344623151576 0.562555183096473
-0.269839711048959 0.0807133147448321 -0.244524610164662 -0.14800501566038 -0.192889041642951 -0.192124102638478 0.00626199212251266 0.0989330406737341 -0.0708781068481651 0.543624019304637
-0.197614551358187 0.0683147098221397 -0.304673407690332 -0.237561911330983 -0.170945945955549 -0.15596315975844 -0.000415807649004804 0.130334233239779 -0.0185377988007056 0.492422607129056
-0.236871862717151 0.0915206744249319 -0.301126857728109 -0.195081633402086 -0.184681964697992 -0.142766859767545 0.00529669439816056 0.138490312828336 -0.0367972707708922 0.525312930233149
-0.20190420669611 0.118025407479952 -0.273830229155509 -0.218001702290139 -0.172577227023786 -0.15969138380265 0.0234590129821802 0.119140415685424 -0.0739378655624162 0.497044882246864
-0.201502018874866 0.0107739261927361 -0.221082918122293 -0.085726185536479 -0.269073817179281 -0.188508284199548 0.0194028807323419 0.210389285592847 -0.049415885849745 0.49588281717779
-0.200229224597534 -0.0689072028882247 -0.236530763814176 -0.124527935653219 -0.350009727442792 -0.205919479387924 0.0928535942423275 0.184139875404112 -0.0634765757310616 0.526778877503064
-0.184028041016078 0.00181477414982851 -0.173636654735051 -0.0921151290722223 -0.274368523572048 -0.182363367781249 0.089651261075591 0.204529021948975 -0.0598472406027358 0.509279637652533
-0.251372824791357 0.000509452918971432 -0.258009847777233 -0.10879565747123 -0.269829488158474 -0.213153805390433 0.0424578051450734 0.16240884382208 -0.0883480551816792 0.492187519310835
-0.190469949300549 0.0387213278292082 -0.16258200055959 -0.118233827333999 -0.231226940478474 -0.163865043870738 0.0549923585227456 0.214126279319177 -0.0408686374493714 0.498737869115165
-0.224732536278586 0.0022853868130873 -0.224758505112298 -0.184495505336356 -0.30357008866807 -0.176645852106969 -0.00364468043994779 0.140836331210329 -0.064436209048744 0.505930736221132
-0.186949473164531 0.0359601994771316 -0.159044097118991 -0.171648259102898 -0.311103590195584 -0.122891005053104 -0.068496777719601 0.14442637068531 -0.0516192966828616 0.51781244721952
-0.214124043125366 0.0415865518781526 -0.146468378926487 -0.1687784411669 -0.309336985442796 -0.134076042021536 -0.0366611010028304 0.146096773777971 -0.0572702439271379 0.508172248268883
-0.261225723648272 -0.108404618736306 -0.206572259398138 -0.254827087588432 -0.249008084741342 -0.162535175039019 0.0376355958130673 0.0603091285813633 0.0579055729937418 0.355387478073051
-0.273010672499474 -0.0871139034116731 -0.207402519990662 -0.249959164625946 -0.231431246835791 -0.16641935097092 0.0180033150543789 0.0865843832759141 0.0132082272798424 0.340197367153665
-0.315274808892855 -0.0772463238987368 -0.205753756866874 -0.248881037118195 -0.243398646187661 -0.160838858270811 0.0577372711665815 0.0928797842089917 -0.00685885541867303 0.395483114452703
-0.290077437023792 -0.0707083941854408 -0.24308179291417 -0.238800307609175 -0.219161066663758 -0.168282438693729 0.057864959264652 0.0743567798010586 -0.00340675703518229 0.376303901107446
-0.311571362807728 -0.0521638665888451 -0.233091764278765 -0.203550553910975 -0.276990870182256 -0.172109205872687 0.0315055159117536 0.100732953327061 0.021676047986905 0.378115623589594
-0.274743188352807 -0.073941261466859 -0.20191110369888 -0.236672329629465 -0.234952716851206 -0.201970942175262 0.048297670651048 0.0790177433594007 -0.00983662575598515 0.361383475811701
-0.2902084025446 -0.0703213198868832 -0.190348405787329 -0.225382414611046 -0.229989931675147 -0.172681088672417 0.014149960905269 0.057955249735719 -0.00585507954482664 0.391232837292974
-0.273835508849246 0.0485320784326704 -0.220595070143989 -0.214222634410511 -0.262361795416526 -0.204580785622707 -0.0257120974411932 0.243724952024015 -0.0195170982245215 0.433857891902109
-0.253161620430048 0.0710149815680466 -0.214312943832702 -0.210121486607699 -0.250298659584272 -0.160659732018762 -0.00165974937125495 0.252140775553405 0.0304155154581501 0.428177742408274
-0.25677378802023 0.0571518219979994 -0.221013622147848 -0.243314709231775 -0.236428259335132 -0.168390676244312 0.0102419241262749 0.225294082442204 -0.00133384636310374 0.408671458616408
-0.266162495878905 0.045895963696053 -0.12723799657611 -0.25720005039221 -0.14330325390338 -0.0641389854322035 0.0511956719553938 0.124382089351044 0.0159154978141504 0.455269310383605
-0.270191819384457 3.14448565723034e-05 -0.194751342973481 -0.207333085045595 -0.212821725222454 -0.0646740854544652 0.0600382613695224 0.232306143520584 0.00730675673916831 0.408598713706448
-0.259227786186129 -0.000952056542146459 -0.242905835627472 -0.189823012164898 -0.164024457899657 -0.0691567357148535 0.0402592792528922 0.206818898442457 -0.0196677697310717 0.461357277306377
-0.237714146736813 -0.0159950029579397 -0.209095990079463 -0.208658670606706 -0.190776098583077 -0.0889863845382852 -0.0125788283781106 0.198617419121722 -0.032130226900695 0.437142177327647
-0.374929705386483 0.0805378674225634 -0.14842617253337 -0.218112368642591 -0.21150374205621 -0.173366984040234 0.250356386246435 0.00401522969213985 -0.0211741300061719 0.520876057505471
-0.335132077391047 0.0958647358176536 -0.218867991792266 -0.174794784330908 -0.208742793423146 -0.0577825683020212 0.176883144201383 0.00563488089550978 -0.04748649775671 0.490994998168665
-0.331447972292005 0.0772586240719847 -0.220066635798226 -0.174120352382954 -0.201511627544647 -0.0795769508696384 0.126641703073538 0.0366103917289465 -0.0598209305887296 0.519300087113208
-0.363452692736369 0.0863862490698042 -0.183166858652728 -0.184047554348506 -0.174322216070851 -0.140710768680396 0.143327406550148 0.0459744924603175 -0.0276418124821824 0.543211809106091
-0.34874483232267 0.098620011244184 -0.200228663777788 -0.202350354617336 -0.184599069430734 -0.125076980070978 0.152651712300594 0.0279577207835435 -0.0335119682656678 0.539235823008198
-0.321402403698371 0.115122553877628 -0.252437604025973 -0.171917697298103 -0.203584980672197 -0.0971890890974055 0.0619406757547877 0.0194095791450027 -0.0583659293478465 0.489764244336151
-0.33687242715325 0.103405071362441 -0.228770127968047 -0.131737807181717 -0.244222612760519 -0.0588916377647204 0.042311289075363 0.0149480030234253 -0.053010651776778 0.49403560293448
-0.273330366227187 0.225740048208829 -0.282883449302573 -0.16314903946631 -0.193269636096544 -0.107223838692768 0.131386709313659 -0.0439174628995031 -0.13954001256938 0.460189902370197
-0.26409723106246 0.199479566101507 -0.321023306196877 -0.152008045332524 -0.226943422378374 -0.122014515104795 0.0841232053557493 -0.00220599546004905 -0.140206661033225 0.456061371419531
-0.265025648778008 0.213236154903629 -0.366071028620656 -0.143357538247181 -0.259297776590301 -0.11285188474916 0.0728243300131439 -0.0264385716452268 -0.128486195645729 0.506952207128075
-0.292109189638141 0.148904410774031 -0.300610955203654 -0.165123036292177 -0.216593575819151 -0.0923390980952663 0.0857347966035499 0.0310153501411471 -0.137369019164359 0.492858778371189
-0.293259021869458 0.246389053231791 -0.267737692208719 -0.162056930349389 -0.260663303357671 -0.0690464279378066 0.129063210897151 -0.0745388461142063 -0.152436379950608 0.487385913827316
-0.305751658821682 0.200599391933409 -0.277934622742201 -0.181429143120508 -0.218204309198934 -0.13746286323448 0.116784064196474 -0.0463550674272316 -0.182618003860134 0.519335766868728
-0.304360571971048 0.202821486315877 -0.316914375241316 -0.162142178914565 -0.274792457379923 -0.123476155195089 0.0971161588622402 -0.0564876599193231 -0.164497409258529 0.478448612583549
-0.340653478418541 0.0497966160748192 -0.17307813018697 -0.200560427809061 -0.252416180295796 -0.176954060912115 0.148922566633992 -0.0150991963707292 0.0848032671816319 0.418400530133607
-0.321756327311466 0.0305671306829809 -0.204352181952901 -0.152948598430291 -0.235003589830475 -0.192867990337901 0.16943266441885 -0.00230846121891181 0.0223846816126767 0.436939003992571
-0.338483779714886 0.022860079442412 -0.172548173736622 -0.111556939690206 -0.204420998724011 -0.179622796362211 0.204407794363039 -0.0181409704373092 0.0298856979725908 0.459160083630606
-0.388145508142632 0.0997294522443175 -0.31478699042647 -0.228920668523774 -0.199399723029578 -0.286520097448439 0.156003829192726 -0.0294092219166871 0.000428868469709005 0.429400812170635
-0.391261112075225 0.0900760594556272 -0.356246958802108 -0.271930645402416 -0.179291908765901 -0.282961425929224 0.191374217529003 -0.0176478381917213 -0.00130588332636833 0.463207210080205
-0.377707759093612 0.0700740565837732 -0.308786680741657 -0.256309031693438 -0.172194921871256 -0.253332552063388 0.17331571231911 -0.0224410958390628 0.0481153402704671 0.52012008415206
-0.369214435269026 0.119276816502945 -0.379607365596571 -0.190338262912646 -0.215534156021888 -0.142011267337384 0.14605878815552 0.0113062997134344 -0.057377975637977 0.456099165917613
-0.385662928820892 0.13742396820851 -0.38587305302644 -0.231251186931595 -0.240300466675113 -0.13169916202406 0.105208152958273 -0.00854400855138657 -0.079250979483279 0.431473777288919
-0.381094288237751 0.159896059771467 -0.356923306900418 -0.227556610754248 -0.223935805531747 -0.146951319820459 0.102310234293316 -0.0317251627306834 -0.0977845735879562 0.44285057994323
-0.363184223775144 0.162336764511173 -0.365306200416538 -0.217945848153978 -0.230096668346926 -0.157149402772798 0.109791884637077 -0.0184966969576572 -0.0875591395981242 0.443156030130093
-0.397053119109451 0.118000284910229 -0.344602507121933 -0.291539804887014 -0.263671805605913 -0.131138387522049 0.100228931467269 -0.0114873377230009 -0.0523678225889409 0.412688787602023
-0.390614285774285 0.148128328290974 -0.378606789575634 -0.2242523996514 -0.306660192080908 -0.16588544087132 0.0618758909246644 -0.0394517608227184 -0.0694527509027832 0.40161368683243
-0.240045152879436 0.0243956770832265 -0.263543019275244 -0.235999964358547 -0.231318647438611 -0.0835826182380874 0.232891055650581 0.0940139801582509 -0.0520719056024294 0.445436537721945
-0.316011065077175 0.106914309340957 -0.230306603088854 -0.202496828979656 -0.320384280604992 -0.0472472505860094 0.154106711680442 0.0677556396703193 -0.0565138775281096 0.384222437355862
-0.323886461475668 0.117914902265208 -0.20320034874423 -0.237011990798916 -0.304190474148046 -0.0535215261044514 0.160765567344951 0.0258247839736345 -0.0516100725172655 0.39459931927812
-0.43349408940715 0.0702379628054852 -0.29298227057406 -0.111517317957275 -0.104035147873396 0.0182575788554495 -0.200086261403791 -0.0352717238039659 -0.0998056855905026 0.169895019395349
-0.452635220976356 0.0752172018809099 -0.282127059114861 -0.103058947903784 -0.115771046137032 0.0182484029375565 -0.182256550196126 -0.05425942019456 -0.115751677016035 0.128231609462302
-0.50180533595808 0.10588327501094 -0.290934202193528 -0.09168895828461 -0.0998717746938694 0.0352456804368242 -0.138575020617622 -0.00552031739133574 -0.0947805491218101 0.145595360689873
-0.47150271716237 0.0936072072283099 -0.244684752998492 -0.158529657159403 -0.0917932978166392 -0.00674195069033637 -0.147646266472639 0.0260326094777062 -0.0628834963379265 0.122321162302461
-0.541459129535221 -0.0298437740681005 -0.242823101366576 -0.16694442852015 -0.130522622234306 0.0114463533825032 -0.230867880188951 0.0132894107397525 -0.0803085026989941 0.180261547308908
-0.531355587362381 0.0779755960852827 -0.296135008384296 -0.109367335132429 -0.133289504387767 0.0596256740169312 -0.173901842713698 0.00291210562212743 -0.0546277276799849 0.201259201936627
-0.546895269000228 0.0893575793087087 -0.259848230897979 -0.165524750317843 -0.132655397453173 0.0798715486472364 -0.190125021113168 0.00619610065363796 -0.0522895304831138 0.193721525002198
-0.514233968032851 0.00660496000613512 -0.243952151738172 -0.0919110435821738 -0.105694798586628 -0.0769339642178823 -0.168322524808231 0.0378392534806375 -0.0555359635395676 0.122929211616744
-0.516159079974896 0.046019509456439 -0.213413795401248 -0.14795129815338 -0.0783426296607613 -0.00539769559988315 -0.181804903890553 0.036341750105763 -0.0346295631863979 0.0859865968585522
-0.50684817096566 0.0197829848745719 -0.227238752785558 -0.153807813331146 -0.0808510285357742 -0.0185101367927783 -0.158264134005607 0.0603622241756162 -0.0505575255646277 0.132824887845953
-0.496055020815731 0.0015276037138087 -0.23236694061701 -0.161246662250614 -0.0967609938901795 -0.00760612369157743 -0.166786016469357 0.0343588070824194 -0.0676649711992497 0.125711597136602
-0.558862198279887 0.00489757475158774 -0.314848805516735 -0.19094360598213 -0.133276420888068 0.0611296372777707 -0.18708408533795 0.0235676142055816 -0.137630856592383 0.1498877842388
-0.566174898219293 -0.00234982152784469 -0.334808882694804 -0.194477985509341 -0.146586749952454 0.0530256438321831 -0.208202206158359 0.0286681418737743 -0.119280145637557 0.191096227737694
-0.576936568255838 -0.0132173070420054 -0.316865097184845 -0.203133870401921 -0.148939892851869 0.0597610622935677 -0.196093242680135 0.0204038138601672 -0.12218018428964 0.172773241642148
-0.554244952801329 -0.0229972111700771 -0.317983523973307 -0.199695738979092 -0.114354376419591 0.0616752755294936 -0.187643081668095 -0.00514855024184835 -0.116601552873637 0.14384627241585
-0.56850226273559 -0.00877440389960389 -0.323259461497623 -0.220156306287412 -0.109261952718543 0.0974283131863692 -0.166293298749607 0.0222106319189097 -0.118004996103529 0.117856604503158
-0.565182264234313 -0.0111772116205836 -0.322857170018158 -0.212246780338434 -0.111778404851289 0.120383632927086 -0.163975050308633 0.0468528526834761 -0.124968408024973 0.0839788061694917
-0.539549376833183 0.0226705284407872 -0.276722015589099 -0.158580094658105 -0.173155494420056 0.0462971211114585 -0.144481723560302 0.0379183635951946 -0.0442480216029967 0.174754051498924
-0.47500366532734 0.0170796652938016 -0.238240239896056 -0.211552214414031 -0.117007339576615 -0.0329054899481877 -0.0851651062105169 0.0603031523820332 -0.116766723680346 0.152425919443761
-0.417402202829609 -0.0229400625130614 -0.284236124527397 -0.145966414078168 -0.0925994793098642 -0.039407457129239 -0.141979172197387 0.113254553620839 -0.00814624178692063 0.206224768908582
-0.405654122386216 0.0422292367393499 -0.287103838558579 -0.165884699874895 -0.120580178542937 3.59038562664712e-05 -0.127601232860702 0.0575678797441219 -0.0872836827913683 0.165487777448242
-0.426817917576099 0.0207606261512151 -0.280988657867953 -0.148295376314713 -0.118036685412902 -0.0200891404808364 -0.0600631229859653 0.0148888091392194 -0.0757833885078256 0.140252266681992
-0.418762018987046 0.0462865755343143 -0.293375121930201 -0.176642579591034 -0.121402648179292 -0.0138775448887826 -0.111252452705143 0.04428104479308 -0.0732162156543012 0.138890869115689
-0.414336550411216 0.0454065300345415 -0.329256951094012 -0.141743901427403 -0.166783463996429 0.0276646997314564 -0.123813036438228 0.0093055199149136 -0.0443729539497269 0.136546514296069
-0.423351700674125 0.0374754028798408 -0.247996129042502 -0.135806611804406 -0.146691136121505 -0.0176031435932592 -0.141339908576928 0.0189312063751951 -0.0235315472329538 0.132520881580443
-0.427402300267691 -0.00895074800739308 -0.269525053429884 -0.136739817730395 -0.138820258731874 -0.00853880806033963 -0.136868719713491 0.0442582707340207 -0.0389738453503734 0.134994577923605
-0.414801119052515 -0.0185718834510648 -0.298826489614287 -0.155775041963395 -0.129559121143639 0.00302569759358498 -0.115678831808586 0.0343816485372159 -0.0488081375404122 0.133466754460347
-0.419585370842641 -0.020390920287271 -0.267623929651445 -0.141737883986093 -0.125173895547751 0.00673061779213199 -0.115055671413188 0.0118505658359182 -0.0526871673445999 0.138219477148842
-0.46215271296744 -0.0390204287050077 -0.30405350563768 -0.161508712183252 -0.140964561611693 -0.0387423196740506 -0.111363130433241 0.0619127250385645 -0.0410916965347617 0.168795812329653
-0.468410961275808 0.00113763453510989 -0.294285639126349 -0.155768953889753 -0.15261328227929 0.0216878977143329 -0.142479122786901 0.0215005492223806 0.00976669073421104 0.129957960498223
-0.451686159719344 -0.0205362605943242 -0.307271821861514 -0.17622611159099 -0.118455858074474 0.0213161431528004 -0.163754278647456 0.0605174079283678 -0.0460857108354562 0.112850680767736
-0.481690544234491 -0.0659631498300034 -0.297168474709559 -0.108274212895439 -0.0611400345561666 -0.00644673900725333 -0.138833572861757 0.0228995781980152 -0.0768163502526441 0.16007416473841
-0.501390093645525 0.0218040212055745 -0.236501179995591 -0.0700038655855504 -0.127879592997031 -0.0464599864541956 -0.107424866454568 0.0973164364301605 -0.138315569395752 0.165411981022291
-0.52231797447762 -0.0193781455798986 -0.218197784893537 -0.0813469574250021 -0.096125814837086 -0.0443560010893619 -0.127464895750467 0.0781609658154401 -0.110311108835527 0.198362167870837
-0.505044882156504 0.00742621965319569 -0.241788764163729 -0.0956949121626735 -0.121141497183789 -0.053206253530329 -0.131242163616809 0.0749167261075427 -0.109890252555561 0.180897114485147
-0.420499690541399 -0.153647491248751 -0.110738713653683 0.0597360273603373 0.00549779885235634 0.116408394382639 0.0342872232426829 0.0341687008727399 0.0114622734376088 0.0108881924228966
-0.436406383530992 -0.233653833071363 -0.134003206426369 -0.0601022316266581 -0.104135354284418 -0.0286694181761209 0.016105005860225 0.10290238593122 -0.0704209288874736 -0.131816219338109
-0.435650662005364 -0.187242944598863 -0.0702901977109938 -0.0125846212959942 -0.167423849281942 -0.158362322076706 0.0108632377120308 -0.00281412210001568 -0.239521120421807 -0.0358467688330379
-0.512550350468776 -0.0889478242389815 -0.0448015372577402 -0.013105396067605 -0.142217504147075 -0.0676946092291801 0.0749128995622258 0.0487711631683966 -0.0292284967297836 -0.0617518977639893
-0.520918956466332 -0.0823522560582025 -0.0380185067420625 -0.0273854481974599 -0.136787145821945 -0.0836743103152867 0.072970409663131 0.0304972870524605 -0.0115493951298472 -0.0558906270565273
-0.517804977724334 -0.0579203037736088 -0.0278764095698255 -0.00950255928824223 -0.132300975194048 -0.0831737871824891 0.0748010620520427 0.0446796732922328 -0.00891862585711193 -0.0446873338398778
-0.49996138764951 -0.03349063750278 -0.0764160450731009 -0.0482043270112434 -0.119325206786072 -0.0548524125945754 0.111107985531463 0.0535079276926921 -0.05367053184836 -0.0530527639225983
-0.515777937299866 -0.102372299182806 -0.060385244501339 -0.0320649678203318 -0.143568683958286 -0.060055876342661 0.102096326403085 0.0679942389198778 -0.0444613925590443 -0.0724205014917452
-0.451488353171262 -0.0562490271233754 -0.0370643444570359 0.00644328907964444 -0.171673092508436 -0.0442587910038602 0.0971518335854394 0.0624995263095889 -0.0427824226458605 -0.0803346987925206
-0.496843902118902 -0.0514358367493921 -0.0543796978571679 -0.0242667208901766 -0.143624195818489 -0.0394701548617514 0.0496889264781833 0.0527158783555212 -0.0520102011890339 -0.083865302005628
-0.442540878475043 -0.235386843283578 -0.329685549621999 -0.0784317119207983 -0.00569141299500509 0.134644676343264 -0.00754722046187488 -0.0667502971923299 -0.0743307505122023 -0.122090896676706
-0.486832162297701 -0.204917122917223 -0.349439551362976 -0.0893842952965451 -0.00717020111860452 0.115578692596902 -0.0254631680665878 -0.0870301036947915 -0.0989055308737056 -0.103325245423756
-0.418203631711798 -0.130125253390386 -0.152645879877176 -0.138626567016223 -0.0419621408371159 0.130992829733773 -0.0372450040398769 0.0193429996449765 0.0947034814382888 0.211098617885192
-0.278939881112972 -0.148282605871134 -0.361618429072114 -0.117877351110971 -0.0194405138440981 0.127215063447747 -0.098532802243795 -0.0482691502942958 0.0986129911797499 0.0988470387279972
-0.272186297294452 -0.142148472185324 -0.329435901230524 -0.0754143919568943 -0.00715880802558401 0.149121071438369 -0.0938222607197322 -0.0673943163260303 0.097132203905105 0.0994759091876456
-0.381538130776499 -0.21234701673533 -0.371107775939886 -0.0652478217668412 0.0233224671809868 0.11865335674911 -0.0184984783748537 0.0745669388647425 0.129354304745141 0.206558970247611
-0.392926505209306 -0.265433548071979 -0.38318856345913 -0.110394753750184 0.0338148335602293 0.163030026078563 0.120109572641347 0.060149122569847 0.0508597801862647 0.147553295153939
-0.33909745537418 -0.213406100344198 -0.291269107085371 -0.0830598772984547 0.0238124488274452 0.145240996771454 -0.0365195037879588 0.0360733729902844 0.0869399799147864 0.22877469486234
-0.329722372094789 -0.282517928229671 -0.334459634165212 -0.0903784650200415 0.0328871050874601 0.0933176906323319 -0.00669163353666954 0.0875649971015363 0.0608898650404356 0.196928809740965
-0.344540235670917 -0.25663969990312 -0.324259465213272 -0.109585842298237 0.0126812917954965 0.101294032950787 0.0229824664177196 0.125176713255098 0.105437006168736 0.202918650940718
-0.317634288501082 -0.227219569804346 -0.313127460621694 -0.0763391331998813 0.0591822284400185 0.13226570697882 -0.0254184390635592 0.0821838164872604 0.0568294901417749 0.196600580127973
-0.363943584479449 -0.221447364839199 -0.360473754501598 -0.0649241168611633 0.0471624067868968 0.124672704928554 -0.041596104901294 0.0483264093827578 0.0596792326804011 0.191043130449019
