0.0186378283509925 0.0602396888426467 0.0179473087958452 -0.225786082709078 0.255612804196342 0.187591397769098 0.249040427700534 -0.0169601271208577 0.0312384332133287 0.100786686513381
0.0212976727135213 0.0717319054936902 -0.0180543435462146 -0.248890510507598 0.266958128218143 0.139502328959292 0.228320525687988 -0.00771818335528276 -0.00445819560061002 0.107505783388677
-0.0137495645292758 0.0821183195323278 0.0152029758406425 -0.231674720084193 0.255195111190295 0.154967229638334 0.202289148319289 -0.00271440827044081 -0.0214992109918009 0.126913807411801
0.0303802894031755 0.110515832224466 0.011367939094553 -0.233673290821749 0.27239517721475 0.131987647691042 0.194073578174644 -0.0112675644356014 0.043199574719352 0.0642808053498212
0.0175328322757731 0.100126749188991 0.00100687484537011 -0.227811918899611 0.280727826341368 0.114139192505867 0.192294278405611 -0.015803214489454 0.0393939607728459 0.075150547097305
-0.0735247777353068 -0.0540145780422679 -0.0520953722550377 -0.291845807559097 0.202140047579313 0.111932102223404 0.26695548693287 -0.0406735236699169 0.0910729148658397 0.0759142977976966
-0.0132535471116234 0.0279737457275067 -0.177172669872418 -0.231838276797264 0.234483975995956 0.20770229071637 0.301644074959135 0.0409164154201254 -0.0069481870036619 0.0980459000152659
0.223705071893815 0.0181867428866183 -0.381250047072484 -0.0641718665380041 0.373503054667062 0.156742312037919 0.220872263401215 -0.0864871168596345 0.0370335705978171 -0.0322515425147108
0.223705073142589 0.0181867406047762 -0.381250045602491 -0.064171865047943 0.373503053446789 0.156742317687097 0.22087226555289 -0.0864871153090336 0.0370335644456729 -0.0322515435950121
0.193180667069089 0.0394998823487202 -0.396045273101797 -0.0567582794049004 0.408205657004536 0.202532034008247 0.251786113652394 -0.037778663021607 0.0666630518828057 -0.0084042981835866
0.193180664317942 0.0394998857043769 -0.396045276125582 -0.0567582832055727 0.408205658631649 0.202532023509196 0.251786111244124 -0.0377786666186992 0.0666630617035692 -0.00840429620945198
0.245985200643204 0.142531552285349 -0.37700700990729 -0.0510025648598789 0.390193108434974 0.144468638685089 0.16236647876715 -0.0834689240298713 0.000181840528259857 0.0132543987819363
0.217587319640782 0.118826762840039 -0.334339655473679 -0.0511700583790963 0.379112775868166 0.168279725957167 0.171447868188119 -0.104694620192835 0.00941953553119692 -0.0127205454062745
0.249246326929549 0.10409644717235 -0.38382665496167 -0.059806155303868 0.36316494394276 0.193929963745317 0.143362712950336 -0.102035775941349 0.0128149224581557 0.00231664322778741
0.24941420774392 0.116236426719871 -0.428107747612671 -0.0525276347420344 0.339154317381973 0.195613735989094 0.193181823442059 -0.139098553350971 0.0736112765718595 -0.0163296827740418
0.234316428163894 0.107949371978505 -0.423802123077691 -0.0399057790439377 0.344409717392435 0.191769415975239 0.179912497395148 -0.147735137797878 0.0372875574350399 -0.0231909980374832
0.215766144310653 0.128418090828491 -0.397236302143046 -0.0529470242823368 0.35006457157878 0.180646496124645 0.168428926878707 -0.140634173659879 0.0288761376135949 -0.000847888240185776
0.254619846954084 0.0835169728589728 -0.440531309609958 -0.0334580998383425 0.330312825393415 0.237105553181126 0.177543748273654 -0.11818619371123 0.120060432316999 -0.0298514059264506
0.234102022473641 0.0698556379714731 -0.398097695794422 -0.0382473994717428 0.34233594443782 0.201181664139982 0.174085892848646 -0.101187680291578 0.10015517422107 -0.0540918329065999
0.183209594206277 0.0165167456203863 -0.262992665045943 -0.073511553212147 0.123909048804347 0.163738608100482 0.294627328577824 0.000825615083287672 0.0525927022239 0.0571996938921916
0.216082042052294 0.0388278916888102 -0.251914737014464 -0.0859300533539721 0.113918177830492 0.150657999231403 0.285867202543139 -0.00989943542492147 0.0674117454496072 0.0564230980568625
0.213912198150627 0.0369084605151179 -0.193735669454986 -0.0873498291705015 0.154278076289682 0.17075930585103 0.298234412974898 0.0414576402733839 0.113778904882645 0.0184837591441643
0.202858271129207 0.0419595694680453 -0.20438308853615 -0.0921115043623933 0.142774231924327 0.161640562833281 0.326099456384528 0.0235391150141002 0.164838866185389 -0.00458641131955811
0.0911857423191654 0.0870831159751947 -0.25348137388894 -0.0473257076506624 0.0882190277875207 0.215984736171097 0.325161348878535 0.00695069075771432 0.0839317179310131 0.058079757135191
0.149436313767789 0.0166512036854184 -0.239113020177849 -0.0202769663261731 0.153598999034323 0.0559252869197459 0.238869502734312 0.0201164169337124 0.153594689289551 0.00819994772643794
0.0768629071322121 0.0190009123430986 -0.352171906174101 -0.100189866483495 0.0882399895389711 0.180404549342206 0.294458384520449 -0.0134387402321119 0.16835730518485 0.00653424996067472
0.118044336817412 0.0409186869332934 -0.306861180745649 -0.061500081180623 0.0770490014053042 0.1207941708326 0.253803135746601 -0.0131683058078403 0.192007909387251 0.00537175590773047
0.141545947886581 0.0594394804059918 -0.31113801343444 -0.0425485873597519 0.116804520222202 0.144129297739379 0.244260522944138 -0.0341991075599884 0.187321374570445 0.0345150870566907
0.0981548483680249 -0.0334070941137343 -0.17902205740397 0.0241517314421058 0.085053526514783 0.22861974897481 0.204900483937703 -0.0688127117032755 0.0136511529143592 0.0986162340380662
0.00954448911293463 -0.0989173826254297 -0.121479839488843 0.0267784216531958 0.11472591550285 0.199165540760572 0.21989541875732 -0.0306386571027909 0.0670858159169011 0.195052667657795
0.0519079202113645 -0.0607645315962887 -0.10897682366177 0.0974705350079073 0.0581970109207487 0.230590673558163 0.26102776793064 -0.0329563572609405 -0.00211458634542512 0.15794939201176
0.0486415894605718 -0.102021956109738 -0.0802988622765607 0.103082868971447 0.0824365260327418 0.181500786710357 0.258443555364419 -0.0299405544930914 0.0461246198037802 0.187873463940329
0.0250057051632821 -0.0977134767763677 -0.106468991541061 0.0719310093896205 0.0913345756455851 0.249955579057396 0.236277156564771 -0.0527843225625602 0.0132162753946106 0.178662430677826
0.159499183435584 -0.0159756999433014 -0.0873201483927444 0.01207538846442 0.0900873210575505 0.207612756371415 0.289651955567016 -0.06114806838844 -0.00923423220719994 0.193120769987526
0.0773954553457783 -0.0394900301697788 -0.0617635276078045 -0.0326376134242061 0.117530200569209 0.151213122735431 0.231895759204179 -0.159995094172953 0.043988847055826 0.162508908714001
0.0773954538406921 -0.0394900302987372 -0.0617635290097286 -0.0326376161124186 0.117530200211902 0.151213119279653 0.23189576062801 -0.159995096353664 0.0439888480406304 0.162508909316947
0.187351456328503 0.0604873531516968 -0.226761736771275 -0.0546035472430123 0.23025751735668 0.0810420139023841 0.247820185786119 -0.0930851205748807 -0.0161519556800338 0.0160268332659531
0.20432065496158 0.0172701464169375 -0.198210153656066 -0.0589764382067389 0.248502377534536 0.0623845445235182 0.246049287783399 -0.085280945626276 0.00649463349058091 0.0291148643087059
0.126968993912748 -0.00366567936052589 -0.246855807396246 -0.0459643615553302 0.267344878642091 0.111976079142098 0.245799892373832 -0.0696482288523939 -0.027391669611193 0.0981302596934481
0.166229891489911 0.0413826588670347 -0.238044927746131 -0.0856625371121729 0.251299731605696 0.0846898674337288 0.239744712719516 -0.169284010800376 -0.00504577871926955 0.0330893491049379
0.142607708750907 0.0388220891875673 -0.207157972989359 -0.0803738800313186 0.198466558943326 0.12226874083473 0.239449471440995 -0.162118365571649 -0.0109519796053807 0.0495677666885778
0.145304488217228 0.0367152195278532 -0.231772602984296 -0.049538412547621 0.215865599571946 0.0748110258141929 0.234921752305667 -0.157004105861078 -0.00697001110652057 0.0466355329689739
0.197981478546528 0.0593508346635713 -0.198108024626739 -0.0851107545907225 0.201472679929346 0.14443859495991 0.267374345933012 -0.131198171387646 -0.0327594133628128 0.0441523077180634
0.146320565874877 0.0336488512950486 -0.195000500560108 -0.0605385126106855 0.195964469040059 0.141389806308039 0.234255437220814 -0.150693555524822 0.0179052225219836 0.102125904648136
0.143433235298955 0.0221091823945822 -0.211282795164001 -0.0685366108681616 0.180154979117296 0.151588621450661 0.245169023821031 -0.162892719114008 0.0274722603323607 0.0955183661606741
0.148371129264589 -0.0113834467023693 -0.301811813712169 -0.165888453301465 0.14909508201606 0.134288342919868 0.306909978346732 -0.0028599273914315 -0.0118809897231756 0.000930065142984209
0.153167725779465 -0.0178977314481302 -0.251545432596193 -0.18502675996842 0.146883313457111 0.159993361830924 0.32815576713613 -0.00381302368444765 -0.0334990990147354 -0.0409890045485675
0.166300465532267 -0.0571205792071048 -0.2655094755073 -0.182198332904573 0.100592690636205 0.162078067654431 0.350021604023218 -0.0511059070946708 -0.0340052994075398 -0.054201179252844
0.198019941286777 -0.0626331921184826 -0.292215323945161 -0.253788210036623 0.123991880595423 0.161616969433131 0.366863778981217 0.0127297980648327 -0.0282539506604527 -0.0303161206948599
0.186373326726659 -0.0649262204728376 -0.318332742056757 -0.236324790805381 0.108590009699062 0.152046803183834 0.333106879868109 0.0102727952656782 -0.0042696047439741 -0.0107299889240849
0.228280197561325 -0.0715020703070856 -0.272305542572766 -0.16825306527287 0.154957692863564 0.155989426379218 0.335833703898764 0.00923687818653149 -0.0292879496783636 -0.0596010831504671
0.195285368389671 -0.0736922263751629 -0.228112041716763 -0.187057403106978 0.143510737329731 0.151334729585695 0.309311472752373 0.0106868093549161 -0.0707398626912107 -0.00717019751259124
0.150154471528723 -0.0710650925246196 -0.253383571853837 -0.191369940970112 0.142246665585909 0.181692292924957 0.345840495846281 -0.0415093984441593 -0.063970272179942 -0.0307312185567968
0.18907874641921 -0.0733687780168046 -0.237169150385166 -0.190660738536949 0.111706081128711 0.170896033462787 0.268933719803312 0.0414814622156624 -0.106130385071092 -0.0372311125058203
0.174630093701474 -0.0709142316988899 -0.260448719951704 -0.162103667987665 0.122604485622298 0.140481946097513 0.307518906928613 0.0432824665144768 -0.0599612059708634 -0.0407891472668125
0.157117866714779 -0.0554342067153337 -0.248493161476685 -0.174898895955655 0.128444998285822 0.158334846794178 0.310576701217362 0.00771830690888053 -0.0363958914121381 -0.0315150884162846
0.0726067989042292 -0.10185808309454 -0.231565591844604 -0.0500556170693059 0.24349136993948 0.0805715874761097 0.291784582677587 -0.0562928673154945 0.0206243079248356 -0.0150844495696015
0.106620292643857 -0.0409712551645427 -0.236574579593005 -0.0225290189871009 0.313174940433037 0.0999550371583867 0.307973904177445 -0.069416215634801 -0.0115255764186719 0.056156385056447
-0.237028702588236 0.111953472083358 0.115530853495367 0.0535558342997904 -0.186695507663158 -0.016665705210052 -0.17188425140294 -0.255923116050321 0.378510480132655 0.077211046936573
-0.207828700854613 0.141751808779475 0.145627808498571 -0.00975707939332989 -0.154858316588024 -0.02205662159875 -0.11004431879828 -0.265804845207825 0.450680642180073 0.0685050264666267
-0.207828700922752 0.141751808795219 0.145627808521885 -0.00975707949075977 -0.154858316627737 -0.0220566216250137 -0.11004431877435 -0.265804845258847 0.450680642148683 0.0685050264118553
-0.233281307757994 0.138125279067932 0.148174188245207 0.0255463642099722 -0.173569368225149 0.0472465151578885 -0.211093049533096 -0.214926132242208 0.421050038779848 0.0181535476166207
-0.253605581678955 0.0784074026459231 0.111803736624283 0.0153384538872958 -0.180385381737363 -0.0255564726379678 -0.239096847184397 -0.281265483116373 0.383546682483795 0.0971866639854328
-0.188167141651819 -0.043144983342233 0.0621713544695462 0.0583904032371078 0.114111078451447 -0.11404690202579 -0.194481379760482 -0.263085189786504 0.557251200036122 0.0148495226194555
-0.187061818144142 -0.0223182855001594 0.0328305515030204 0.0826377831850797 0.109554583552319 -0.0982538801991016 -0.19181526112484 -0.211201708669107 0.584682469656049 -0.00254457997131275
-0.232709721128765 -0.00335996894945134 0.061838359565974 0.0823290603460365 0.0459999696538621 -0.119220191661414 -0.215751901239323 -0.0782186173844304 0.550738954208635 0.06438229825302
-0.238764598193522 0.0114537528153889 0.0871474878052872 0.0465362707202493 0.0657413265400293 -0.161864370788219 -0.207462151867244 -0.0748891651922822 0.533513717266115 0.134573141359194
-0.260220994647199 0.0020279560875852 0.100316863717143 0.0873841838910824 0.0531114478803961 -0.15903850419138 -0.187347614429429 -0.115147760848738 0.543382979146827 0.139599686178676
-0.238862061353042 0.027964483467792 0.0611884105561994 0.0456634456124374 0.075271973626209 -0.141199422730586 -0.193584721567448 -0.108805026654362 0.544475418412984 0.13129644661539
-0.282834271427916 0.0180000212629755 0.0796548087372659 0.0508988363084351 0.039641796672254 -0.119400243784869 -0.1946734567525 -0.12194603104037 0.536733537963694 0.105111814341169
-0.264612808137146 -0.0208123999771706 0.102275205243652 0.074076198640471 0.0629014246862705 -0.18818655670469 -0.198727790177668 -0.0852120579478161 0.559143133959906 0.134882439040013
-0.274145082395715 0.0114116875277475 0.0920872995416047 0.0927218245481656 0.0585271931639789 -0.133443701630166 -0.163123382178234 -0.0819479192663558 0.534248914484686 0.145778692357133
-0.266898351923462 -0.00189087680698292 0.103702744999045 0.0988536630743575 0.0817200115563913 -0.144495298508967 -0.175584878021242 -0.0790291639974437 0.53200877567778 0.158141340228093
-0.230953347386124 0.00109615628133321 0.0825566190130024 0.0861300479437789 0.0599658381172131 -0.132054058016068 -0.195683243148748 -0.0997464684444918 0.520467601300649 0.0979870380680087
-0.25291567066745 -0.00690695673228601 0.0928342034402928 0.0755463381679238 0.0598231963575208 -0.15990928209227 -0.168068086885763 -0.10003930229697 0.536903775858825 0.121107827293688
-0.246165482878498 -0.0210028317672443 0.0919173099680106 0.0691628133573036 0.0639271267625247 -0.142287297649062 -0.18687701166358 -0.0827064867507334 0.557817225487516 0.14209395507593
-0.188025958256669 -0.15609076983459 0.180773900601362 0.0638236505745773 -0.0645717663295799 -0.211719739258355 -0.254624391379373 -0.0433187734726332 0.468948093446615 0.149682183464978
-0.201879358927335 -0.0719438252313667 0.0767747259326364 0.00691456041310459 -0.0353622782283486 -0.22173998698101 -0.240482492507927 -0.0469063813872564 0.43870075089735 0.0571202276663483
-0.223106161794354 -0.15527903178869 0.210936326960122 0.0497357246332102 -0.0600527774317019 -0.179023953404431 -0.273039331764687 -0.0804874218867881 0.470272226159479 0.112079825630825
-0.250680955102467 -0.0988209919817116 0.181690122900289 0.0164017425612747 -0.0742058183940938 -0.231215984058921 -0.251025102891475 -0.0678158955950026 0.418120872852474 0.0845549956659812
-0.238113436586314 -0.102650652332438 0.172981530310516 0.0100266912312721 -0.0704832093285883 -0.198315891179556 -0.234304622579194 -0.0861640272056154 0.428315663908107 0.0842128682606458
-0.107618951421819 -0.200701194515175 0.177992982951187 -0.0636381110542217 0.0433341019902568 -0.128346537300061 -0.268568809545442 -0.0738755161288599 0.401686420578376 0.189405194922977
-0.1116180877825 -0.245141131933424 0.158144150930179 -0.0515626702401764 0.0651246242911979 -0.133903323249057 -0.248816860645126 -0.0618658188929379 0.42323312588386 0.165103026096326
-0.205471589468684 -0.0444486396778218 0.0749022326195064 0.0317580398682737 0.041726041573991 -0.109633085122242 -0.199424413581239 -0.0762482022521623 0.471569671906385 0.107889176455791
-0.124785158897933 -0.0874329538479327 0.0782093307367148 0.0449388654743728 0.0256073464564059 -0.172856556556316 -0.182713453672184 -0.105685258519852 0.440345201645617 0.122608643788794
-0.097939868594642 -0.0879247837757549 0.119618464225985 0.044174742036066 0.0408645538468132 -0.153234943502713 -0.201547520099867 -0.0884940771242402 0.484947509982311 0.125223341265253
-0.107923745427598 -0.13312221538226 0.074937500179639 -0.041844012819805 0.0879769759429335 -0.166911723543413 -0.200860264022227 -0.10320666709055 0.487628638842426 0.113435138145966
-0.137479424156513 -0.127935690229738 0.10111536926713 -0.0105742187646534 0.0497248074792111 -0.159464643738132 -0.21589958461941 -0.07907244420929 0.476703511099323 0.163514502867417
-0.137479424156731 -0.127935690457192 0.10111536900037 -0.0105742187636787 0.0497248075747768 -0.159464643352442 -0.2158995843364 -0.0790724441248979 0.476703510560936 0.163514503234076
-0.128347473164103 -0.151141517740428 0.0238029773879277 0.097280048860831 0.045382206326817 -0.166174290382333 -0.29115987348146 -0.168503764568403 0.344297910385123 0.304842733728182
-0.103426894090375 -0.165988614360165 0.0294844868099432 0.0900775980592482 0.0479767846302292 -0.157348916005626 -0.315725354231111 -0.143132686505314 0.384198568468155 0.320317372013743
-0.119721715969887 -0.144899009747944 0.0208375904601908 0.107628767034765 0.0561791982220896 -0.194410396447065 -0.279588046712921 -0.129962001886294 0.362563195827654 0.322883533578099
-0.245029155524623 -0.168373673766075 0.154100413345104 0.0129195126746847 0.0307367064188509 -0.15510728853407 -0.252641446582425 -0.0902793375005302 0.456128412181999 0.115558693543951
-0.26560048569192 -0.141200396009953 0.105603869646343 -0.0637343850853642 0.0199019393332137 -0.180354879354637 -0.403179064932918 -0.140816670107329 0.449968065168264 0.158814035923015
-0.178838890183642 0.00482700335579884 0.146286225128028 -0.0720513389388229 -0.0360258098162806 -0.0741385587349019 -0.294027621577638 -0.190913558075563 0.570170684300039 0.0557392279995592
-0.168777708610257 0.0726138567024079 0.133409894651687 -0.0496978871282965 -0.0343744697213719 -0.0574460787832892 -0.280940047388305 -0.149941489605765 0.51619406306939 0.0566717501816016
-0.246425135516966 0.048153133362582 0.173524625778182 -0.0905068844708554 0.00387043795142027 -0.104395803007929 -0.22224542961232 -0.169914974888453 0.556081942740825 0.0535835936488441
-0.234257793740551 0.0384608776128749 0.158030986560934 -0.0339899659347899 -0.0196758570298986 -0.112721896525239 -0.236604430020696 -0.234120185481785 0.536118181300072 0.0600514684895624
-0.239230053265015 0.0170442875817392 0.168844157573973 -0.0299124279659852 -0.0131835957026568 -0.128171345646465 -0.208965087479288 -0.230857442637005 0.530649068376588 0.0547039783198076
-0.172461875947457 0.029833600241187 0.126574615596305 -0.118334373143033 0.0286012512588679 -0.135677513287673 -0.265156367285951 -0.19274797631902 0.522416277641138 0.0546212804807672
-0.150081446582419 0.020398547088017 0.163141713474262 -0.100053833201956 0.0144534243620207 -0.088616694997056 -0.228642535223505 -0.226211577150614 0.506480804215745 0.0504832209548508
-0.145661415435778 -0.0322514573900013 0.119221844794667 -0.0546326825896669 0.0684946609814892 -0.0973299131065376 -0.458192837951603 -0.103209691290109 0.555188292727478 0.184401166497387
-0.250712231431809 0.000617043072397709 0.109860777116383 -0.236388425529059 0.0613261326535524 -0.0940744471219866 -0.359563958495024 -0.0152348465439625 0.51562796138041 0.233227999887684
-0.182646012014711 -0.0399692211994189 0.190871961075533 -0.122558954179927 -0.0374647594891854 -0.0212959952062853 -0.390323406445693 -0.11564825849192 0.586260951642658 0.200577396994112
-0.171301671546849 0.0264522971593718 0.203555190143856 -0.121805305569551 0.00769060980532362 -0.0126154555692687 -0.323777450987032 -0.0887491214395092 0.561478740461381 0.272177551052148
0.184543224640981 0.0299316411679304 -0.00120317715363678 0.0297039413386138 0.325083397448044 0.355938965377731 -0.269172803462212 0.114221711501978 0.0892890343125643 0.0790986485515861
0.165461520879585 0.0336792003158599 -0.0252069542284681 0.0433128563378982 0.308904083582344 0.346891274364667 -0.246842764152901 0.140424926537248 0.0880123178368682 0.0854154430485398
0.21433199606487 0.0242286551162911 -0.0239484768178091 0.058667954940612 0.316966296465896 0.345220258163357 -0.260820188450644 0.16270771784471 0.0661947526801515 0.0715639719354303
0.194614007043023 0.0260562855987228 -0.0332563216861431 0.0335445022380233 0.327254301710593 0.331669336105004 -0.258013536645984 0.15083994521822 0.0890625027106708 0.0594753170569147
0.173994723757842 0.0414230201934152 0.000962822859538619 -0.00964154311644105 0.323337976088623 0.370616797159767 -0.0921299097147205 0.0934767085492026 0.221257223229778 -0.0117690947737982
0.200091822904461 0.123082162679736 0.058045979044387 0.00815499513545327 0.323642922314657 0.349005427187012 -0.172183951332553 0.102256764643326 0.29685157793698 0.103462638179728
0.152558235761785 0.169403312176994 -0.00232914862410798 -0.0533899766330694 0.302586800619885 0.338008129906586 -0.269822893796964 0.102283269145386 0.213266580411899 0.0329071593562767
0.179717457678335 0.138978025556809 -0.064562043659594 -0.010999002291887 0.32800991833305 0.255945768704216 -0.30373359670512 0.143210632990329 0.260677625430134 -0.040145159386843
0.207033778978266 0.11650870077302 -0.0970610529800771 0.0272985957863982 0.315941230460106 0.266162444285613 -0.265524472715207 0.222960725478653 0.217136413345107 -0.0703959613566653
0.254257919454931 0.110686277303647 -0.106830006313479 -0.0509987781524322 0.346688740618136 0.279217164735481 -0.24267116926183 0.101807092782243 0.136086979342068 -0.112660453713249
0.20107684613016 0.106165953761585 -0.0759798146425851 -0.0435646557699549 0.327220424805897 0.277020176477666 -0.244046232160429 0.135843731698739 0.190836457361567 -0.0589888158646818
0.195571426268679 0.133288868426263 -0.0773596431993927 -0.0443725470635095 0.32663158973083 0.2565033653438 -0.254076286105404 0.171082573174307 0.215727318266793 -0.0531703820186693
0.169571482129655 0.16694926677229 -0.0435593790203923 -0.106394743305886 0.437618847358797 0.371370354374709 -0.268139312054939 0.0781289320849992 0.174691382484367 0.0344668358150103
0.184805049855777 0.0266466507905085 -0.0888781753183975 -0.0267943036496967 0.372421903427072 0.420901052042915 -0.318473941619082 0.100771165355823 0.188711295897082 0.017034090037004
0.148717742037856 0.0979366574292246 -0.0631233022934815 -0.0315877810282005 0.341887042595325 0.431872684197089 -0.26094485803618 0.122380724003692 0.222270474611353 0.0149635608310953
0.186490621447783 0.0311584171585695 -0.11096025720982 0.00634524463211724 0.347662744204499 0.448934855496758 -0.272970686651897 0.106483284375666 0.244007693742252 0.0424510221702783
0.19875939343979 0.0257642558968969 -0.117619728750615 0.0090010169895779 0.35462920171077 0.420209081685054 -0.260351985316743 0.139155174236544 0.237833714111322 0.0366717573102797
0.127879211735043 0.0638329241858779 -0.129464976466289 -0.0267926359637951 0.289350371326215 0.458042848163559 -0.338822478611084 0.104439248511844 0.252504976714008 -0.00163835926748373
0.183759645328402 0.0789445131379469 -0.152558479983187 -0.0154948547817531 0.339886204771681 0.432576585779111 -0.347672369814877 0.126791995535836 0.276425111837016 0.00828573202293446
0.128681878430548 0.0576572260943487 -0.167392598383461 -0.042802000433774 0.312654233503314 0.431442287631593 -0.330449788833479 0.132610072057602 0.284726563761336 0.00454105924979735
0.14644279366584 0.0687772478163497 -0.171014033947906 -0.0403037752209774 0.306569398739394 0.421341367827376 -0.335429349793879 0.143257607836853 0.251077915100193 -0.0118828875825498
0.157325321795751 0.0885316128653606 -0.176378121307202 -0.00320726582766681 0.328669185457568 0.461037342462977 -0.345968777165216 0.152978145812828 0.266923412112326 -0.0210027862088604
0.189591168981497 0.0385674534865894 0.0116787523841891 -0.0284366200871824 0.284055091138348 0.327130982387543 -0.309151473339949 0.129489604308639 0.127790718699664 0.0226152245616431
0.107082047087059 0.0903462346570633 -0.006479288031476 -0.00834299054199773 0.315054415378127 0.353677979143094 -0.329615761987165 0.108158185000069 0.169963233100823 0.003680146702461
0.0872409873960041 0.0738210590853035 0.00895347083552067 0.0265259221981261 0.305717988152967 0.374039290094725 -0.314137988125423 0.132666274323073 0.160617222300029 0.0164896912728841
0.0815008667637765 0.0857598838933461 0.017241250000574 0.0292484593260986 0.309687782366789 0.391180119511157 -0.323420346600242 0.105111457812121 0.163162243563893 0.0203603619270839
0.0815008660759305 0.0857598827291541 0.0172412486577238 0.0292484592016136 0.309687782312802 0.391180121789518 -0.323420345157612 0.105111458147138 0.163162241294852 0.0203603630251718
0.0539036759898296 0.0707919853630303 -0.0795817003327635 -0.0549743541746823 0.316722669781974 0.435677635834323 -0.41829285625618 0.111620006019045 0.255630160091954 0.116542852170224
0.12057872035877 0.0886326415850311 -0.0580627044689908 -0.0832280902008304 0.30001664875257 0.43702238430296 -0.319595210900195 0.131416306762016 0.192042081914398 0.0149421207161389
0.0834610298417448 0.122175911169525 -0.064925933892948 -0.0872368372216452 0.319426911935934 0.405219765624391 -0.344807605681793 0.177742949711001 0.169222618800265 0.0121346177993822
0.094311004407637 0.0504647727593412 -0.028376060079845 -0.0255038729166644 0.407947741395427 0.38054975408434 -0.376734111373435 0.120593606853834 0.157565176700941 -0.0359544130882259
0.0692578799447195 -0.0109065961948444 -0.145794557332817 0.0109314176384157 0.312825379420257 0.493580835889932 -0.355422462123697 0.149514794289945 0.16993121464817 -0.00537220571066914
0.1052009854253 0.000508159377180215 -0.133037237827373 0.0128070387783541 0.316967221029689 0.446494320428859 -0.353218531673924 0.151747337985683 0.192388839789038 0.0192957318115787
0.106979783720745 -0.000364550790724245 -0.147234422562008 0.0266742654450664 0.333599421645345 0.449340482237235 -0.369410263499377 0.147327289566713 0.192259654529449 0.0321088857587639
0.142092917583673 -0.0278806613112076 -0.226966102426993 0.0748749568746827 0.224348944803342 0.328900547459708 -0.241183610711395 -0.0251650532240342 0.165004252762537 0.0317115075472961
0.187480729958037 -0.0256984701838869 -0.291868850263425 -0.00939114110609985 0.274822807277468 0.298161811253479 -0.225367779118467 0.0288196885504474 0.109192587808952 -0.110750546200131
0.187093943768371 0.0831070879712622 -0.2944598745446 -0.137818489108491 0.30953177790324 0.354606244687004 -0.304944464569285 -0.0503496443037201 0.0564158632870978 -0.154673245134934
0.179769424005644 0.0946751070896774 -0.291525191547737 -0.144429938196216 0.317186919432717 0.359923979015555 -0.298568435606106 -0.0432434567303867 0.0594739039233259 -0.141157284744093
0.0839019606002089 -0.00856974366397087 -0.0929717263540208 0.14228554761048 0.155177705619172 0.401493537562095 -0.304576086306334 0.0232162144227161 0.215605625939376 -0.183694668373079
0.0306362251605873 -0.000648488238261236 -0.249623586015045 0.0911179488204154 0.0642095531994064 0.288490557025714 -0.296358994820603 -0.0365393191140329 0.0727289438585816 -0.126233273698446
0.026966590421754 0.0054896406959177 -0.255817068865945 0.0943320220231637 0.0641039658647185 0.280534902823032 -0.306418938031429 -0.0294153111632651 0.058313836346565 -0.138027163105472
0.0759546901083695 0.0107742613767088 -0.23973253742535 0.121176424306483 0.0426838077949399 0.319746131704419 -0.306297045200727 -0.0115168560394387 0.0993891125979112 -0.140645793758771
0.0704483771077174 0.0297340029055748 -0.237444377633402 0.0986452331377885 0.0503309627514105 0.29501015179285 -0.317497031974837 -0.00400263611665303 0.115529646949521 -0.126153555879782
0.0809438828216523 0.0705484542029536 -0.223071327661347 0.159561564190159 0.122020219019236 0.328516265653644 -0.30134841025843 -0.0262471813507738 0.0881865317994399 -0.165774792212091
0.0886513228969982 0.0924952953138598 -0.226323901529921 0.169152294963429 0.115284920771452 0.328328306346828 -0.292197235826898 -0.00180980588176118 0.108618462873636 -0.167802521293099
0.0429570853569371 0.0217569267911875 -0.239922974278439 0.16457415049708 0.122246722800644 0.317942264893229 -0.287508025747477 -0.011467156270829 0.0931847523873159 -0.105987741272975
0.0652805472498758 0.0265442408129859 -0.241324308906669 0.170794924673352 0.129965835880353 0.301112664071443 -0.327025728077323 0.0297988038875819 0.114991792275112 -0.132721095080728
0.0886236177342973 0.0301910804799504 -0.264088697251783 0.166217387849128 0.148041036857174 0.293609854581102 -0.32387962900417 -0.00979851181016157 0.0809497319119672 -0.131165578294797
0.101639587201403 0.0339832432398315 -0.251888490076338 0.134190025931594 0.154087673277121 0.306919567476869 -0.356867150339394 0.0111996398595174 0.0763442839223758 -0.12717891785588
0.0880999561717864 0.0195187287061948 -0.223207359163744 0.152747776361876 0.154360817327159 0.303469506920352 -0.355909562114578 -0.040571891038337 0.0903473642337491 -0.138588871771869
0.124378807097639 0.0239340932531559 -0.222525672913961 0.161687027874532 0.138255929025257 0.281868701965253 -0.351784989838657 -0.0142396185125372 0.0715083424189305 -0.127786150098156
0.114930280549458 0.000218835181536519 -0.182358305659314 0.101315768931704 0.118515494951136 0.349940129276984 -0.347622719864016 -0.0526100333060777 0.113846056366791 -0.130030981716845
0.0468466982480918 0.0524843363242176 -0.248836144304428 0.168400948758926 0.120632146325735 0.343044906434971 -0.326434414264677 -0.0364782036068917 0.0447178353726551 -0.166344939159396
0.0816893793921615 0.0308739449931186 -0.209935473537206 0.12556599583042 0.119716410385921 0.362150610252433 -0.315480153345825 -0.0391796449346673 0.0546511603377821 -0.129351279488369
0.157788454826181 -0.0312225770951869 -0.175404396871393 0.20305332094363 0.151312281500073 0.288469190958917 -0.325406925322874 -0.0441142018829472 0.151881801025155 -0.188722780413373
0.137911352437048 -0.0131217369156029 -0.15264129863206 0.150551295481735 0.127057423273292 0.343261611041078 -0.3453826350753 -0.0415604677318032 0.156745888831859 -0.157751129402706
0.207567166683042 -0.0884966788171305 -0.130739613070173 0.166927720809618 0.105232329964507 0.336329409290064 -0.245530293302604 -0.0317629007103055 0.073116103499652 -0.0807551166357572
0.2002389502602 -0.0873173603295397 -0.156669234139895 0.15262698900757 0.103689321575197 0.327712439558809 -0.234928587008569 -0.0326094083424569 0.063034519144454 -0.0944774160358658
0.207999074853016 -0.0490023624067941 -0.185152871995597 0.150663958154816 0.103796018937387 0.327995732322793 -0.214640886593894 -0.0681537742974321 0.0595239646942048 -0.0812577653344934
0.19883466713476 -0.0384030019839366 -0.167332685347791 0.182526115363046 0.0811226595431919 0.33202733342999 -0.217559510356501 -0.0444652486811015 0.0812434197592955 -0.0892426399741905
0.222464793794935 -0.0587415192835301 -0.115103565182001 0.101976974465292 0.140948975372177 0.34006736171579 -0.245850614884448 -0.0316669009714431 0.0287605480323523 -0.0774127669072997
0.169923844486583 -0.0287718833276425 -0.112721205118707 0.127048206402245 0.127675490454391 0.3065339202086 -0.236429559691958 -0.0365085695688704 0.047967394813562 -0.0666010508748874
0.181677437250508 -0.0880187190871908 -0.0761551301965952 0.151372233155881 0.139227441285707 0.317340981213419 -0.266432162030177 -0.00544882295206466 0.0196412813599888 -0.0785961638547922
0.182738040423919 -0.0535800986383415 -0.134049086408632 0.124937749267634 0.144900860529605 0.294106013493947 -0.228954071828565 -0.0240442323751297 0.0222982878187816 -0.0802954563325072
0.170935555264006 0.0884652715649233 -0.26658397754048 0.315418599517459 0.206067039107331 0.132001624829595 -0.040725314048213 0.0716373456362519 0.162029193598216 -0.230842560181846
0.179315660205532 0.0863055406401229 -0.254652991438755 0.3299024075793 0.201507130133826 0.132188444981281 -0.0586266363790937 0.0713714037263291 0.162729685538269 -0.237843201969838
0.168586497233277 0.0344702517844657 -0.237777016721511 0.226806083206168 0.211387626531893 0.291245090920855 -0.232586835376692 -0.00210681220070813 0.042653203317696 -0.19294717869484
0.192815200584114 0.0178387746715863 -0.231515504081128 0.221180618402205 0.236678041354222 0.246449038045426 -0.232176258681961 -0.00732095353183718 0.0265087771748218 -0.206406293754783
0.176977458299369 0.0352980200877286 -0.217248844362392 0.181977649422048 0.192982664211967 0.22779886187932 -0.226543771284183 0.00973687265380097 0.00105274389217518 -0.218559787489162
0.147669816446854 0.0692617192926402 -0.221382818498831 0.171266120152492 0.233759542794913 0.247955119116719 -0.197206325490785 0.0359412055571503 0.0261468212968868 -0.227510355947766
0.189718575189339 0.0619701594369129 -0.215166546420824 0.178344536542791 0.210730311892672 0.244325992029344 -0.202872564749284 0.0102510210709015 0.0145751884278918 -0.206702035061461
0.162876661826735 0.0412959838543203 -0.241065379066038 0.168040855938324 0.215757848784947 0.225715835973934 -0.204080001429182 0.0436480356427991 0.04526793393242 -0.220002307781945
0.142908902129904 0.0990367851353722 -0.0175607098024879 0.109155700766987 0.194293282788334 0.362956209189324 -0.296874002280101 0.108181412392855 0.12232386249085 -0.148049223712291
0.133908012475223 0.0749161553025858 -0.0691050859184751 0.101631365939078 0.181323533490533 0.33774570800108 -0.288527292301538 0.0748768032505291 0.124237830535056 -0.158445057520243
0.1551231505633 0.059954195491518 -0.15079843058584 0.32094593329902 0.306392532439475 0.333848442955912 -0.321348380591202 0.00203434575823665 0.246504966646601 -0.135307849575079
0.141525400685742 0.0927619794647577 -0.0816647970362967 0.31123415336636 0.262000400250051 0.286602707091366 -0.40875713834207 0.064153853299152 0.13363592306552 -0.1640879499394
0.125550515525112 0.0988584775052984 -0.100525189974552 0.300251522911845 0.285396985603008 0.343167202334527 -0.367781408843766 0.0197730793326916 0.124699765702932 -0.17412737939886
0.118149321744439 0.0884804784533645 -0.0791009138303772 0.261702156227166 0.255502773379467 0.347063811043988 -0.370441245599575 0.0627803943909429 0.10896966286447 -0.18485385998865
0.102089923569348 0.118842343823386 -0.121584711664512 0.265168293288077 0.302637228375384 0.418140264977639 -0.340258452171266 0.0232439959714125 0.103372285427222 -0.145604987331394
0.127619759307723 0.105237119688452 -0.0926270297979803 0.273231139664579 0.278647030446312 0.37169072209732 -0.373299957361199 0.0458920716544355 0.0869085571323105 -0.129921520255035
0.122049511664246 0.108158538669029 -0.0786276486282492 0.267224291419523 0.295701956458574 0.378651741427543 -0.363152914576981 0.0423617158804606 0.0921319671896071 -0.126277692759086
0.185018700341079 0.0814554792634276 -0.107503789035645 0.295788595995303 0.329734663567482 0.311581578288145 -0.313162853262587 0.0387182117311867 0.15320180283912 -0.103216879303246
0.185018700585133 0.081455480565485 -0.107503788171616 0.295788595440503 0.32973466454127 0.311581576532111 -0.313162853658973 0.0387182108454884 0.153201802273939 -0.103216880607812
0.140530240049989 0.0425853634359168 -0.12606839004613 0.264977798289139 0.315472727056212 0.328159773079471 -0.321560977423386 0.061201633779795 0.0903263897993851 -0.108009960247253
0.140530240455042 0.0425853630480317 -0.126068390257292 0.264977798196683 0.315472727139026 0.328159773210265 -0.321560977189581 0.0612016339788329 0.0903263893487899 -0.108009959132837
0.143305533355716 0.0544745587020964 -0.0664746456660347 0.268071022992003 0.325729091466977 0.325824980503305 -0.329682230421237 0.0711935967581517 0.140361835519222 -0.121045795008858
0.142240415252845 0.0567008954317609 -0.100519423583013 0.233351097793172 0.302043309971583 0.305211607972874 -0.298787432447307 0.0736326297131455 0.113117543621038 -0.118428114016656
0.0978967408890958 0.0718524583466247 -0.164380410105592 0.344960600500668 0.297674776390122 0.32832303493513 -0.334956298644268 0.00779833744171242 0.131240995054035 -0.209109353597748
0.0660425761654958 0.0813011284881527 -0.101387055015785 0.344234396350483 0.275802634255502 0.312405946551809 -0.335320752560395 0.0442388198899817 0.151927039569136 -0.233177021746796
0.114838576972301 0.0656457003037345 -0.144298840215597 0.370006765530053 0.345801931886592 0.276922357058991 -0.327555409256851 0.00196179895143334 0.141279391064639 -0.209073296131946
0.12777774265038 0.0835853724439669 -0.163354895965319 0.332991825088408 0.271882850312831 0.280181338261133 -0.354464950417223 0.0610024880709977 0.150473915885478 -0.184336401688915
0.0814056959583361 0.0739026346468704 -0.112688511952152 0.279812209298683 0.314854247821817 0.303620438342921 -0.383413740546024 -0.0193296433050859 0.163430814177399 -0.233011161745633
0.0636681558310079 0.0763654244593903 -0.155945618991284 0.285636786528928 0.282444954233542 0.321954156597195 -0.384383381872019 -0.00352742501613981 0.177723511656954 -0.1482705953714
0.114268941592966 0.0731345776989309 -0.159615551074481 0.323371562163896 0.294707612721098 0.319818498341812 -0.388258238701121 -0.0139332842045642 0.163247154756366 -0.149844109385269
0.0867642924764361 0.0915799286336016 -0.158681507865039 0.304456933288311 0.276698793519174 0.30296538937695 -0.381667865388789 0.0135207027638088 0.176491625188546 -0.150001837297944
0.0960399903296677 0.0652187000100459 -0.163157950767975 0.23017966650491 0.27606435920159 0.295194470053665 -0.340730629170491 0.0141313572932521 0.16295891046561 -0.177066301847026
0.0874197841151153 0.0739881867155914 -0.196026027320543 0.246718376406239 0.285757180946462 0.272097787358119 -0.348178633247978 -0.0291762627222955 0.204082768480885 -0.197663348817227
0.087419781139594 0.0739881873773898 -0.196026026351621 0.246718372210681 0.285757179231216 0.272097786297303 -0.348178632185431 -0.029176264921434 0.204082767059028 -0.197663351188293
0.10824557429685 0.0570824078842257 -0.238899171727955 0.277652099842428 0.276502404278377 0.415480021350133 -0.322883115787199 -0.016029476878433 0.201967571744667 -0.217490215853986
0.1030211014092 0.059144904127691 -0.19208533847987 0.250732876961407 0.267502794988249 0.368535771831017 -0.297385457330733 -0.0445486960793623 0.171902853686764 -0.218200753289031
0.107915821670426 0.0482071359054422 -0.152729647412347 0.287651732884163 0.297699815330304 0.349721298066012 -0.317606982678812 0.0131800023305195 0.174935750362254 -0.183281659573649
0.123218386340842 0.0484954859460441 -0.142729195674895 0.273882072944182 0.247476481666643 0.34647953917197 -0.289553239022368 0.0249363491882433 0.251446335569765 -0.236098382956168
0.130722706620121 0.0657968336178631 -0.140043606211213 0.257519365192436 0.254177491138263 0.36110820197492 -0.316492238300386 0.0140226148554902 0.242662831347783 -0.222923537129673
0.0505116106353154 0.0617971853251434 -0.16281629235772 0.315647673419371 0.280961838328005 0.414367077357339 -0.302640484389041 -0.0105487549547002 0.20668754481166 -0.178948250098202
0.127420814453601 0.0771185146314173 -0.15604476165825 0.319856354836625 0.224009058278885 0.383024265624276 -0.345714716719458 0.0247703265267397 0.164051204674389 -0.18589219658246
0.146723196275383 0.0882874017461132 -0.111192773048313 0.306887247427685 0.217586845398477 0.395848336966911 -0.364898284444073 -0.00309690269550331 0.181443982956754 -0.192658773073608
0.140614727587133 0.0549765955022503 -0.101173275408224 0.277278093310229 0.276385635542637 0.382500806914994 -0.374353316909696 0.012728506617483 0.138680281481553 -0.199164170882101
0.0973988583343562 0.0669952189341752 -0.0735477475387274 0.270712686252585 0.267140835601912 0.411227715585887 -0.354450831713399 0.035090568037526 0.15813950619586 -0.194873906551522
0.120159212741819 0.0382864694800601 -0.100412083346634 0.284625035559531 0.276450514348635 0.378802483598927 -0.344484281914216 0.0364298325618053 0.14371084633891 -0.197490213618073
-0.0113609729827248 0.0481232393409301 -0.107285698714779 0.0945120814769504 0.287232650286255 0.263866085098324 -0.300164077125391 0.0711863758480432 -0.0164783956024152 0.0109816819496563
-0.00429893629843814 0.115396868964271 -0.142540341019356 0.0562220599376527 0.231153321021601 0.275019767439173 -0.232070368234579 -0.056583915792257 0.104554470833068 -0.0774888247509889
