0.0695318638039587 -0.351205481134565 -0.0196166694713047 -0.0770088835652292 -0.0814556925272082 0.13468852198956 -0.0617296280851548 -0.231395189367379 0.114403888420273 -0.0705166868777957
0.0648093034693056 -0.404654434970771 -0.0233965284589813 -0.0651532292710088 -0.0819488587049023 0.14685533705318 -0.0404760710918717 -0.238232737045383 0.152215688652376 -0.0527899944422021
0.0471278266623401 -0.372138827579744 -0.039146041694713 -0.0576799396791631 -0.0927519496638293 0.189723000591065 -0.0562301867372927 -0.256780292349483 0.116867155225839 -0.072244535324055
0.066315059623118 -0.361533636466942 -0.0113551451968645 -0.0453255106794096 -0.0800793567563323 0.201416316509462 -0.0794634742088696 -0.228195240618311 0.10933755777118 -0.0647327397480007
-0.0757417222839828 -0.301047387066342 -0.124694183212667 -0.0695825288800343 -0.102600589737147 0.162957327003207 -0.0756302775972784 -0.267095056483514 0.0312118245920995 0.00399735818008074
-0.0789959773531223 -0.303094350586537 -0.12222109821648 -0.0787721091853872 -0.0734239258863472 0.140404840424609 -0.0918008087622988 -0.262922256569264 0.0413180382299003 -0.0128610653853714
-0.0632724367859336 -0.305969218669004 -0.0354539347455941 -0.124012241858686 -0.0902830856984756 0.140456219639843 -0.0739162803728224 -0.2480240437535 0.0220918374779291 -0.0302413078252454
-0.0836702744471134 -0.302431423470414 -0.076094996598057 -0.137412024557672 -0.0457036537902837 0.119716985107548 -0.0935172670387702 -0.241526070929125 0.00222982814359921 0.0111798551516193
-0.0761154095936629 -0.290613865385651 -0.0753195113487649 -0.140462551925983 -0.0542942957406924 0.115097009189463 -0.113127251113319 -0.267816293971778 0.017640453920236 0.0202110442872482
0.0559018226021789 -0.462373815082408 0.036571089456815 0.0556739315824147 -0.0600794247630334 0.0351569465110843 0.0287979673344034 -0.11041350632845 -0.0985215662758453 -0.0378034240647823
0.0147397550976979 -0.444078720800183 0.0481219359966989 0.0404438162333636 -0.0610776694798244 0.0578789326621157 0.0139933817533013 -0.135584578699237 -0.100652158119983 -0.0563043764362503
0.000208965843401985 -0.464021580536685 0.0511824624524706 -0.0702934392569027 -0.0569463314508675 0.0467370353567893 0.0731745648437256 -0.175525092595803 -0.148806180276295 -0.0445144634728561
0.063474816039473 -0.458249985707545 0.0170920616357192 -0.0600665012330428 -0.0503872281254469 0.00254072810037967 0.0588927857749878 -0.215579618090979 -0.129136526420203 -0.0460928849348657
0.0249391441135276 -0.483716357163679 0.0165079192817683 0.0716491584309734 -0.0407273209341098 0.0447449567875445 0.0128599585581616 -0.180918465222022 -0.168023097180108 -0.0492531808492055
0.0524726591298461 -0.485597873917693 0.0543131609258883 0.023345462862846 -0.0552304625929787 0.100406092429905 0.0483250211607602 -0.190443192477677 -0.14131740020345 -0.0843445649915086
0.0457876539618184 -0.497031087378408 0.0488492389375784 0.0109475979153593 -0.0465931057407459 0.097446038339154 0.0488467743630479 -0.193875891373699 -0.171912289081834 -0.0917839226136264
0.0261273372214626 -0.337562820777373 -0.116101715106681 0.00911537173718534 0.030522765305987 0.146702588182733 0.0267178611600261 -0.430743167125851 -0.108644663507221 -0.0283369040584107
0.0699350952941672 -0.288326058839621 -0.097321772615705 -0.0113993479085754 0.0689843431330407 0.0312722313609608 0.0232667204689017 -0.354378242203564 -0.0801520541750463 -0.0646770506338171
0.0834433199850341 -0.301495309726473 -0.13035272234531 -0.000992436599410101 0.0567544827626381 0.0874125494980311 0.00496628021876823 -0.327397512950632 -0.0704972304079801 -0.0351125734800179
0.0698366481377394 -0.318701079974349 -0.149357640933357 -0.0148690496349962 0.0712862621256527 0.0695742902268055 0.0447607662722506 -0.343542720109612 -0.10241405547505 -0.0724492761006301
0.0865972129909957 -0.30919572593476 -0.0933860146655992 0.00302706966732598 0.101314327593137 0.0523585268916522 0.0345010444979214 -0.339679938772702 -0.10141204604664 -0.0421523730506513
0.0858926673835151 -0.311635373114697 -0.0359147761075478 0.0696093564913138 -0.0280804407404481 0.0437196270663417 -0.00982118652744644 -0.297515806022267 -0.170263311245222 -0.150638557471237
0.081635992584833 -0.270849162134672 -0.0640943522536881 0.0602206242949996 -0.00132531227041796 0.00705670664114718 -0.0489429115091332 -0.335199341210343 -0.222486571303507 -0.0640399212454738
0.108088960358395 -0.320467827828557 -0.0326470105327407 0.0246979251996753 0.0711830367839284 0.0290047676718239 -0.0088087511441282 -0.318259145489735 -0.194143168907289 -0.0887574164459315
0.148556714181258 -0.338355433130154 -0.0583348400191519 0.0356124303297759 0.0866449888174788 0.0618589202361356 0.00168598643622897 -0.320269410781295 -0.167123920577599 -0.109497715343662
0.0629707773449315 -0.366928439062891 -0.042004687331117 0.0130977946016047 0.0390422496335602 0.0437938065008686 -0.0324349985240454 -0.323061932295225 -0.181891613906799 -0.0895846130840222
0.121642414886701 -0.342124433103564 -0.0598501462566138 -0.0353022010130519 0.0752478816371964 0.0374664055833042 0.00893999704971865 -0.310462917934512 -0.225204422153959 -0.10165644180293
0.105231804304416 -0.34233790181803 -0.0388870496610834 -0.0197496140331461 0.0675533511318042 0.0419151974504819 0.0263737568205824 -0.301260345074251 -0.213617023719212 -0.0828527660772151
-0.0930366276096782 -0.14972884803105 -0.0537051315878815 -0.359304688069419 -0.606172738531315 0.240351810869558 0.125341104525375 -0.0799155140356483 0.279762418101327 0.334069874494756
-0.131357026045844 -0.195592458950471 -0.0208801811826884 -0.262694328951993 -0.644459569131691 0.263309534906474 0.208271666232826 -0.0274106723174929 0.149301344639155 0.289660933376331
-0.0295841890578481 -0.0926082763607493 0.0351302878670005 -0.21872421534055 -0.583524739867815 0.0837971680031986 0.136296770177119 -0.0404713809827948 0.056349855736622 0.405144107526015
-0.0647264716662138 -0.0659000626104218 0.071483264124567 -0.3123726555263 -0.603007581294645 0.204397142227066 0.0961697382150797 -0.12081347456997 0.163597181678326 0.297619168859002
-0.0584894775531357 -0.0995644722406898 0.0845117716849802 -0.285151552147669 -0.608688752191471 0.162109202984802 0.0970125273038798 -0.150603467524146 0.174859276787132 0.316576863041544
-0.0867495518066599 -0.0716710087343341 0.0721493950378348 -0.282682049282037 -0.610740537027554 0.175454293088318 0.11137856535921 -0.123570209278817 0.151999169234439 0.309674901286608
-0.081576562636167 -0.102037260628759 0.071201479569179 -0.280859724601785 -0.617378125026135 0.177600361852417 0.113283007030303 -0.105504009657584 0.137901621301249 0.296098158525027
-0.0790253178074609 -0.0865790723728135 0.072570509875712 -0.275051649720436 -0.618239273270499 0.188972972102523 0.112359566542085 -0.115104642218848 0.147064303320513 0.294914294470096
-0.105604348335301 -0.0594831996599556 0.056832349601308 -0.327349472083229 -0.487689596591543 0.186476633089795 0.0996074565984655 -0.109029677586475 0.212763032818375 0.226922655265219
-0.0546602690524691 -0.0215050588795467 -0.0407995700134084 -0.235823740306185 -0.563813139001178 0.204389007468768 0.179284632702743 -0.097808905038943 0.161734253580403 0.380388812641248
-0.0261619551703424 -0.0393158554421995 -0.0478753355280423 -0.271101047887628 -0.593211565527467 0.183049438828748 0.201440190363042 -0.064844003521677 0.150813597035436 0.316659090035362
0.00745920152361053 -0.034772694154565 -0.0755657718866535 -0.297408168092534 -0.608210257445748 0.208794016344179 0.194571851944681 -0.0658900190550852 0.188700869224002 0.323570390209035
0.0175297686242126 -0.0401869987620553 -0.0113292126553264 -0.30410760131794 -0.638981558533502 0.196873265130511 0.212103507069606 -0.0555484759955888 0.130848130574273 0.363730798812359
0.0151380775339718 -0.0462440436519286 -0.0129728733251464 -0.287972866331585 -0.669555521378679 0.198102959178214 0.210785559802149 -0.0478177864839743 0.132966031329941 0.355081480511449
-0.0554341645380323 -0.0824678326277223 -0.0269739102754939 -0.27278408816785 -0.599673110968289 0.199873807032647 0.149766169402673 -0.102615169275446 0.149159386543506 0.322716167655399
-0.0459961674345615 -0.0678941513921525 -0.0231518726523397 -0.277996470507921 -0.619179251549593 0.221223815170032 0.152766716565585 -0.0937343634166751 0.148470113630601 0.339959267750685
-0.147134340531245 -0.344425508067321 -0.322548555623422 -0.104018154187404 -0.198915760914565 0.0585864098002097 0.0433026855964306 -0.0531594102473585 0.142736148141287 0.277148036133637
-0.184812946376703 -0.294999885014356 -0.316402190802763 -0.0895869529337385 -0.145392826483131 0.0551029989485863 0.0704801584212461 -0.0990365447837357 0.100581312891586 0.33680509134625
-0.195347922279483 -0.306858782588849 -0.334006043369149 -0.0950958167232579 -0.151411609520258 0.0713244576122403 0.0690474452382765 -0.106742691483571 0.101430247423182 0.325564147668997
-0.0812668652311477 -0.371530879711144 -0.307239995666476 -0.0723006080746416 -0.244024375530816 0.0595201571213566 0.102048005050069 -0.0937225273069059 0.0983344795084625 0.249150683632639
-0.0904945096285878 -0.352405569109206 -0.332129440921551 -0.0456206280057894 -0.247713747851433 0.0936383139499839 0.064689295331651 -0.0673387265870735 0.107608375658237 0.277149896457161
-0.105791453788706 -0.349417164549243 -0.328112720542502 -0.0648823249875607 -0.201404525355225 0.0391706104653671 0.0864755018428601 -0.0845729055291017 0.116343974669907 0.267336179294293
-0.0996564605945857 -0.353857563460821 -0.328293424090706 -0.0878119137247781 -0.167422975105608 0.0467271865467408 0.0611199300371498 -0.0679946838627559 0.126186724963011 0.266341427518528
-0.0922859363149142 -0.340905996935746 -0.313421304817293 -0.073126855949704 -0.13749873436705 0.0946047065604407 0.100428031088943 -0.0764091784325126 0.14481273682491 0.303065140815944
-0.10757605944344 -0.336009143564009 -0.313121356372376 -0.028472974005849 -0.220218675785125 0.0580200056288306 0.119565194958567 -0.0965917059636923 0.123529935383743 0.259643095550913
-0.11482661058258 -0.366459009742295 -0.287496802256676 -0.0645605890372691 -0.18005161037992 0.0520142749709685 0.0571630684964763 -0.096136073288844 0.115656483793291 0.254536550641279
-0.113382184652541 -0.372120868501019 -0.297873042692449 -0.0543640437844583 -0.22392309924341 0.0719912423754435 0.103818858647583 -0.113285626330582 0.124504436261158 0.285258369248405
-0.120435976982742 -0.372982971017357 -0.286654341428264 -0.0371777123461434 -0.218855564227105 0.0550465752363552 0.0941556410882998 -0.110559986916942 0.10821279848752 0.285339331101854
-0.0738909119328046 -0.248926944236093 -0.263639048044855 -0.248444878257563 -0.273098827882787 0.0761766836311409 0.117458690883837 -0.0788930014526022 0.117903952196861 0.327712813852879
-0.0259085582752845 -0.140209640839034 -0.189221773866684 -0.347199878277364 -0.214743510538289 0.175626350182729 0.211481374883342 -0.0499918214252571 0.143664957048542 0.287648845220861
-0.0570748485072242 -0.25189466081441 -0.176996627542631 -0.26050632402313 -0.154212510735127 0.171738200982394 0.184152356070474 -0.0561006237210472 0.173559469140982 0.26953430856945
-0.0605091364963116 -0.265178768277802 -0.175466305080071 -0.274586931734853 -0.207462355987665 0.206446599328499 0.170576039985391 -0.055610927700033 0.12439697619046 0.297336863863349
-0.0571618309919348 -0.0421359598654243 -0.251219378055814 -0.270904630871635 -0.205238975317141 0.0719529582315279 -0.0430594685889713 -0.0303957841244133 0.285014758881726 0.28182874402137
0.0432196617054323 -0.0705516361205216 -0.246141575774525 -0.207412805588468 -0.302740534006553 0.164419255803578 0.00644503846980642 -0.0127688199875597 0.392031532673184 0.41980232889056
0.0592095711083243 -0.157060029168563 -0.271031931110431 -0.133326169831484 -0.291254816109979 0.0944054626877807 0.0304762400372149 -0.0504098139034981 0.32963379351075 0.415061397330897
0.0532880279390916 -0.0523861367611643 -0.304288599724154 -0.183723124431707 -0.306630820394942 0.0641365328126694 0.0543046290632819 -0.0888541066104206 0.383380484709703 0.400814306705286
0.0119694638739735 -0.0639158697973045 -0.282498175113248 -0.191029954575493 -0.258342594305595 0.0729384786036888 0.096769009715243 -0.0631762889198679 0.391693830626491 0.42158171670226
0.0381128883323218 -0.0443114570959252 -0.267807349856025 -0.222492926923022 -0.277517283318686 0.0669048027874897 0.0301049224125534 -0.0717616691790342 0.390649133377701 0.379681887062957
0.0549145969172488 -0.0528635131991346 -0.269012047177988 -0.207896757121037 -0.281910944991837 0.0910675786453783 0.0235926068265131 -0.0772633636020344 0.395035912985517 0.368146176481592
0.0252582554541611 -0.0571892400427406 -0.248841904072965 -0.179543968452546 -0.29434951321104 0.014514581244549 0.0499682603108298 -0.00207186237679729 0.293071922173081 0.425637228990638
-0.0343994028761549 -0.00315316752488813 -0.324938532702551 -0.256497664893575 -0.319707691191112 0.0452382826066797 0.144852798000956 0.00367179521235894 0.356197150081035 0.453411021386474
-0.0125948298051706 -0.00318495329247269 -0.315130858990142 -0.268238436601437 -0.322295934457664 0.0660408367648132 0.16937595216888 -0.0151717186269132 0.350227275562154 0.41484551992927
-0.0090581296014394 -0.0223145318559074 -0.308261783626129 -0.26444354188558 -0.326534968280703 0.0492071959783131 0.170932365187219 -0.0110783727071296 0.341549716794899 0.410703008002413
0.032771524579281 -0.0513645193677308 -0.329069917027757 -0.230564474891698 -0.242898217326685 0.0833408578155326 0.1364091657004 -0.019068653965757 0.290607667971155 0.404407196300517
0.0431431095179053 -0.0504442086697822 -0.332166431243401 -0.266270928968349 -0.237983403020375 0.0491078573704238 0.143925869166054 0.0447593016335711 0.297613079701048 0.458800364624967
0.0381520042773668 -0.0357557361298683 -0.329428185510841 -0.252356036809745 -0.226612147734046 0.0665337731818092 0.161183103741727 0.0529789618275006 0.304460349240988 0.437769462161237
0.152910515446999 -0.160132224383697 0.217983260956981 -0.275498105037262 -0.0761578469342633 0.372634769538421 0.0155609889936413 0.0976551449726487 0.132979670075213 0.352012467376021
0.130014340475061 -0.11019757439955 0.179588439396498 -0.201454087005546 -0.046372635809499 0.505829482021072 -0.00366389091064156 0.0362248199031514 0.0263249191277555 0.369965155048193
0.10427029239285 -0.204831390882813 0.0981182003713394 -0.141787325963039 -0.0511075797343843 0.51791900689216 -0.011670958495112 0.0502815478498343 -0.0499650489425221 0.356041060062152
0.200609038838848 -0.181961876201928 0.313955351139479 -0.230777622739812 -0.134834573701302 0.573833458676856 -0.0832517836231592 -0.0321178607731819 0.0719137687001047 0.317262181673989
0.152727516797448 -0.228146131715655 0.366646982105346 -0.133993908133473 -0.0991026202399749 0.50893347653387 0.00639401136768338 -0.0282969066262486 0.0331417406567539 0.231787372111281
0.252732786772493 -0.287496423666916 0.168885084718664 -0.202303329581653 -0.193568781028421 0.571207849337319 -0.0325186430571809 -0.00700179005231728 0.0617203968553016 0.258018451698221
0.244597266799353 -0.254395927682319 0.155215335298824 -0.15575612953616 -0.191742648779216 0.507891985294178 -0.0420440225528052 -0.0255867584434055 0.0696391708713439 0.327301133131336
0.271887857350942 -0.272607783925494 0.154445310325521 -0.127654971946708 -0.181272792968867 0.488101053846577 -0.0904703972382573 -0.026681868952553 0.0397292021385281 0.29864409680522
0.272718503185976 -0.269961683664893 0.148450646248494 -0.13231945127924 -0.171198722344014 0.496019372232242 -0.0628132649602223 -0.0414498412373458 0.0496925694725914 0.281645346642321
0.287668895253443 -0.280011210871136 0.126280764898748 -0.137813973541107 -0.162399245736506 0.504390439040541 -0.0557022261632292 -0.045223170037839 0.0450596668209139 0.307559566022422
0.291987342714321 -0.294588260323956 0.171320175222048 -0.152036175076731 -0.163289672275046 0.519336940375531 -0.0892060087865124 -0.00591436853005548 0.0577086822479299 0.284963862675421
0.284445344073101 -0.303915212238483 0.183377790648656 -0.161060643159813 -0.192987984584148 0.546954873208548 -0.0247817237730336 -0.0612269825432823 0.113119960774777 0.257845777371176
0.266344942749058 -0.276199987407686 0.206428790897103 -0.187332642405137 -0.209790653463289 0.551637252586071 -0.0736645443107993 -0.0683526768385422 0.0514981938145481 0.285576906199475
0.306179837100635 -0.280628872018494 0.204787053740762 -0.206534635233549 -0.202887962585433 0.570152645879639 -0.0863915430637844 -0.0378316467484319 0.11122363775893 0.29006540954926
0.296408684047291 -0.267753736655819 0.174502222852921 -0.195093465220655 -0.203623875890431 0.557898717653985 -0.0785071864274925 -0.0294942097498128 0.109210555328455 0.2818823800796
0.238937797322599 -0.269847651541362 0.186123008645057 -0.219504132269555 -0.123318340582474 0.537464869185975 -0.0814180862707159 -0.0227631579996354 0.0227558617180546 0.277165503875452
0.266803790309116 -0.083726242084921 0.186277892923904 -0.158063807371993 -0.140241686808727 0.530155263380247 -0.0884669919659343 -0.0638763503772594 0.0115333036670539 0.305515036958708
0.241918203735191 -0.123208018709507 0.16165840289508 -0.210610367591768 -0.130416490853862 0.553404674761733 -0.0779856453609832 -0.076465300759752 0.0111023846613666 0.310665280264016
0.274714643054967 -0.161095519688394 0.173780519980571 -0.181703674376412 -0.148157152548305 0.529270960327524 -0.0793325811100223 -0.0536550478108975 -0.0316681029959811 0.332050846759778
0.271276645847421 -0.126802175404982 0.156290854493623 -0.164671854791942 -0.153290064818964 0.527836714018159 -0.0942107054345443 -0.0554060112017431 0.000386779683490159 0.34342022851884
0.263816392280645 -0.361593591096049 0.234296085913848 -0.169081646350905 -0.221932747347677 0.538130712457949 -0.0121693726094148 -0.01209924419932 0.0740648165114008 0.269705780461304
0.247096148340001 -0.281583455428485 0.257657878279288 -0.211762909919572 -0.236206529408253 0.481169233202948 -0.0424560345320522 -0.0700115504145985 0.0725798802574628 0.250194286787237
0.249275094148294 -0.268379088797736 0.240026642962937 -0.199137162141777 -0.236890488958956 0.508961591863203 -0.0501558223548998 -0.0468537365143366 0.0776815263567163 0.256397218169387
0.229764704738692 -0.35674314804946 0.223400733260668 -0.198782220954225 -0.175676825558705 0.526574931433888 0.0140503975635354 -0.0227073531947223 0.0513133825837484 0.277296374150854
0.219220123170816 -0.316167360044749 0.211852168699421 -0.176046761464197 -0.211152582018129 0.531398807409236 -0.0223557507674158 -0.0426437228908496 0.00715521798247421 0.247391327336923
0.233794039830915 -0.351425150306635 0.287702879817801 -0.142548211245908 -0.174002869673204 0.52075708340831 -0.0214880270481774 0.0195382945726959 0.0511639849279565 0.268960945942742
0.275366924813078 -0.273965151125892 0.237523065735017 -0.17046614461872 -0.165098154935362 0.512515852920022 -0.00139959683079851 0.0101237949375552 0.0205562500835695 0.249821807713883
0.119047039510233 -0.34751031688803 0.261212424429285 -0.0945347854133405 -0.0835899196442775 0.532965156659499 -0.0778634856738078 0.0130768467900381 0.0866067682553284 0.215733522536726
0.229332904616372 -0.320877242179895 0.246957267433119 -0.123344455910676 -0.101660002497466 0.570396347961538 -0.166476503870687 0.0105458687927253 0.103743038758998 0.296291719609159
0.179235498525974 -0.313088220981491 0.227344170100096 -0.0860358661883344 -0.067806669044393 0.556380440071202 -0.155591474928947 -0.00701950901861804 0.0755739291616625 0.271902213560133
0.157899677785574 -0.332724394908407 0.212263736676648 -0.133457576749599 -0.065911487937175 0.528779888055815 -0.180946146049676 -0.00488916424886519 0.129464722431722 0.318461529959289
0.194422020849534 -0.278037679009992 0.221125774569033 -0.112224155577322 -0.0550860296187579 0.518955613425367 -0.164462960417971 0.0208905589672389 0.129861392193085 0.311638181419555
0.185621814983907 -0.300552292157401 0.197476619096061 -0.108695548035965 -0.077834745712804 0.510034878757413 -0.174235810661492 0.00984094533137255 0.104330690929722 0.307999928332314
0.334209883676012 -0.175694140630168 0.246066509931801 0.422118309272546 -0.375522976896934 0.0222252198374921 0.178374435172268 -0.0325332178870425 -0.372811371643784 0.0256230728121131
0.139268961026248 -0.149590357673635 0.277722030286839 -0.114053541008947 -0.231869615440683 -0.0905121371352782 0.304765642390918 -0.00299352641868719 -0.159172036764307 0.178471505899678
0.119681207068301 -0.147612866309831 0.261407581652009 -0.0736282505623492 -0.24752709015683 -0.0108374154914974 0.18044578873024 6.98322371561408e-06 -0.324625704923397 0.144108059549265
0.103870372354909 -0.134955478195924 0.308436733880803 -0.0954656926970059 -0.221994000979913 -0.0558187432230455 0.218743151862968 -0.0138012164762689 -0.239386546573307 0.128383445163909
0.0997463340289884 -0.139198130311373 0.29734729813062 -0.10651164011087 -0.234705072660769 -0.0399595505682976 0.197892760651926 -0.0125468786275398 -0.230153716715971 0.13281431591236
0.172579484699536 -0.160247569259489 0.294358854749308 -0.12984372930215 -0.228108168971884 -0.0882736371206002 0.164538396000489 -0.0185995486213836 -0.23250557497966 0.160379463178351
0.143325717344472 -0.169437601038634 0.289171066537397 -0.106415883042356 -0.226558415718157 -0.105756094743728 0.165742699225463 -0.014829756387481 -0.216385140240201 0.147387482655722
0.108954669969195 -0.226577427990003 0.257356854014957 -0.121022434075716 -0.268287027404636 0.00846509644302303 0.199374704515154 0.0758163803638796 -0.191011369716144 0.141107721892258
0.109424292407928 -0.195231784616108 0.235487905523444 -0.116164519126118 -0.220626559913732 -0.0397694749069832 0.223497259767432 0.011868153236824 -0.188576221720487 0.15104819780098
0.151621896792451 -0.217128298682803 0.216880977737847 -0.123998785507872 -0.234175875560241 0.0036919895988167 0.21391532840483 -0.0362219487672512 -0.25153048263924 0.147481878768036
0.11313071322032 -0.164953844763161 0.299260224785226 -0.12960840636254 -0.246484071477362 -0.0715477320000099 0.205937193547638 -0.0347470344858034 -0.205516490278205 0.147375318307119
0.180491801388967 -0.193976603413219 0.340009157758863 0.0110205245216304 -0.308040849112909 0.0335073313173339 0.0700217266784685 -0.00499886412994787 -0.155903592288077 0.124498098211703
0.183121103507519 -0.174201727279744 0.300812366339389 -0.0128881700080629 -0.353848343666687 0.0638579571299353 0.0803781814038586 -0.0102987814321193 -0.118445845961085 0.142092759318688
0.167509134219659 -0.149544661729431 0.355996895128596 -0.0171538437079732 -0.280771540761911 0.0599097871818254 0.118898157341956 0.0874402540725384 -0.256184505742658 0.155008679033002
0.184860489694369 -0.144226215637853 0.333378523244473 -0.00776309176230144 -0.281555758404555 0.0585065194284964 0.0618047727560744 0.0270150753527518 -0.183044528866271 0.138548194072255
0.207248259181727 -0.177466363163899 0.342197899760892 -0.023187234400385 -0.312503690662364 0.0866725389958264 0.0998313007211285 -0.000630614080267633 -0.197377425548236 0.151169447113375
0.200174629619655 -0.165728177677256 0.168651805314642 -0.0503189863426504 -0.265690646209688 0.00666519554414946 0.145606967673481 0.0506008446043259 -0.276199506269401 0.103234574864715
0.19754242477979 -0.126634960875874 0.301190817854098 -0.0464067635017214 -0.282711540538207 0.0870538621478818 0.114032999545881 0.0360532832634564 -0.223722178351294 0.1822789306118
0.117745506696305 -0.100196113361675 0.256711767047836 -0.0464793154049879 -0.310406647193076 0.0598370827607131 0.142697976011507 0.0383276810316889 -0.335448123459017 0.164118620848472
0.102318056716777 -0.220176121638555 -0.0116487800464831 -0.0254474475668099 -0.36283727702585 -0.266721841690966 0.182786105960267 -0.112661038531404 -0.267058307906197 0.21219666264068
0.064521378013905 -0.13197174115909 -0.0876738691481812 0.243446377708646 -0.289160275467242 -0.227430147514384 0.164694146048137 -0.0397233369377708 -0.251710554830803 0.171189515064085
0.0498555705311058 -0.208501816611631 -0.0814781799670082 0.244522371308612 -0.25058826278223 -0.260153078506496 0.120702196186049 -0.0711505115999266 -0.308644211419426 0.198514980797937
0.102221760683856 -0.162988147451907 -0.131114207564214 0.179592525267863 -0.329650377481797 -0.247382688747292 0.152440019517398 0.0153974156758284 -0.227923060618011 0.157737853784761
0.0785256528350132 -0.142288904085908 -0.112395002837498 0.187714594644697 -0.282690645054913 -0.248941885780486 0.167027111336859 0.0178194692577974 -0.199735632642671 0.140658469226166
0.172896324795761 -0.198456087522401 -0.011474198275872 0.142957419833354 -0.384870631250222 -0.256231438383892 0.162573199840299 0.00838984585011147 -0.210680342278794 0.156934789780989
0.146567017112916 -0.208751844105133 -0.0554597744402586 0.132035227289539 -0.322160469342124 -0.244046671874454 0.174589459179645 -0.0083327813394149 -0.217156248497146 0.207923665391804
0.154170229321741 -0.206819211026212 -0.057575204923368 0.156530289539186 -0.303720904369696 -0.222411588246012 0.188616621188141 0.00120554582323844 -0.203406415441684 0.203823949799999
0.162008064823964 -0.227738380001378 -0.0933787119815976 0.151995890807185 -0.346028460347585 -0.271587012413895 0.202153003498907 -0.034863089046565 -0.222209302480178 0.113263909834155
0.11116237084026 -0.21611514645426 -0.0512306287149872 0.124813610729638 -0.334242695156537 -0.226242942156253 0.184115934032577 -0.0433928046610302 -0.187358542452774 0.124423987172114
0.102094244698371 -0.222636708526967 -0.0680868931953453 0.139323224672576 -0.322927535762619 -0.246692369969058 0.162837808974369 0.018654569416717 -0.168959912002851 0.133583900370789
-0.0563484866523546 -0.107957873005152 0.187746661910792 -0.00550994102370798 -0.256221060922953 -0.0640235362140891 0.130313928555542 0.16633519721033 -0.165840767500939 0.159748309617501
-0.0137980863531192 -0.0983811790712541 0.171660037811817 -0.0230662252022431 -0.231343439363194 -0.0926467531245524 0.0493895155852188 0.136351464849217 -0.0963047510950316 0.129091889678151
-0.00447733340191301 -0.0779687800291112 0.150163776727586 0.0158242923266608 -0.226731370029871 -0.0937187124626896 0.0335749784647166 0.191733386165922 -0.133562965532991 0.153159526418994
-0.00971659860896103 -0.0481504740237578 0.166274415238033 0.0159564376300223 -0.247543268112999 -0.0558761192462016 0.0494820491231674 0.181771747616875 -0.155805771095503 0.0946407621687767
-0.00805160730617247 -0.0761697190720757 0.15780091166644 0.0238724437895778 -0.238182282883003 -0.0537419860252014 0.0666424469312494 0.182650697240859 -0.141976312037636 0.102718470087396
-0.00984512979373863 -0.182347603251965 0.0431857565749012 -0.0243298490430588 -0.218754237369184 -0.121288799505776 0.0724158026992214 0.248265483872659 -0.0910110022202451 0.158183378372984
-0.0607834098872275 -0.112801560997748 0.0990754739926512 -0.0380035036690923 -0.135923352300671 -0.0899239488108123 0.0934927451492439 0.225779976752837 -0.0973826640893645 0.213413633576877
-0.0421264137857166 -0.102754445827118 0.101555920148034 -0.0367442294407512 -0.114666467315306 -0.102581796544207 0.100857290804873 0.234211433880944 -0.0826205663990837 0.202469459901288
0.0578970975604418 -0.191445532160837 -0.0640766063832864 -0.00265022691773365 -0.253220388902954 -0.119503727929542 0.0889505909298678 0.263392332711601 -0.0610938655400021 0.133006431013022
-0.00138816922723302 -0.097872586195492 -0.0463359744349897 -0.0059494634478086 -0.236620421115773 -0.106114184545639 0.0648954674904616 0.1940477279744 0.000151557416866052 0.0952429518137491
0.0273233387612672 -0.0688821465808895 -0.0466017588789398 0.02930195069263 -0.251234214236889 -0.0906955548597098 0.101754394736587 0.239792867035066 0.0258040495736062 0.09644254418474
0.0789304878778184 -0.0650298108864468 -0.049788799442818 -0.015208439634428 -0.299659776085589 -0.119108400969412 0.092000681391702 0.196386753630338 0.0836966311760253 0.0978131210733984
0.0530390381207614 -0.0411312399516799 -0.0174890931337613 0.00847492099000738 -0.312655183822601 -0.0741820520941862 0.133576129883024 0.135352052077026 0.0804174717854445 0.0980081146614761
0.0283044399753173 -0.0825798312084966 -0.0158894084114272 0.0156813138346008 -0.282957672993309 -0.0918250955149533 0.100183669437958 0.152602920614871 0.039899204246082 0.121804664509538
0.0320007002648376 -0.0789529471019077 -0.00586671794153605 0.00089030145230974 -0.287789154736588 -0.0694643412246338 0.0907951846871748 0.157155338219539 0.0329224935914827 0.125437930450319
0.0302932233784856 -0.0628982357868147 -0.0201927292824344 0.0234463288451488 -0.286294157388945 -0.0681788400410868 0.0906514842360116 0.161285468699411 0.0252562166439759 0.127596968338006
0.0446200499451524 -0.0952893360075558 0.0461494929508041 -0.018218473525786 -0.292302240118893 -0.125282945823579 0.0742277853002899 0.139412592415686 0.030579736534411 0.102945860202225
0.0524730529033696 -0.0892757505342176 -0.0273556621709563 -0.00295747095365445 -0.374476977123674 -0.156023454705121 0.138406825943094 0.162051946314444 0.0452197379241859 0.137202659490031
0.0413927499441663 -0.0495695545764826 -0.0274197524932356 -0.0112527618854215 -0.392160228099779 -0.126169897595693 0.119936781607921 0.128872665160554 0.0516608928520798 0.122767013537014
0.0359857751407858 -0.071513935775953 0.00191941938287867 -0.00249849350209395 -0.378081701598499 -0.113566555689498 0.0932033593963079 0.102706971076086 0.0345384287759684 0.060813969178388
0.114755858058296 -0.0616368829535267 0.0155244961568508 -0.0453012757409349 -0.310119528948672 -0.0589126352382466 0.0643260395140414 0.0885426679833362 0.006462419852097 0.0984997209192462
0.087906614364764 -0.0549597264191332 -0.00154633053901698 -0.0318935542962877 -0.350014996093536 -0.0975593671288014 0.0579628201674297 0.109657368219874 0.0460203672698665 0.0539768245174019
-0.0194876576716226 -0.139152110533098 -0.00599489131499936 -0.0153038371373234 -0.353425484153481 -0.164963273636636 0.0725823752214657 0.0925528256806017 -0.176370734378718 0.225194706166543
0.00686530430726543 -0.146676037132317 0.137463537883558 -0.0425989753828958 -0.379099928031397 -0.0842853941588875 0.0204762549376136 0.0931949815415261 -0.0726555774965807 0.0459061329074652
0.0220607501960075 -0.228948907819165 0.0979606179751529 -0.069976483244956 -0.328947872435575 -0.188673990819208 0.0123985109978022 -0.0706965988761353 -0.145757956015451 0.0661567530364294
0.0196648377355564 -0.194652672834074 0.0846966331418058 -0.0270571510973278 -0.326391518948627 -0.181278177568627 -0.002075887431389 -0.0418951227636374 -0.146376917327186 0.0467290905032738
0.081335688071573 -0.20795420855699 0.0760218738518564 -0.0430581272320084 -0.340221443114057 -0.167880071396008 0.0160333671649847 0.0436615143985108 -0.154620436637077 0.0346556103349155
0.0594354678930412 -0.215530432729123 0.0638019451357761 -0.0791274554075308 -0.334726814952433 -0.200870206944585 0.0114813112682373 0.0152218136393437 -0.164014997341697 0.0256371120540154
0.0243483792759858 -0.146415435940971 0.203279626333027 0.0199125020682279 -0.314395850707043 -0.16645949759238 0.0658905132616077 0.0601264772114218 -0.248116938419446 0.0959334317001692
0.0113891455574914 -0.126977171811059 0.183842823192653 0.0265441927076856 -0.348497900152937 -0.161544556634013 0.0605257058288212 0.0501077348776261 -0.230339213512117 0.0765756071151178
0.0240046438984556 -0.186657518470008 0.161503908749624 -0.00461575282795652 -0.347195884438 -0.119304094880967 0.084738163443312 0.0371367613620516 -0.198266065582643 0.0605591111399834
7.17320029194527e-05 -0.181962255436778 0.205605824644359 -0.0124411130642993 -0.400505471640788 -0.074357491768065 0.0546681475044931 0.0255211948466572 -0.193409671681892 0.0679009088980322
0.0347358853064057 -0.185356558869247 0.0956918068125439 0.0305277817799212 -0.295925984188808 -0.187996996004907 -0.0157600117012949 0.0531177569009459 -0.249038990797415 0.0122441391255241
0.0354319750445559 -0.167301696771184 0.0960716814057392 -0.0244604973498989 -0.295406458123086 -0.191124448980076 0.0432001143022637 0.088865242328722 -0.296987994853077 0.0519309199297666
0.0378246207763381 -0.170387616109393 0.101491090123629 -0.0247303800397174 -0.308259123109322 -0.196363500394728 0.0340440647637477 0.0769130555812201 -0.290858488740531 0.0560471982143611
0.0265846197063805 -0.160510038116761 0.0874595228430006 -0.0063667012122298 -0.279410201107936 -0.159834071233655 0.037070057090334 0.0551956756546252 -0.211496963228468 0.121787496555115
0.0396966167143528 -0.123922722601395 0.150542505232993 -0.00854142321331717 -0.263096474800476 -0.184507641724201 0.00577701972418376 0.0426948080912326 -0.203457916594819 0.0959389029931785
-0.0279087129200193 -0.180306204984079 -0.0514177040546764 0.268323756215113 -0.0774384447738722 -0.173975897524886 0.0365112790466373 -0.0569271972973929 -0.0574290468819867 0.0768288555525065
-0.144660832441874 -0.0929348639720308 0.000283130468500372 0.235153403046995 -0.219209308710223 -0.159033965658094 0.0522308386059957 -0.0765800937613914 -0.0440062290432766 -0.0397853914271107
-0.103871244537171 -0.117468372466808 -0.0101714819747815 0.231938655678957 -0.212732223485287 -0.170206946602423 0.0519742659603777 -0.0819824083620816 -0.0137655138380782 -0.029362988031079
-0.120405378407438 -0.0868097093374327 0.0875270574633498 0.233638924978971 -0.1866387218515 -0.172785937613143 0.0524248559799697 -0.117992808353416 -0.0290298332936465 -0.0142375643749892
-0.0887064267952229 -0.134986376443408 0.0179213740464232 0.230583160164819 -0.204155946744949 -0.162423120468758 0.0426666864017717 -0.0602709487468673 -0.0449756503698503 -0.032208387888119
-0.101023150843386 -0.127325858688795 0.0556236257153907 0.249490554874225 -0.214140748735517 -0.170394344541882 0.0610992353450678 -0.133245140412696 -0.0559591666972179 -0.0610014321672533
-0.102974474397724 -0.0795188133258853 -0.0165712101892029 0.186902159395254 -0.160495909195295 -0.162787978538122 0.0581586082200151 -0.0682688708867451 -0.0498659016797545 -0.015887561914696
-0.0932689657471641 -0.120975610552874 0.0245298435735584 0.232204807106707 -0.257612735436717 -0.155266388359512 0.0648379982940629 -0.0620485265105488 -0.021054167659094 -0.0683331481315324
-0.104751641854925 -0.134389041167765 0.0182939929263005 0.208491683035478 -0.170843082596968 -0.144383675725505 0.0945361193498747 -0.116700600006648 -0.0262762029673697 -0.0498615894718285
-0.0513447038229453 -0.176780634375732 0.0347974402053105 0.207078373924301 -0.170256069850263 -0.21640375856215 0.119799875753169 -0.0433341767095933 -0.0654168941486248 0.0263374199115214
-0.0569831834583378 -0.19250616258917 0.0214871937503237 0.22800732004715 -0.162342015898087 -0.197184949329376 0.0939950653502669 -0.0612435801212222 -0.0403408206100152 0.044224570730356
-0.0400761211102222 -0.170007298049485 0.0329487236496566 0.21982862904576 -0.163620167459892 -0.197058148124884 0.103946620284249 -0.0478775460828784 -0.0364454090204883 0.0205453309352205
-0.0571180135752133 -0.172020528725925 0.0425196501952718 0.213630774887541 -0.166676929687357 -0.192161130213844 0.112950761347775 -0.0615076526741512 -0.0339301716630196 0.0295226530386631
-0.0392116740283736 -0.131389736127107 -0.0162522613872304 0.200402596713709 -0.239332009491164 -0.177604810308762 0.0500960781564216 -0.032875495338763 0.0489609728518144 0.0340365779024852
-0.0326333141811066 -0.107851798135037 0.00641268591120317 0.193666171899787 -0.223251235329695 -0.146451558128942 -0.00226684473626731 -0.0774901027103412 0.00176864156778655 -0.00157164441030982
-0.0589927216618472 -0.0785840392658031 0.0267764475794096 0.210986063660459 -0.26305847393342 -0.122178674666919 0.0145226230493811 -0.0622886060313101 0.0297309055110326 0.0169772973832071
-0.0275861069760237 -0.147589330420917 0.0270201423062981 0.164440823239266 -0.182751260045017 -0.144695725653703 0.0688602600507989 -0.0222147032324699 0.0280006264575567 -0.012938011113268
-0.0290858869899874 -0.150565028301146 0.0183314826935616 0.165414429979082 -0.157061611761042 -0.230378620932869 0.140728334804941 -0.0694936356875337 0.00732192270521726 -0.038104760997119
-0.0337180448579601 -0.148736825017414 0.0240840394936015 0.172688236382511 -0.161189862308648 -0.231345226671367 0.146473611383504 -0.070254203949376 0.017507287377329 -0.046629577304358
-0.0942164738871898 -0.0835000353487616 0.032782872015588 0.164623829302541 -0.228645346961204 -0.200276024967034 0.0785158448424476 0.0162225805997184 0.0130417223149796 0.0355891557034674
-0.0890784368690628 -0.117319471691364 0.112384592653608 0.178770891475624 -0.182149532508805 -0.228037591427706 0.0954972379247861 0.0193664530301278 -0.0314719169435386 -0.00175479894348313
-0.00644035122932014 -0.113642519918189 -0.10174873864266 0.206058259300023 -0.163673305082888 -0.150887437070358 0.00522396363744631 -0.0441348291037659 -0.024014237277919 -0.0416999632358514
-0.0677870140509225 -0.122857599733024 -0.0479305480725727 0.211879926041433 -0.172812932105976 -0.173779400970708 0.0193793053525315 -0.0607213950934308 -0.00717903956561856 -0.0267348738670399
-0.00255456895096274 -0.171855212407433 0.0068979398883115 0.208682731928465 -0.135573877486583 -0.180940663106517 0.0348976935969115 -0.111876991851777 -0.0459482989518302 -0.0027986276416345
-0.0098100025758225 -0.111441234524116 -0.0147502647045243 0.23004580561416 -0.156870210692893 -0.232750474454766 0.0183755275253266 -0.10365940366758 -0.0660065846409257 -0.040082627388211
-0.0187215317792079 -0.0867954994816708 -0.0164362172183584 0.189727215744178 -0.163081376558837 -0.249736741569848 -0.000777761785185724 -0.120614421107686 -0.0445567043920204 -0.0594373472383929
-0.0448684998224433 -0.0723978667545035 -0.0268353523498713 0.274891065847588 -0.232150602858993 -0.192117927889665 -0.0620624595668932 -0.0853639478852792 0.0585214431051948 -0.0242325575335995
-0.100383707486836 -0.133305787638441 -0.0675225511155901 0.188158118510285 -0.140527189857589 -0.24679911287314 0.0353217135570797 -0.116268171371013 -0.06053929708786 -0.0512939391714901
-0.00126470045477605 -0.0718630565326122 0.0685907951808232 -0.0617871299233341 -0.0626415054935519 -0.100666274266944 -0.0248713789348562 -0.028342169211452 -0.126857071656832 0.161629727751944
-0.00812754234892136 -0.171122779779813 0.0384617627475453 -0.0196089822318591 -0.259820850712377 -0.144957764249681 0.0150973510815626 -0.127260626332487 -0.230728513720106 0.196176970581106
-0.0495663124181135 -0.185990951226295 0.0419019225179164 -0.0458031758008386 -0.317309360006519 -0.201835815327773 0.0477088538007025 -0.133173432695282 -0.232363182568673 0.253178333139361
-0.0506504750770757 -0.147431112079605 0.0509520617792962 -0.0400906963430487 -0.313512920262625 -0.157449897171123 0.0537045445149123 -0.120200385287597 -0.260742440477968 0.255348623241016
-0.0561710499722401 -0.157381970646598 0.0416841246630809 -0.0264399791719377 -0.325618458178554 -0.160104550735807 0.0468999135422943 -0.1370318436279 -0.248672733439892 0.248647723674775
-0.0684612378079399 -0.215458828944056 0.120962532594858 -0.0504853438473136 -0.301987409071052 -0.200857400323396 0.0579160759550582 -0.099434576805002 -0.265294547794739 0.237703152781985
-0.0704539774771237 -0.220177263714292 0.102600351907214 0.015820327553081 -0.308503069911762 -0.177136326179732 0.0721033808826934 -0.103454000650198 -0.277215182761358 0.300820562302338
-0.0599633866883082 -0.23240288257267 0.126567890225489 0.0116256679811059 -0.295232818629532 -0.197666043074952 0.0902226004134265 -0.0806245770950074 -0.256547875757969 0.316555121394634
-0.0786684117718894 -0.223102064614752 0.111853139417225 -0.0178270979064475 -0.277328654579474 -0.170505723254779 0.0831164847127965 -0.0957840975556552 -0.264651287500413 0.30252491384764
-0.0796208757549571 -0.22043518745965 0.130822134258396 0.0012346945963622 -0.306613464000988 -0.189393012905751 0.0882334417945171 -0.0917727381180134 -0.258101680296703 0.289232802381015
-0.0838022628507598 -0.184737426685607 0.0417079545404431 -0.0582474490685327 -0.261110064428144 -0.210701442134509 0.0403634710883249 -0.178979662793817 -0.238566301181112 0.258645741480915
-0.0721168944894388 -0.234741399487317 0.0209005192915279 -0.0181348519454093 -0.243715787989352 -0.198630263601247 0.0646454074472432 -0.189752039338018 -0.163442147536924 0.209037657822795
-0.0567379848993185 -0.2254124900349 0.0848223723953418 0.0328892922215997 -0.296537574181555 -0.203021273278958 0.0955716277702043 -0.129825369393065 -0.190612414470774 0.222331503348309
-0.0540742784245947 -0.193537849479564 0.0756058418753809 -0.026575814779152 -0.26727517039932 -0.18248762080671 0.10435773750584 -0.158264148476473 -0.237062218768643 0.223381112205534
