-0.0659776945661252 -0.29203872366206 -0.309953225228116 -0.516766437638183 -0.926601783376168 -0.0291285218142575 0.2053588986734 -0.77074642091149 0.337229392558647 0.0141003034712097
-0.136574787617518 -0.344960069553819 -0.255493181115317 -0.470914533527362 -0.909544197146859 -0.028938994236793 0.121388116601083 -0.74047999720523 0.33730542157435 -0.0441047725971229
-0.193860804129834 -0.335100770716839 -0.240353682780642 -0.540218702284652 -0.970345911538858 -0.00556516634832719 0.13475871236914 -0.739572043506385 0.389865740681463 0.000261354176864566
-0.211747979061294 -0.319585795875286 -0.278814208644824 -0.459616387797691 -0.983952695450853 -0.0141351312118731 0.165377053533892 -0.691691510642914 0.366571231478269 -0.0371659050648725
-0.21267119105346 -0.305461761424884 -0.278829933562009 -0.454919022176146 -0.966690626572334 -0.0210170339638092 0.168171794815921 -0.690943718111611 0.380015519002734 -0.0447260375677022
-0.239029039650652 -0.295093589750216 -0.440317569801739 -0.200720782056467 -1.07515135624847 -0.156278818010515 0.0394180103007213 -1.07112244242755 0.37865693163041 -0.184714495805722
-0.237879450709578 -0.407687060857291 -0.403064529872644 -0.244623435153061 -1.03584597764572 -0.0569511015985853 -0.0472547851208616 -1.01171124115245 0.407548445998241 -0.182199047550378
-0.223152682457108 -0.350150154732007 -0.37621992855054 -0.279904339225126 -1.13365525278649 -0.0964851671379386 -0.0111930651110003 -1.02770089852909 0.406274041909529 -0.112235407100237
-0.282499428875852 -0.391615652740287 -0.399258876287899 -0.217335721793156 -1.15044268068664 -0.161151012948421 0.147856929302727 -0.924423030740468 0.370930455293477 -0.234147611114425
-0.280808086542252 -0.396774146378156 -0.430778065587805 -0.207668449464641 -1.15842943898666 -0.152889172948198 0.132652900509683 -0.93491132867417 0.364558518384602 -0.260234613849063
-0.232034205903801 -0.397900681738107 -0.572934423248715 -0.168563407218647 -1.21675000489419 0.0454531609711613 0.0865724797286106 -0.881469582487111 0.38751464295552 -0.12449929044219
-0.204675125356729 -0.387730675346257 -0.595954458757942 -0.160538477676281 -1.22565543214956 0.00327717756213137 0.108955808472169 -0.887835976275518 0.423216162115614 -0.0904757357037317
-0.212990859543865 -0.394996841194094 -0.504807416888542 -0.130929708666967 -1.18283207865045 0.0294762821985765 0.15167328909667 -0.863615520856286 0.389848628755613 -0.137417751888696
-0.248511263643801 -0.42928071679076 -0.489512789372947 -0.279026463337563 -1.16270324252234 -0.0950945120417177 0.104953770586398 -0.974767302647039 0.367869575586308 -0.136054649308837
-0.252015045392139 -0.388081139870738 -0.501238958285149 -0.240299318263387 -1.16556136487857 -0.0809917866205198 0.101855765588591 -0.980486895296948 0.364870924851826 -0.0949188185266712
-0.300225835376694 -0.448590659306451 -0.451713951794445 -0.196633113536672 -1.11878618464396 -0.0125275645300067 0.151518691329545 -0.968131429752882 0.349129080509286 -0.0961664794829965
-0.186248300942742 -0.445283610780536 -0.461066042114682 -0.290753710289966 -1.13983104938069 -0.0165873000559835 0.115664817238665 -0.995790072986861 0.375226976587325 -0.0781987436620513
-0.243189069832983 -0.394406916741989 -0.53033832749495 -0.317934401986607 -1.21966574960397 -0.100149736403469 0.130626266847473 -0.923712977282227 0.344148807980162 -0.116399948049094
-0.238883404469421 -0.443856331810848 -0.48651889108745 -0.21990211337938 -1.17457251916023 -0.0420059433011666 0.150674121095645 -0.919473942555678 0.421516167867302 -0.155545192177053
-0.224273723220441 -0.549080948733852 -0.349995826732018 -0.243049691670017 -1.21373017819191 0.0184823818936765 -0.15411835724108 -1.01606409355362 0.624537481383596 -0.0671157023625916
-0.371777574158555 -0.536807893913328 -0.469486833785424 -0.300470349363751 -0.973764528088346 -0.0331379355774107 -0.0193070383132273 -1.0791974700729 0.53638017297844 0.00445410540805905
-0.357835050253042 -0.495825347350511 -0.46236529610909 -0.284812505943394 -1.02189292905713 -0.0041539388513705 -0.0402591903473749 -1.09843717911259 0.522093750943023 0.0649455954091011
-0.333222275612728 -0.448444988066825 -0.39153574507115 -0.299951744030247 -1.13407824383939 -0.0728429051871187 -0.0151375082801553 -1.0827934531221 0.575048004585237 -0.0434750938866123
-0.339559447361295 -0.327529888802879 -0.458607629310312 -0.142366284816766 -1.10624848636646 -0.0265009353970729 -0.0871042007027157 -0.993826976535465 0.572532487987092 -0.0628370176654534
-0.273120977544388 -0.521049816094276 -0.569710981728222 -0.382195717276617 -0.940316066490035 0.0652914605844324 0.0638307836495811 -1.09437404271248 0.382636736189234 -0.0812831168211465
-0.216494724403667 -0.46457990471674 -0.464462514008169 -0.391148023134909 -0.997988423787749 0.0970034558498689 -0.0355007345826953 -0.968847227550487 0.423167882321256 -0.0716127854723066
-0.183578330332557 -0.542814520826472 -0.584954981180751 -0.4271859439271 -1.00729748769021 0.111024371308331 -0.0297548999435018 -1.01328951798676 0.4325946358417 -0.099230878939053
-0.168994843287594 -0.399227366850908 -0.501700027010313 -0.389475266916519 -0.993291715398552 0.0768677632427587 0.00981729273155029 -0.98373298575761 0.400565966547379 -0.110549818536556
-0.054323399621348 -0.278168564692364 -0.571859923468007 -0.210467353355688 -0.957096096811443 -0.0797843179103095 0.096060283419979 -0.982642007146532 0.332930556942884 -0.15097184963607
-0.0987984517010935 -0.225809321472134 -0.525350647006403 -0.188106016831868 -0.94345250431643 -0.0390308601437919 0.109910256817042 -1.01644198738474 0.395334730222615 -0.165348031067336
-0.00431501627875959 -0.220740250961668 -0.476452084113671 -0.283894558590242 -0.900112655713116 0.0217247980276992 0.0802592140979798 -0.962988505812557 0.217502798574633 -0.229171902866436
-0.139731088267889 -0.198106698952375 -0.511384045491412 -0.243824553940952 -0.937383045589765 -0.00381943719411225 0.132068385802342 -1.03528461849825 0.277954550753671 -0.243607481424625
-0.10575211382599 -0.155092107824996 -0.48396695094678 -0.248734956302299 -0.958215678877311 0.0582030684264507 0.142176855121605 -1.07932747090227 0.303642570450896 -0.240336462670428
-0.108982182148101 -0.37385153789326 -0.507292695259564 -0.37948074302058 -1.01253328865319 0.0380173477182627 0.184719773492268 -1.01740206554597 0.367689349587896 -0.21710158003187
-0.0182134266140829 -0.284263405673902 -0.531174662052469 -0.400811661757366 -0.969363453266469 0.0270959590579475 0.061847292705995 -1.08142815292762 0.419061966230762 -0.234551765961277
-0.0540699003871499 -0.372532371082861 -0.507214938627025 -0.334530737312046 -0.942824851195288 0.0698285104926714 0.176725085058241 -1.03668251768516 0.268579298436921 -0.166327827743771
-0.131022871412625 -0.412339079091862 -0.468836820966353 -0.346551979322956 -0.869183061422816 0.181326939407995 0.150635568905063 -0.979469141371621 0.340613686056225 -0.159929112626461
-0.0774000242496627 -0.422300505162781 -0.462072599154943 -0.34350588538178 -0.867031118458673 0.194549233088662 0.176532660834146 -0.976133514316149 0.366470848107716 -0.150860958117175
-0.122551096152994 -0.41984338094923 -0.449231862819711 -0.329883837438933 -0.866181906164633 0.17796903273199 0.103855870088435 -0.930586000393974 0.352498843728535 -0.138290069179891
-0.104268689835277 -0.349836117124313 -0.425409272074351 -0.304905404330206 -0.856818054643072 0.109693281727185 0.142522659123812 -0.995333790307109 0.33605793547069 -0.162040334995668
-0.0654048355228115 -0.346124894854393 -0.485709314698883 -0.315315295949511 -0.901135209200766 0.174247521684582 0.154225337854132 -1.02255676917149 0.373607666977816 -0.0925410384484558
-0.135650001601291 -0.351562083163002 -0.517191314938027 -0.328516560433301 -0.883370399044805 0.166407635632349 0.11768214430693 -1.00324550681009 0.408942297808492 -0.124087824656706
-0.0176093084071352 -0.379748361901437 -0.559699922755416 -0.246233595345783 -0.848196440945741 0.00335718106146374 0.0806107315875387 -1.02759280045979 0.333142690125418 -0.181545137362721
-0.0874050592157053 -0.330587408545948 -0.507599132697062 -0.212029709014887 -0.726917352065601 -0.04381666472365 0.123275840898636 -1.01565861342626 0.476896914438431 -0.174587036511349
-0.099568895722158 -0.34699626259043 -0.618862318354066 -0.276128443884172 -0.892255386303795 -0.0450777919057886 0.209023329985309 -1.04411209737325 0.25430195761237 -0.131572221132564
-0.118356377997725 -0.347269626660373 -0.640284348892198 -0.25987975368161 -0.900770678192492 -0.0417491955293886 0.217570636547943 -1.05653626620953 0.251820357065299 -0.17273893677076
-0.0662025287722072 -0.308035262991356 -0.669001539696761 -0.310341189666657 -0.924302215529284 -0.00594398528065248 0.110274123375763 -1.07828721222152 0.274350879358895 -0.207835076543363
-0.0442218944553139 -0.353292583831088 -0.668472120710795 -0.287401572855066 -0.875332236741837 -0.0938548186853381 0.137984582268106 -1.07285868501207 0.287711329041508 -0.177730634798384
-0.0869355832323003 -0.228733121105911 -0.515085548795287 -0.281254023731228 -0.989238137246719 0.0307760789669706 0.195270825359523 -1.01624131823371 0.350557880312042 -0.164115813958453
-0.108847362077153 -0.346207698768155 -0.526227429602802 -0.392555004874016 -0.979528101408361 -0.0225201219421745 0.137191941009961 -1.05827337907428 0.327269336185773 -0.278565454245452
-0.144224880567529 -0.353665614702379 -0.564195020173909 -0.408393576166483 -1.02891538008077 0.0198885946712992 0.0760166505042365 -1.06678642580978 0.309721056517556 -0.266268403897293
-0.0512336472298825 -0.344386499701191 -0.542124435322374 -0.394478835911029 -0.966418589572018 -0.02445727621017 0.123936758111881 -1.02259299573558 0.276731962604299 -0.22335436206135
0.0821244765271358 0.574625573709983 0.249749694481151 0.15108303878349 0.301315277010245 0.258602916819843 -0.148866878131779 0.173930837125443 0.0580659587515766 0.733200086185436
0.07845024220372 0.662376729520783 0.243210744503086 0.0806018293160428 0.274463015582401 0.335941486926676 -0.249763671487712 0.138704918953379 -0.0516693240381171 0.760097941683495
0.0184166164486444 0.647701906276528 0.326305237531534 0.0671796028822582 0.331522870692046 0.311891271693265 -0.255893113781961 0.165252895361182 -0.0389270024140484 0.784194123260448
-0.000774248019488562 0.686277813410153 0.26701120952637 0.036568919562385 0.287557882207592 0.30051367530017 -0.270890163285059 0.269820922381715 -0.0811302386854333 0.68846381692334
0.0258250943734754 0.649227707999264 0.288498989674151 0.0546660389762177 0.30147438795585 0.334600373872457 -0.233684413316449 0.223419131399839 -0.0764674476183418 0.744739817333856
0.0483483565601617 0.606203242786806 0.304056183357276 0.13389340303218 0.265653080852325 0.246885821774132 -0.145290080124155 0.148907875172064 -0.0455301679841562 0.892590382021906
0.0455048797070625 0.577054643056301 0.292889901733505 0.111466357068432 0.236017432464948 0.234013502247813 -0.0834643590422921 0.123115890282607 -0.0360109825642406 0.866718302058024
0.115952744110542 0.609368979583642 0.284824400089707 0.105648976478525 0.271773631393609 0.250706306106541 -0.140793938445913 0.0981708505083848 -0.04783178024958 0.866245668506202
0.113610710787282 0.637936366528665 0.305086031398293 0.0976907574113769 0.255998306329971 0.244228921642588 -0.165102696513273 0.0960380881068752 -0.0571652016720529 0.860905809663804
0.0578298312526822 0.622012261374562 0.405422010341743 0.0170511331105047 0.283950265272227 0.192874112206846 -0.153357597592376 0.0310749901113606 -0.0226797697964081 0.878324887848947
0.0508110012408236 0.562280948539367 0.359698740854046 0.115467772004988 0.296466221972228 0.230789725781474 -0.110217416816348 0.0524624144694956 -0.0967856558586566 0.840261171147844
0.127160355054019 0.605883757663054 0.331209611152123 0.106375645365637 0.285624750517241 0.242728620640846 -0.171093832727938 0.0645285720496535 -0.0630138140630315 0.871088952029076
0.132018784617602 0.63422393659146 0.325081860971123 0.135953741025245 0.307741496038076 0.190024059436295 -0.14163638573949 0.0349063068582042 -0.0616875918396893 0.838013782292552
0.138269555116123 0.608762276809565 0.315538672146618 0.127751727130302 0.262294948193536 0.185886074025843 -0.166113693384791 0.0505480083594257 -0.0510806892366878 0.817079866147425
0.0842223238959683 0.461312572369168 0.252563189211884 0.0496583599189821 0.392788248717672 0.306449707909708 -0.195020188334303 0.145137568939539 0.0417444545216835 0.746913861909018
0.0768337735358228 0.571960862090282 0.159831989454238 0.0488526027463256 0.405543950262928 0.176279555229399 -0.196414869904462 0.158723524445208 -0.0113487399057153 0.785757349132615
0.0326251979963645 0.569814852154333 0.176147261545522 0.0234304618564322 0.357676323874039 0.247116143421085 -0.213173569289762 0.213266526155432 -0.0266093685590988 0.773361205255031
0.0124989678803855 0.585660151169454 0.197273070028743 0.0281674114146208 0.203692519573508 0.266726128246854 -0.273396120974522 0.149491207830726 0.0492368508353503 0.540100876366172
-0.037109853339531 0.527486699644681 0.197839234309875 0.0345104922915494 0.198283533915803 0.250419422736124 -0.213865610150693 0.124942610528148 0.0578545324623298 0.545232947949248
0.0119696617741744 0.538473171587508 0.216237595272648 0.0245737194789706 0.217534324362754 0.243554971382979 -0.251981411802107 0.150678500442242 0.0291118870770363 0.582151909755126
0.0802639250029286 0.480148419688924 0.219442473847513 0.0779193850608598 0.298475863968432 0.263539847944121 -0.309111913080007 0.268651064605063 0.00204758576052316 0.610710840586719
0.0275142003629989 0.478797909668234 0.194749171141431 -0.0619793195357017 0.0947997529947459 0.274241670453042 -0.277616093219525 0.259854515103142 0.0149292056304108 0.566588726458205
0.0115601669125738 0.455711476140992 0.164508393612185 0.0262105581595993 0.154174795835362 0.186601794408503 -0.249585951282544 0.109591847805576 0.0511743845960186 0.5238798796022
-0.0910930284265885 0.538377982103983 0.151361205189508 -0.0548084562251442 0.171400947538237 0.166805576483058 -0.237310484451562 0.145446885575774 -0.0643904557412442 0.59538245399753
-0.0725845686664255 0.526579098892448 0.0918540206879466 0.0457812493844115 0.0860285301755629 0.104486629180113 -0.293438776771883 0.0795201061063842 -0.110527417049081 0.610395298830955
-0.0916350826230119 0.556688580111425 0.18770428885988 -0.154973981887562 0.161311960153173 0.220631789117191 -0.259755165107478 0.0681185741619123 0.0424457526308197 0.742429717414404
-0.0295326885255904 0.536149359635953 0.207919636564626 -0.127434847463752 0.148550092612365 0.203351007731595 -0.237859506223908 0.0514185888982797 0.0167644353042723 0.752667776957617
-0.0070976298896285 0.574340834311932 0.165248954576212 -0.163502582214252 0.109008995204332 0.193082926219459 -0.253065238081482 0.0328553846821468 -0.0462849033563468 0.752326337230474
-0.0226938884567394 0.5618686906836 0.201184891187438 -0.153417947444105 0.124339941880867 0.20862305215851 -0.215566150904245 0.0731377017787643 0.0193941522621066 0.766677015701662
0.109780634092041 0.547313609409325 0.16441594702735 -0.158607331269339 0.15844344609995 0.198576144044138 -0.110023064018098 0.077411294773665 0.0846997462490514 0.714215400938805
0.163693991526095 0.593251721325453 0.132517720176015 -0.154154131957223 0.211907137933113 0.316926734369824 -0.280712817236505 -0.0461362593064752 0.139753598415712 0.725031674916738
0.162050195927458 0.586143882390257 0.12206167151754 -0.136031479806631 0.225562651724778 0.288296207114692 -0.258533470706946 -0.0311491367006842 0.125343795664031 0.70557251146673
0.193663952034204 0.455627377648929 0.263096373879702 -0.059186731168154 0.273304617264171 0.199169919440286 -0.253074485257378 -0.0285554943726068 -0.0069353853274767 0.847446384607677
0.187297750540967 0.568574320318541 0.223439830219071 -0.0975063643128393 0.302213217766584 0.344950985321591 -0.182340212062611 -0.0440562311207429 0.135596731766582 0.634293556548761
0.185338632466243 0.635700203109827 0.283269319800167 -0.175140940883683 0.261105753779708 0.296510053989315 -0.173111589072352 0.0040231122387281 -0.0469905359040752 0.75366730521146
0.194822964681992 0.655213917812252 0.310938631851073 -0.187636149333192 0.178044564524137 0.326673322151418 -0.155526136925401 0.0262203435772034 0.0174547620176124 0.803585817667898
0.0411811594477929 0.582105454760063 0.193090762276802 -0.14492564684196 0.241815275847342 0.329166653240454 -0.185883639221752 0.0644275328532168 -0.00997327782521691 0.726850838436223
0.00444343953246096 0.649415661489306 0.163092932429684 -0.104271076871769 0.264658951076876 0.298092249514536 -0.245308553383533 -0.0056941330684668 0.000746130998653312 0.760224673233667
0.107926190877304 0.563238591875758 0.225967776598931 -0.0730146097715688 0.152499854001907 0.272659264906065 -0.189139159946785 0.0438384192302708 0.0705086902927379 0.699066911552739
0.131206082496146 0.567074969334168 0.188373357361528 -0.0611200868287213 0.252827188986147 0.259935097083304 -0.107275315953959 -0.054248331670561 0.143614424144532 0.764467807658134
0.143920614310602 0.520867862299909 0.272804495502845 -0.0433034325177781 0.262939220257362 0.271903477631361 -0.170715052676058 0.0136481105359237 0.139696470742229 0.652536593627183
0.145327223565995 0.559047295490636 0.277904216719723 -0.0615940676590624 0.253327623114449 0.17792884244412 -0.172997625775193 0.0885843477059661 0.10835243437599 0.827428327227727
0.126274113664269 0.573363664516274 0.247365595461051 -0.120130792620656 0.237041707357971 0.188233043937022 -0.171497288165977 0.112416266676793 0.0792156610416543 0.815060325074664
0.170861543649752 0.551357428055613 0.23145812802944 -0.0252228067692946 0.193817888525247 0.45560166459509 -0.192803648664434 0.0569886580788253 0.125171839344057 0.800917109194414
0.147397283870019 0.590603754971234 0.286596422499965 0.00282189076563311 0.23029165898787 0.374570636460897 -0.0873447887084792 0.0784022749427992 0.0771500431335486 0.774306119945764
0.104427569225252 0.524433990994627 0.300935298350658 -0.0111337908207406 0.189289525832321 0.4218864663672 -0.125500070280466 0.0507680677013327 0.0676166042489998 0.802765825652393
0.0991299691980995 0.513429260547647 0.143481837280755 0.0496171611350857 0.427416160507745 0.439306471991286 -0.4086559889796 0.0199963442975497 0.026284977934794 0.806183319739794
0.0563721008347642 0.625514841554127 0.195694131602506 0.0289503331550796 0.345524555904387 0.589961691698628 -0.284328212149368 -0.0568446555990579 -0.00406465837359505 0.757192688439842
0.120262219635932 0.58352420243975 0.225801114814728 0.0537170170674617 0.373954416896738 0.60886320534981 -0.26701732688569 -0.094021586002612 0.034988128430476 0.715888123858691
0.195872857122305 0.621866629545795 0.325722453389914 0.0106081299089331 0.233799549645986 0.217257695671373 -0.311133317271328 0.21567613072251 -0.191322853070339 0.750191276789578
0.165167385685269 0.64067031973754 0.316904543826878 0.100036243243661 0.243007021820044 0.224356594840291 -0.162779381882342 0.234785436940174 -0.147084247527609 0.817536980474695
0.234209318353233 0.607660639784388 0.346333145044564 0.0548516892822108 0.21018312876269 0.264841326914658 -0.245327512147418 0.22320747276827 -0.160166035653956 0.801881815597042
0.196264768446839 0.57664570034105 0.383899426068965 0.0865342375996749 0.243954042932327 0.232894934751376 -0.221812464616603 0.231214994376531 -0.167847563012618 0.738096455299299
0.114104015432997 0.533800923873913 0.373444951563838 0.12068757860685 0.273214100641904 0.269201359764825 -0.215729842125772 0.120691521832739 -0.225941792640232 0.834630143266198
0.0769384078706792 0.639122615684033 0.399095641961174 0.163604685527005 0.26553363774076 0.23733921399498 -0.225342224194761 0.190739660702196 -0.160269707593567 0.825812589029656
0.0168339577338618 0.590831767566576 0.298776600546225 0.145438020871356 0.21581754748382 0.162549436376817 -0.273311361026373 0.197244378274899 -0.14651931730901 0.784992890721298
0.0796512803156247 0.522035923052993 0.437508499960238 0.000627313853760309 0.244527449003956 0.17931519756101 -0.307104374410178 0.182660137945637 -0.280187796687844 0.820508323457549
0.149897711021495 0.586569319884336 0.374973442831443 0.0423187367627216 0.325077350949065 0.232711688597009 -0.160551519902628 0.199335674599056 -0.177959968822405 0.732467117727718
0.113106066559564 0.555163801846676 0.310859969598726 -0.0191278778591279 0.250290637571692 0.295717251234668 -0.128426241098231 0.112273319355043 -0.345257501627441 0.776904973534767
0.112580358123064 0.616966206152699 0.368687253375127 0.0111987537648424 0.137427914805615 0.220834386686688 -0.225325015767783 0.238904767974797 -0.356346786971664 0.701858688158237
0.124827523376591 0.627919658329398 0.460600607501775 0.0101625631610443 0.179924730405685 0.137448897909715 -0.132683816360359 0.131105333753715 -0.252461481264449 0.707577688987794
0.101918040022637 0.734797941498805 0.487531793447655 0.0691103042534288 0.224703060793987 0.138322251045466 -0.266368604308235 0.0417329458468449 -0.263865512188925 0.786723045573702
0.105341210470288 0.669942260732254 0.392641135219614 0.0301968638340703 0.303859854721087 0.311777315152883 -0.218777767561298 0.0770050327120722 -0.298260753709435 0.717398022545029
0.2279951274777 0.602822573501988 0.432894549492067 0.209031313310675 0.223088333004014 0.31435920720514 -0.260087833663468 0.0992966367295734 -0.260600231815442 0.746471089028829
-0.020299695977126 0.534947780719861 0.196346994164542 0.32679851480594 0.215702867713654 0.253498804570369 -0.276322697785707 0.186353043158548 -0.151274152708315 0.698673061255661
-0.00892379804766539 0.554461624361235 0.196587864168934 0.205957614386021 0.236883095528745 0.273177326613597 -0.310417265560513 0.234118581504345 -0.248981091998456 0.771354995896037
0.204208715259568 0.67099832722572 0.242723915359163 0.217688274494965 0.380475882771919 0.311909599418095 -0.269847786579712 0.233171834849328 -0.139704174037401 0.726686594081944
0.161086815120061 0.703746453560192 0.197379487208485 0.1158430642161 0.326347330976846 0.363440719481473 -0.244493701794189 0.281066254683129 -0.156148191993512 0.693568019109601
0.125922071385756 0.703885354945433 0.14065375818075 0.120629501235489 0.253662232232444 0.253769463784749 -0.211766224324562 0.293168677734765 -0.287104078814109 0.677817090429395
0.144949008295643 0.635577380812217 0.226055380814341 0.184387972722157 0.345684381279583 0.255160343958211 -0.227896136883252 0.294543567855172 -0.239800707425102 0.723269743316844
0.137677857478399 0.747252053882063 0.278471453739291 0.151553028268227 0.327227546520159 0.179791912034017 -0.276960099700522 0.408429973455775 -0.26573326324037 0.682185032267849
0.122338320107837 0.724205861153917 0.21051202135009 0.180546936105093 0.389659215459823 0.204250349011276 -0.218070697932478 0.415337443838277 -0.275778517591576 0.726822920803401
0.0207012706311745 0.480962188929447 0.223852321657659 0.111443875272005 0.269178324650582 0.209836919896973 -0.181246394205379 0.213101162849499 -0.210685744048829 0.675296029883954
0.0333200213908722 0.611075316329246 0.162554528189218 0.0800240074589883 0.239887765278693 0.375148089588871 -0.230346105752795 0.252934972577855 -0.236572206544791 0.738243226324028
-0.0201812400308821 0.545093932027962 0.193712658375367 0.0195719741910087 0.309528483260131 0.253609015479128 -0.288506290440467 0.136718601556689 -0.174894466763172 0.688264592139671
-0.00189748794836493 0.453624407442155 0.193307458892255 0.0218546814371349 0.249510751153992 0.316582296972549 -0.23422954474072 0.212329148844884 -0.156459415111207 0.831046825188734
0.0840626104943085 0.433453659673695 0.285664943559354 0.132526173851383 0.351917545477777 0.308897764378176 -0.326794491131106 0.205014696177646 -0.207432544062285 0.891913934548648
0.119796458545892 0.421129058052474 0.327154512280555 0.164904140182586 0.232310821906841 0.303561081073633 -0.284317530214333 0.213262424836158 -0.149175407906309 0.900529082248729
0.127689387453722 0.447175979342948 0.334399435294733 0.157129473044261 0.201675511342838 0.308330842193688 -0.249871662240334 0.247086629285459 -0.194960371008117 0.866364291214849
0.0933670475640435 0.397191863117627 0.301953017246952 0.152291693783881 0.205486046256541 0.303383174474575 -0.241413648152258 0.200431814059803 -0.178083876542853 0.873343346059285
0.122163572730706 0.437862022270207 0.33944042513196 0.166938225281775 0.197843009963467 0.334496890486678 -0.240091394681081 0.220980672896877 -0.210849471620996 0.887537449571764
0.132524361496091 0.387463222383886 0.339705092607754 0.142692244587157 0.262497720275429 0.325937609531888 -0.241415630904691 0.206602896941383 -0.20368352270781 0.861908074346956
0.118267315151877 0.483696084209275 0.313168544050319 0.130947596131351 0.278541465044208 0.320206529087716 -0.295805895522767 0.207311734966568 -0.226270076947405 0.879400736468417
0.142400685242372 0.462538568252361 0.303472724064835 0.14625274703679 0.248143585079175 0.315428479855782 -0.254540682312072 0.206326579570084 -0.157432044610946 0.885702467209265
0.114047145434892 0.457029826971917 0.278667392797397 0.13381190480003 0.186018057242766 0.317257629912368 -0.306024721493722 0.185633886099825 -0.174575797979898 0.842375435886229
0.0876598147388095 0.399520966643409 0.278608023599745 0.103668863329637 0.351974125493903 0.26607382137539 -0.347529726981037 0.233289832411289 -0.178975354125205 0.867895289534827
0.0276979362309811 0.395993353509541 0.274107267898382 0.100654540719998 0.345994147847344 0.266967076581178 -0.327388719272007 0.226688241745106 -0.149707258700358 0.860658175322519
-0.0346693666929185 0.527227693624173 0.287888161725933 0.220846816024642 0.0381618689855466 0.212925614430789 0.225207630193946 -0.283056827493745 -0.240879082041393 0.504780573602902
0.0438314209350182 0.471271139058724 0.344391002109254 0.196956080184865 0.053881505436852 0.230919696615254 0.192929616483874 -0.18154009190178 -0.244625514599888 0.409313257705249
0.011159954672692 0.6011928376782 0.365854202621426 0.262344395192857 0.0382374235619146 0.29718409959134 0.18559105204209 -0.164831849979537 -0.204065859576523 0.439927534714037
-0.0223738785107985 0.615916506559794 0.330608386692377 0.192270679571104 0.0836978492195453 0.261676379844743 0.116329471273835 -0.260920857523457 -0.278840118772128 0.430432098162032
0.0296058455860021 0.629562913476791 0.308842501263924 0.215361910904445 0.0507379243223641 0.261304806071193 0.142190156452964 -0.261276141626504 -0.265798712481857 0.374322659438012
-0.148953601551661 0.578982967942896 0.32472236790324 0.293582580379679 0.0117012340500314 0.31069814498086 0.265245919239895 -0.254924821902016 -0.285924390879589 0.416064949367146
-0.169305122607157 0.567362798743441 0.205861326829004 0.18594026664983 0.0324501189243758 0.364308046750102 0.183180734923175 -0.20795051785098 -0.28202021303245 0.351362608950696
-0.132486338800602 0.543890391354792 0.289848186504871 0.246561046209563 0.0731612800289125 0.379142306880679 0.203692787784299 -0.111436370111942 -0.261246891084113 0.482563601606515
-0.121704273814844 0.556334715058286 0.279294808343549 0.208190817145834 0.100111720002498 0.387573891850198 0.199839159469367 -0.112324304483554 -0.225428106021964 0.434771628415017
0.0924897745274159 0.45485746714732 0.341479716740342 0.0786897747440789 0.314025613678009 0.404832556714378 -0.0334381815942217 -0.454123612039424 -0.296925328033841 0.556743464657441
0.0822009697871989 0.323722452065569 0.340623336069832 0.038521557279006 0.210652725741174 0.370456766057145 -0.0209015819014168 -0.55604468306001 -0.341999869467878 0.48482804899788
0.0217338693387247 0.284867969497852 0.381634231685414 0.0477275419875434 0.209959225358794 0.377479149086555 0.138964744710877 -0.53833531690486 -0.250288706473099 0.636179481791845
0.0996419131378759 0.346992478041096 0.298584596849616 0.0016571771175043 0.221322871713601 0.444999544186381 0.0724734446711891 -0.548342782285811 -0.301693527836711 0.588915863881027
0.058042365945509 0.332807089935099 0.305478316289024 0.0110405833463488 0.224210560844044 0.356811440781181 0.10802485118873 -0.585911144438348 -0.363358311905739 0.606465002486258
0.142311539042122 0.375064376989536 0.360724755346176 0.0488863699806039 0.255524722899477 0.360230539830791 0.0915306911282987 -0.568111398219092 -0.279923323514943 0.566002010989435
0.0856746255261413 0.305039768796075 0.355185692941931 0.0414719990763695 0.263996934333612 0.391912974643021 0.121533834995118 -0.614877794240966 -0.282996716148196 0.572905718338288
0.0694365799876738 0.281535296436974 0.351629938816012 0.0296312912146139 0.265709846412093 0.397069704614129 0.118317824507262 -0.584892768026799 -0.302123728645699 0.605393495362018
0.0858155506500188 0.271448448361216 0.342169035948642 -0.00898108381828192 0.269822771602836 0.390467319847345 0.104047913405901 -0.596565771959218 -0.261007482492994 0.618226869840978
0.09424427835383 0.244379845880635 0.357353104059507 0.046189934408503 0.246392327275166 0.364773476245777 0.125339002778498 -0.665762733063792 -0.296779524526164 0.593448203887067
0.0827646859885408 0.302333699184554 0.350629775921045 -0.00375305054128842 0.284672654009673 0.388400993398392 0.135626999483521 -0.605283703437778 -0.277462435843128 0.592433333354776
0.0274756280039642 0.38547970111825 0.295674870684413 0.0812331386896488 0.271471818932472 0.331630459188296 0.0971208133038145 -0.499568015577821 -0.418856196268314 0.444218646159329
0.0134967350187448 0.403297682592493 0.283484015737378 0.0829333739178115 0.284377642476781 0.292222028190928 0.102229230777968 -0.473613931220949 -0.34949659166161 0.435728557095252
0.0690652014896534 0.383339760743115 0.304716239839593 -0.0205252606928545 0.29512324005051 0.27864559956849 0.0353305419866003 -0.426388652418396 -0.348424462915345 0.441520312196966
0.0457497093120676 0.44179048185875 0.343551621954641 -0.0302007556756524 0.359920432889434 0.231689823040612 0.0121879908460017 -0.424346140871291 -0.344419539732706 0.48890370086377
0.0452333787104175 0.498857297215314 0.356872116903941 -0.00354788752677708 0.303707490968578 0.23148062902317 -0.0457288970790115 -0.404857690631055 -0.326171527450991 0.514092594806454
0.0474769601956317 0.439029469310331 0.367756243555183 -0.0272477167292719 0.295046046419047 0.231405114105968 -0.0182565382871229 -0.440335867023666 -0.337207007873256 0.506531901460847
0.0908530229220931 0.461496293383596 0.378239538920392 0.00804758449836261 0.309065882883979 0.22652274991385 0.0102825188364204 -0.43580307350399 -0.386419844784532 0.518857822372613
0.0791832523505709 0.502183571476124 0.40627013468396 0.00699049432704661 0.311949566586377 0.23257511226332 -0.0134305125030421 -0.444914263728733 -0.360848296404108 0.469509111594929
0.0819773267109277 0.46890810566425 0.413103081461936 0.0281781674563092 0.30911704481551 0.220106162202341 0.000277707969577601 -0.439340307049082 -0.361755320940732 0.488283542440908
0.0330839070340668 0.43496181831993 0.422642972825958 -0.0313053424081439 0.326787108947953 0.238355346087836 0.0420115311700946 -0.455143874749796 -0.365690758104474 0.503156944321755
0.0559951637362166 0.422139872205886 0.340000568977794 -0.00893959943516345 0.312575274458757 0.300474956523692 0.0993628867045991 -0.469868127325539 -0.321794339487661 0.506800304519305
0.0605055169688394 0.396633513391243 0.325759825381774 -0.0175269699609003 0.29993496200647 0.297947129942159 0.0694212146651764 -0.452734078037419 -0.287320008565584 0.528180234719115
0.0907326257882658 0.385339153978698 0.398632442328617 -0.0103263685981789 0.222367152265625 0.251167486096444 0.0415824171027231 -0.54019952532171 -0.357861055160931 0.507973912397431
0.142300682067806 0.415563583582489 0.384537208546192 0.0677786867292452 0.298731067327483 0.261972756002255 0.072309371942721 -0.498582520490739 -0.32090731564237 0.512049809137249
0.0470325154735701 0.435554344011937 0.372427266194805 0.0316437214645428 0.249540588497854 0.264883899059487 0.0701610603235065 -0.491450650362163 -0.336425830213489 0.465429496439982
0.0485554933547596 0.441475436911077 0.388290005999111 0.00958790021955515 0.229342814387033 0.23640451395527 0.0666397453968701 -0.482692180626369 -0.351607591635481 0.478533449014696
0.0725350775649491 0.434974400144448 0.351704846169191 0.0459926016360426 0.22968255071428 0.235643665057746 0.0720169301067585 -0.508119710990179 -0.332118058556076 0.49325445859652
0.077489312512478 0.34659326556968 0.381658989722548 0.170175905832354 0.274352630035808 0.370007401432478 0.0629188030552594 -0.461240724232886 -0.3547407783535 0.608988264679097
0.0767155076518371 0.363572958378636 0.317796869437389 0.198612901991298 0.274291391744435 0.352301865926359 0.0820065872702678 -0.431373854750856 -0.387412736212026 0.621072262224816
0.0667412518892387 0.349113840873087 0.363973718820507 0.18878759147435 0.284743901964255 0.370795663633176 0.0796950479078389 -0.473954510467735 -0.36627921633414 0.620078864578148
0.0599815343997556 0.348939351138724 0.335041106525582 0.186706407518084 0.269344809457455 0.387438957920311 0.0734309070030024 -0.425624236297986 -0.37545282807935 0.623537072237774
-0.0492376382307418 0.360491797016913 0.374837084806947 0.096516779403117 0.392569211529173 0.357063528054327 0.0917740994478966 -0.544905547228647 -0.200631859363276 0.601000851818522
0.0264891126303918 0.393116531389583 0.401236265223365 0.0764379381422065 0.415541815279396 0.340000820932707 0.0810056685219185 -0.586126193021226 -0.219210585840565 0.579847189072122
-0.0451363178406575 0.416743621972163 0.410354563819114 0.0927075220857043 0.376764906760214 0.357486072408469 0.0220734944279658 -0.578693981526882 -0.172963495183844 0.57674908951892
0.0241249259458485 0.377420602737365 0.370551181096816 -0.0367012336629554 0.362715010731694 0.326038992078476 0.0270703380029354 -0.549013746736821 -0.243490154779184 0.504266512839619
-0.0240217456910011 0.432463609415428 0.362080944422521 -0.0520955536251081 0.34865866920609 0.374701528372801 0.0772484879438724 -0.491539581427979 -0.21806691611647 0.517658740197275
0.209541402685261 0.515034853947128 0.704986434406465 0.219324974238037 0.0994913827815122 0.381460379830583 -0.141893763395726 -0.389597420876147 -0.20847695569225 0.433082460623552
0.214366298692607 0.426596050698463 0.734717756789355 0.23638455866372 0.133061488583239 0.380887992176838 -0.106298279740439 -0.390344646257319 -0.216416555009318 0.459413878954558
0.176120405465495 0.455397903211338 0.690050632758076 0.191836354990741 0.0998561191559637 0.364275759423995 -0.103088655200537 -0.362785348749148 -0.25043671868796 0.511939303528389
0.205800854622281 0.323934451127639 0.685993852325413 0.0934739342411858 0.109280874863295 0.283142344147244 -0.221465430151747 -0.301530607192341 -0.240392581353405 0.399066403765682
0.206107898256055 0.34711335196641 0.711679808876242 0.0556361316951899 0.096990681096961 0.320907134501927 -0.167141376988964 -0.340679450452218 -0.19895316171933 0.361171231099104
0.159518260118936 0.418879832626272 0.710457105901554 0.115078794985454 0.0950881864847302 0.29349171406195 -0.158852279075978 -0.36465479957484 -0.231184279409018 0.384006741510721
0.16970924006453 0.413130176380038 0.671615561928635 0.165576131976461 0.128933933148392 0.287396058013005 -0.0418514048008312 -0.275577589949027 -0.232309091441959 0.365722436937598
0.159850964820003 0.399616598779999 0.67499534150929 0.199278555241748 0.141238914843995 0.289622607636711 -0.0561405201124917 -0.27790082304792 -0.264395003195458 0.397403579856232
0.162056382070353 0.417182799401889 0.684733773537921 0.196370515364401 0.148575819262876 0.283048332991891 -0.0110447577789504 -0.271143793751849 -0.24366781429651 0.394543871715959
0.154499612167195 0.387629750499234 0.593717874977053 0.0721000318322782 0.136247095110496 0.264167023312464 -0.0775448920959606 -0.256253917477678 -0.312172948632862 0.324470740012399
0.276959593096029 0.356745256067503 0.660468230602107 0.164594592920491 0.200609374932081 0.373863698742051 0.0108985249002709 -0.225938452476372 -0.307362652754598 0.37716417510491
0.183883396003009 0.375282526612612 0.660446461905435 0.118756851861849 0.206578744648461 0.316308788878561 -0.0809544634548246 -0.347200528469964 -0.254279340851681 0.384239879923481
-0.1129391754153 0.430051633378251 0.491119056135197 -0.0527130732714376 0.0543820240093769 0.228403974759859 -0.102437238266309 -0.313680250060021 -0.0589047420758369 0.539596708060578
-0.153159638886688 0.356232831984001 0.514888805020974 -0.0280270377890811 0.248707251399979 0.185984707604923 0.0714532344118188 -0.384623781755432 -0.0900377412816747 0.584110830825525
-0.172068025425767 0.379307185100097 0.439195240675858 0.0623171948658209 0.224556687528642 0.269871724920512 -0.00876541505977452 -0.316342019708803 -0.14259896973144 0.482007993188784
-0.141309319676796 0.38930189262238 0.442997419856256 -0.0082615406116234 0.172978852372757 0.262932291467495 -0.0195565262544814 -0.338228957409993 -0.121396835884992 0.546756051985717
-0.139488418215553 0.372202337373717 0.50195753904469 0.0371993599705681 0.165825229288892 0.29610728691614 0.0406529434580574 -0.346025991080781 -0.128970319454172 0.514127339278135
-0.162394331061772 0.523228873498679 0.603257293953933 0.104212555531998 0.387956296853766 0.0701606737067318 0.0197879674428119 -0.407221193721728 -0.0215124697140527 0.428435503991312
-0.164345618197154 0.567779095214843 0.511171346255047 0.0772049303428081 0.2210685675591 0.0705487066409545 -0.0589850930633968 -0.297168427188928 -0.0393174206114359 0.461003669590552
-0.074454623354741 0.478555412442108 0.675984762826117 0.115874409371771 0.184869743039065 0.15384539034479 -0.0883986898876098 -0.293150010143425 -0.141283562868617 0.492156209203636
-0.115531723533401 0.48101374457619 0.613874809009819 0.0593540961418972 0.217617507628077 0.217328582064202 -0.0812766129845429 -0.276640805580067 -0.0741981625460958 0.52514511739167
-0.1364657176431 0.499193560855491 0.648733399562009 0.0623946309872215 0.158088681224703 0.210665453832809 -0.0662763205905676 -0.2441714192988 -0.0797250155491289 0.515900072349609
-0.0877847054442028 0.465759587577793 0.581277366440251 0.0776926681248172 0.292901765240545 0.221383674584478 -0.151217108564988 -0.381374079334838 -0.0905934454376645 0.52142823071675
-0.0726081732613292 0.408945654880766 0.58582066226843 0.0876753884071128 0.24645928637477 0.175258367856401 -0.0451337904169178 -0.3738942072572 -0.135681234777176 0.594738597481816
-0.0376190777966316 0.355797974067753 0.573137232254013 0.0631243646678574 0.31489624100783 0.076364501941192 -0.0463271584199588 -0.384872821092424 -0.126043155029134 0.622164662312882
-0.107200665329528 0.350572513226642 0.520870238479315 0.0690410375978404 0.16454484335552 0.17649401004194 -0.120760892524861 -0.439910620437107 -0.0547327704697145 0.520548482702689
-0.117427234158222 0.345917033046978 0.53155925171679 0.0389935330538331 0.1568609239796 0.140293930478544 -0.125687210789498 -0.445957955014507 -0.107535885742214 0.527324501449858
-0.129291201939793 0.348879099707031 0.543014038708322 0.035688701546166 0.151874590012844 0.156128219878429 -0.127208693433731 -0.453016534802305 -0.0755755952298264 0.528978540094474
-0.138513453506219 0.333997179932129 0.561043807850101 0.0558621375179181 0.189620965344388 0.149784059045945 -0.120066429386383 -0.453724692529099 -0.090021153948418 0.510569767735456
-0.0234323713500293 0.320459074598952 0.55326206023653 0.0653428505601814 0.239649780012039 0.181690312676015 -0.11624470766932 -0.444210984037179 -0.0884766695125168 0.509682564372234
-0.0577274470265453 0.409667987142101 0.562068430353676 0.061927593336876 0.271579496248165 0.163300807930052 -0.0686046447139552 -0.417849880154093 -0.0888410957298182 0.529943946798889
