0.11670454601099 -0.398341448674154 0.181486920164084 -0.202919759195387 -0.0779225912476867 0.500434453297026 -0.3644293395075 -0.037282354521276 0.0969937663631131 0.112499366675397
0.12696517013756 -0.390189471002366 0.186762670507385 -0.21185642028093 -0.0440241307156499 0.509752330617069 -0.372689303947105 -0.0289719685991323 0.0936813235803346 0.113267175615076
0.0658628593169456 -0.302714257532651 0.092949521157809 -0.169364398506742 -0.0726998195605952 0.507022315697619 -0.377521004487913 -0.0479104105932316 0.0939135251798046 0.0971550014688022
0.113368909782978 -0.352928122846756 0.123441144899581 -0.174489253405443 -0.0915241123236699 0.52401379249925 -0.39144268823358 -0.0521828624436336 0.0807261100457035 0.14287935967345
0.10957737699563 -0.367227787043932 0.125028987353736 -0.165188370319067 -0.0883725152696134 0.515259191471594 -0.388957109511349 -0.0603146741920715 0.0936124455072547 0.136090003898865
0.0336568386404009 -0.228070420283959 -0.0178115521958403 -0.329502200888316 -0.125694039002601 0.372811227974546 -0.394966926787432 0.0393774326649845 0.112660274855809 0.108201777090757
0.0238632835951554 -0.276266886551375 0.0175240056397262 -0.297783970989727 -0.147979563374077 0.371313867249275 -0.413384068557216 0.0303287119309261 0.168942541603424 0.157566945555686
0.019496561838692 -0.216686209596829 0.00778884648470342 -0.226593055744003 -0.124252305193561 0.357012903386383 -0.399334393405274 0.0193414170201265 0.210702601881672 0.147791940579147
-0.000283572976699394 -0.261803047208838 -0.032169194081059 -0.238990912687404 -0.0750764208047501 0.309158190445747 -0.386461864404552 0.034804812183527 0.207317777517602 0.0986451540671506
-0.0662174204185653 -0.30906730322113 -0.101053263837889 -0.243764253503949 -0.0808040376437803 0.361020573263191 -0.337093323238812 0.108012699526204 0.0854730986910806 0.0911400990298926
-0.0819779566362054 -0.325251526523572 -0.0401820681187001 -0.300468158150674 -0.0388114154550125 0.442426106357864 -0.429058895448368 0.199058210892851 0.14818808569531 0.076923385214516
-0.09061444131632 -0.310508904239532 -0.0145662243413513 -0.303178571328973 -0.0882424786514788 0.412420148878819 -0.390811132456178 0.190571224306505 0.152525699861485 0.00511318495335943
-0.0915284092693181 -0.361293407364584 0.000767629542254806 -0.296047627303303 -0.112865792848741 0.450175507375683 -0.371211162910895 0.19438900866907 0.135945455613566 0.037538003560151
-0.116089523147641 -0.35077462041221 -0.0232007928386683 -0.329706801696037 -0.145185656201442 0.417027263831516 -0.396638669626559 0.201481804390304 0.145050599394019 0.0412760325125126
-0.105849146276465 -0.192602779059068 -0.0991740534189976 -0.158191786250513 -0.210530022925504 0.450417972961863 -0.293462748025677 -0.00771750069031715 0.0487883265659866 0.078543037556326
-0.11138821089792 -0.217383723593625 -0.109951848585673 -0.176886660686374 -0.168036212143682 0.476701806311394 -0.284484487424739 0.0700656631309471 0.052248926052478 0.0617862031071571
-0.0993972593176485 -0.174118226159465 -0.0824210253689941 -0.173865634204775 -0.175254619249798 0.480097617362633 -0.309375481113512 0.0236560341524357 0.0632386091046043 0.0682376801389467
-0.079294529317807 -0.193277444912463 -0.0774326092841294 -0.167129284615992 -0.196006100817794 0.484762037594657 -0.30204758711079 0.0369550072767034 0.0760369329352731 0.0742927488037121
-0.0460411377091116 -0.19614748178182 -0.0623642364038937 -0.172520436928616 -0.167588427474012 0.446587272797746 -0.39617849285611 -0.0322342533069531 0.0751400103542044 0.0824251983978913
-0.0653823017186452 -0.171183247737165 -0.0699646622876729 -0.196004583350164 -0.162708225153441 0.481998844796994 -0.40542252530156 -0.00975393181213777 0.058986107864446 0.0799089670151886
-0.0125839783888301 -0.132445030532887 -0.0815492066909863 -0.216781974230298 -0.141077240549047 0.481251665656991 -0.384089218388678 -0.0437873596264687 0.123693841631273 0.0971816153196012
0.00350858797246911 -0.140304323813892 -0.0716668363577817 -0.197923567228416 -0.142384616866688 0.480926629806552 -0.371217137942982 -0.0308694939287249 0.110149414282045 0.0965088494276269
-0.0502878513975658 -0.163280612921331 -0.100760483354688 -0.200423573698489 -0.176431480926504 0.508828550428038 -0.330626603547554 -0.0424317884482711 0.134323921357979 0.0551636992636404
-0.0266777778708668 -0.184549748278537 -0.0875635459244715 -0.202390941099418 -0.15459230046116 0.507086987532758 -0.334657585905723 -0.0594518266633055 0.130958018685365 0.10203044052553
-0.0492429786124837 -0.112957708104659 -0.137310520306545 -0.226697989132498 -0.163001044094405 0.516864327741657 -0.397786686482782 -0.0973859886067505 0.140862506807808 0.0629871271452998
-0.0443307428006781 -0.236197828854968 0.0724394154753915 -0.197025336806399 -0.0943530975753441 0.519370677312692 -0.490003819570172 0.0222351509719023 0.124777206408813 0.019112856128296
0.0719962591335833 -0.168991945257415 0.014081138385898 -0.259575011880116 -0.249743075359642 0.532296515118334 -0.557073940349994 0.0608452190780185 0.184649404645426 0.0350359434964308
0.0480197558402876 -0.181823041942196 0.021397060765944 -0.248900936356051 -0.252988536752122 0.537106942593181 -0.543474901881258 0.0305701145560789 0.131191460785538 0.0349600846521457
0.093011975754895 -0.461836053655987 -0.0280915026984907 0.17248010820488 -0.0785513833725058 -0.0122904865976306 -0.245968806740196 0.556982604789434 -0.067749159745071 0.0164849370301185
0.111921610730045 -0.511887378426966 -0.02483027530279 0.177939017915858 -0.128604314577015 0.0134080923385833 -0.28203427853841 0.557453503949067 0.0136217808084327 0.0416455271727546
0.121251366761031 -0.515917445922259 -0.0478656546290097 0.16898622124758 -0.13749440356998 -0.00222858552303963 -0.210072596582577 0.544577155394947 -0.0158385481038595 -0.0207446326404799
0.132172171368154 -0.528130685916337 -0.00180326422519727 0.129771421844579 -0.138133304590127 0.0117342775620103 -0.242847473718606 0.531492588979146 -0.0127635923207581 -0.0269260057221638
0.147415911313228 -0.495648993717044 0.00760363888528673 0.140808558033856 -0.143201008278337 -0.00140263358300076 -0.243566367020258 0.534734421091422 0.00942193987323431 -0.0265590693323221
0.112698209173811 -0.469560794698146 0.0322175498050846 0.214066300942904 -0.156623660840852 -0.0233770023593356 -0.282211148856914 0.565084512446229 -0.0022886097055126 -0.0272706716128166
0.105121131726747 -0.504389878282071 0.00939832618049137 0.11739482977771 -0.0989884610812179 0.0234751582995428 -0.284629010460195 0.520765324998775 -0.0554374522194919 0.0442825260276685
0.141658711138944 -0.47859727125141 0.0265415656111089 0.148952910845498 -0.0979161696771185 0.0239389624877271 -0.249759408391901 0.486296558094797 -0.0720144724131434 0.0222957326093997
0.0738588918154459 -0.516171468101689 0.0285190275147124 0.161050122064664 -0.121538694519823 0.0294034830559865 -0.251885500395316 0.552961373691223 -0.0559997368364079 -0.0262468795236652
0.0727520520470441 -0.509835563092137 0.017169271047197 0.163849675560184 -0.121879961554801 0.0302292857091518 -0.302922099123856 0.54523116622356 -0.0444331602847702 -0.0164784228741778
0.0986778999625823 -0.525633479287623 0.00736246150817536 0.208154043154536 -0.0882400594808079 0.0570679712578436 -0.29414607825819 0.567063562280007 -0.0394780667648694 0.0182252000246342
0.123597209266401 -0.484101150230257 0.0154458491478163 0.1843625189635 -0.143013523836418 0.00332819477493839 -0.295502424942898 0.542054087019859 -0.0238731156669258 0.0217366015758323
0.106034447603898 -0.523793066388189 0.0169317878717256 0.19254750520458 -0.125294919609382 0.018674363298462 -0.280209169402283 0.560740791511524 -0.0668718789124125 -0.0283489428944298
0.00714741169659715 -0.584533351336699 -0.146943627803429 0.0597277573014057 -0.142239211992895 -0.092137267206773 -0.00278541536981021 0.266235082753536 -0.10684340688696 -0.0404743905989514
-0.00401532743996739 -0.566232075162332 -0.136124956113481 0.0615214381806355 -0.14675165728318 -0.0714169185910351 -0.0195274649692382 0.242855934678247 -0.126696757942658 -0.0693874173584794
0.0245721039516221 -0.529919393702656 -0.177863230074814 0.148424290904514 -0.178198205643683 0.00719782260937144 0.0194304545258519 0.30166924677476 -0.149285437936523 -0.0585662402491407
0.0397881687896723 -0.524680329253078 -0.177526699796938 0.13701143467076 -0.150381603446987 -0.00024810778867455 0.00266544125232453 0.278932694302076 -0.129465033701423 -0.04209311817862
0.0380650718873664 -0.551678597052909 -0.213918680679655 0.183839234536593 -0.173075467913 -0.0323700517769978 0.00119596706783242 0.3061213830965 -0.125077001762803 0.00586230030966167
0.0858693043021937 -0.560967055225345 -0.189688503890899 0.186129280920572 -0.110890892769969 -0.0410536746536082 -0.0655600813157373 0.287813299415847 -0.150483032021329 -0.00873186442627577
0.0134669855655378 -0.51569918546189 -0.165185133179138 0.143648694476281 -0.13430306807453 -0.0737412490797444 -0.0405491353133363 0.312898209149601 -0.191334681959871 -0.0600722683093438
0.0235208090424522 -0.531623586690244 -0.191941631417324 0.101880739840825 -0.122470813787655 -0.0639878824290023 -0.0542169913942504 0.285647321743483 -0.142308523181548 -0.0471342954513455
0.0976294193897404 -0.556746013231376 0.172588616557198 0.178193021240203 -0.142058145063508 -0.1422157929184 -0.0593560400262458 0.383899631263602 -0.18688077977689 0.00789423458358063
0.123598989537074 -0.539423798749573 0.0489191418978909 0.199468240025087 -0.17379491290915 -0.180881661007143 -0.0491668975772047 0.349822483315606 -0.189361522384609 0.00267540860268172
0.170312490348143 -0.506297596714333 0.0530896643246981 0.145811948370977 -0.13929798484912 -0.205847579984781 -0.103910178769011 0.384775627463667 -0.148299768620195 0.0129673029873315
0.140898248592617 -0.577148854034147 -0.0596994301897554 0.0694415591837766 -0.103944661124959 -0.185226016707933 -0.0473788910078413 0.348537300755925 -0.23574277409063 -0.0485655107535528
0.172091613693933 -0.576012124906664 -0.0696891435880752 0.0794928183378239 -0.096290868680735 -0.235612850367413 -0.0225800020925994 0.445739468317363 -0.215410227575889 -0.0328430362917867
0.188210008784234 -0.59538891618565 -0.0417080817732384 0.0657528560107243 -0.0772949274363961 -0.210739504721002 -0.0418418954200542 0.439753717644827 -0.161202759737901 -0.0318083028089962
0.191904625409116 -0.534737016201624 -0.0520806776260462 0.0905886833227437 -0.0980315121324739 -0.149183761721605 -0.0404511484733936 0.445508561659383 -0.193069118339043 -0.00386817072704048
0.174215632801239 -0.567939186191401 -0.0378739073600733 0.107740763172321 -0.0786331249100701 -0.148105139291127 -0.054099223638445 0.400869162061594 -0.202275801592239 0.00117971480970402
0.172875473814913 -0.571215716868804 -0.0401783965942444 0.099415647678797 -0.0831427175731797 -0.164400928142541 -0.0441039580759498 0.418170255624757 -0.195006672861216 -0.0107225088052465
0.127200597130783 -0.517684923056022 -0.043485068998834 0.0898325180805496 -0.127281830302954 -0.125784099298487 -0.021638649937262 0.446770482526869 -0.236279395992761 -0.0215284934147482
0.14616793524862 -0.534212269397908 -0.0661166840479056 0.167023684626353 -0.0491639610122964 -0.154099468540308 -0.0907187236573061 0.410134721027491 -0.0875101723736021 -0.0408436350720972
0.0706662029516643 -0.506006883592972 -0.010415625000216 0.0935177103693638 -0.119319527408882 -0.102629114267822 -0.0750569279856816 0.4374403621269 -0.137502676892709 -0.0714261707035807
0.0776031468325056 -0.521867853022901 -0.0311097571918029 0.0929749369707643 -0.117252955527903 -0.149436687355551 -0.0660221263970338 0.435885346968893 -0.137348139101851 -0.047737746900816
0.167065173305482 -0.585320120795287 0.0209351643204024 0.138205453085659 -0.136809988130474 -0.158445988222012 -0.175751261568941 0.480912138939826 -0.319228048493608 -0.0382485081773519
0.182132814271965 -0.561048478943512 -0.0121318387593379 0.117295658623645 -0.197994595921223 -0.0824455457345803 -0.154381050305198 0.490603699383825 -0.269647297103195 -0.073704046972886
0.160186242574127 -0.525192330824564 0.0192465645971003 0.127358024439877 -0.224797289413895 -0.0986944128101258 -0.151639096713146 0.469756021185298 -0.259605459646169 -0.0785461202773155
0.160186242144491 -0.525192329749589 0.0192465633057259 0.127358025353409 -0.224797290401213 -0.0986944130203977 -0.151639096891656 0.469756024983372 -0.259605457321609 -0.078546120643825
0.2033464509241 -0.504023694942808 0.017938197927522 0.136823833932344 -0.193678824266991 -0.165117892109519 -0.167471111413184 0.463382641319846 -0.262928269707287 -0.0185732751861006
0.245136118469939 -0.577333742093563 0.0268086804399559 0.114812975259911 -0.155082867722507 -0.175122778200166 -0.189709028272773 0.436592925141433 -0.316906392722204 -0.0550282819224261
0.213553032473433 -0.594122096146742 0.00977277027117291 0.134772663615728 -0.135287350404658 -0.150936036846192 -0.188690929550341 0.473521947233701 -0.294034920825899 -0.0682240234331817
0.215467463028802 -0.565273278963673 0.00445628351530553 0.119557059426841 -0.160023568329605 -0.130047728939151 -0.182487773772593 0.472099814728199 -0.282952580598529 -0.0591182252500947
0.200046606007226 -0.585221942687888 0.0297458004894979 0.107385933801884 -0.16518948235097 -0.150916353114865 -0.191161435208082 0.468790285229153 -0.266813496654216 -0.0573523233379946
0.0579408223847985 -0.607677781572769 -0.0338498924056915 0.181077479122328 -0.195207027440303 -0.172705574215519 -0.120012457314069 0.444573091553521 -0.204750450364758 0.0271391868017976
0.111510321360319 -0.568682347470961 -0.050686534840309 0.1519784057069 -0.166737420878732 -0.143247987000712 -0.0746573519829997 0.491535107561997 -0.131382548815551 -0.0207528437183478
-0.00542219440559873 -0.623834343883744 -0.000404835534392959 -0.0740591347123893 -0.285665598826397 0.0839493764452428 -0.0650008629297907 0.313407030886769 -0.0548264251677668 -0.0492489734419354
0.0821088150152917 -0.582281688311009 -0.00184442501966193 -0.0468405809830264 -0.215793399565495 0.116938112251769 -0.0504250547617514 0.286295776987134 0.0454754155423543 -0.0841989991248135
0.0942146343041784 -0.576778385343904 0.0259067868742143 -0.0584360363496489 -0.273793295782442 0.142899613021905 -0.0584150005216441 0.305133379342656 0.0302844740476647 -0.0405765991862173
0.0449029382219974 -0.566322425472714 0.0172089573552038 -0.0204326710323583 -0.264335772877393 0.0967279289694826 -0.0879209906664619 0.242915012751764 -0.0133609516028607 -0.0562052250443121
0.0681764069026073 -0.608910621376137 0.0421227575356181 -0.0426208513733689 -0.24534150012922 0.0884067928732291 -0.0889896007278442 0.248073679353986 -0.0521681975224352 -0.0748203100071136
0.0688738770610388 -0.635268765562408 0.0437741716304828 -0.0428426101953482 -0.255615614130831 0.0714851117346699 -0.0780884694821998 0.249513562367255 -0.018410546884422 -0.0644821058071304
0.0452656221834976 -0.640838192951672 -0.127600858030912 0.0728108387377963 -0.19191021945244 0.119741694354659 -0.0229877888499996 0.357553984516015 -0.0179704781968955 -0.0463366537187229
0.0283133321420147 -0.73103873130317 -0.0156005302083491 0.0652793963585439 -0.205502028267077 0.0747341706949595 -0.09474476580626 0.295947795826632 -0.0431108322950054 -0.0131933968833221
0.0312194470340419 -0.717148062766023 -0.0678827472358069 0.0601131004281016 -0.185187420872653 0.0872381059263996 -0.135684348355525 0.268535328220255 0.00283827331048306 0.00157888338007723
0.0308312775680434 -0.705122740502382 -0.0510585150958165 0.0289617961931596 -0.185449080312066 0.0877746595157868 -0.123248062122635 0.293515465646902 0.00232542995027814 -0.0531203505193996
0.103877261324186 -0.614382645856151 -0.0561197232752655 0.0151121507263892 -0.468107536943459 0.0417117427496104 0.00466188599971516 0.447551066401099 -0.21978593770059 0.0606819156903498
0.0760965817070904 -0.664197246378874 -0.0540359477113095 0.0146315192346733 -0.489957209080123 0.0995401673128514 -0.0452814819580246 0.370028774684083 -0.0919973903660805 0.00217035095349547
0.0377200531071467 -0.658630954977755 -0.0527355964246883 -0.00510395925469691 -0.495986827705848 0.12013215877864 -0.0688516279085421 0.421910723476551 -0.121694679729896 -0.0285922520000714
0.102775465631573 -0.646670248567012 -0.0747418648341779 -0.00403256167843895 -0.518083481626817 0.0970275351123172 0.0039348495114577 0.447220068750399 -0.153814386748576 0.0544816024925152
0.118533804950992 -0.619356060022694 -0.0833052715410199 -0.00689972889111628 -0.557422054491214 0.0866979899614349 -0.034285982367317 0.460919822710628 -0.159721298630654 0.0351154257665424
0.101499268719119 -0.667114700295112 -0.0451473013103808 0.0184770281426444 -0.493524159682987 0.0342142753549709 0.0102071000619944 0.410900659532445 -0.108838604003473 0.0324634354424488
0.072155939998188 -0.647525226355964 -0.0345147121863688 -0.00824428873692644 -0.48085986962638 0.0803795566093261 -0.0190235469264167 0.479192577665458 -0.110859258832737 0.0365167655675521
0.137716261430191 -0.623075411365326 -0.0713088512094035 0.0029866717240826 -0.475859461653481 0.0489315219468117 -0.0490920134936335 0.461109529462023 -0.129523837457767 -0.000896678603689502
0.0894827529562992 -0.608622370733722 -0.0748176137971212 -0.000377740171461858 -0.475411863945872 0.0851326037627096 -0.0451530628554272 0.485981584795886 -0.122523749813751 0.0117371478721687
0.108545175055231 -0.608490002195481 -0.0829010849476939 0.0121674663707502 -0.47515320353264 0.0507993170462226 0.00582809137688616 0.464049719320921 -0.107088808856714 0.0179010433340244
0.0951883170500113 -0.639261511114159 -0.0760331803129 0.0127376209197818 -0.496334975665221 0.042413152297273 -0.0204414756846833 0.453131785819577 -0.10241816198387 0.0107822741800438
0.0953328655138634 -0.706824500213001 -0.0548467755997518 -0.0106474864861268 -0.467675083597962 0.115888574024187 0.00270296842244508 0.452192810442621 -0.15649321390843 0.0429706900171489
0.0964401754869236 -0.683647072138651 -0.0338988991185879 -0.0327194626709072 -0.468511777011469 0.108838508677233 0.0309926041981179 0.419878447018943 -0.14560499465168 0.0216586117340343
0.11391971585524 -0.701795111664368 -0.0621247722589383 0.0361224832939747 -0.475913760783802 0.0767867828813315 0.0292815281543637 0.424433661047028 -0.136073117738724 0.0243483575923636
0.14489352467178 -0.513957416241889 0.0370133525326709 0.0425773986935447 -0.0929257459104021 0.109845904003376 -0.126391646372441 0.375131041486481 -0.290903049288774 0.08399287790964
0.0989804100496446 -0.604541849402165 0.00775760963742337 0.0329219392278451 -0.0770821670244038 0.110214534344303 -0.0553814877260347 0.327399710887707 -0.175188357099991 0.113884951914442
-0.0149274150422546 -0.609139711881929 -0.010654524200325 0.0174116049852503 -0.103603367644404 0.0588470764047048 -0.137387943016918 0.306303628770178 -0.184213403601978 0.0662596708583265
0.017838884380134 -0.639997041825046 -0.0491045302113633 0.0445937016085694 -0.115037379784784 0.112857466282004 -0.156765066643145 0.359350499691745 -0.176899909912022 0.163137444143555
0.0203683981528599 -0.62645487443927 -0.0505970651989644 0.00409263780354716 -0.106635267614903 0.0656087276215935 -0.125399899553581 0.362479190966393 -0.178796043269711 0.127912381934048
0.053797585805312 -0.645789744323829 -0.0488787353782399 0.0303769426938388 -0.10306954321665 0.0889325245785774 -0.106668327783324 0.373897261379816 -0.208063957370169 0.132195919603065
0.148476738815117 -0.575448169459618 0.0717310103263454 -0.0167915917823111 -0.380137999172902 -0.0174497186262301 -0.201546431442024 0.434512002367573 -0.205192698525352 0.247297922822745
0.0958068045929875 -0.485147777144025 0.0611906348852409 -0.0427527749778137 -0.319487839332949 -0.113145431489347 -0.180479426848193 0.445917098814826 -0.134940673501022 0.122089022345415
0.114106069560293 -0.51430629666093 -0.00609938933942973 -0.0294648466944741 -0.299577851985301 -0.112372720089875 -0.189203872800636 0.465491105263841 -0.229843973775794 0.173808017821853
0.111408885639462 -0.526642407959122 0.00403264630994713 -0.0334270393870551 -0.297664833996234 -0.1221207289699 -0.190013993626216 0.456803726456989 -0.233773065533603 0.17341477461094
0.140129852014593 -0.526701279629736 0.0621281479675262 0.019252597261184 -0.218588146316055 0.00754494146410918 -0.130299676956136 0.446438553708196 -0.224721976304071 0.252148626246326
0.145672637828704 -0.557873890245896 0.0512600471145676 -0.00643526063366609 -0.212155442560704 0.0475686899268207 -0.170665945598026 0.46728590906412 -0.191031110386597 0.247597671810126
0.185787632831956 -0.556495445450324 0.0647604375628814 -0.0211116724263927 -0.159587134761256 0.0332981332540162 -0.121637656758757 0.443418617083138 -0.215310901397332 0.266696111009378
0.185787632951698 -0.556495444906683 0.0647604383593963 -0.0211116718701729 -0.15958713412034 0.0332981344803756 -0.121637656077291 0.443418617011064 -0.215310900416855 0.2666961110737
0.185787632784513 -0.556495444332934 0.0647604408282101 -0.0211116719273141 -0.159587133122006 0.0332981370095195 -0.121637655152406 0.443418615807621 -0.215310899269127 0.266696111583676
0.186023265565658 -0.550646701419666 0.0601067653216812 0.00535443470626908 -0.183317438148403 0.0422722944903113 -0.138717500300067 0.436939459865057 -0.219448984486341 0.271657892767687
0.186023264438481 -0.55064670207011 0.0601067655717484 0.0053544327088323 -0.183317439771687 0.042272293636301 -0.138717501717969 0.436939460386149 -0.219448985197086 0.271657893201854
0.191104843857842 -0.513029341037378 0.0727644714848365 0.0150163277595114 -0.314563875752209 0.0325788626602095 -0.107875838885163 0.50268966663084 -0.236342710410342 0.22778339433334
0.202544168756618 -0.531170437429425 0.0625551364556697 0.0537690671689775 -0.239158686502764 0.00923454668394584 -0.0688455388238756 0.473617993568178 -0.25660495413644 0.20705728659911
0.183911921371898 -0.537990364813872 0.0740254463049485 0.020664250574008 -0.253651543683304 0.0478073791211433 -0.109329044779337 0.481737133410683 -0.265080986297813 0.200010866920383
0.189171552542534 -0.529093267327096 0.0622431623691021 0.0199695089238173 -0.255895571657169 0.0387196148397373 -0.0964520487154796 0.455234745774398 -0.253183430741834 0.203801682878184
0.179849934543851 -0.530244953607144 0.0609187632923467 0.0341595621291564 -0.251485128932641 -0.00815960670217105 -0.139994521888012 0.484591182324059 -0.246589198683464 0.262725108147542
0.203629003976759 -0.571000799038335 0.0680425735137315 0.020444885099157 -0.250939436058593 0.0463778300764403 -0.160932174810598 0.50587935802717 -0.227253339491563 0.218944594705057
0.202792477508184 -0.560533147693081 0.0388634414840319 0.0162933221370609 -0.26218425991125 0.0165476839582786 -0.13355844464069 0.497402647704038 -0.254809135877949 0.207910379853899
0.204019712139746 -0.549160147525318 0.0291856871105196 0.0153474317214541 -0.249057522906258 0.00788103737165501 -0.147318597537261 0.490856363403255 -0.255673858530527 0.214090280757974
0.188864417142843 -0.542520285088811 0.0857445107736184 0.0327609877958046 -0.283763180128356 0.055830319890535 -0.107631909508065 0.504055045262834 -0.269116986807436 0.224392449426028
0.219572427840946 -0.566713890204468 0.0831171387870263 0.0270650387434297 -0.241375215185617 0.0188328345455163 -0.122100008411722 0.471696254342329 -0.257597292426135 0.260445448612461
-0.0688843762668029 0.00334646001887274 0.252809074130546 -0.117093518136708 -0.148790780173901 0.283501513497566 -0.117093107144136 -0.056744444861708 0.0950919169331775 0.344682682864545
-0.0518909133610937 0.0329866815352197 0.165467357349452 -0.0623811105794135 -0.133069469926695 0.282898685132672 -0.125113756085875 -0.0731080315005225 0.0500623007553212 0.379841651304799
-0.0727850319197232 0.117909972827283 0.107001247516754 -0.0802217424339866 -0.0601499557158941 0.329367280198871 0.0020150236385212 -0.145723515694838 0.116970306473387 0.447858368642142
-0.0269527697972207 0.158671884672042 0.0806780664820217 -0.0668435142297518 -0.0810560239900321 0.311307520173351 -0.0506973333626192 -0.0925334321690674 0.0265847838079813 0.394188972308803
-0.0207397187682045 0.156401771976014 0.0750703893226175 -0.0701899740122535 -0.0882034760790978 0.309927818396847 -0.0238355153078072 -0.082394405551158 0.0360338211631707 0.405827153280144
-0.0757534574436469 0.0390913114555176 0.138312244224501 -0.0568629925315347 -0.0555688284375697 0.208305238214568 -0.00723837789717073 -0.0737995108513248 -0.0260948941257744 0.426008238431946
-0.176898344218914 -0.0179297035592683 0.0840572192644075 -0.0739681993132152 -0.0114189574479203 0.248382389932422 0.011880836448595 -0.135740458064763 0.0929252215257135 0.379168776691177
-0.0743809705989747 0.0849268535084506 -0.0660761957114198 -0.00733277400905679 0.225007748419378 -0.228247302990442 0.194696975467648 0.0681620703483393 0.243257490406263 -0.0213374375026015
-0.137095639913789 0.0402104068262863 0.0031434281737528 0.0142870445669218 0.414117513721645 -0.0769811281044636 0.161475337173352 0.0434853927514167 0.174864828594076 -0.0311059075479023
-0.13709563946488 0.040210407218169 0.00314342922126928 0.0142870452804945 0.414117514916303 -0.0769811266867424 0.161475338165028 0.043485391631287 0.174864829112414 -0.0311059074807482
-0.13105439164052 0.139233831870416 -0.0589764153375779 0.0474980644026216 0.134468836315554 -0.212880860968634 0.178039035917151 0.0509889786230289 0.119965144993616 0.122073582650386
-0.123678335109264 0.161843483657001 -0.0130711731825583 0.0286167503281651 0.263852827217071 -0.283313498501748 0.134587465377458 0.057387173660141 0.0753900627900013 0.117062072107401
-0.108445230110177 0.156132787267205 0.0212683562130756 0.00899756558179953 0.297798665760918 -0.247601391763193 0.210323861719905 0.0761718376535928 0.155972327982773 0.0724824962158379
-0.106727974362157 0.122150554699109 -0.0294660870368973 0.0427084218905026 0.269982849394672 -0.304752315577127 0.163367972940865 0.102313624567495 0.172510096254297 0.22357592487184
-0.0805134976454114 0.0992240262145849 -0.0284343010846935 0.0772990179772908 0.299105531478962 -0.300669463670456 0.141413528957494 0.0776991620886787 0.182270838949704 0.218058867242856
-0.0829045054794633 0.0721978260014373 0.0132871715580154 0.0546377712244983 0.203330625094776 -0.250172067918639 0.168536139521406 0.0174343028347926 0.19974911475923 0.170516461895948
-0.0510990641170683 0.195231737729444 0.0218692406730307 0.0299932191729183 0.201052654769899 -0.225818235305798 0.21451843968618 0.0633761759509786 0.173510443392078 0.170860345587643
-0.0810022321452112 0.131199896476635 -0.00718391955287689 0.0415540636932599 0.179759135353771 -0.185053514765816 0.186079596986605 0.0545684311866887 0.201002254552786 0.150172500953966
-0.0582537711258651 0.132099923163094 0.0299319710631639 0.0716590941458492 0.202813759630668 -0.212787706387227 0.182814024255893 0.0617197407010125 0.187225885569938 0.177444787637957
-0.0996030003976305 0.155969599977958 0.0250707825713289 0.054295816220469 0.196747157038991 -0.203634812746862 0.190137409115004 0.0676838328700375 0.20763821543278 0.174467383924149
-0.0766852478256099 0.182773206904546 0.0580887106695822 0.0433509050720444 0.192976216797744 -0.207152783949332 0.183334253866997 0.0633631831396089 0.168453680323346 0.174370630418394
-0.0374875804193734 0.154467283146308 0.0168957816790215 0.0843766139336844 0.19304874343938 -0.223866953976695 0.183635418228585 0.0699579158517707 0.196219020867628 0.152203248123991
-0.154628321076527 0.140277357041223 0.0132871398133504 0.0665038109209993 0.322669910145941 -0.250722436329918 0.163825332044476 0.12307964854409 0.201600067222764 0.175096635610865
-0.0700778297915832 0.0880312197728286 0.0801134810629006 0.0835711638601662 0.244133061350739 -0.263307650296686 0.109560085545069 0.136338368486353 0.206404175664375 0.174394023122397
-0.0320240207020539 0.112494494536844 -0.141704419563275 0.0377804822152855 0.253252467396311 -0.286436278884013 0.120279474365435 0.0310389433680269 0.175442237928516 0.110294444518275
-0.0101984908779116 0.114464718305395 -0.13198728559167 0.014857672456585 0.23889203413816 -0.282683513670642 0.111375833853223 0.0449538119549754 0.192192558088586 0.117327360337033
-0.0106006436267071 0.131123889552805 -0.126356707799906 0.0137906595496062 0.254861444786873 -0.292953198048595 0.115627118481824 0.0599253275889993 0.184477654070561 0.106004146935581
-0.0312239327818555 0.118051082591919 -0.109088811382378 0.0793658774355723 0.277540359645191 -0.248534571755864 0.186397855056581 0.057110278133011 0.114196544990952 0.053770399967473
-0.0414124400153981 0.128692506797259 -0.124411718478224 0.113936266365509 0.279031461342696 -0.278182425705955 0.171359962968929 0.0464478525067056 0.133504682910499 0.0813272714364516
-0.0377141714169089 0.121507000659639 -0.106208172208131 0.0915476631560081 0.264818881642653 -0.269174837818931 0.129608531560143 0.0610248914654734 0.0883505018380815 0.0546315709621806
-0.0613904936358219 0.10431551949749 -0.0903993240402209 0.0848093313065173 0.277365061212775 -0.25148560714392 0.127653843794234 0.0283678887840359 0.0803884469940187 0.0853694227810402
-0.0293546400085768 0.0872114253464472 -0.127708565016691 0.106310636809776 0.3089625553654 -0.25772508986957 0.134004432898597 0.0428060971031678 0.118980338764778 0.0832455601735061
-0.049005694611375 0.118168952320206 -0.126346613088327 0.086514336452792 0.279663275759247 -0.249669695876964 0.117516256018224 0.0422828434909282 0.100955961499017 0.104406008028999
-0.0617548561322679 0.104082946674893 -0.105454757397882 0.103009339467646 0.263668516875456 -0.218462528159148 0.14818300961522 0.0391782430378284 0.0877312911244087 0.0683352648446331
-0.0252621367538066 0.0866767247708077 -0.11473317658994 0.0657700850753855 0.272240430331909 -0.238974511885689 0.127012094540287 0.0255702840909476 0.0817002205422807 0.0718199707383132
-0.0167176349195216 0.0832242347977881 -0.122716814589479 0.0869487293568807 0.303837714701607 -0.229949646823164 0.135961551054574 0.0251346532058522 0.0979504708747848 0.0524152760506683
-0.00899681586862411 0.0342921697397996 -0.064481949533064 0.0137574622636591 0.246438370208541 -0.243460517982873 0.0606937443358546 0.047081918353638 0.177145330531508 0.0656889428892878
0.0233523453654429 0.0702590963481268 -0.0452312320061049 -0.000391985876573765 0.212032371138428 -0.243994083314492 0.0372614395905469 0.00464053295070791 0.181077152777376 0.075570373176636
-0.0170921806909634 0.0926099354829934 -0.0797030725728194 0.052050637697274 0.199595190103603 -0.226548517243088 0.0354850191822622 0.0413067647312027 0.170695972414801 0.0466696653274576
0.0157175654175536 0.126167401693366 -0.0808256614565445 0.0429624198181848 0.258952564442916 -0.214884697812456 0.118332036755796 0.0684817686232096 0.266519183956392 0.0513406505870903
-0.0236552502274525 0.166362801509683 -0.126552033567248 0.0578933578958874 0.236469675231318 -0.209020834407386 0.122491873289036 0.0713893852565382 0.253427903470708 0.073137061105945
-0.00954156602670743 0.167161699377462 -0.134667907793122 0.0684981405914018 0.23660506295776 -0.205406364739928 0.105399247521041 0.0375858181080437 0.235782278892701 0.102767692481294
-0.0820086480776404 0.162767281390212 -0.120595744313499 0.048623926613115 0.240145886028596 -0.270804308266067 0.121679636833626 0.0617064534415707 0.198197784422266 0.1309860198381
-0.0702275871448034 0.155532652313084 -0.107441070722908 0.018598997103892 0.27313574631369 -0.251675546238361 0.156331724498477 0.0826048115024361 0.207915324563508 0.0993634082487233
0.103601985840329 0.0329023374511862 -0.164585209690917 0.0245021926294662 0.164025392883551 -0.147623338098956 0.202870069130061 -0.0102055788821964 0.0979715527338486 0.110889816178697
0.0912738008545953 0.169543987473867 -0.172548731890742 0.0587952582347572 0.16883288818236 -0.0833260184123778 0.298555382334565 0.126819515460537 0.139612145373964 0.18336809980562
0.103733556749189 0.0992131566058695 -0.185369802778779 0.0500417194450053 0.204571019975916 -0.0915657731061792 0.328484793049758 0.0550830248750108 0.101741058681868 0.16533151784563
0.0613721056386057 0.0916086190420786 -0.132949783444703 0.0606501111295394 0.202326278020099 -0.0995506177875711 0.330722339901197 0.0664938598922277 0.0912157201247339 0.240345712201365
0.0594419834063054 0.0807571706043434 -0.140607635618918 0.0753798918601039 0.204667026964319 -0.0884149141439161 0.34146114116738 0.08051367565968 0.0890792991841906 0.2372185205121
0.113022915406717 0.108479598613859 -0.235000566540491 0.0642563871579421 0.182145808918281 -0.11474131767964 0.312611981257498 0.0214845089437373 0.0753888198122923 0.172181934918765
0.113635836926843 0.107801471169943 -0.130106793736393 0.061120493323373 0.148020392558349 -0.0988856725710707 0.332304724108708 0.0920509547061721 0.148144901841587 0.183749230987231
0.0586448604206665 0.108657518374198 -0.164684819097642 0.0292628207626016 0.187498747171061 -0.110240163256601 0.302575016604668 0.10279040596597 0.0667981665556841 0.174904427580227
0.0698644595307398 0.121537345253936 -0.131831164090505 0.0575635017419389 0.165426702998073 -0.0958546326281903 0.339039680255777 0.0839413463120111 0.147197523443285 0.207656136393175
0.103437000659034 0.117812275215171 -0.176520962110727 0.0656079917411461 0.151278501704775 -0.104224389158478 0.329892880311049 0.0718513555662731 0.113368800576326 0.166463598488599
0.103306492542943 0.112426363948526 -0.148456076971058 0.0500986690549531 0.178443053782477 -0.0767850379024188 0.349981889420419 0.0882786864395553 0.126313562506851 0.177257723063315
-0.0600535563610163 0.144550189626087 -0.0560560249101955 0.116663920028784 0.191765313126795 -0.145258196982047 0.112744160530773 -0.106513053602157 0.0198741392728736 -0.042602717270259
-0.0300974225843295 0.181572999144603 -0.0499417313992125 0.111892719335964 0.196583930322566 -0.136822806994559 0.156381768219786 -0.128488516975931 -0.0093734019883982 -0.0468584974898893
-0.0271889600847976 0.172254291315137 -0.0527551207796234 0.129380737575189 0.206016549420928 -0.148206051412536 0.182256204354726 -0.091861102856288 -0.000473358614709818 -0.0344018684766952
-0.00238264208450251 0.189214402538101 -0.0310587261198661 0.13065762522339 0.211861287262892 -0.146748165364112 0.202027042944359 -0.0860569048099745 -0.0210973772451498 -0.0575196401107038
-0.0207100719836366 0.164064821938592 -0.0540392763441374 0.110497128391729 0.201454062647846 -0.118687857707988 0.145295898280012 -0.0876256846612028 0.0267408422171579 -0.038567590837098
-0.0159172708279988 0.130202112002584 -0.0395770979582716 0.129952957617173 0.196478625511773 -0.0933347960430069 0.175393875781245 -0.0817846724093231 0.0116247307794701 -0.0304799168374495
0.0109686041459857 0.151695213652122 -0.0406559834779466 0.0528830367449394 0.175292483576519 -0.170630707184169 0.14739727121627 -0.0759614887954873 -0.00657102833929937 -0.0551520648890077
0.0109686034636384 0.151695213371677 -0.0406559829338291 0.0528830355797687 0.175292482794979 -0.170630707267377 0.147397270544274 -0.0759614886783767 -0.00657102855734194 -0.0551520645550429
-0.0412892601394696 0.114428866731486 -0.0974551520323308 0.11218246796589 0.154530495637545 -0.123426922614338 0.147902260045994 -0.154667058896523 -0.0473502235484723 -0.0894360624202992
-0.022971231953776 0.121165779654693 -0.107236460832994 0.105686644604601 0.151910197519703 -0.116340232592637 0.163198856032839 -0.143111533450337 -0.0594630704505157 -0.096291386699062
-0.0198872001755465 0.131296987893038 -0.109190697198099 0.146042761692452 0.123544549183242 -0.107704545037458 0.15293615659263 -0.125618379708436 -0.023520555748666 -0.074154501118557
-0.0173058130585679 0.10694160361931 -0.0964278062528027 0.130822902618872 0.148767690864102 -0.100082592846099 0.165936391889565 -0.104544612178923 -0.0594838293996078 -0.133253185540933
-0.0684067512160745 0.138689525974837 -0.106392252665701 0.123903040337924 0.135392088356156 -0.134274979254106 0.104811228022727 -0.121080267265371 -0.0949348404110593 -0.123769286672312
-0.0412935628552554 0.0924157793147861 -0.138407147893987 0.139857861311679 0.144135691236777 -0.127019530745974 0.141245669137249 -0.0573237552665633 -0.0779099666526158 -0.113038159101796
-0.0654412678134521 0.1154043484755 -0.112859995230219 0.157340367208594 0.149258353672283 -0.111176728700162 0.119021941855416 -0.0642038888222583 -0.0940778983343803 -0.0989942887238886
-0.0595891786335722 0.104699225022789 -0.105284328822557 0.156168598423126 0.149014190296488 -0.118152254918616 0.110253614116816 -0.0635112925974665 -0.111450700271972 -0.0856617724105038
-0.0889108409362262 0.0606250140357127 -0.112374040361714 0.153267709306701 0.162339381174181 -0.101470914794647 0.155567631261402 -0.078946607730151 -0.0715959858900645 -0.0413177123386576
-0.0303925721796375 0.084031142131566 -0.116719698316739 0.13717030815112 0.131183225147284 -0.148424661678835 0.142280480226336 -0.110442729062274 -0.0825842088097138 -0.119823400406009
-0.0556308276879936 0.0692341739570121 -0.131972540584583 0.135961608492076 0.148475645567403 -0.161830050334291 0.146327526112441 -0.148483518496486 -0.0816189636353854 -0.102247724423869
-0.0463756180000161 0.131949382581384 -0.108166185655753 0.150693939101966 0.134031911808405 -0.155154687245901 0.145978216168643 -0.148045614414219 -0.0451946740312325 -0.10859946036155
-0.0296236398439529 0.128021970162646 -0.0918589009344428 0.187992132940147 0.157784936405528 -0.142131407855451 0.150620808244083 -0.0861590097529563 -0.082377103618951 -0.0506346854845083
-0.0579383089760333 0.122952130684845 -0.127841737493699 0.184948928264092 0.146533757531553 -0.127836526901338 0.157603276185829 -0.121452653377822 -0.0645732524438273 -0.115277617577309
0.0986800966980658 0.0711040323612901 -0.0730614363383584 -0.0252515588364656 0.226480458926412 -0.116319226676822 0.227331381645393 -0.082050288827143 0.108407951177791 0.0866341855843467
0.102352548414641 0.0628201089889875 -0.0374200436826011 -0.0340277447034157 0.246566761952839 -0.0943066423582932 0.25300876856004 -0.0361278980614989 0.117255855076449 0.0710836789214449
0.100727503476347 0.0721600145129089 -0.0448786492791557 -0.0371223102106056 0.267107946609244 -0.105687094175515 0.274845042582975 -0.0420049645361205 0.127654194539261 0.0790101089936452
0.0168214662591304 0.116024974188166 -0.0476525699590723 -0.0173081654465551 0.237306030559774 -0.0997256348484405 0.29744944562693 -0.135805987413079 0.10030420504453 0.0504912760013435
0.00812464802236019 0.0951308997066815 -0.0205209613705233 -0.00320661219384736 0.258845321388995 -0.0544591532309645 0.287689830563559 -0.107678589790473 0.0780881527739269 0.0504034585847894
-0.10568203137402 -0.0675863744834576 -0.145515781845954 0.075632163956126 0.247161634498363 -0.0868194599831952 0.214561054637496 -0.138905752261676 0.121947402979842 0.166183131988807
-0.0490990557715084 -0.0116595399578434 -0.186748091315615 0.0851440927311352 0.245740805477426 -0.15818670030385 0.147138105572704 -0.0815094645414856 0.15087393748306 0.0985883104559521
-0.0180583371713032 0.131118484135488 -0.164298470226174 0.0446824793140695 0.22602724212869 -0.0289622874228681 0.184953020813917 -0.065112424400922 0.107134233811443 0.0785421518759354
-0.100139261957726 0.0465467089917699 -0.144163289104149 0.10079627528583 0.239772444530972 -0.00499970065713707 0.144613187071979 -0.0507331005466365 0.119828923715949 0.0867945734937804
0.0251901596621843 0.0420086089029847 -0.224071187986013 0.0430683615145604 0.255406248099838 -0.0280912441380334 0.155352191298711 -0.157131925325129 0.20164318144788 0.0840456760961602
0.00972162540307814 0.00347895621156601 -0.220700162869667 0.0848780742335885 0.257925761268147 -0.0393203711055325 0.112339143913275 -0.16597506475748 0.213981896006331 0.0289609407647563
0.00881814216102491 0.0618236908910173 -0.230467427648835 0.0718122493428078 0.276939516203946 -0.0374091184941708 0.122685625565752 -0.168728042816578 0.218213386045353 0.039453531484024
0.0108861596086251 0.0276685032138489 -0.23090271434906 0.0764942964409502 0.238935633311173 -0.0285231321846663 0.122748428345435 -0.147623679722979 0.178981491825674 0.0298019640295699
0.0429833758461974 0.0212509439805986 -0.167286814235089 -0.0150794899403607 0.24720853705265 -0.00512469023360168 0.188757097876413 -0.117226204367819 0.222776593808441 0.0560173544403002
0.0440582809394891 0.0346787801743725 -0.246164430912611 0.0364670447894434 0.251000494101583 -0.027069897005944 0.198669792280784 -0.0749622900414904 0.201639881333228 0.106945864213759
