-0.285921754067561 0.11414999627367 0.124838614683843 0.0682546617559671 0.226598524904726 0.0206208323100999 -0.14055038706195 0.216773537080698 -0.104865332916471 -0.271959856547677
-0.316105262240769 0.105579737286611 0.121998321337844 0.164410392764027 0.188562434320092 -0.0354442254202133 -0.174474036902348 0.267655673773936 -0.117495865407425 -0.258260601232162
-0.32434386725026 0.103355291627295 0.125995908246352 0.160571352310914 0.184173706013805 -0.0395058047218639 -0.162502427408677 0.255982625842607 -0.119026192717912 -0.252507009206166
-0.308324815646158 0.0996948002736753 0.121357394372499 0.143964043605599 0.180522777320004 -0.0468552678450434 -0.197603519169802 0.266625029267693 -0.130612133637983 -0.231439605219804
-0.326430737628588 0.104717978216195 0.115105202363983 0.149080699807951 0.184134005407823 -0.0505618813270975 -0.185872607568804 0.258884377584713 -0.10771680210701 -0.217325050990094
-0.322816018814506 0.122782476244161 0.130354278550595 0.132310087774117 0.207064130143304 0.0311875330972677 -0.133397124101885 0.291590549851803 -0.131855965978211 -0.201121868060356
-0.366690436442219 0.0889856040967052 0.0746020713942237 0.146364717549163 0.17482913191006 0.00744173658336033 -0.174759466469097 0.276515058179705 -0.0981338188969459 -0.20582556989751
-0.363571864583665 0.0927926634854376 0.122259249994487 0.147238776240216 0.202772252798456 0.0397914631050916 -0.140135634093683 0.262836785065036 -0.129068194464104 -0.21739213897701
-0.355301681332897 0.0851580243725539 0.111336502891065 0.14000116902232 0.207332538392468 0.0341290659305251 -0.144471540433511 0.262730469933293 -0.135582763709217 -0.222710974131991
-0.230433384654559 0.113138063966591 -0.094186670239777 0.0913700982501812 0.0581390058253969 0.266351218100834 -0.20147407947026 0.0883258705671229 -0.183161863570006 -0.326636993697934
-0.238751514559408 0.186062255945923 -0.132805629210607 0.0566544081246652 0.0915995179075632 0.260817281780021 -0.198839663299797 0.0863343856973024 -0.182214680937633 -0.323543730537901
-0.2725987780879 0.182576474054733 -0.0976734045341897 0.115280138978323 0.0651537924318067 0.290814447478292 -0.212689426880711 0.149645925910947 -0.177205513545482 -0.285510190862391
-0.272598782190102 0.182576473763521 -0.0976734012756733 0.11528013723359 0.0651537922158303 0.290814447885257 -0.212689424849939 0.149645926827535 -0.177205511976534 -0.285510193571276
0.0945950719846005 0.210022203326868 0.11362087913826 0.0894549005609826 -0.0410613287068758 -0.151617851750787 -0.0703026690313884 0.0139417158926063 -0.529382592801966 -0.235974340880024
0.0927460060118885 0.208680137673345 0.118471066606517 0.0800264313776274 -0.0332902417240778 -0.1987543959572 -0.0800368403603144 -0.0358133119425491 -0.497762180319728 -0.167338141976658
0.0800415107503205 0.251911857535106 0.131703678361463 0.0801897940093999 -0.0248684802956419 -0.195990727338523 -0.0974748553280067 -0.0163663969287132 -0.511412490178399 -0.215842449834598
0.122410617335934 0.219877755768268 0.108043910479446 0.0803036263053484 -0.0284774077460779 -0.187615227321343 -0.120102456228085 0.0106843664382086 -0.485521944593365 -0.212346936122096
0.125183584085285 0.190981584913231 0.114330881373172 0.108293317012374 -0.0580540543733526 -0.231628736198639 -0.0959014987706124 -0.00082378462550945 -0.455358061221309 -0.205826883212494
0.11320368527268 0.191937035438492 0.108527520277115 0.117261645285517 -0.0573631345663077 -0.243464008511875 -0.0965151952525626 -0.00886569254828604 -0.465050133970738 -0.189502348354226
0.113203677516062 0.191937036489859 0.108527505455119 0.11726165134716 -0.0573631513689578 -0.243464037116508 -0.0965151606730193 -0.00886567526342795 -0.465050121167837 -0.189502344739993
0.0863182545351497 0.282937848167577 0.165547375099691 0.0819120440893745 -0.114636181293399 -0.244217562667411 -0.0630104032513753 -0.00975840074163739 -0.464799144048326 -0.162240067579214
0.149333442632572 0.249506627046875 0.0982643915796202 0.105397724826966 -0.0894716116351773 -0.197521677134011 -0.0961518680450111 -0.0278279958913322 -0.485113646328121 -0.186088744793013
0.0889362104527167 0.208400450940069 0.114007761253939 0.110623265431955 -0.0774396497057836 -0.207736460900554 -0.0809718153588335 -0.0235418723652164 -0.496474913699395 -0.155276330379499
0.137339951622532 0.204755898705602 0.15471090161927 0.111199874784232 -0.0498512775045127 -0.283432723312877 -0.0782328691309338 -0.00681025499301701 -0.435915645908553 -0.157517533828958
0.155335664686501 0.216334474254779 0.179804022258264 0.123535668084209 -0.0452050058319725 -0.262401745792022 -0.0851034437792667 -0.0258238073104224 -0.437815135533018 -0.170721137904466
0.161139457320028 0.180191542579886 0.167220306966318 0.150502193250738 -0.0224044868134237 -0.263132250773233 -0.0985711137451109 -0.0271787950777456 -0.423909283447217 -0.159260950938504
0.156901763327746 0.184046823728377 0.162111609015174 0.139764658367387 -0.0325385317406244 -0.252624064082117 -0.0990347076533559 -0.0382027213580291 -0.438400208161732 -0.171035713200496
0.104091334146909 0.237544011639991 0.0921079819666287 0.107563635934937 -0.0558221047814884 -0.239315318773996 -0.109256266005162 0.0283964328267654 -0.534522438033471 -0.225981454524039
0.180244489753705 0.215578785548072 0.0552555539012382 0.101581536765744 -0.0517579679510989 -0.223423908200799 -0.0552643440737639 0.0525549928967917 -0.516802774051381 -0.222199456071694
0.185503846545817 0.230538695321427 0.0737418520109186 0.0967199517986155 -0.0713653133422408 -0.24361794243484 -0.0729903659357333 0.0466985896203749 -0.521679556945939 -0.229416588692199
0.122835977621851 0.208142374796099 0.0390362048489119 0.198396669586601 -0.117822230902904 -0.214251189659846 -0.0590588846545728 0.0374181133068702 -0.369052278383534 -0.144782920600264
0.196275537367671 0.252955477723675 0.00107119333027352 0.14454349190158 -0.0132222494030701 -0.20203102438467 -0.0821725954275927 0.0645640137481853 -0.390560348781642 -0.221467326302738
0.184011448583404 0.280348724709018 -0.0213549875700149 0.134383528324273 -0.0256832551552734 -0.206608046483074 -0.108575449503358 0.0668821855113603 -0.369742114154906 -0.119275918230138
0.183071322367634 0.295112519642989 -0.0171754034952159 0.127906353703644 -0.0180132530745104 -0.185711098526665 -0.0986689380369103 0.0518799449128322 -0.364389618904759 -0.150506776741571
-0.118580663234413 0.305358619529202 0.0394143239294612 -0.197033114773182 0.112622483906367 -0.0930987993007307 -0.060601856050285 -0.366991933020338 -0.491382938986033 -0.508307833900875
-0.145223924450394 0.221445981550366 0.0756934829614002 -0.172781436706468 0.107917184090526 -0.11094363023872 -0.0698612320264897 -0.368368107615594 -0.483395888490063 -0.51024573984952
-0.21782182996361 0.227762136238853 0.0626828608148977 -0.207924586796144 0.103186964482448 -0.0928550891417586 -0.0451662191046842 -0.350261440578701 -0.502958622048833 -0.517892242828235
-0.20893081568786 0.201152830801444 0.0464736429956904 -0.186097244851354 0.0982720806122497 -0.119460145101179 -0.0515191119556587 -0.364029502826627 -0.517535459246509 -0.532643546731836
-0.218181794457705 0.225388308472537 0.0571738752340916 -0.222486405115243 0.0780543643428008 -0.0791802750732677 -0.0602209907153217 -0.349891546588164 -0.465180884150276 -0.529184414353529
0.163425510325675 0.265755193344497 0.133491557176157 -0.123522871172397 0.0533262182523394 -0.20357782466586 -0.014748266070533 -0.269713102517402 -0.433268513131318 -0.563276403592101
0.10530877979558 0.235231975830162 0.106693564283218 -0.104652057956512 -0.0549757038835017 -0.225552985524857 0.104914416969589 -0.281981766091485 -0.390955186466686 -0.480262295919984
0.147398954707776 0.0751857486553671 0.225617207169213 -0.055051278432751 0.141938684702724 0.0284147614593228 -0.391444269038715 0.054544120471606 -0.157493627847272 -0.287893131509982
0.00606309404008567 0.0695471780665297 0.166416516257153 -0.0962016210600165 0.162726711086689 0.0267821341277525 -0.270490133784937 0.203025860720942 -0.135556240576374 -0.222803943183148
0.00708473566344793 0.0131791024360782 0.192936443656976 -0.068395971518179 0.127117057808193 0.00689474304487568 -0.254152368384569 0.220353279713111 -0.144364837526495 -0.233726857631222
-0.0142888108627928 0.131559166662364 0.159296121299604 -0.0457636345891045 0.176673572077407 -0.000619535683066664 -0.26026086608475 0.204763095350624 -0.0748047652830586 -0.248219813168474
0.00783813751266883 0.0693869201317623 0.163000155593892 -0.0874330983255262 0.132883315521905 0.00722520796723871 -0.249717691306247 0.18001012504291 -0.147244017937184 -0.210231467265999
0.00783813840140056 0.069386919528728 0.163000156126529 -0.0874330986129937 0.132883316809157 0.00722520936949453 -0.249717693562915 0.180010124123392 -0.147244019057471 -0.210231468059153
-0.00973768076677454 0.134170829111821 0.172549481922732 -0.0778854599845564 0.132384891244976 0.000715398070904704 -0.269172825755327 0.200419054827271 -0.145280891795148 -0.19415448152543
-0.0200574668347023 0.136652445686032 0.208727534130499 -0.105865438999591 0.137933785187614 -0.0200326636180512 -0.265564446327106 0.215809631492358 -0.189833224098169 -0.204182974289198
-0.0216744937358171 0.121177966492113 0.190150729708971 -0.084462964734109 0.125152861112079 -0.0143052377547574 -0.281212026116403 0.22597131983482 -0.146774163183977 -0.218130797012953
0.0177418306887736 0.18867208504021 0.195744400375913 -0.0157229227938876 0.115033876110727 0.0141487572303179 -0.275049397105312 0.198452147479578 -0.141697782166007 -0.181663373072096
-0.00474173161358686 0.12412671609818 0.159897255489879 -0.00839154902359099 0.0922489956231514 -0.0058257584220466 -0.267046964797481 0.22618564457423 -0.120535420740445 -0.199895951526502
-0.00662680738653525 0.11795711118633 0.177907734665997 -0.000669511533582194 0.108363889765067 -0.0112889599067859 -0.264362822479621 0.231313986740287 -0.118001573703347 -0.201114477255208
0.0174461046989369 0.18113991989861 0.22782686577318 -0.0217439639095404 0.0647024832668713 0.021382846489819 -0.26581621629365 0.25487354965755 -0.127404357878583 -0.126829819671274
0.0229209058202446 0.169196810359536 0.241540316664904 -0.0132861137283036 0.129796045528009 -0.0155377680313169 -0.257086189972069 0.22586402869011 -0.154558482353584 -0.153144833084168
-0.067520197905452 0.0766754933777613 0.197319824175635 0.00803977267896484 0.141751741811965 0.0836101103420541 -0.24530924780728 0.191199076539145 -0.192637384000697 -0.147169800200901
-0.0246039218056373 0.0873813519200996 0.216008879693574 -0.013044112495233 0.124647623626157 -0.00513723210857251 -0.240393959846865 0.200115691350339 -0.188941677637329 -0.152944579831642
-0.0146057926558418 0.0958483264944552 0.229621577003874 0.00287852923945765 0.124775543918328 -0.0162098747122036 -0.249257006804059 0.183876532925995 -0.155813288911012 -0.202727212499344
0.00634719242386817 0.103161314482218 0.226411055735902 -0.0119019997524236 0.189072481974551 0.014182590646064 -0.2908403485256 0.205738544326181 -0.194608324006707 -0.186109499768187
0.00538389838434386 0.0672696772118612 0.209133718175665 0.00487430786434814 0.163952901922948 0.0390093996150376 -0.27031630228491 0.180276305606071 -0.193048828859203 -0.22853428500954
-0.0220480548008449 0.13866241451583 0.223469851624577 -0.0361831547087466 0.14864675580492 0.0663762424070443 -0.271098956222332 0.195183203089058 -0.185167961542699 -0.208194078821701
0.0113354805037931 0.161376660001932 0.199592957660733 0.00172952772043088 0.151673694133464 0.0364471233327842 -0.291678166215604 0.213154745097456 -0.20204155148763 -0.193327453852086
0.00763798999566913 0.144588625928603 0.193170503768705 -0.0125604067432001 0.162155806188298 0.0368074442353624 -0.313450263015517 0.22044882736592 -0.184326441414742 -0.206293017428743
0.0396268225651593 0.10864063893246 0.184696299362681 -0.0979751946923296 0.0256132867946039 0.00297365868457484 -0.218014946121833 0.206875170315224 -0.18788222162109 -0.370952019632639
0.122849149021337 0.151439064682033 0.176753477797414 -0.172274958414478 -0.0575236964546125 0.156873353796777 -0.223362098323731 0.0396402171021693 -0.148324405913437 -0.366978834777378
0.107102924848776 0.155768033809102 0.21169542046262 -0.0947189492740823 -0.0634475911364278 0.151759205612732 -0.206856367077452 0.113712562464053 -0.0836485097113263 -0.366961006317822
0.101042952752116 0.17009160588354 0.18809649646631 -0.102604361062913 -0.0805983165666084 0.154258618962732 -0.206958664794733 0.113301090353643 -0.0947230489680399 -0.358230229902515
0.0952594379360317 0.190349315767216 0.187484582880464 -0.179738608745331 0.0213453574382935 0.0858623917696292 -0.114215888225776 0.143204696853907 -0.179974534934889 -0.413260540448885
0.0260381515952726 0.153263194289332 0.217434251376801 -0.195370192433738 -0.0208891467208239 0.0643324662117532 -0.185232067146545 0.0923708328211132 -0.1885045891164 -0.357703132630215
-0.0190738392972027 0.0880307459099462 0.168801093098865 -0.167484089623352 -0.0408727615879751 0.059110374592271 -0.18364080939139 0.0299509764468868 -0.245987595445978 -0.359413399158944
-0.0117728497516491 0.0961942509717972 0.179861518377183 -0.162455076934225 -0.0226275683196668 0.0620143358617904 -0.19267820674512 0.0480160428928609 -0.266882307020238 -0.375632381018156
0.00317846067769871 0.166246065023804 0.212256710960216 -0.10435270180087 0.00536611531735479 0.0275977617913077 -0.150537108482429 0.0259213124298245 -0.182629477256949 -0.395148295592289
0.0602074926877997 0.163148664433694 0.140865908178718 -0.112354102453824 0.0551539633167781 0.0803893782894474 -0.131081051208906 0.10258692141703 -0.196869700191342 -0.394176809244891
0.0206945904725153 0.124351064248736 0.212738840628089 -0.0891753822083598 -0.0281984374484934 0.0882112075251092 -0.133396244207809 0.052398805806299 -0.261081765494431 -0.403313126182802
0.0206945898216334 0.124351065140138 0.212738841917869 -0.0891753825401124 -0.0281984371496889 0.0882112090717214 -0.133396245362117 0.0523988049000197 -0.261081765486622 -0.403313125239517
-0.0369415740529208 0.205500984696368 0.143489779534394 -0.110120302873647 -0.085331128675256 0.0943854764592808 -0.173674612749419 0.131056875105445 -0.179743129082399 -0.443666846798131
-0.0107605384661706 0.165664027939498 0.201075312310355 -0.0983516610766977 -0.0424232799096047 0.059919903207887 -0.171101952136093 0.0813462572541069 -0.212501542000146 -0.465382804389425
-0.029891473177595 0.176521967454288 0.168694186297669 -0.131216378021123 -0.0473186303725415 0.0584278325967652 -0.191003372744267 0.0796285125456366 -0.225877524090465 -0.46370852365354
0.0209449262618887 0.183364934231751 0.176394908332403 -0.12262624356767 -0.0359230206248624 -0.0051902816950353 -0.2132300315571 0.150119061672952 -0.226362029424862 -0.447936609872682
0.0115916593973164 0.185535945053453 0.157713571952537 -0.136566258948481 -0.087302278947741 0.00694563516995633 -0.222700264171247 0.134124916524801 -0.225408625469998 -0.438511978763585
0.0109531791094704 0.149540085510468 0.155363383306938 -0.12259997993382 -0.0685512021611483 0.0300349132294424 -0.227147854017231 0.132269510464479 -0.256028708413932 -0.443235535273095
0.000675390587588627 0.149142329107682 0.141997953059443 -0.132184751418033 -0.0889522174471273 0.00338749061628073 -0.206057050846994 0.126790416503863 -0.241756216445929 -0.438795025081096
0.0100393708226116 0.146223842320611 0.165263942604845 -0.137795566678391 -0.0732128900041075 0.0198355513846452 -0.217621790966029 0.141069356224341 -0.248399144432712 -0.43218651346531
0.165132357166826 0.115731196487471 0.254420538995517 -0.158514735074256 0.0346483544686247 -0.0713690913765165 -0.179664819070437 0.130856019127112 -0.151317098051228 -0.285413274741395
0.124409497708115 0.0204018915771195 0.154646591993896 -0.206978898760865 -0.0258440529607711 -0.0181162890001491 -0.270659059850616 0.202521062623426 -0.113009217816378 -0.378998506544197
0.130430064728102 0.0602881251893368 0.140972699588982 -0.214767549260948 0.0133756252139086 -0.00177065953991899 -0.262989332885333 0.205250942749527 -0.0908907662000307 -0.399333959768712
0.129490177311767 0.0511169325782646 0.137089661986081 -0.227425329238161 0.0221179746704156 -0.00671734135035369 -0.248652032734984 0.209137089476981 -0.0905453484785011 -0.393731309795972
0.0262836543000587 -0.0132750438547694 0.190551947551654 -0.135259252396419 -0.00541021492639635 0.0163115064299648 -0.249657817730664 0.120693079543771 -0.144906964286982 -0.365510829178965
0.04253397736036 0.0244971180784608 0.250572902558198 -0.191644347053267 0.00899510864567654 -0.000671413383142644 -0.279339114659164 0.110653770429717 -0.105436301119814 -0.354589202892447
0.100306660139575 0.0707933499363223 0.238228011204447 -0.184225904182024 0.058324958612212 -0.0207914193004496 -0.237734788357339 0.0784851644500691 -0.168796145170586 -0.331865348814411
0.0641158876556586 0.00578972561325144 0.203443563247957 -0.247188349102683 0.0891383046600286 0.0296786337257475 -0.27881043337755 0.102563938998317 -0.147828408222256 -0.35187991245632
0.046633020089366 0.0620809845957228 0.182651987322912 -0.171619323578541 0.0807404713807315 0.0478385914621796 -0.221220753889462 0.170237782473609 -0.0877288529859 -0.357219302992105
0.0122770901395992 0.0489045571705335 0.186613994016603 -0.168364440283863 0.0933778833351365 0.0103902041717841 -0.2397854367966 0.157162417865349 -0.101205428123979 -0.354881600302113
-0.0014484997039232 0.0474104719424515 0.162663005795099 -0.174997480288084 0.0752632887540368 0.0514299105734617 -0.208678841772207 0.181897499224389 -0.105026569137884 -0.346914963405777
0.0248379692161004 -0.00703170843832846 0.12936878677866 -0.208363908635417 0.031792238185315 0.0354893646212557 -0.32803631451206 0.143159516784512 -0.0245215709859148 -0.408878339974576
0.061075798031735 -0.0275386775909471 0.163696927665734 -0.196139835025944 0.038575098430706 0.0353723399452126 -0.272755792375362 0.150840449922753 -0.062524144797625 -0.412857874657313
0.0595409063060307 0.101000689803149 0.141540826990519 -0.264636036353933 0.0427133198196692 -0.0280611198600824 -0.296623262994137 0.126267306598432 -0.0799510828568972 -0.35681566813919
0.0938340936868868 0.0843147731009405 0.155623009452302 -0.201626524925957 0.0705154502035597 -0.0480331500353286 -0.335966152972224 0.131285375337272 -0.0678601975711592 -0.396297317656516
0.0800488392988181 0.100131944209159 0.129796345946648 -0.208375743744614 0.0502236709534942 -0.0390009929502885 -0.308615672908577 0.136574490940314 -0.0935893500801021 -0.404672972364865
0.0502671049246739 0.0222134310408345 0.16342326138111 -0.185845601401357 -0.00522255520223336 0.0771280368220112 -0.212196754551763 0.0952215984331144 -0.0848964124838678 -0.319711311717078
0.00358818493571297 0.049275588753433 0.168165647796328 -0.185556922815088 0.00442103574192878 0.0552901327077135 -0.254498326730899 0.11683228726635 -0.0901127665308361 -0.331216432912334
0.0244325769429244 0.0593877720414664 0.163619212405427 -0.186586001176303 0.0204854628115303 0.0650386416629572 -0.261091905968327 0.139714954854954 -0.0941975653310579 -0.308122479080027
0.0241062248191047 0.0798046536698736 0.167307603362149 -0.189113950416779 -0.0102154818348287 0.08856073878098 -0.250635395573169 0.105664379301218 -0.0846026754795267 -0.308473246360641
0.013957445715291 0.0681954455244213 0.17079766001263 -0.195717393464481 0.0062585830649969 0.0617073793599508 -0.230004544942234 0.0901680628679148 -0.0849857790708766 -0.284364780802347
0.0228558588117212 -0.0422663962884203 0.401035410704528 -0.105026535022415 0.189956606805573 0.233872288349631 -0.20691038125717 -0.177812066870976 -0.620618443567294 -0.0286315039230022
-0.0129500913106914 0.0212890400517927 0.433767279124534 0.00349985409266806 0.205733737719808 0.2768459804842 -0.114810726017452 -0.160297638248546 -0.492658020683656 -0.0728024780364337
-0.0215095051736646 0.0285227669367003 0.431649573074221 -0.0603389379745288 0.151336779290516 0.242420397210094 -0.069516739540679 -0.111653821117021 -0.53050544571974 -0.0419440957622218
-0.0214893429239875 0.0479139022183907 0.446738947539708 -0.0231471135795809 0.128524762797708 0.266769205174159 -0.104778983799959 -0.118400998136504 -0.538126148088579 -0.0377054879388763
-0.0326258440399857 0.0150797366013427 0.436466285549055 -0.00744733470899236 0.157562183814609 0.303185928775036 -0.100981827084608 -0.128003105154812 -0.594074957536675 -0.0420503947605315
0.0578141308694674 0.130319431966874 0.267578588978182 -0.103003102647905 0.170874625591022 0.201990668486276 -0.196571089978072 0.011916490193297 -0.382024931494093 -0.0991795055464292
0.0632873896602063 0.141055015920054 0.280828712693479 -0.120051612809984 0.176443104907021 0.204384878476679 -0.195597008794226 0.0246124115982804 -0.391934079984251 -0.0793982752331075
0.0985236205926832 0.164942559490861 0.266257890089062 -0.096135115974471 0.0815738872725438 0.227756547610497 -0.209527189491921 -0.0415159819790789 -0.441696877884459 -0.112723810876759
0.0464471384238964 0.155465363236316 0.250554599109115 -0.148128778921585 0.139166374163559 0.215014607580942 -0.237568707295592 0.016258360907084 -0.425580478419968 -0.0745846726561165
0.0324182167189894 0.162685578706981 0.230371893641785 -0.0285324104563453 0.10484870363521 0.188090547018326 -0.251056881086285 -0.088243383225973 -0.426550344006693 -0.103930078845669
0.0559840682223594 0.128960721012842 0.257742582375358 -0.0401896064983331 0.102486460928269 0.16513900826863 -0.196638044109366 -0.0565783433153797 -0.464241001131842 -0.157651381322595
0.0744873022503831 0.199409450150708 0.341323654494704 -0.0566306490917906 0.130374013807365 0.131451095057962 -0.283202227000684 -0.228226491440422 -0.492946137580502 -0.0754641666039259
0.00383601098442495 0.289565613807288 0.397313170842675 -0.108460113808113 0.128420406800611 0.154865354894689 -0.278366124733844 -0.27863109904387 -0.429572579735205 -0.0560008158046771
-0.00701261149834375 0.282104943025384 0.385696349471727 -0.094256032133142 0.114196431030029 0.146214704813054 -0.276620847454126 -0.274780665604816 -0.442533150713633 -0.074244823006343
0.0143033892549056 0.321892820672144 0.402476013479816 -0.0683711976256987 0.148204850403533 0.171793606912938 -0.247737765140982 -0.230306166443327 -0.489133755226879 -0.0647931313297544
0.00927334459052903 0.304865493485291 0.368715931870548 -0.053420179228825 0.179497072469516 0.188603288561485 -0.265836976632466 -0.204528100038867 -0.511422407382336 -0.0236356311442946
0.0205273825065502 0.195652045099681 0.288097342193277 -0.0464188926930655 0.110212953144033 0.10702801859897 -0.186421088327895 -0.216780212415207 -0.470859537048807 -0.0544633944977194
0.0918039573227215 0.193541301433242 0.314268465244124 -0.0472395947449313 0.153399589989452 0.121623562405759 -0.173959753297883 -0.266833417184216 -0.477160466406105 -0.0594503717876632
0.0934017552192292 0.187436861906292 0.387832259590884 -0.0736332227109253 0.215926244740747 0.0895647125685464 -0.276326430926435 -0.186904810099659 -0.494271479977158 -0.0346289809811945
0.0857480222495903 0.171641179218502 0.367767399381892 -0.0404244029688774 0.223934034213289 0.111987520429942 -0.307520228519616 -0.189314363017466 -0.506556910894787 0.00554519690164606
0.0189088447121562 0.187167895877269 0.346951960390115 -0.119239577897071 0.131404983853078 0.190066213106029 -0.297986674272442 -0.186322068890643 -0.421851411276963 -0.0809574244566996
0.0936674358603465 0.213927345732996 0.320014677064625 -0.0757997022413117 0.1286591396871 0.227414201818783 -0.223734209046667 -0.20671375503248 -0.479459313506438 -0.0850183327325306
0.113255527161154 0.224113947684884 0.303226419123469 -0.08493232617179 0.13106575036383 0.181602271390053 -0.290820861625249 -0.173293135984487 -0.503977399051045 -0.065740536914251
0.174853948421188 0.163182726608573 0.28954938300219 -0.0922016053521166 0.0538703621693328 0.16557161007403 -0.217126461858921 -0.212292782373052 -0.511486437261151 -0.0991497097913834
0.0791066724720336 0.132326211869936 0.438050580026716 -0.148906405819319 0.212596805614293 0.228640097263841 -0.213180501362209 -0.180619106668876 -0.379871410857808 -0.0685914535621382
0.127906853199975 0.108532884206082 0.358633828946484 -0.0707209466873225 0.178002662181267 0.198610037830891 -0.24730701285942 -0.144313506433323 -0.417097184111362 -0.114678369282646
0.0896996232319505 0.155293455371355 0.359209627665439 -0.124439139689053 0.131562452290363 0.216332263439341 -0.223312726897722 -0.195341209661057 -0.393680112711293 -0.0820476273641042
0.0716513664513111 0.164671573266615 0.432906949324172 -0.131031209405129 0.192753499260682 0.196842994591407 -0.175698500276026 -0.154805400073834 -0.429784063640339 -0.127000087386293
0.0569418759197631 0.183287658036246 0.423396820305201 -0.145495153989181 0.20667138856584 0.216202356343599 -0.183119644464643 -0.147498111764013 -0.462074062562605 -0.101042812489777
0.0495130288060878 0.145902066132387 0.394519760366712 -0.096756844093035 0.189838669605462 0.221258022532607 -0.155629269252938 -0.208436111575992 -0.451601058497338 -0.0688267899244569
0.0824103224200026 0.13085335991103 0.443984154075441 -0.122413206934702 0.204704827030448 0.211098182494307 -0.195910774334974 -0.212000375877946 -0.462810096737064 -0.112167299830767
0.145493267720241 0.178967848454627 0.398818131901967 -0.138554040637632 0.107996162116862 0.264260948220866 -0.190025029134829 -0.118775812044755 -0.494766646647902 -0.141332157524254
0.162375949538034 0.199101292975656 0.400688371468678 -0.132087491710807 0.109213746200085 0.292706001602175 -0.1961669554711 -0.142738829233465 -0.5022445234798 -0.148734131111373
0.16694181073562 0.197139715111716 0.394649502232499 -0.16493291581825 0.127649212746368 0.265245163135633 -0.220829724711867 -0.146487158790522 -0.478161968319215 -0.138677639452852
0.187182517697136 0.161003694924725 0.404308734882809 -0.116863309278078 0.163335151648229 0.23441890159688 -0.17735112249277 -0.173874186819772 -0.502370174533989 -0.159535317130668
0.204018729690133 0.16067236347805 0.40526545176603 -0.11424865908799 0.139517626917286 0.238356296496062 -0.17309760165531 -0.18302951404845 -0.501304922130732 -0.147557092939479
0.196373821760908 0.14018726593694 0.405705008584979 -0.0949434510125913 0.163096862662974 0.250291283832262 -0.145411901610229 -0.2183850788828 -0.498964111989153 -0.117918101511632
0.175947093527858 0.16361795019632 0.414543569662967 -0.0848697082110401 0.155837327774889 0.296111832753294 -0.160494917816811 -0.184555276338076 -0.505222547774282 -0.123840111361167
0.192419462222699 0.16571686961902 0.421675857315295 -0.0956959855604683 0.158672103066253 0.286806384229112 -0.147328821043515 -0.180287966006726 -0.49189100298399 -0.116022390097738
0.110764292937657 0.188687126447974 0.428977176098377 -0.0621221016380621 0.151924229593429 0.295160070775291 -0.191141760943931 -0.17926784019007 -0.476065340339008 -0.0962378183033185
0.156898185466392 0.138687875516245 0.491741229246261 -0.138720731757699 0.150020003948123 0.23353308627362 -0.165276736584758 -0.117431814507874 -0.486118879522672 -0.166632696711234
0.1673963434811 0.169074480161345 0.465362065684034 -0.0818223387447476 0.163966184242968 0.254486732640736 -0.149976128578576 -0.145559217300386 -0.488111249912261 -0.142624819827577
0.14654456767476 0.142147817714639 0.40724477070078 -0.0577381326900336 0.0956378449264049 0.222288180931408 -0.214550797804888 -0.150936743093977 -0.431892755633891 -0.115696815529293
0.169421652931863 0.183913458524008 0.425730642851364 -0.0752623281547558 0.0874830593987349 0.212546535787014 -0.171499095175718 -0.14634880122478 -0.430525499066418 -0.129798533269045
0.04187747136774 0.18898050447791 0.265572259095651 -0.192956764023456 0.0563777287041395 0.130110825159168 -0.0965467193949241 0.000815954068865722 -0.404701177234833 -0.12749714423291
0.217648022542157 0.110063693662039 0.365824996171276 -0.238343116702618 0.124715727190916 0.13565617203855 -0.185505354500991 -0.061861287149128 -0.396949919060249 -0.0624249785865947
0.0823938642383751 0.0559021446146881 0.364859774674753 -0.202490229106964 0.0727592531073706 0.217987449258032 -0.282854209575734 -0.116869521511808 -0.508870332544126 -0.0420229950300426
0.0676047523587134 0.0680049616966566 0.35906418863411 -0.218585994837355 0.075195195019721 0.229983482790208 -0.2895023456818 -0.129789139859023 -0.516907191540627 -0.0319163467609853
0.112746085226769 0.0166499563964027 0.394360561703782 -0.214267148731994 0.0599677993717842 0.256990901554112 -0.31934448579497 -0.165892803352087 -0.507631914440164 -0.0583616142544142
0.11274608393342 0.0166499579585452 0.394360563264946 -0.214267149078502 0.0599677991477597 0.256990903123674 -0.319344486330866 -0.165892804198753 -0.50763191386481 -0.0583616125519585
0.112746087185887 0.0166499571339606 0.3943605620914 -0.21426714952292 0.0599677986419655 0.256990904634867 -0.319344486217495 -0.16589280416936 -0.507631913627021 -0.0583616144681157
0.109308478222481 0.0235079507451661 0.433193526075059 -0.186715162663358 0.0585811259726539 0.24001778091518 -0.310641197685757 -0.147605956315101 -0.485116105962762 -0.0761189512817367
0.0612301697663177 0.0259773715682466 0.403599063133715 -0.189641147072209 0.0773977394198642 0.230625209463909 -0.31548514481263 -0.174892164679364 -0.505693010787925 -0.074855070349711
0.061230171337276 0.0259773723877294 0.403599063149194 -0.189641147666536 0.0773977382136649 0.230625211642913 -0.3154851442213 -0.174892164993591 -0.50569300960164 -0.0748550703549392
0.0758534081180502 0.0434121280072378 0.395744971587399 -0.189537579431459 0.0712101635926794 0.221702634457877 -0.291022584377239 -0.177339835430694 -0.503817320637891 -0.0420064456203682
0.0833254184631957 0.0248126368125765 0.410843717979539 -0.184541282515417 0.0679861546616754 0.215384999604806 -0.284203718999932 -0.166352138237927 -0.514439310108369 -0.0524079778524322
0.117443040252727 0.100209262393144 0.369564302121328 -0.150655677372881 0.0611367854254523 0.110029080957898 -0.28321209455104 -0.118057553376277 -0.457445786812277 -0.118980005943555
0.0772173675154584 0.109771395507147 0.315222438199158 -0.182894487881389 0.0403205268394063 0.128932957534637 -0.318825841125531 -0.147747052136234 -0.447962108458515 -0.125146553049723
0.0830973326022635 0.0944901163974753 0.367523071268 -0.183805800282599 0.0643199062176183 0.150402940212004 -0.253613789999408 -0.167200045418406 -0.473453691414963 -0.138918628283983
0.1154893194139 0.0483960510733617 0.321115977473911 -0.21559044419181 0.169255896191772 0.133324678234958 -0.309337236876483 -0.133250167478672 -0.460133604482219 -0.130805857182269
0.0874827956671917 0.0860125556896074 0.321355918428248 -0.156524029128835 0.129770598116574 0.161869151402165 -0.306255395017304 -0.111918332697431 -0.453204338236383 -0.112713870140188
0.0127595555822815 0.080864809319241 0.348949511481993 -0.252002336336093 0.0919909853013636 0.227159901625465 -0.28117662592895 -0.110903725572397 -0.499697907829457 -0.129225158784571
0.0404582786657898 0.0539382607106788 0.357129167255924 -0.284340705929642 0.086468633683773 0.21528703409102 -0.291334090230689 -0.113995239741436 -0.484301088437632 -0.132914790665678
-0.0421804169049105 0.077249306019131 0.299990252142113 -0.227202878598421 0.0278695398530251 0.230361365698364 -0.300480371293165 -0.108535826823221 -0.42822981502265 -0.112853984801695
0.00931534932146537 0.0804203177890231 0.270143798318861 -0.205765971467112 0.0702494440521193 0.242422698923014 -0.281207328876481 -0.0683560502386621 -0.441543373430848 -0.107225223642967
-0.0433980550401577 0.0635621527788076 0.2925089300342 -0.185758028098141 0.055950592571621 0.236534414917476 -0.283527956867075 -0.075986978253232 -0.463171675824255 -0.109461405245898
0.0692159500869246 0.127531127262539 0.24802236125161 -0.203123575293795 0.252841187479807 0.134042374851081 -0.226551178863172 -0.0538614110289881 -0.509564995127655 -0.0108367507925363
0.1000498242472 0.17657247221709 0.235247169277864 -0.212693110061131 0.206607581088074 0.176122166218304 -0.285193706319044 -0.0704339622337717 -0.439468750358253 -0.0440179669170209
0.1235654122864 0.162421358089077 0.271268865162899 -0.213412225300158 0.207411593241252 0.208168552552468 -0.281494074278785 -0.0605464417658148 -0.464843346014625 -0.0499482409479186
0.071995812748453 0.166736797459966 0.287626113623493 -0.236017151117643 0.175101943340319 0.171831740249303 -0.263992269049707 -0.103497147843901 -0.479307759415748 -0.0835061955854978
0.104524749687471 0.106852290795936 0.293178882054384 -0.211659275315919 0.186091834692295 0.186717188836756 -0.240620159268062 -0.122676869929268 -0.454048223989456 -0.0823252770329906
0.0827676224691346 0.157122631344466 0.33202840253227 -0.219949667743451 0.233868682060907 0.119892529594173 -0.271231066269495 -0.157293618815633 -0.448934274141904 -0.0573391791951581
0.0721348612804747 0.0892104820013575 0.377078881968862 -0.181962269132276 0.14500756231122 0.181137586920404 -0.224773336882011 -0.0714481551660932 -0.492491320440561 -0.0220879306672636
0.0741700913352228 0.0950367881883435 0.378210287297215 -0.192741986318013 0.135540946430304 0.200417719552171 -0.199709299297696 -0.0808565946575626 -0.533193496284469 -0.0688544981056928
0.0818245672022687 0.0935747965417353 0.361453535005327 -0.22296078309276 0.154278977308816 0.195243449590792 -0.195262456599172 -0.0523115029693304 -0.5172923984797 -0.0280513900614934
0.0945398624673853 0.0638343959404726 0.381175552784293 -0.186404072594369 0.12958738209102 0.12558474966355 -0.20492598866107 -0.0343876459575494 -0.495319246255833 -0.0488823337035046
0.159450153146522 0.134588271254318 0.317441234536386 -0.179067926475686 0.120006610927279 0.161008795984094 -0.308749999380517 -0.113666571551257 -0.526095474540622 0.0280526002686097
0.0801750052864383 0.128378581244574 0.331258807146545 -0.178278140084625 0.214458330716634 0.19874676757293 -0.316617989230059 -0.156100878726869 -0.511987403339566 -0.0985627081978529
0.0847107760079641 0.156595424919794 0.336107282262921 -0.176285262516462 0.227115849144745 0.177381594045841 -0.329262769069261 -0.142188965063503 -0.508582601791551 -0.0827227295305584
0.0792006325447126 0.157004988319458 0.314614802565242 -0.171024898333451 0.187123509528876 0.172116824623802 -0.260675567161759 -0.065721165838916 -0.538971605048105 -0.0938368297873915
0.0455813384649706 0.18614701736708 0.34613610677599 -0.173289577773027 0.221859129529553 0.191144790906939 -0.262620587203511 -0.0632208796375453 -0.504981955614282 -0.0920155613415059
0.152001139467481 0.0296398465543916 0.296323655681057 -0.0594387132295442 0.181456137044988 0.00807135714374536 -0.0821032774500773 -0.0475670982981252 -0.425352820876309 -0.115137076387157
0.133045543471835 0.0191824673305339 0.344677532194243 -0.030403176136118 0.190758675162764 0.078621436982318 -0.135622803793134 -0.00975162405321804 -0.348488365775909 -0.0914065278337533
0.110007939703876 0.0279219645474186 0.365961210756466 -0.0168134605189588 0.237231453362158 0.0836026787282088 -0.168503190617587 -0.0143203043696423 -0.393551224805617 -0.103282755118227
0.0133611969889216 0.000177679300479184 0.311414452348528 0.033325948113563 0.247623790657133 0.151129542093545 -0.158244864238494 0.0483566273509345 -0.333070432084473 -0.0751256763358536
0.0639310843460997 -0.0167218051332226 0.361383279645996 0.0877473936306046 0.167429432445531 0.15922198318544 -0.169288161933052 -0.035340757223348 -0.313915920443926 0.0133118663923622
0.0556643769852293 -0.0659691390579072 0.363665564473557 0.0270372972537391 0.167411505834126 0.127856299510873 -0.129275462231181 -0.0453629954562182 -0.302763576659666 -0.0110798210642997
0.0500112492533602 -0.0388327465586339 0.386908702165984 0.0507865223255003 0.172888927817768 0.13096899957042 -0.131300249968657 -0.0184330109714607 -0.30885927605088 -0.0131976407437512
0.0430180806220104 -0.0134874527386411 0.408639292559135 0.00331496207762305 0.182975158880576 0.103915877063387 -0.129534927524089 -0.0434498924089515 -0.321000934558893 -0.0552782282384554
0.042491715496865 -0.00670555750643779 0.40138373677884 0.0121630593413765 0.168790964584744 0.11184045587595 -0.137206638453395 -0.0448849248944948 -0.290506480469138 -0.0467405968287785
0.0220993401076911 -0.0193190336199368 0.318775264379388 1.03585542138469e-05 0.203220250743533 0.10559755679373 -0.146219329526461 -0.0876546953411959 -0.301874601186594 -0.00596314978876953
0.0148394776601365 -0.0220363007646481 0.31150343085405 0.0425424127389469 0.232562671631997 0.122950402476121 -0.159196810526114 -0.0592865767899144 -0.222755072768839 -0.0558900359242539
0.230209957306565 0.126498720598957 0.238772880853861 -0.0409345300507029 0.128933364891997 0.158012964856866 -0.177017528493137 -0.157926125535905 -0.348267855000685 -0.0107179247077993
0.240596666895947 0.122691313395099 0.227150181114306 -0.0349482841840769 0.128696126375524 0.169209295445846 -0.183826202365744 -0.131850996245085 -0.362601284940848 0.0136564360503097
0.153413361111453 -0.0575865179043712 0.45287118143217 0.000377328035287765 0.164344265151988 0.178052018935887 -0.279435690903693 -0.0641081529347674 -0.423065841760326 -0.163211171753619
0.173929629570222 -0.0403386472332014 0.436262362802862 0.011238847119149 0.149162707833488 0.165240805639712 -0.317166266995654 -0.0553257637599492 -0.440571653087079 -0.190570103934271
0.14663363092367 -0.0276019168133865 0.435195784380011 -0.0338449215954495 0.145673420369606 0.13672478687465 -0.294915804699101 -0.0528530870694673 -0.445215672136145 -0.207784842790641
0.0552518152855252 0.108221048398229 0.37345401691812 -0.00665545864870274 0.0403034735716781 0.248747901730794 -0.0453905209792838 0.00654021429931989 -0.356734817901404 -0.136463342697743
0.180985880319229 0.0193056363389121 0.430528489038717 -0.0366459704472732 0.106618390468149 0.318526701306154 -0.157086387565499 -0.104339493769768 -0.364630111300081 -0.0553250593189285
0.16396301756541 -0.0209589591879967 0.40196786059148 -0.0805991141578167 0.0495426856153962 0.362681129486898 -0.205541261286617 -0.0767142227364802 -0.341516640671335 -0.115418575828042
0.168851234665001 -0.0279839479128228 0.399289846701924 -0.0922651219157269 0.0618407756606628 0.342154828182415 -0.206282592180425 -0.0863158370437415 -0.339116416257446 -0.116553965779887
0.128645849579389 -0.0505813713699743 0.400567378712489 -0.0708580759381476 0.0590014874086138 0.337541058988635 -0.208091298456314 -0.08887265575426 -0.349602309572865 -0.0820394369803407
0.179342400475727 -0.0250977021249548 0.346177189806485 -0.0434878993110871 0.0735049792102276 0.291834236519121 -0.184325931436312 -0.0818630919586901 -0.341386077495724 -0.132101719557662
0.185240400785626 0.0134260951172256 0.399680427365544 -0.0261184099363254 0.116763629687998 0.328865823661009 -0.207736226233196 -0.136106633216459 -0.371637242758615 -0.10871021219411
0.134676623215472 -0.04551086363812 0.373471279162558 -0.0559299859003402 0.153706453479289 0.298290359813072 -0.187057296525288 -0.0772780031232602 -0.376972182153551 -0.185254015881846
0.103917998670868 0.00641936338959079 0.347885000939261 -0.0605617623287714 0.156174491277551 0.379666301845923 -0.156255878152053 -0.149904712920764 -0.360532322894265 -0.141299520614842
0.171573071089876 0.0244772404242167 0.384214892166226 -0.0540784154612392 0.158840943036211 0.321519642124412 -0.172006313216624 -0.136622124499416 -0.346938167046018 -0.136277617009643
0.214344379750129 0.041177927789184 0.402312756598939 -0.0823069843451808 0.173955838025162 0.229911795129768 -0.23580285332749 -0.148507297935649 -0.338953844844939 -0.160676008960542
0.207738640843029 0.036644767810321 0.343393033468872 -0.0412248431664601 0.121090724291775 0.25871148725559 -0.114920480594389 -0.141590142760758 -0.408095672538973 -0.175123586373934
0.212931835051163 0.0145016823382019 0.366380458128778 -0.0753901965258182 0.109573094565756 0.255139450345156 -0.205220476642087 -0.0655544712100714 -0.397482524275101 -0.111801621984749
0.254019155968911 0.00624159909869933 0.369630452374832 -0.0750143871741475 0.0932321885117247 0.24537970164888 -0.153433272332976 -0.0703811751885647 -0.343880659112148 -0.111132135420237
0.248273665728389 0.0144887962423355 0.363795108485039 -0.0926485604071366 0.105104178806834 0.245343160919259 -0.149539123825887 -0.0821675589546791 -0.346161831229537 -0.119439062891171
