0.0586484320667941 0.164135377423251 0.133553020469379 0.232578929614424 0.0848224461714208 -0.174369555467839 0.236569067844948 0.256440830984189 0.144227537581422 -0.174711210654856
-0.0899066120758087 0.231431263186146 0.203200025116686 0.118751522517318 0.0155205430645877 -0.118232134990244 0.0728361249233666 0.209198073305136 0.16867783350379 -0.192402558045945
-0.0755865261665071 0.292788426397013 0.144474412310224 0.131833243434491 0.0714789172863992 -0.169863437166476 0.0554834792697614 0.263492714497484 0.193819842930489 -0.251736332706128
-0.0858616705176962 0.265507552027026 0.137940359114726 0.15328462365079 0.0622901728153429 -0.167818323521349 0.0626283216093599 0.238199317778873 0.190736770133664 -0.237612185357488
0.0311196715770327 0.21449343171818 0.286017014962761 0.237699787528163 0.240292621565412 -0.368479554354573 0.147613242527817 0.347504428342015 0.187806634723705 -0.300485618986801
0.0750000681854444 0.180087000283541 0.232148394149221 0.265406685990323 0.218661577783128 -0.325887095304596 0.127249864559576 0.349039749984661 0.199220443647565 -0.325071429611136
0.0103187484238449 0.200650964489086 0.199860408302377 0.0973443019245923 0.146974028562382 -0.270083297075497 -0.000837280951087076 0.300672965961306 0.307157781022177 -0.249365783146919
-0.0204853363887811 0.186640798167719 0.208143202182215 0.125393105007893 0.0939180172430017 -0.257522971761775 0.0482888009954736 0.349866518828254 0.308721992166979 -0.304613692221711
-0.0280325076891552 0.157833810350618 0.192305826716653 0.098254962945027 0.14098513812826 -0.241032219041883 0.0550742767299943 0.366364658429498 0.294544422772722 -0.306573641176667
-0.00694824708370496 0.18442231529664 0.198930218149869 0.114124219972219 0.126076648679658 -0.23768426282066 0.056994943767774 0.37885868415727 0.312736053982073 -0.286109636610801
0.0111755199076585 0.177695825107577 0.189756198726054 0.169727384840076 0.0731639274372383 -0.313196794028841 0.0812858729805587 0.377934059130717 0.319573478273439 -0.305099981575604
0.0105438782740555 0.145938747118446 0.179529501253511 0.173186620832589 0.0891727576580445 -0.297688380841829 0.0373457689376183 0.391595348316936 0.314927786905235 -0.365302987012885
0.00246095329666784 0.152558465007355 0.183518515270836 0.198829172954786 0.0493061567441011 -0.294378649878725 0.0215881464254015 0.380249864446582 0.258068969997955 -0.36157932993445
0.0386676169400429 0.126583505642427 0.205510882090291 0.169335105061741 0.0355898475931977 -0.313747109681337 0.0448176504157497 0.401946124926444 0.303083783737756 -0.328654788577417
-0.0149498210418075 0.118403280611207 0.203080341679843 0.119904938790828 0.125149516274112 -0.283997945980063 0.0206948942106966 0.321096503657257 0.255940648582267 -0.28923508978282
0.0475144975107497 0.131930592315268 0.195038619669907 0.184098942451428 0.125307608905511 -0.27391709350297 0.00956834194640842 0.305978065605484 0.246641205494339 -0.34956878561186
-0.00515848460157643 0.178309043751835 0.153307659466569 0.13707746476296 0.106804599353591 -0.283482524801562 0.0340085870008371 0.34665632003397 0.304143341819834 -0.326781613666452
0.015478031056569 0.0928794999715018 0.252147829557905 0.188193925393019 0.205308562318682 -0.289814662692582 0.065020739425571 0.231931877537072 0.190492137317442 -0.245634318823494
-0.077883703870435 0.150556671592101 0.260787840265926 0.156668246854566 0.168338470080187 -0.296761777091679 0.035733843809777 0.245234930448021 0.184875115226257 -0.255593469640345
-0.0798342913291398 0.123830819619101 0.277858604091131 0.220861906174332 0.176881023060719 -0.279718212629298 0.0700125570036945 0.244651180115334 0.18004674541078 -0.266625825999229
0.0499462741708318 0.163334620055829 0.20268379777386 0.118351756495416 0.202218020745131 -0.379896601844839 0.151792981020521 0.219507270993112 0.3235586206742 -0.275533910510928
-0.0431565903862932 0.170795542330512 0.159467969296332 0.140488550324164 0.238193550585599 -0.335088397626658 0.1749177487978 0.209421492087992 0.235628355247863 -0.221248461185257
-0.0188977283828465 0.121703370337409 0.203043520496897 0.150813849418091 0.212359446897469 -0.3474438431602 0.206580448737349 0.200684865406104 0.273657928985788 -0.271864659276929
0.0252141414406268 0.0409216592456411 0.326974062257716 0.0899564109261388 0.155994763348748 -0.196814130886242 0.0236360527012585 0.281270764918688 0.223487472307113 -0.33173769828427
-0.018887200608796 0.088294771465929 0.303790259835436 0.130378680335822 0.0956943068182672 -0.223332122414206 0.0499784619034824 0.29614190280202 0.196554778230802 -0.348457774001934
-0.085692927052091 0.0265577896137456 0.163179378349457 0.348601425009032 -0.0004685486050342 -0.386959782682454 0.198472493212273 0.218716811110598 0.163222264634226 -0.196194471231011
-0.0569060688732604 0.0551980365239301 0.356689702406751 0.0589717159028053 0.029475788564482 -0.519114854772748 0.0674634933173814 -0.0108509066627563 0.29488596883555 -0.116744255050388
-0.0881376076453972 0.0636673543330732 0.387516143986888 0.127975560726451 -0.0306721469508097 -0.451033631369005 0.0531657605920153 -0.0308884149531698 0.307949690023069 -0.0693367904862655
-0.0241300379039237 0.10192398558611 0.424766321788334 0.0555071083233272 -0.0790208833692666 -0.476145165166333 -0.0236098814764548 0.0348389728450689 0.367609848979828 -0.148729892899342
-0.0806456140714508 0.0392138212268605 0.255420593730159 0.00320683795285575 -0.00806933158801852 -0.473077347492014 0.0487011570016809 0.0213689766686216 0.310207649539025 -0.0871426581674922
0.108650065953681 0.0314306415985436 0.356571457097997 0.103412340806023 0.0387117041877266 -0.206670713262006 0.0836013797133302 0.126961237682159 0.0285924573992509 -0.0962373184880515
-0.0432410312171902 0.118701333681311 0.355341901461388 0.169024516868355 0.0106788229229952 -0.196160473666652 0.165063190854346 0.0551079154070398 0.155895446094069 -0.0957533486063381
-0.0414926574255313 0.130656988899938 0.36577743924722 0.18777170100587 0.0571628450840958 -0.195154307778124 0.184662564278417 0.117514279089446 0.191409287909797 -0.0996441888578897
-0.124772216544231 0.0234438496235462 0.307821885177159 0.217617878683957 0.0880267389929847 -0.243061875013266 0.0820036464641833 0.0606459537072246 0.0912581098998498 -0.142487400191714
-0.0747605393069101 0.0417856227717647 0.382989226819489 0.179717141933783 0.0296616391009533 -0.251753005173281 0.0592441909113968 0.162416859365667 0.00394439893386926 0.00324561434386538
-0.0382121641849149 0.125672414376753 0.373055987370283 0.122224872675038 0.100099984786607 -0.270186698897046 0.0731835459384823 0.097049368879308 0.0627752093283647 -0.0686065980769343
-0.181415409001127 0.0477994461963378 0.289214501378278 0.0772548191965317 -0.0282777424660248 -0.312878086471959 0.130153564785853 0.101222646398883 0.0919383727278267 -0.0664285212775093
-0.129847778684327 0.0639434726784619 0.338344162970161 0.152578837684279 0.011376748955748 -0.271593941375196 0.056196644702952 0.136767504109489 0.145715319157657 -0.0946262589077116
-0.142668593342633 0.0413616268198993 0.344333629930789 0.156149824135551 0.0326560397975805 -0.270651732532497 0.0906521227931192 0.120991309813022 0.119883610807811 -0.0957270004037676
-0.143290418637238 0.0520962510598845 0.254017780968497 0.141036086226573 0.107591229254438 -0.176847827228921 0.142774695628336 0.144808685061636 0.0791976073563955 -0.154271567218618
-0.169685245111506 0.0387822713473278 0.230218503702236 0.192349085441659 0.080576796873159 -0.298572060527193 0.122771557780277 0.192843148154717 -0.0099082913860662 -0.166537955471614
-0.140791743913303 0.299284379700868 0.136882001996314 0.300887775083108 -0.0516125437866486 -0.199482305136178 0.0456648488948265 0.279924516938777 0.129753294269744 -0.0866910176232727
-0.155898032285824 0.184861017125518 0.0792158160847782 0.287947752216578 -0.127672356098774 -0.251529885611016 -0.0559553286815125 0.207338932386063 0.10779514806655 -0.00451665224766859
-0.158823035062584 0.221615113834105 0.0926926971640425 0.286255595924276 -0.0573213522851405 -0.184585322591859 -0.0106737232196915 0.228627474664727 0.0942559245841581 0.00946949142079417
-0.132748973063138 0.236791162808306 0.165868863738948 0.311233244778598 -0.0255083842129532 -0.192051203718688 -0.0278127833537113 0.185972768490812 0.111391368820138 0.000373060659604909
-0.0427940655981024 0.145574127472697 0.170058595215527 0.400557103169348 0.00674061713253658 -0.186386631145276 -0.0193140761412806 0.163856702954456 0.207371208098185 -0.000751213048983102
-0.0615978615561123 0.112102181239202 0.248111424154867 0.415921602232097 -0.0898697504414301 -0.17989874964843 0.0565472698058474 0.304887343067407 0.118550862345614 -0.0294839808374393
-0.0979702012063046 0.0923315458115328 0.193536331142651 0.436204345637611 -0.0568340900846268 -0.135973262511387 0.0449030730263308 0.249769074724328 0.0875334271832377 0.0252060686833778
-0.0460816429104517 0.111330301720109 0.203815213374046 0.46407506173734 -0.0710767732764916 -0.236038534847347 0.0653457425720147 0.32052439001821 0.0738309224629228 0.0455072639478634
0.0209445806140421 0.179990513903369 0.177286320955304 0.485143715724281 -0.0316730250144318 -0.213751494727428 -0.0643484462434085 0.306723756091262 0.0944599289841957 0.0102679285631059
-0.0453368669102839 0.238555449292099 0.195467581608768 0.483914022962208 -0.0733865126072414 -0.24206587112125 0.0816909030426712 0.287573607424729 0.0704849982873259 0.0539060150393995
-0.00607674390901721 0.215795972574322 0.18209362580137 0.51358400924185 -0.0813414451258369 -0.201369983302976 0.0161689735315815 0.289156671601416 0.1038639635002 -0.00175654187688989
-0.0189250992682205 0.167527607353924 0.238577553695844 0.507957185227623 -0.0633621055838087 -0.217148498302151 0.0882718720221357 0.251245703882297 0.0971254404485365 0.0196856616861264
-0.118179475326814 0.136705739919631 0.0864175253840679 0.382861172565569 -0.032192134834158 -0.125430718475446 -0.00516916776385722 0.224247535371215 0.139656208769817 0.0185559628380593
-0.0766952266424601 0.119890238049493 0.0961712455959354 0.345554672741108 0.0856628283560053 -0.269224234878331 0.0878847035669283 0.158445747948638 0.0991515582432259 -0.0156618918192773
-0.124716454906757 0.0725178774481215 0.133981820216705 0.393376576737758 -0.0710387842510551 -0.289240008149698 0.0822408277438636 0.141086264003941 0.167594497134157 0.0636201744592614
-0.14519410265836 0.0558482068041143 0.055040025710858 0.384422376751458 -0.0239743602245372 -0.268992688959678 0.0475495488573227 0.165133554510863 0.142004007958519 0.0233262161656225
-0.143805954868557 0.139060688019361 0.123184944052918 0.426399897526646 -0.0110196870503703 -0.254628312255524 0.000670141036813074 0.152444627235839 0.113994069705267 0.0630235301962426
-0.124957093110388 0.111103968438353 0.107388302246015 0.403419819541955 -0.0378601363192697 -0.264889945802696 0.0080540380956346 0.141445728172375 0.0803009943230477 0.0279778284678925
-0.115783468379239 0.143885818913652 0.0918924877383551 0.389713757030624 -0.0546258950789943 -0.270136946601247 0.0222610817619087 0.16744637153507 0.147588417394411 0.0765178728802505
0.333530167667703 0.162923678285866 0.0758211901234635 0.280217712431598 -0.0150815787746926 -0.194308478477633 0.244926538323125 0.10610657050629 0.253435723947492 -0.0488137746697282
0.312442306849082 0.160869514952334 0.0871283147090775 0.30144075632835 -0.00840157808290376 -0.175487404923884 0.211497431083931 0.103290672720226 0.23866119484797 0.0130435921047949
0.249307397964677 -0.0254254472150037 0.190863803028146 0.229220353521914 -0.224111525150365 -0.305816808256188 0.14995992475416 -0.110588096214277 0.275126142173815 -0.120781083599613
0.115635805294503 -0.0824573520751623 0.144446892526876 0.218711362351782 -0.177796980377195 -0.259306088669441 0.235914244421989 0.0670490035220066 0.371375068230666 -0.0789547441101778
0.15766164565108 -0.122676254916569 0.223897609007584 0.243020921086975 -0.214605733685134 -0.25342494800206 0.22733280805917 0.105366060233959 0.304764632916722 -0.0603218303531157
0.162924774590246 -0.119896765456953 0.191846884818477 0.21752047351992 -0.222171469106708 -0.288545418135779 0.219049223167887 0.0512668319763145 0.326962140517092 -0.104001507881491
0.147701259525645 -0.124045994156462 0.190577586791947 0.212479790085904 -0.20055285576243 -0.293635968773478 0.212628975218914 0.0931884345421456 0.295629550937666 -0.0420563381525325
0.123772246678524 -0.010453941443995 0.262173196360401 0.22192982902727 -0.0672740131011072 -0.236449455059139 0.26311953813487 0.115014499005597 0.246322011179467 -0.279295448344819
0.117476242276981 0.00951085316829757 0.288031325328872 0.296740340671787 -0.134673786258845 -0.262237786139855 0.284595732382293 0.0998597882277895 0.278316923796199 -0.286915605348832
0.136418888246103 -0.00348170507965148 0.256201020957181 0.249747844646954 -0.140934187846464 -0.194792442651366 0.239803469745014 0.0762670300059428 0.230663884006269 -0.34395107687773
0.0226107963700411 0.164967486619327 0.192675903089297 0.245635674434105 0.0781897502339346 0.0723297921600903 0.080274362273883 0.247528615616924 0.218892540242935 -0.209592307458562
0.129753103657355 0.168370913086417 0.0151342513245105 0.410383586083269 -0.0264643639112944 -0.0913096252330312 0.1766182583026 -0.0111294791150965 0.210704002484127 -0.191604756004703
0.127260908401905 0.206163927194393 -0.00418280522271276 0.430442280974891 0.0144971056169919 -0.0976760963637966 0.132353559301833 0.00279424469789642 0.164670004169329 -0.164914063082474
0.124933640565398 0.216708236358816 0.203143820114811 0.183177520826868 -0.380714517691657 -0.12172941946006 0.407974235781521 0.165125664118538 0.120556352499878 -0.313154312973385
0.340921395306328 0.149598965068766 0.16599208939546 0.121883529381269 -0.189661780982577 -0.206821810483815 0.392205420226795 0.318059890723125 0.373053687539754 -0.225844150746368
0.184971992839763 0.364501331778588 0.27822129384691 0.129028553672199 -0.0989754523048737 -0.215052641262275 0.422238198653465 0.228112255398663 0.415821640835976 -0.224689990867315
0.142763302017621 0.346234773131638 0.272540816000733 0.130563424435059 -0.115745964249115 -0.298474144868255 0.414594424204922 0.186151621075254 0.354347932141624 -0.143731081542827
0.271682075039012 -0.0863494858154592 0.0671821193628865 0.209419469586224 0.179036920799311 -0.150759292297431 0.297876949545595 0.0819321255978309 0.0369367830562982 -0.00914286464760412
0.351230192813373 -0.0587340974807833 0.0001361651801794 0.191991013721903 -0.0283832607581089 -0.147919938973628 0.148628863387938 -0.112235211061099 0.289221448864869 -0.0633635302530962
0.44303834654082 -0.0837609932241523 -0.0166537272055679 0.222423092724526 -0.0817775443626211 -0.189201440996674 0.283198629489932 0.00115925598440024 0.245870829374473 -0.0714788274419192
0.445456298866672 -0.0596128534032232 0.0489634926447889 0.204102207867164 -0.0101106140665269 -0.171310479501674 0.227707675815121 0.00985710068412237 0.192639419831351 -0.156295289458973
0.422553828362401 -0.0987075377762596 0.0163517899064492 0.171506514772788 0.001191762822885 -0.162274744820536 0.224654594466134 0.0072150111748501 0.21737079439548 -0.136343488694089
0.412758666861035 -0.107580721396861 0.0168446801129323 0.138815132884617 -0.000798936737756423 -0.152591402223376 0.256428864976737 -0.0205446549678106 0.241208827169524 -0.147196545292299
0.317753844350988 -0.00211384756783181 0.0588006386883029 0.144388063454156 -0.0201170131624117 -0.265736514123812 0.0739626590546129 -0.0530057019561514 0.224518755046056 -0.00928905381032265
0.409209938535363 -0.0197854348733723 0.090451347245228 0.100453981145338 -0.0245028698625947 -0.219118432610064 0.142209684019726 -0.0369396678195219 0.255544291687637 -0.0680338279916102
0.357111500861455 0.00576593158836048 0.0975280380923573 0.183831627759087 0.0162866085534229 -0.15883055666271 0.132283941638642 -0.0286243128828111 0.310784004510196 0.00121763477029296
0.365163377505136 -0.013712420709898 0.0354135330406296 0.0856533739411772 -0.0391496804951827 -0.239439641755845 0.192704398777153 -0.0525526741286894 0.238370017873374 0.0148709576672645
0.390234284952167 -0.0935218593386981 -0.0252092020759883 0.167315576345355 -0.093246635898305 -0.226872074359986 0.259648090148669 -0.0767347320003822 0.210699464632892 -0.06741565828107
0.370047961827815 0.0268176745312006 0.060830976350244 0.160678807561193 -0.0436572586396084 -0.256785509173728 0.192725321741885 -0.0263251045675907 0.204073554238748 -0.171705807383006
0.282850635493843 0.0639891127316206 0.0567394653901678 -0.00833263850870241 0.0222134982848654 -0.105390247845458 0.181498468768343 -0.107474914986163 0.454053568797144 -0.17808074745144
0.224129683660574 0.0830073188080081 0.0598705816873605 -0.0168010030074222 0.0591396323259934 -0.0876213929392412 0.22022243128012 -0.0864939620946534 0.455802626987092 -0.184309530774743
0.247923091412176 0.0786524698165663 0.0861460193588294 0.00469869667244881 0.0323343700686762 -0.124425467909073 0.216445423191484 -0.100258054479857 0.468715814767465 -0.221021035428626
0.32629375223992 0.0100148349030241 0.197225509765576 0.0916649090727064 -0.0600870489603457 -0.109172941965029 0.330038037314209 -0.198628931352099 0.410233115943455 -0.124797083518658
0.307804543512938 0.0383108376297867 0.214686724046786 0.0614626650024232 -0.0291159234068228 -0.0753492813410295 0.340625708312566 -0.150923644180715 0.436624275666284 -0.151215138654474
0.35052758098664 0.0898998821220225 0.22033753460673 -0.027425655334251 -0.00702446117989348 -0.119246717116624 0.348713785746593 -0.153344100714255 0.362220986583127 -0.164061318029869
0.312797456522851 0.109991179105609 0.278491342555515 0.0401832091270371 -0.0502631763287193 -0.111235327085928 0.314277809722134 -0.13917176824637 0.409841449655774 -0.0816295815767533
0.283973214198487 0.0729613704479573 0.1945400766015 0.00683428963539071 -0.0511266915395555 -0.0335788051277484 0.323555431946113 -0.174342214364395 0.432773124484283 -0.158753184793168
0.239678623802706 0.0100458724292635 0.149303549776315 0.118018452406167 -0.0228382341950106 -0.141999377025394 0.286996902764354 0.0406395087245462 0.369826337889328 0.00829899115406454
0.265355614680351 -0.0251755135230553 0.101470730508705 0.136414824229813 -0.0618955939884269 -0.140378025293601 0.325436138760186 0.107955810235772 0.451971542971842 -0.0257231370407352
0.291650606413914 0.0333832048506037 0.301193576672018 -0.0317903881608589 -0.168998519585591 -0.220639316490945 0.279218380195905 -0.0481058305166971 0.274990674056665 -0.111252483496988
0.203706144048596 0.0329388349045064 0.149210857260474 -0.0876653579138964 -0.0316701130955251 -0.0444334367670437 0.264314103036485 0.0118728869531613 0.235290072049515 -0.0737231769407948
0.0941907033834122 -0.161354779763884 0.0849063093245707 0.0687514386829591 0.0857352428960904 0.0531209492177452 0.292460573388707 0.0618460320647919 0.132507764150559 -0.246254600547768
0.0700056087444075 -0.213812757132797 0.175630307706506 0.0905993253941766 0.0480335983028529 -0.0180202539468283 0.291644650778807 -0.0392956608852634 0.0753401361792123 -0.212728890882504
0.078048995685889 -0.197938596294985 0.185111936819302 0.0925136291443336 0.0937040707109649 -0.0978940343366871 0.262143525642363 0.0502941496436552 0.0828566334971402 -0.321995492860268
0.0472200133911852 -0.215179754704312 0.0633225681452295 0.0679431490192921 0.0888425705007697 -0.0901369825774445 0.259465278287488 0.105006157170376 0.218483504201798 -0.248149697115072
-0.00574547596386443 -0.211610272297039 0.106152580531956 0.0843936443716087 0.0400474923405837 -0.0499222683041331 0.209208085865156 0.0580089709282864 0.165965154519226 -0.266498016009606
0.0810994001472778 -0.29685853314029 0.0851131230130996 0.0983350570542219 0.0426189230930133 -0.0454032214986601 0.283938111339893 0.105729445586336 0.172406707167403 -0.309406944018355
0.0551795336685735 -0.25090094868531 0.125027518459441 0.0621287628563572 0.080605444325032 -0.0325979261382426 0.233756999039369 0.0358162733705678 0.147361189364407 -0.239443075295622
0.0868561114969289 -0.262130739984131 0.0724369609296484 0.11252902653409 0.0234757906336883 -0.0758724635410205 0.272362885033413 0.0683421027747805 0.165928172276387 -0.304625090502878
-0.123126099834001 -0.0840975595624446 -0.0696929003968499 0.266409255521282 0.0874796104957852 -0.114283134400158 0.0993657859525403 -0.00162644919951908 0.108747826734094 -0.40548167021709
-0.163773517254849 -0.0929611142387571 -0.0860307515594696 0.156211166059482 0.0993441381222436 -0.259324458211641 0.00891056070898702 -0.0845330136830386 0.13244729559263 -0.357460042522588
-0.0367272568551755 -0.178597400977503 0.0636579196401708 0.191093392774636 -0.0195296160453122 -0.248299384993816 0.165348389190118 0.0478164393667347 0.0823585007897915 -0.314108526264151
-0.00279075275330924 -0.0570104520326902 -0.00801658645373938 0.127197695015576 0.0675394406173952 -0.309665295772706 0.216643992717442 0.0117317668623771 0.0610975049927679 -0.256550010663757
0.000929585956928325 -0.101328505096202 0.0320015055803726 0.232514768593253 0.114022272145211 -0.302568355002958 0.204045173418358 0.0606615429562645 0.115044399491551 -0.408331886387783
-0.0572999952735923 -0.0534790709692046 0.00225867587242313 0.22675910319843 0.0563056517655591 -0.231770105768932 0.158048627399273 0.0521021269457629 -0.0287218655544919 -0.304241303436326
-0.0007272130725922 -0.11469061598513 0.00855678722856413 0.153599800423341 0.107821242135875 -0.239714165974271 0.151858874900407 0.0803783446447872 -0.0373677815246277 -0.267335795282982
0.00669944253258422 0.00912462894872748 0.0337488787896389 0.0662188589940072 0.0354729742471918 -0.0449167466945524 -0.0726409381641082 -0.147530139899268 0.134085517226723 -0.0263691738921282
0.0521882011977921 0.0141050312762155 0.111445304607948 0.0560714162150387 0.113015731961345 -0.187425146336649 0.0771673815359052 0.0762295407268783 0.155175778512376 0.0363513313256917
-0.0118879443310321 -0.0180857633935299 0.108907931417318 0.135806966538601 0.0914662035541399 -0.113805230470096 0.0406359636038854 -0.0195307080567218 0.106476111086054 -0.0238585571668336
-0.0317972682640746 -0.0702637932646653 0.0903547658093162 0.0313427569390818 0.0368307197038948 0.0101215566638713 0.0166253260895055 -0.0948474741117808 0.161615896667545 -0.184694580552866
0.0245585292189685 -0.132818016008747 -0.00209106025374505 -0.0216264111553399 0.107424751219484 -0.0181784664959669 0.107784311479196 -0.17195390345554 0.163249642028924 -0.163938261976374
0.034462212685056 -0.104715726569663 0.031795325022431 -0.00253970221566155 0.120453241183613 -0.0210185102180536 0.0498157425206021 -0.224486564894737 0.226941644588246 -0.133598098767428
-0.0330514870366201 -0.17599467391614 0.132779031817861 0.0365966143620983 0.116184803632072 -0.0356360103400102 0.143622295526974 -0.0882088983429938 0.278866885942861 -0.0654569853869115
-0.113818252229647 -0.0691705428554837 0.105256469416862 0.0967698544709613 0.0145296339532361 -0.125448326380961 -0.0366426145667002 -0.124295120421598 0.190000956141252 -0.00724603500919819
-0.156419366980149 -0.115722095440454 0.0627381689445268 0.0658141696559578 0.0282693867876994 -0.0618870408983324 -0.0361301494957149 -0.048535826893137 0.173044691073738 -0.0347055489583687
-0.131762702455599 -0.0312457430186368 0.0831941698209757 0.0942945289758822 -0.0134936326151233 -0.346119426236384 0.148048372510271 -0.0304949946198758 0.0637548999957504 -0.233028009626745
0.00761934131248448 -0.0907727609149108 0.0947737980696375 -0.000385675887601352 0.00296505969224178 -0.224652824878627 0.217272581380199 -0.00478288191937644 0.170912133895944 -0.279341985132539
-0.0545249019108603 -0.120720446403542 0.11255726405306 0.0598583544077142 -0.0968307387715472 -0.229926702319385 0.177755776908346 0.0284050922080076 0.0944123527281119 -0.2965130792173
-0.0177305886929124 -0.139126199652385 0.160981532737245 0.0242056698380813 -0.0860643645652354 -0.139379656921786 0.147454252281691 0.0181520406915832 0.0669526341132342 -0.281316636245903
-0.0589058599459042 -0.098930795974295 -0.00971046851989012 0.157035057168195 0.0876019924013036 -0.0852092034244713 0.107521894219039 -0.157020045720145 0.154974590946383 -0.362337091064451
-0.0710279318702877 -0.118612823819162 0.0780769689192287 0.142578606757228 0.12745239585647 -0.148212175949053 0.214286046596443 -0.173301057268462 0.0559598841289646 -0.346001152259708
-0.120226561761037 -0.0727853427200642 0.113487504215717 0.215094900189515 0.109337687894228 -0.142883325039536 0.207744996108689 -0.240182917557683 0.174603843520088 -0.339447472117429
-0.0241072009189708 -0.127221946677666 0.113585560895151 0.253394720180155 0.0078101657847407 -0.0857689210400036 0.144604880679372 -0.238103107516333 0.175688517476816 -0.313770480666342
-0.0506078669178501 -0.142454098817659 0.129591476439306 0.11680547338904 0.103067304199638 -0.1588064100508 0.231589479091173 -0.190178668782209 0.225357091022688 -0.294248988656371
-0.0399117742922628 -0.0483740155800603 0.166132047787346 0.070577177499289 0.0763122882469091 -0.186707130014112 0.300299151166414 -0.129147156631209 0.140571927063549 -0.291814664023994
-0.00582413009436044 -0.0458586488434776 0.136291213459229 0.0859746855092234 0.0694688436513348 -0.185851249609024 0.275673720821955 -0.117797741209253 0.118349969273124 -0.305116078030219
-0.0533718780449839 -0.0112696479120402 0.114951033967016 0.0838943511764982 0.0962623787747451 -0.351880068137529 -0.00525727362622426 -0.0193373852300588 0.149502631312239 -0.17242164797139
-0.0624768771245291 -0.0588898718282292 0.0193210623183294 0.0701154294303526 0.1099149559745 -0.295742647595485 -0.0186055936540985 -0.0458617650525179 0.206902086265598 -0.153733355722357
0.0521060904371051 -0.0596696171140328 -0.0331672538748463 0.235790251064048 0.0380156974733286 -0.418561005563904 -0.0655492400644809 0.0314259162401354 0.130928218952831 -0.248776937627856
0.088713281254617 -0.00912025832020075 -0.046575573289793 0.239639503887636 0.0913310205423035 -0.387950060936199 -0.0652560501267742 0.024619430894466 0.0559776342775557 -0.183968592046791
0.0245671104593377 -0.0387005166166554 -0.0414535884050085 0.206549557301332 0.0993650465034022 -0.150558740347823 0.182241776271545 0.00122081351683004 0.084508993637753 -0.211861964007633
0.0674577017627797 -0.0526246540133399 -0.0715314764302591 0.239169286334968 0.186421838505746 -0.267402767756586 -0.0309352125852761 0.0919869828490701 0.212390641356556 -0.158345391379075
0.0456353790164176 -0.131488931167659 -0.0439228980657332 0.222506707589562 0.179329737009398 -0.245353144872097 -0.0589549904060362 0.181176615677539 0.278303602988972 -0.085420344560664
0.0442013820956995 -0.123665136254435 -0.0404435957522834 0.226532831073218 0.1745696181877 -0.236419949289799 -0.0464834175681406 0.187248322313769 0.259374933821985 -0.0776390214084694
-0.0080780317251808 -0.0624920170546957 0.00244198303698262 0.210115126133335 0.173146386254572 -0.236496424387075 0.0424155539900592 0.195833980147123 0.172093229415043 -0.113522327088609
-0.0313755960968875 -0.0654225690157693 -0.0336844644828636 0.177016260799063 0.189577046700848 -0.222531063579039 -0.0211411774607452 0.136438602003 0.195264428435275 -0.147439534415435
0.00554661161239615 -0.0996466309627376 -0.00715113565362289 0.162271689343367 0.195655201853147 -0.199375940437385 -0.0394153967699886 0.127954020788527 0.191266541394096 -0.15200441164145
0.0109251138644802 -0.116166678082883 -0.0640856542896893 0.241832524109486 0.173317728837941 -0.284599238910709 -0.0349177932386244 0.10624719776009 0.0687561667055963 -0.125807746676249
0.00862517901177754 -0.108629858317818 -0.0594676698326584 0.311330933840519 0.13992925056888 -0.231996803209698 -0.0595880631791638 0.0814145927564888 0.0682747823858509 -0.142758508422262
0.0165240031980406 -0.0516324980833609 -0.0259089615366053 0.144421481025012 0.112268926429519 -0.24629546900008 0.0263175489744041 0.0683661612496122 0.140794673860805 -0.15377856936095
0.0221273703477243 -0.0450248876161726 -0.0322237416717103 0.166447548669145 0.0711907021136614 -0.218617917542924 -0.000973755266142138 0.11397669990563 0.153701336073321 -0.16417560743405
-0.0953545917280815 -0.0830659191780891 -0.00960368035566753 0.305533675533904 0.1920673671576 -0.205583768705511 0.0843975328555559 0.128947944221861 0.180412047302237 -0.216700470239149
-0.00472321641096212 -0.076193045993519 -0.00896550048217193 0.278659320164196 0.248879992423585 -0.150963975573983 0.042218714175527 0.139969602275048 0.218377864574661 -0.167173875749732
-0.000287621730198119 -0.111330433324631 -0.0888140657441495 0.256896051456418 0.214362724281734 -0.116099489074878 0.025573829696772 0.102199067474141 0.198341219554628 -0.192713105144988
-0.0642599577881943 -0.191582133384542 -0.0357543344935053 0.289534849418527 0.231194489017581 -0.205722154368285 0.0325211080881992 0.117900065810651 0.226485819417836 -0.23844059036706
-0.0743134639550328 -0.0851929919436916 -0.0473171837935087 0.277834248834637 0.17259647105482 -0.227598198952125 0.0273532888012264 0.115478336260117 0.197913134763727 -0.178265296405618
-0.0557770805047109 -0.135736467124211 0.109788520665003 0.189123525560321 0.0975283584874279 -0.312062992149724 0.163096343657593 -0.0774495427859731 0.143935512217258 -0.159385887152475
-0.0224266428057767 -0.190803578759633 0.00570150075189516 0.233408429561282 0.155176533524712 -0.360397959652023 0.106371886233347 -0.0328256570934955 0.159407222816647 -0.232497610087245
-0.000222591860099437 -0.122599342062228 0.119252706258551 0.108062498265506 0.163765441535701 -0.320679228591533 0.085809064956166 -0.115533081331112 0.0943033790754545 -0.158361542745555
-0.0148676175584018 -0.154277350401986 0.124460932025702 0.0871953012664972 0.160024374120718 -0.323534770979508 0.103162300711438 -0.0940679710833434 0.121604214308183 -0.165273642436249
-0.0491216391119785 -0.182701329447114 0.111529020153702 0.152685522256649 0.139103580975189 -0.301593181800827 0.0890003095729912 -0.0683548665682761 0.0587901022339074 -0.217763114051816
-0.0215521794669597 -0.148712777854931 0.127455886270021 0.205797292970055 0.0850988605562754 -0.309657817358826 0.082342378406606 -0.080662802849361 0.0540427694183244 -0.195316517559901
-0.0434714443573927 -0.117197612589546 0.0664909941095256 0.182919263147628 0.111323336781086 -0.289383541783416 0.0817903508714826 -0.125720969918302 0.160792621508132 -0.20664785583928
-0.0477734363344321 -0.10903037725417 0.125361068524882 0.137150707818074 0.16345116147636 -0.298176370489587 0.105733383672562 -0.118340914160323 0.0451393024516445 -0.239671993705042
-0.0679030868967463 -0.13624551148574 0.116583552605122 0.192786586093992 0.108823661258811 -0.343206453149499 0.0700175033888081 -0.129989018922834 0.0984484194355616 -0.199271249079793
-0.0416514970382196 -0.180316231128028 0.165433413812513 0.183862244225516 0.181240831998473 -0.351017816095373 0.0342068898328247 -0.125120969959899 0.107801750702549 -0.195139805596208
0.00901995453726515 0.00231695479509866 -0.122287087888126 0.153489219269322 0.182172894017137 -0.194652798924106 0.0776099010280609 0.0350696144075771 0.141086240113364 -0.158165619769681
-0.0283929245664348 0.0062329014484043 -0.108525050644403 0.127085369051093 0.147237142961387 -0.234137809345294 0.069212031723206 0.0679737507425718 0.0858574000750428 -0.140141556565835
-0.0300023560495226 -0.161122003753142 0.073643680269473 0.0762340122857396 0.0930797715625677 -0.162152304579579 0.132054633607918 -0.019188756094439 0.190451201805401 -0.125097087318889
-0.0959142304639999 -0.142457029635411 0.22915733012798 0.134605542566118 0.0810421171478325 -0.115826548196333 0.0088872702913044 -0.0219920566163831 0.203023298937633 -0.212434842073586
-0.153454996668506 -0.116819565284706 0.201308010281402 0.138797767755515 0.0899601764475497 -0.0613978320918254 0.0613146197656405 -0.0329397336611092 0.190371510010625 -0.207550251349054
-0.141826102813712 -0.117170001064417 0.199329771479317 0.156064695534256 0.0956486923366286 -0.0740546802911617 0.0526133939425951 -0.0229316276512175 0.161130036553296 -0.201832478752746
-0.105951014440195 -0.113259079594264 0.143768321445249 0.128352456102602 0.0791509451443868 -0.109615357349484 0.0648720625001296 0.00377636020575978 0.229904702198786 -0.164239923527707
-0.134024017004243 -0.123243407457047 0.0843293938006436 0.157516118355114 0.0991303997588827 -0.168708658359394 0.0412784670038946 -0.00484316161640969 0.176885048320532 -0.125180262838325
-0.140176995188096 -0.0965666250377331 0.0728272671219689 0.112742794872797 0.0712517421309684 -0.0637740246024383 0.0389050856428831 0.0184150377528649 0.214703366881911 -0.141967790132519
-0.133656478945775 -0.101157690739675 0.114705234500169 0.0675986003099342 0.127382459058701 -0.0964378248761024 0.0135709603318116 0.0493609755351381 0.214641148417649 -0.17968348989963
-0.154991030197831 -0.173325376649585 0.107677173508587 0.154715222967139 0.125397965869869 -0.151107094819506 0.093957861337041 -0.0372047794598891 0.188263275533441 -0.1912519598655
-0.0734838701915337 -0.171382581631153 0.193607984129179 0.166182163587047 0.0886658753989012 -0.257218172567857 0.0423166303676766 -0.0260691256047554 0.101342528842905 -0.0441151681474252
-0.105366953131212 -0.0881083095865678 0.116522672872751 0.174486480445945 0.123485561920416 -0.204273461035633 0.117986675649723 0.068208451757982 0.185112338584739 0.040173988726681
-0.108628327666155 -0.0922171395143916 0.119492440221002 0.176704861670678 0.121137015841884 -0.206371949891684 0.0975127903461608 0.0740121874634763 0.161463937647165 0.0174641997872931
0.0431721553435547 -0.182511598538219 0.114808377287629 0.119772616632996 0.110493924079251 -0.102193122387479 0.0657004432079582 0.00477301827159658 -0.058384418275231 -0.040167679429154
0.0318767290723485 -0.0908415742221703 0.106394263597215 0.0812744358498439 0.158995689619561 -0.10611169443746 0.00342012394797989 0.00581291281708714 0.157560816136506 -0.161763026176521
0.00434933724944122 -0.163207966481599 0.0291151509682371 0.0707560056231714 0.135495015002736 -0.0371793109693414 0.0556850012142396 0.0896861565504396 0.0884874758019474 -0.15686842380302
0.0130301614629437 -0.24364779618348 0.0498711046475694 0.0655647151340813 0.138940233330069 -0.0729092738460977 0.0136558996911858 0.0308419907132947 0.104002792689938 -0.139587215056526
0.0164706721870256 -0.133402295995424 0.0636044128199197 0.117312014492754 0.183889999092015 -0.109008936860986 0.0410576042900421 0.0872603943947384 0.0725079134308453 -0.169028109886357
0.0146062117768812 -0.184505783086558 0.0677871943375198 0.104941262415472 0.15458600857803 -0.108510842137045 0.0540608406542057 0.10529246170608 0.160069096047352 -0.13278312642941
-0.0615076932800587 -0.0915875648162295 0.059745176588129 0.215432621453061 0.0736734558240606 -0.198286207950248 0.0987239960003665 0.0953890144128445 0.128500351962568 -0.139690019874206
-0.125147075426094 -0.142204953994965 0.0813357262625917 0.14117441857448 0.120977765020199 -0.188729103634461 0.0245514459734731 -0.0878739401801721 0.226588658094519 -0.21196052637648
-0.0553991099264898 -0.124700250122767 0.0736501671095227 0.20096478294264 0.249323194211771 -0.0627562354092589 0.036301457756167 -0.161294001884292 0.151070404818036 -0.250951851075824
-0.0666571581821327 -0.123298734782675 0.0744978216706168 0.20537482342766 0.17528167088181 -0.0779507515347605 0.0361844707963038 -0.0884224613233136 0.111462594688155 -0.235692028378561
-0.0595321805554896 -0.114281267579472 0.066781976797166 0.210683135803857 0.16913661053177 -0.0643301068904952 0.0192120924723089 -0.115104358157905 0.136186404116224 -0.244978215991772
-0.0304221594790156 -0.0953886747934646 0.0313606689880874 0.137181007724535 0.151423659058294 -0.124965334232036 -0.0608385494804234 -0.0319266617417218 0.180663779203441 -0.233969216903066
-0.0701177838643132 -0.116646487336775 0.0103536349472875 0.12691288124304 0.166507676691083 -0.146467079629165 -0.023389271300188 -0.0796497657194483 0.229451105452191 -0.21730702529172
0.0299095992410617 -0.0595955888095093 -0.0348972278233134 0.174100627089266 0.159620630349232 -0.189597074053538 0.00370855508830099 -0.0184134320947557 0.177818534830997 -0.219519544735665
-0.0547677221030953 0.105935949477113 -0.0126664067062444 -0.0490029650332275 0.142446537186102 0.26957314906388 -0.0962203135354712 0.494909463143107 0.108914783393673 0.195752818211431
0.102198330485283 0.0329110652392734 0.0542522574510623 0.101164226823222 0.246180958089658 -0.151469894038105 -0.0235585757428513 0.284028812245852 0.0495597614083896 0.222905742155772
0.0572518798843257 0.0262184071669098 0.0893119288891621 0.105885883011909 0.218738979969397 -0.1741014691985 -0.04736031756132 0.344647524779277 0.0268649149382787 0.18614796969008
-0.0563138712474017 0.093613824993108 -0.134225632334398 0.0421587499017766 0.293555303707378 -0.0134927651580816 0.0603623039601164 0.305966604221879 0.116618072065992 0.0739800526762887
-0.0245411738655373 0.10871301456038 -0.133862257402165 0.0252582177764609 0.284496476933302 -0.0261995889557532 0.0624965954608717 0.296627677666495 0.107139512815638 0.0898035051040165
0.0883341627619653 -0.0105992368659236 -0.13722265482223 0.0841440128388199 0.22403354435908 -0.0364247643937504 0.0889951478355142 0.277281364292796 0.153644494613368 0.128080649743379
0.127032666401543 -0.00513425780462786 -0.140680864835466 0.0688437295154863 0.290022112800394 -0.035548870915391 0.0995609286749355 0.308536453417276 0.162936963620849 0.124668878195387
0.165080145461694 -0.0644316687837133 -0.22694611030925 0.090406533581452 0.297315988637809 -0.0534859682910057 0.123742602174455 0.304394003354203 0.181451206469171 0.0964040756987161
0.12729649878045 0.02647330528172 -0.202352391192706 0.140763194304472 0.291483959573352 -0.0266030064534659 0.120471432016736 0.256825700579868 0.132748586123873 0.166596596105307
0.0399080930648169 -0.0225975598586368 -0.0496275835637476 -0.0614663750484574 0.350942987842632 0.0136217528075733 0.0510166918111612 0.288126185655123 0.0918282082343737 0.18131426962764
0.0660637302623542 -0.0385399349791233 -0.0802990533234931 -0.017721904935493 0.340260684897025 -0.105010616796322 -0.0244087019374089 0.222721328604607 0.0178511886458378 0.147829976745886
0.0355837342772897 -0.0256911239606224 -0.0669661883597614 -0.0336680774468172 0.378802313453771 -0.108394324425564 -0.035868411181679 0.215425464486292 0.0415095097253828 0.131289430880167
-0.0269794475441665 0.0477059742288169 -0.0500283856947232 -0.00243803793553096 0.383271036094645 -0.0760667525524437 0.127273016776424 0.331011423912446 0.0411804198695639 0.173815572656596
0.000424912852732827 -0.0404514899579398 -0.0155748195955337 -0.0459253844566274 0.356875327956198 -0.0970030287870263 0.0872746787608159 0.272885264411978 0.131665169689687 0.084307109083332
-0.0533451434247052 0.0340775047965595 -0.148305971270477 -0.0355699007292446 0.288129101289337 -0.108719858849048 0.0568366308235287 0.292482922712475 0.0938793095478125 0.175347344446362
-0.0620910105958256 0.0401924328097671 -0.130884293119706 -0.0500292311039159 0.306433639432083 -0.0248988468414569 0.126500871454222 0.266069324157188 0.0608795685120948 0.14466350533674
0.0518823211698945 -0.0234270827568374 -0.0635322817853688 -0.0401888786498456 0.265391744518622 -0.00841667767964046 -0.0404824324883704 0.288461136767813 0.132256675022928 0.324627345463276
0.0821839142658406 -0.0173453347127306 0.0192760101878107 0.118782657233226 0.216206396399586 -0.080293453516419 0.0304331209138624 0.308178327586384 0.0493039491746833 0.146847556124053
0.192076651915472 -0.065720799142909 0.00335703792565983 -0.00268085975923373 0.353507730920036 -0.0429512280221766 0.0330588092260779 0.326167206180649 0.0147901567178634 0.263411376658796
0.153988885252138 -0.0664011598633065 -0.0312678648763947 0.0631479663693601 0.310763533382799 -0.0406140899033137 0.00968055123601477 0.309589967779885 0.00384347017495469 0.224382668591249
0.1752906180677 -0.0720994219741022 -0.0260443039541936 0.0943354682849636 0.287409778961692 -0.0375856642802225 0.0301826050920592 0.283625562141759 0.029926757721772 0.258404082954901
0.164695393700707 -0.0577882148382857 -0.0294565448268133 0.0948506143558113 0.288188119392861 -0.0342363777550785 0.0221677844759931 0.282628520826464 0.0407743943246117 0.250596990453923
