0.157405052521988 0.148900491788874 0.395875050128255 -0.158716064690961 0.0288783750227685 0.0986248646066875 -0.002300274103472 0.251616017544661 -0.0826531364679459 -0.23137041801838
0.181356015847522 0.156918721917898 0.399361533889773 -0.153780427640471 0.0179945823774026 0.116908914400838 0.0477955984556009 0.241041184621751 -0.0465859925097426 -0.234515722117893
0.168753958561745 0.0833315409032901 0.415330938229941 -0.169135158141803 0.023610446588632 0.138995373499382 0.0290836220925435 0.258238975335035 -0.0318598947444967 -0.23500647086687
0.199288884175182 0.12839580377303 0.367512697564277 -0.186831803581658 0.0321564634873463 0.135157423406175 0.0292262046360018 0.258790775835937 -0.0294398246797466 -0.2517988325492
0.286910546266657 0.231976413796027 0.302128157380958 -0.171061054799947 -0.00875971242040963 -0.0487235106801007 -0.219798271427321 0.0438654161291385 -0.133935590938683 -0.115933998901538
0.268339727277923 0.224068022991521 0.290308963564158 -0.166069897197635 0.00481472338084738 -0.0463394226078316 -0.21074702218214 0.0405423031616049 -0.152778216845795 -0.122908680763918
0.271639202173653 0.237479712161002 0.292755663529352 -0.148381645966788 -0.0107118649245017 -0.0900386720895701 -0.227138195052763 0.0663508749689444 -0.133332030853462 -0.125564845224691
0.276119298503633 0.226846157846112 0.285484288591888 -0.143843046451936 0.0124492083220469 -0.0694876412505213 -0.225273371470548 0.0582796336048283 -0.145270078281109 -0.128149608158256
0.256504763436176 0.207821684804033 0.262553201480954 -0.155366300898764 0.00552993629198366 -0.0788713652060873 -0.222069455393744 0.055951085258453 -0.167393781075679 -0.128690781503686
0.278783864853062 0.202713717344074 0.279078050086988 -0.15987264356825 0.0264007486236034 -0.0707245713366216 -0.239428266752836 0.0364029848946676 -0.1933682030489 -0.0942704526361851
0.278783862597487 0.202713716783799 0.279078048725021 -0.1598726455696 0.0264007472301869 -0.0707245737059001 -0.239428267425454 0.0364029865899335 -0.193368201291959 -0.0942704536586855
0.202370799626769 0.178512666502446 0.212378008031663 -0.0433791377881437 0.0389216257953422 -0.00593008230473447 -0.0963325632315849 0.103952826309106 -0.139495899693897 -0.151940892351387
0.193396201793548 0.134423106898752 0.23070233671726 -0.081251472535358 0.0704102311389368 0.0520979903103373 -0.106940669069115 0.147001959022841 -0.100112959810237 -0.121324633962184
0.235658665911285 0.166139728618827 0.273303863384004 -0.104061502278027 0.15810128479112 0.0557216026706998 -0.0351642683237952 0.156140743460105 -0.174092968431158 -0.162695203074436
0.283780259342953 0.193622237478882 0.256722032165042 -0.155017119050242 0.0780553980689543 0.0164709967015208 -0.0773135879506533 0.091648157234768 -0.168957508628386 -0.203007459184109
0.284322785982776 0.186308416707929 0.231231304899028 -0.137687342630617 0.0671710096289345 0.0281219481453258 -0.0788712028903895 0.123616897448633 -0.162638919665085 -0.204978928627292
0.262838331075219 0.154234659427887 0.32019270481927 -0.088884032306654 0.106543468514611 0.00691283540296856 0.0111399097686 0.125837451537913 -0.170668075231725 -0.25442345075431
0.254547843126639 0.160399992674081 0.301819876033483 -0.078479191299857 0.0918203711982838 0.00155149767544723 -0.00023025589562861 0.129043608596724 -0.173148082919208 -0.258840301391951
0.226210585621376 0.150323691314642 0.224760641707342 -0.125596065403435 0.0853979076604434 0.0287581300952084 -0.0812314259341858 0.165810175851868 -0.141393877200299 -0.221994412375685
0.204949731734049 0.185484793821651 0.265960428046861 -0.107375932079489 0.0999875675948947 0.00859827024820359 -0.0796221415245684 0.157282776674907 -0.134312004772686 -0.254262801799577
0.294899101117917 0.0571676475324014 0.253074780366289 -0.0411060549774217 -0.149159143403762 0.113883855299559 -0.137767389962376 -0.0058590778330621 -0.196563878038635 -0.226644312680611
0.296620272428864 0.0922784990461209 0.305722779301094 -0.0826575649716865 -0.0803687278864226 0.0496595851891901 -0.0886795346398389 0.0939568247169985 -0.152651026935937 -0.158249174535073
0.392086511825181 -0.0916562442956699 0.443266080276723 -0.129556613010564 0.0635689519842856 -0.0296529227315217 -0.131660221413233 0.156486869860702 -0.0208884854054671 -0.0689687785758525
0.390691192720944 -0.100282008399962 0.444349717742131 -0.120796169454411 0.0611029288940078 -0.0505056944438021 -0.115360123854158 0.165358847783611 -0.0301089135812758 -0.075763873997308
0.393760837777834 -0.129740809461366 0.401130380693354 -0.0810232945098455 0.0441062273988376 -0.0349865784242222 -0.149549489405639 0.160815078254523 -0.0765333746168846 -0.0483631807092858
0.373682320377006 -0.114144608511508 0.397263570076697 -0.083099003269071 0.0380495092859035 -0.0362119937568062 -0.144695592851484 0.158554548819092 -0.0795613038101871 -0.054081275240955
0.412609211868698 -0.108270960906229 0.400303911791382 -0.0878116178610883 0.0257511367826934 -0.0511124434260479 -0.127735321582091 0.143895076877569 -0.0748865966456316 -0.076835958253972
0.408873292941662 -0.115588365509452 0.408848350624655 -0.101641851946426 0.0383455439034116 -0.0362201835965228 -0.129431006022884 0.154976197416146 -0.0637741788091808 -0.0832714880463365
0.425518601098091 -0.111848227872871 0.427741698418873 -0.141539326323565 0.0317372324858876 -0.0498016659447932 -0.156712923900689 0.169936522971573 -0.0623372466333561 -0.030780816017396
0.391354229921924 -0.124331915168274 0.399943763586947 -0.11894370705517 0.0352653744259772 -0.0496204675016192 -0.152151248076089 0.209412397877678 -0.0566356045536571 -0.0397145947863561
0.366010344449107 -0.105100773275577 0.445923358214319 -0.0984686134304761 0.0453953906687996 -0.0466352157541755 -0.128896957118818 0.150025162711409 -0.0688258156262051 -0.0160368957445205
0.408930383498364 -0.0751167954452775 0.45568740824893 -0.188857552559581 0.0745691233994574 -0.0383843335376565 -0.119313904286642 0.187013241814719 -0.0611963154710078 -0.0547394050478686
0.445342603252774 -0.0467491517723579 0.451810654779152 -0.206909966743398 0.0753711897902157 -0.0558181745257109 -0.146385471053612 0.193546033397482 -0.128803633098102 -0.103369226722989
0.417110400879615 -0.0304620001535805 0.480659455141933 -0.234590204894841 0.106987861258707 -0.0251041801287547 -0.11323289708422 0.17617998146882 -0.123438576545437 -0.11406888426907
0.418628705924487 -0.0652123084770556 0.491443928751583 -0.141408920290692 0.0661127033378505 -0.00870678107297707 -0.122100834611338 0.15825920747647 -0.0991688884868461 -0.0318275013891425
0.42975138867287 -0.0488914041859064 0.472210055404506 -0.179117591524677 0.0675899882193524 -0.091688146806718 -0.14863824008723 0.164752297655818 -0.149722036980888 -0.0396307014802959
0.405896695601538 -0.0360839310082848 0.468330571592891 -0.193056265539608 0.0743902731116778 -0.0873493380224303 -0.133943884622941 0.157599790890158 -0.127524591404822 -0.023922508924169
0.425345676117438 0.0247831176723696 0.41848362641106 -0.188525467379724 0.0290985424544594 -0.0888165767022519 -0.174415439841183 0.171072173275278 -0.0098523210401509 -0.047828857554407
0.414878797204272 0.0189024932813744 0.419043032558749 -0.205736648389068 0.0094882058488266 -0.108481902411191 -0.151582837527106 0.167932331931734 0.00790572805383228 -0.0536236295012895
0.416278367407672 0.0897817210574067 0.385828188554515 -0.207443356649065 -0.0021527738192723 -0.050024782033834 -0.166500876783855 0.202832834044982 -0.115707000196338 -0.0798302979797379
0.40256581990915 0.104534213740673 0.375075093654352 -0.209352169798234 0.0371423470604633 -0.05901907518087 -0.156119377699784 0.201180696859178 -0.139148442679472 -0.0779471872262506
0.431354658683137 0.0968412434652125 0.386637068147014 -0.200626494251076 0.021822022599358 -0.0486102556039117 -0.168613510476536 0.196726277158673 -0.110478119586187 -0.0636351641531774
0.252836962382312 -0.0487864487472568 0.53114507208768 -0.185901238754412 -0.0189887167870406 0.10057374099614 -0.187679977933502 0.131002715353193 -0.125157615565576 -0.0541937884995232
0.26153516726792 -0.104706672192323 0.481562628831789 -0.225544864586431 0.034546992895048 0.0316577207221179 -0.0258812129409325 0.0513442149745052 -0.0720914190318144 -0.0486330185452062
0.255255922594539 -0.106768563155987 0.502113504672851 -0.22000830891515 0.0243145133885905 0.0201746119956541 -0.0143655704541993 0.0594320742805918 -0.059179526347584 -0.0646411789324186
0.295968653570497 -0.0492678356499319 0.459685139963309 0.0616261370765512 0.083005389407138 -0.00755648707167179 -0.11583391053511 0.0274570632786946 -0.119454404730663 0.0152940096694292
0.280452370805882 -0.0405478788888488 0.456306042364479 0.0484386672475306 0.0936838279859943 -0.00773822830461844 -0.111299105117062 0.0302708968299726 -0.0817399492072391 0.0131151005628296
0.280452368822251 -0.0405478793815566 0.456306041166707 0.0484386654874732 0.0936838267605709 -0.00773823038825755 -0.111299105708567 0.0302708983208462 -0.0817399476621287 0.0131150996635943
0.207937904524384 -0.0159541973761619 0.459704593114435 0.00319413358289322 0.0526980108300208 0.0640638900947242 -0.118444711839397 0.148241217909473 -0.0785089709996322 -0.0978156259992676
0.184510176735855 -0.0293089233104711 0.458714742236657 0.039881989261828 0.0516653202847023 0.0639999300625838 -0.143788014830406 0.0819502339057006 -0.0921177946533218 -0.111514075752581
0.19145396487642 -0.041350699346132 0.465582034367159 0.0525658078704975 0.0415370472360166 0.0593358576308038 -0.132389628968096 0.0687616966775971 -0.0997867191825787 -0.10263984927679
-0.109723387052457 -0.308603941180597 0.189635116240415 -0.0305228680253508 0.0537563639192402 0.0451329627242222 -0.152404963688712 -0.283405402280309 0.278388540577311 -0.284822619602594
-0.149172556362055 -0.400800401899942 0.195192183292701 -0.0477570511888185 0.0907455019262444 0.0122155729373315 -0.188269897740148 -0.229169666914261 0.280596738706001 -0.268645720979815
-0.143811409009804 -0.389472332541626 0.192907037578206 -0.0353739910468562 0.0829776391730065 -0.0162134060141791 -0.18064671606403 -0.238564208982706 0.27520063234063 -0.261673691950914
-0.118467711287732 -0.402651739378099 0.212506919451304 -0.0531970451875805 0.086415673792833 0.00920105126129796 -0.207220443585747 -0.274769541580206 0.30404114087442 -0.266124667192078
-0.118467709727199 -0.402651761166508 0.212506874853853 -0.0531970176254485 0.0864157006122729 0.00920104580812588 -0.207220501363687 -0.274769499330568 0.304041103578207 -0.266124677629041
-0.129279839976262 -0.403900018185253 0.225409163010025 -0.0139857092022274 0.10522599026293 0.0138608600645334 -0.183227833230089 -0.280604561317302 0.281454686506788 -0.252102185262559
-0.128943775664104 -0.405491165435129 0.23214144712267 -0.0147357851417751 0.0828048876917309 0.0166112384119631 -0.202876353641537 -0.287846856837946 0.297537235042255 -0.245429977230784
-0.107905242467791 -0.360163445178071 0.198170751987835 -0.0570728123237359 0.0684916125404969 0.00122052098910614 -0.21394634601497 -0.272619852795024 0.28063813049227 -0.251832660686673
-0.107968810718432 -0.356020109470421 0.215098487961899 -0.0469655926756866 0.0854477637780642 0.0047580524178497 -0.158241594822165 -0.271392097836422 0.300810414231836 -0.260139233825543
-0.0653531748473808 -0.343864716444153 0.170690470387234 0.00492436110594918 0.125345869616082 -0.0373445613654689 -0.18693620812225 -0.246458044300983 0.235429468549677 -0.258476083061977
-0.0670493100462346 -0.349855114348707 0.151353871808199 0.0273002814212471 0.126108067188683 -0.0132020870369102 -0.176884789402629 -0.23494484430016 0.23507356876108 -0.274470952496688
-0.0681588649491294 -0.342911934734832 0.157219161479235 0.0277453512180726 0.114804342761643 -0.0357112835949355 -0.1755244541082 -0.23045196387461 0.234377339587656 -0.275096561763706
-0.0701780625026109 -0.342544978342259 0.210830418700724 -0.0298231631428366 0.0821505203585083 0.00354334261665792 -0.15053125653772 -0.256732376949067 0.253176908792871 -0.246800824307175
-0.0756919028726755 -0.351667800564552 0.221250911272641 -0.0382536682371939 0.0860241159291627 -0.0203899754790958 -0.1212546207402 -0.266338621848289 0.257148916071178 -0.219923297169133
-0.0335902786868594 -0.351142340346242 0.181880315194397 -0.0466686271319923 0.0818716453601473 -0.0324945706131431 -0.168347574219629 -0.232483004200153 0.262060229647029 -0.267455072625543
-0.0782403107882597 -0.341188026004307 0.147616930952487 -0.0212865497990699 0.0479154684768537 -0.0130561531071288 -0.13812634017364 -0.2111046822167 0.234287246114007 -0.227177677596226
-0.0424430395165546 -0.318064451383743 0.155679332017553 -0.0149694971874256 0.0404146577164159 -0.0128643695300511 -0.155252551579605 -0.222110855226909 0.264267215308746 -0.231910823392705
-0.0937636133622317 -0.369221500197317 0.180276847705726 -0.047644670473163 0.0350163051758168 -0.0141755144351096 -0.096353249567156 -0.187477953398602 0.25306813565414 -0.276703360634841
-0.053491487191711 -0.377571415227302 0.195099133365931 -0.0392896269720649 0.0850318846896747 -0.0374344855510323 -0.178942141132309 -0.240800829920466 0.226692181899239 -0.251246830144162
-0.17844363155626 -0.337605009853124 0.176825680158376 0.0348524168375978 0.134603972927936 0.034785262526603 -0.215009760484549 -0.19585142828318 0.290223047374572 -0.195575245331084
-0.189885427579522 -0.331388849011832 0.168329232051338 0.0450243421003141 0.128214295066659 0.0652605026129642 -0.209618555720903 -0.203965100768938 0.280531986055481 -0.201680970930264
-0.141012376381281 -0.38782619132323 0.165330958175298 0.0612236521340793 0.126628616104315 -0.0237464708175923 -0.244606624532698 -0.214993682993763 0.249183331522793 -0.249336307488076
-0.150233614102225 -0.332340425379768 0.145123348711847 -0.00438685106551775 0.0936566993611111 0.0806059708771326 -0.220735330077542 -0.190746314211675 0.25850233478381 -0.231143542383992
-0.144232949794334 -0.319320615439802 0.148250858890617 -0.0165833711395704 0.084055564325651 0.0954551248342475 -0.225809385689949 -0.194853654174525 0.273610091182126 -0.238570821382307
-0.1467312481203 -0.329120161662593 0.156093832763192 -0.0167442849004626 0.0881920173888188 0.078051763900761 -0.227025929384261 -0.192900621700936 0.251062779327123 -0.24527023388166
-0.151655755655227 -0.347521243469722 0.203358195202633 0.0651776319915944 0.0426821318062684 0.041469769415763 -0.237380039699618 -0.235620670775548 0.298745912078837 -0.215114478638855
-0.143165748522117 -0.354674108679968 0.194197546752102 0.0641620662029145 0.0535478397439011 0.0252040400856844 -0.233125882105558 -0.234416555663574 0.258620769791771 -0.223246511258395
-0.151686843971596 -0.35674840137435 0.193573727996744 0.0627635285278065 0.0568111869734854 0.0263381667887911 -0.223407457636991 -0.227566778750358 0.265406883224984 -0.219645504226447
-0.12644456935815 -0.33052145469347 0.183068855194526 0.0653311606495243 0.054385050958429 0.0402605890579614 -0.291101154953201 -0.2828069593063 0.286856874841504 -0.235812734052741
-0.149362649461465 -0.370648851006923 0.213121282523613 0.0439512316738472 0.0566678899068745 0.0468662117000586 -0.276650180508684 -0.262441623940807 0.287766872036333 -0.209456515171419
-0.142337202157132 -0.373803996248013 0.205792289012519 0.0452808086727329 0.0633852198412334 0.0513866032105751 -0.260796457269279 -0.266749047705253 0.301613275556043 -0.222404496040455
-0.146188363819986 -0.374417902568536 0.199948479006108 0.0244854232759537 0.066539100591422 0.0257517652972915 -0.249142237534392 -0.255234806512214 0.301924798441408 -0.210169053581294
-0.119997548430827 -0.2723754167107 0.122422826056529 0.0822181138434179 0.026678175988312 0.0468053136830292 -0.192350461724319 -0.271865519306073 0.230512551032726 -0.262135092325203
-0.0980894835932654 -0.287734206010858 0.117450641776279 0.0952073488102693 0.0143738147547692 0.0327316650844412 -0.212854787717029 -0.278969759256489 0.22860462609252 -0.266476272597786
-0.154473026558576 -0.280718472151599 0.12292380476002 0.0481585365403767 0.0374604205144508 0.0168928594007503 -0.181488702544827 -0.243513005733136 0.290665666344421 -0.212575025411474
-0.15936515499412 -0.276714267650659 0.135945562584194 0.0415763756572977 0.030557974601978 0.0093554933110617 -0.188275964279692 -0.244826588319888 0.271472797676398 -0.257186184260608
-0.101748599724538 -0.294052166494574 0.128478728928673 0.0198467678198306 0.117134555801615 -0.0306520316223734 -0.181431042829185 -0.237089889341481 0.292700504134142 -0.212877907355583
-0.184542891968137 -0.29132603683443 0.0542704424665693 0.00436567109964187 0.0718863970707786 -0.0388363070123524 -0.254402230240954 -0.214073830549282 0.276772324297617 -0.210551802069463
-0.135399495696696 -0.267765117143293 0.136556972239589 0.0438813851107815 0.108265426970433 0.0258290005251995 -0.246111785968917 -0.241881914422089 0.228653725218876 -0.188969839621358
-0.161172104126767 -0.256987493007814 0.135487146599534 0.0436473992809056 0.0675260896901768 0.00128819761065063 -0.223405825879112 -0.230376315634789 0.231956976059039 -0.189703490536117
-0.185439377296096 -0.350625102832377 0.173038169083537 -0.0158525203921224 0.176514540079903 0.0610088666079999 -0.168230733692992 -0.227948420917698 0.256947310437163 -0.22503486311007
-0.180407964795547 -0.33541638481087 0.205022591895749 -0.05688484387565 0.173955486846436 0.0484654089416174 -0.129045830546631 -0.242354444660807 0.241154119519749 -0.221764025903696
-0.187311606838878 -0.349961382423193 0.173297360844988 -0.0500529413561574 0.145740216175683 0.0653198492095149 -0.130369017273192 -0.252230542343701 0.246706743891635 -0.204069434300746
-0.137336555600202 -0.386875837236955 0.195735888782856 -0.0135677368601616 0.0755725649560784 0.0667900298132634 -0.0993922262296184 -0.35269771347064 0.21758422664409 -0.199413807674506
-0.132356033104633 -0.331675343002471 0.228248485665186 -0.0472093766801707 0.0963335623984457 0.0391769820818937 -0.129667229614446 -0.315576066751523 0.205190746331816 -0.153920273772646
-0.131684320967259 -0.331719952989727 0.228408902750022 -0.011752159115425 0.0696266658919615 0.0446841608535813 -0.117138073305876 -0.274435011262913 0.243933136702516 -0.137500782267095
-0.125054085138444 -0.324595405946482 0.23414828497635 0.00149676522844205 0.0583112517490436 0.0309934422409843 -0.131779403262625 -0.281641610539333 0.242184485868177 -0.129030754251712
-0.13504828463348 -0.348650763625572 0.241554809637802 0.00886894840508639 0.0756383219386576 0.0317069740376233 -0.127869607349848 -0.259746763807672 0.22839523924113 -0.13288223794758
-0.138392606667623 -0.343455865946765 0.22365474272424 0.0144020445706001 0.066719139498028 0.0286238689512192 -0.115020899586043 -0.255594488017652 0.218682828116707 -0.146781719922941
-0.18778249312891 -0.29675575729517 0.310224687606516 0.166179552783768 -0.121229516567871 -0.200446056496888 -0.370914028064214 0.114817798150912 -0.0708951541915573 0.0289565654207019
-0.193297819772549 -0.294065934139536 0.329067504636391 0.16612239227519 -0.108604253606732 -0.180611500684209 -0.392425533986146 0.0815805115348641 -0.0597920143992712 0.0549143044463859
-0.209957424218633 -0.268069240261102 0.295303743144713 0.142631143133508 -0.0677401058225541 -0.177453648207178 -0.364861539882222 0.092328604012435 -0.0804136872143429 0.0613071521586348
-0.219463257881405 -0.25664952340867 0.293135968543483 0.155671338441866 -0.106692175805741 -0.171524056064208 -0.341197147607864 0.0914500652376285 -0.0876973153489749 0.0340306766888442
-0.21409861370227 -0.258126628450865 0.303624406916379 0.142266300172166 -0.0865178900867891 -0.158890824428334 -0.336552038663595 0.0844091908919196 -0.0843806991367991 0.0240576726324259
-0.185988868764149 -0.291691804008093 0.284910371433927 0.194006173727649 -0.0915542099055351 -0.135319352361167 -0.398614111970759 0.0862059342494764 -0.0612779802808047 0.0131552243624722
-0.175883060300363 -0.261261128476942 0.317997150388652 0.206556608725956 -0.106298340850957 -0.118747641491696 -0.435319621437284 0.0722281222418012 -0.0508773597668216 -0.00716010056173209
-0.189811050666035 -0.262442572789678 0.301944687944223 0.227616130493224 -0.0889118853042396 -0.112841038485428 -0.418880111649487 0.0746371778364947 -0.0501468048638031 -0.0205986709339906
-0.191943019254576 -0.262822201656859 0.303763657739773 0.234346687768858 -0.108798812401727 -0.10120751907944 -0.422600489836431 0.0675657021230543 -0.0710848198606439 -0.0190586062450446
-0.214256553282589 -0.276175636185107 0.309036845931329 0.0914872416954939 -0.0618545533575139 -0.0692595354555588 -0.372350551007484 0.0400322904483532 -0.0351687728941663 0.00144153457619167
-0.218505276748215 -0.288722477554354 0.312929639821279 0.0939327260048756 -0.0697261783296179 -0.0686854030169199 -0.370547350638524 0.0307298817316029 -0.0229202383633799 0.000996535718414166
-0.186959117305878 -0.174784208411801 0.307463788575221 0.123550761357271 -0.0351480942459281 -0.0929541924637181 -0.347298556252299 0.144677357556923 -0.0471390473320036 0.0460204559996278
-0.187023618315418 -0.191414917940044 0.303637692630936 0.136258953478854 -0.0279272655638809 -0.095930671727027 -0.37208334708676 0.110946795138669 -0.0652015041146743 0.0233776077205233
-0.189884930275134 -0.186518828286105 0.335802499497388 0.133643427055682 -0.0385126512136337 -0.0829086925174858 -0.365503913614672 0.108468388582878 -0.0528963774169389 0.0555320342633133
-0.185934920181168 -0.187534967670422 0.321329938536765 0.156808167964271 -0.0232282276526607 -0.0995327633540644 -0.388965858346388 0.120351416361013 -0.0656818436659115 0.0477748313155972
-0.239500471102249 -0.273951138755738 0.234403036203528 0.0978346960141308 -0.00134029409651907 -0.151547971540347 -0.313967482455044 0.0960242791340561 -0.0201370860826607 0.0020894473397478
-0.155189168002702 -0.298797936708399 0.306215212729609 0.149190394955866 -0.0822898097497653 -0.125491329008512 -0.353936185783445 0.00635675953140598 -0.0151820410897958 0.0697933665575583
-0.207129805561981 -0.312713601456239 0.284399092896956 0.185611534606507 -0.0887062871305117 -0.141831971540761 -0.298628274588655 0.0437102520383387 0.00082525655308683 0.0572340562201719
-0.173211933112662 -0.294817578368713 0.29669982547795 0.166289916124232 -0.12140228018986 -0.139421157396911 -0.303749649633734 0.0840763032457161 0.000751133967103103 0.0688868830717785
-0.219224589876741 -0.313736407021961 0.306723150048302 0.167997204016033 -0.0993979146129863 -0.15255783261474 -0.334665259279218 0.0312698806652006 0.0119290838871111 0.055187351302416
-0.207891755122547 -0.31092035641227 0.274375293978868 0.157952054155126 -0.110525347138542 -0.124993948965118 -0.352057408900081 0.014109990434516 0.0111638543258082 0.0752891159827628
-0.299508635828277 -0.213561096758522 0.170674246620581 0.114184598844661 0.0155541787820526 -0.254805937918625 -0.300754354766224 0.00399064314248622 -0.104784968267004 -0.0802459764003349
-0.283666922189085 -0.21033247267098 0.176276952039234 0.124756055562091 0.0229614384581816 -0.245215604491077 -0.302892662111921 0.0186846371050628 -0.101409427795803 -0.068327138238234
-0.315182783220341 -0.293984904992756 0.187511764688517 0.149595140089682 -0.00801213524736638 -0.28797105411451 -0.220501715730537 -0.0133517593895695 -0.150748171954571 -0.030855752703823
-0.320607511923973 -0.280326875718156 0.179725684593654 0.160317553068694 0.0180406226718993 -0.261382291850298 -0.222061025493485 -0.00979620180874344 -0.114423394831872 -0.0211943843191596
-0.304457682173628 -0.245092343943813 0.170986247633483 0.154565175649268 0.0474121818330043 -0.269884074811486 -0.212168185622692 -0.00671021708292303 -0.107832358414293 -0.0278125378400477
-0.292541718923719 -0.228338497842283 0.164469250506721 0.162584500035499 0.0255350319188912 -0.274591759436554 -0.21309969038496 0.015448237398408 -0.0972557056406116 -0.0427296885651737
-0.284224460493511 -0.221074742802454 0.212704264648324 0.160579714295846 0.0623299494410598 -0.280245889900396 -0.292546519852297 -0.0385612430798712 -0.132011650901 -0.0413365777379017
-0.343569114324553 -0.232442335230925 0.200845972788131 0.168312400022121 0.019920748247205 -0.253865246502434 -0.272590496368764 -0.063013088845872 -0.0665526015044816 -0.0407744077848068
-0.183174541572876 -0.300123612548321 0.132195862863002 0.217260011231142 -0.0249519598897255 -0.137658173056797 -0.367257675810187 -0.0622938202363429 -0.0781759227943321 -0.135034109265302
-0.153320244881083 -0.21670414469373 0.139490846343706 0.144507336005042 -0.045816142108093 -0.190104463049473 -0.430077998330073 -0.0626615335609253 -0.087544941944109 -0.0969381756448179
-0.1486201448882 -0.2652087858175 0.203835668800129 0.0799452398209163 -0.0375723526126893 -0.242176802861714 -0.391635284836752 -0.0330702303907103 -0.0198027117752989 -0.156615416987932
-0.0800733346742263 -0.312777062746529 0.175562754542692 0.0469080751564415 -0.040373880685865 -0.233497613626882 -0.191548486810487 -0.0113618189026608 -0.161880832970363 -0.0968221220312013
-0.136912657049047 -0.312083016040359 0.232682060187157 0.143554259561212 -0.0402529884643656 -0.230734498423081 -0.267072266931339 0.0296358022427893 0.000432268575662359 -0.136203451587393
-0.0795700826820705 0.178506204653877 -0.0559156576333745 0.619648807865251 -0.14998650750819 -0.375604622132225 -0.252169283710252 -0.0284007863742017 -0.237478577903775 -0.0416251900704771
-0.071545761215731 0.18188415805031 -0.0623797300445593 0.562515120449828 -0.179091403356445 -0.33046993957127 -0.257391813535409 0.0327450211916216 -0.243195581313373 -0.0689172025335736
-0.0563704575312826 0.185357702152802 -0.0669937228635818 0.566562939369438 -0.189388263863777 -0.345786426039863 -0.25650050672843 -0.00370142186435113 -0.249682019799609 -0.0728335508367788
-0.0537373911099414 0.192652609829111 -0.0801242656736826 0.566245574623313 -0.211096988977744 -0.3612504747925 -0.253639535616172 -0.01267846379372 -0.243527561395022 -0.0637847422531535
-0.0646678680615413 0.194982101189766 -0.0757181044309749 0.556328817060628 -0.196222117195097 -0.352384844155841 -0.271565873924681 -0.00494060724569007 -0.253487380383066 -0.0722679780690194
-0.0727244266146721 0.154423467357586 -0.0897298010059903 0.498098155322686 -0.17055683773896 -0.32213478773137 -0.309046248705669 0.0856393976971227 -0.175051269349809 -0.0627079545787455
-0.06860092964834 0.159238514481249 -0.0982315278544191 0.504021577073745 -0.178055319440868 -0.330434613157727 -0.302709723697003 0.0925248422892935 -0.16975229098427 -0.0457777562786095
-0.0113694963998252 0.0933714730902183 -0.100433075848243 0.559478384426706 -0.189767002261216 -0.299110932142808 -0.297084713874595 0.114817139100667 -0.20802121424489 -0.098652831623859
-0.015011318325768 0.0962613843754979 -0.0834002014009728 0.556382579925176 -0.19730368842415 -0.291423010066755 -0.307469069615221 0.109504770384177 -0.188848783873897 -0.112862929883515
-0.0138106007553497 0.14152657742554 -0.0681416375992967 0.536887972321186 -0.226598194367606 -0.288295714519217 -0.292649166803091 0.163494735147976 -0.222539557298131 -0.0867820814555689
0.0146542177324632 0.120763045039048 -0.0921475903386631 0.582752111485863 -0.218257136124124 -0.304442742024359 -0.301351142155858 0.112701544823782 -0.226753648062168 -0.0763067901762846
0.0146542176888702 0.120763044662661 -0.0921475912507878 0.582752112017778 -0.218257135735473 -0.304442742047932 -0.301351143484608 0.112701546123744 -0.226753648781922 -0.0763067903165742
0.0146542173254323 0.120763045166077 -0.0921475908779989 0.582752111639844 -0.218257136701517 -0.304442741594217 -0.301351143684012 0.112701547793083 -0.226753648270441 -0.0763067898897832
0.0145380106575404 0.149263337747635 -0.0713246464145924 0.576759995641894 -0.212785645776775 -0.318459467697469 -0.305021430583526 0.163842822878101 -0.23527663207066 -0.111533115618449
0.0150218109524703 0.149725277215023 -0.0801610554317809 0.581559397043629 -0.21722789423619 -0.312600279365174 -0.312256693439403 0.159375437616645 -0.239732000245375 -0.123769260779295
-0.00955720850945852 0.183561482384727 -0.0298226559470685 0.612031657063682 -0.181797430513127 -0.405854557606774 -0.225081332292369 -0.0177732071716549 -0.145838649532797 -0.106719803276364
-0.0279586020735282 0.193774483968591 -0.0525133461338447 0.586074990960828 -0.202144513310149 -0.290293740551907 -0.238127221252202 -0.0493628230825675 -0.174844531641862 -0.126564869934001
-0.00524119436851202 0.210200394471033 -0.122202076242941 0.571303239603701 -0.176074164533389 -0.28124938777959 -0.292983826753246 -0.0114633320903235 -0.164415676125508 -0.113387075481701
-0.152879180710694 0.112666336977044 -0.0230928805294727 0.476157644803374 -0.0815628931601216 -0.243631148433338 -0.152856099093494 0.170467570494642 -0.156566210670487 -0.346545884613078
-0.150786874957604 0.13624592411787 -0.0315877205444925 0.471440993331108 -0.106374930725109 -0.260171998400949 -0.177589312791847 0.0778704163861269 -0.162913726124932 -0.261493925715607
-0.155453879233417 0.112234995893417 -0.0403426569793619 0.45074199483953 -0.0949605156343523 -0.259177868659723 -0.156705245212864 0.10623590109897 -0.181429933728058 -0.306075760058335
-0.150648164100846 0.077920763962243 -0.00805344080709038 0.508930415838063 -0.1264214829941 -0.229050085217579 -0.26727565001508 0.194208310416982 -0.222633686100953 -0.337161182834603
-0.150787996755869 0.161721402803036 0.00335892497266038 0.464650589549232 -0.160611179364781 -0.256765265071254 -0.257500605119866 0.180685804536461 -0.215324989147646 -0.337004568504186
-0.141943990443524 0.131091638621137 -0.0110281321588044 0.525017480765149 -0.128913529726203 -0.225763432665283 -0.235079293850977 0.129915659238736 -0.228170643951843 -0.35223937885209
-0.154157236585616 0.135012052454183 -0.0175298817918497 0.48363250995892 -0.138375965096817 -0.226702973552113 -0.258959009150412 0.163862277284935 -0.225057414449712 -0.332407901736102
-0.172580049715947 0.121530652015176 -0.00425884141012725 0.493606128767602 -0.166533399942846 -0.238868497126397 -0.285298072121529 0.146979679824688 -0.230814181341403 -0.336481114437282
-0.0752901557965478 0.0288816456669342 -0.10653160524587 0.363102473167883 -0.0725927870457617 -0.232122793643181 -0.168229636987757 0.214704432956789 -0.192073053861413 -0.143149343953425
-0.0318349139307689 0.111758862340252 -0.0711191312432274 0.37226636467838 -0.215711421040842 -0.174827824898223 -0.252270356106641 0.179627567861519 -0.248265908342018 -0.326366222557317
-0.0297856113880312 0.0769009957532238 -0.121027627080905 0.314243101753954 -0.182269516543813 -0.175568287140692 -0.333813495789513 0.089712956442516 -0.249067449052897 -0.279820680138949
-0.0590848208819673 0.115758133336151 -0.0849299283209111 0.30972378043367 -0.138216982441082 -0.169569111945712 -0.277077130364244 0.0802334530598388 -0.211128447144078 -0.274446946033025
-0.0202126082390023 0.103562974412145 -0.0895069274249282 0.308258681510261 -0.163653045656695 -0.14845379044375 -0.292914865459699 0.0787637409624347 -0.225518214785774 -0.273055251896914
0.0157233301801742 0.0871201942511933 -0.0134843590988445 0.31444932905255 -0.030117190234866 -0.166271390898653 -0.332651344312552 0.118678435727403 -0.218445164373176 -0.303855154264558
-0.00763595344704041 0.0588381864439964 -0.0482244152731621 0.295455998777045 -0.0497365761321389 -0.165847133616205 -0.307296422131642 0.125218844176671 -0.235953221452379 -0.317330706138962
0.0113915424991269 0.048366190648425 -0.0108601663446007 0.288130023861735 -0.0490116490944573 -0.196341520427063 -0.311867417443887 0.113964526574095 -0.22686562244379 -0.313468075279273
0.00273489211627661 0.10687496584791 -0.0250448193330898 0.296457015639529 -0.00504466213654821 -0.163893098139962 -0.3254132086233 0.123650321832667 -0.199623865407289 -0.2943548834393
0.00941668975884437 0.0751267941347279 -0.00579417877617033 0.304425683922436 -0.0064101795852067 -0.166257776052582 -0.324284945418994 0.121093977493758 -0.208821798450694 -0.273925339021089
0.00495750235817488 0.103756091531146 -0.0448139316720205 0.302106307042281 -0.0297038375375028 -0.169449324329935 -0.29930747007697 0.118208991706282 -0.191582154595395 -0.312575945642438
-0.0110380958072632 0.0807573342622804 -0.0249373782078088 0.301368675079289 -0.021595407134654 -0.185906685331463 -0.32385528024004 0.126331131809876 -0.180856263600602 -0.300031075411009
0.0191369960921931 0.0380349313864297 0.0304113741366573 0.34415220398445 -0.186167407956889 -0.193620527142915 -0.189128514447348 0.144674118578653 -0.192863206866437 -0.341988096887258
0.0203764408711787 0.0300324374333757 -0.0292067937309661 0.37609245582469 -0.143290269220922 -0.189619504027381 -0.149204450583296 0.154163465102817 -0.249049268264489 -0.346586496979563
0.0327377391023042 0.200980703542677 -0.0498063598666713 0.442851934348372 -0.08867207603392 -0.225958798821226 -0.23090417861538 0.174983611578392 -0.168937559368303 -0.264778207249555
0.0107048917554988 0.22812565553482 -0.0663518213761312 0.457890855535157 -0.123880383442068 -0.232760578789391 -0.257263915916705 0.197212937700157 -0.151387322963436 -0.280992820902679
0.0281141485684426 0.195768462343239 -0.0576900300163469 0.462497785242706 -0.124009931869903 -0.229934487694903 -0.269285404403748 0.18235294242817 -0.159043968794244 -0.265188160651246
0.0185105413101374 0.173780521671201 -0.0499213253543704 0.373900367266955 -0.106012125299177 -0.183517390577351 -0.261122552208714 0.147644807517613 -0.215898877041242 -0.259493089067757
0.0278089195825896 0.14345789001779 -0.0447700724587814 0.379660124052003 -0.114875348361649 -0.194712517707873 -0.27705359931157 0.142426517970826 -0.189103878030241 -0.271348617957278
0.025199064099726 0.148032408213992 -0.0585585231744244 0.386750498153664 -0.0990151721567108 -0.196294411362347 -0.271118928126136 0.160767784336911 -0.173632259860524 -0.275171784497201
0.00737730778022867 0.15319592468171 -0.0376731086581629 0.396420551673925 -0.0888703951126821 -0.175686257140502 -0.274431243957645 0.148073360615274 -0.170854882788714 -0.268299065733989
-0.000243842226537741 0.152673334535289 -0.0352526480962443 0.411277352814203 -0.105326121781965 -0.172372256486018 -0.275191467130919 0.166546527192738 -0.155879730682669 -0.263522796486141
0.0219781722440722 0.156250553811801 -0.0610589855692092 0.402000657652809 -0.0883540848245628 -0.179774493307744 -0.25652121822651 0.144144149988793 -0.150608920296722 -0.256933556561939
-0.0166737843044488 0.193633975913628 -0.0268992368928884 0.348588218098164 -0.0956932874732242 -0.190559705852325 -0.221784607692756 0.196732257384773 -0.14627474834935 -0.337323408255921
-0.0105781829201057 0.17757378709187 -0.0268003421654944 0.355653375143136 -0.102524234822103 -0.17904481847438 -0.236625639722495 0.197226978760949 -0.132592775973073 -0.304957177498285
-0.0169183506687214 0.188648465290861 -0.0259755261438608 0.349289618830995 -0.0969556577023067 -0.197881644204073 -0.232090130431585 0.207861502956405 -0.122435576565803 -0.333972572800585
-0.0263369552181003 0.122317784783853 -0.069130939385902 0.383888951995174 -0.154116562943403 -0.202598123372362 -0.211318182947211 0.205446961964255 -0.181298812857354 -0.23621212633318
-0.0433955541142808 0.120062941330126 -0.092965332982797 0.363410792391127 -0.168741293834302 -0.195481195455481 -0.194964848681903 0.180781655917216 -0.141511005745175 -0.246763703280245
0.0113413424577257 0.154228015291515 -0.0680292330817613 0.403112521240744 -0.0930458396439197 -0.235598818485453 -0.251808568017583 0.154973048689565 -0.173635150268667 -0.282148424862839
0.0281728941007561 0.120553493276633 -0.0618742168833283 0.362657635568001 -0.1237618783986 -0.189765098876569 -0.231584304547098 0.194743874158522 -0.181192446837823 -0.264856339580748
0.0415613400140246 0.169217131339717 -0.0490051664182336 0.445361344812147 -0.0954679597358614 -0.167832889188548 -0.20999442366347 0.195630498901617 -0.200756497794894 -0.297039632609
-0.0159291921274047 0.0992352883134071 -0.0765545944975906 0.437604523568325 -0.118276590969762 -0.178486864096746 -0.203201695939008 0.174310150123727 -0.122449583634605 -0.271089524665341
-0.0164396769137731 0.130313754013197 -0.0696710595363824 0.349357455535176 -0.111186039995766 -0.163936573571882 -0.193797164130377 0.142850341563251 -0.132749364412477 -0.336702482700791
-0.000993496615012994 0.116686448906894 -0.0628845826698012 0.392326812143405 -0.064768710762515 -0.167375795997858 -0.186945815563259 0.1451149978469 -0.150754869199942 -0.345313719593675
-0.0289025034406274 0.115204785443319 -0.0681295612974057 0.379075237056635 -0.0800060865209661 -0.189768076220399 -0.202380065456462 0.163085062452704 -0.158366484129808 -0.328235241092597
0.00833580012726082 0.160809093084355 -0.0668913993705818 0.406316190874294 -0.123673578440472 -0.131814998918347 -0.210470912065855 0.184721095362416 -0.148222502389052 -0.3269228056295
0.00449721543786678 0.145412202678216 -0.063171216146785 0.378138663347382 -0.104263826840799 -0.176859433982004 -0.190631724986598 0.188961598822182 -0.136729272667462 -0.279123286227882
-0.00501072738044288 0.151475325074024 -0.0687610000665607 0.380914504853698 -0.101573464167605 -0.177886543272435 -0.193050323878242 0.203907344251397 -0.131187672056436 -0.271666750200612
-0.0315258688932103 0.0404062250139996 -0.000985980499938297 0.338599852187663 -0.139233162289263 -0.226167987423286 -0.223204335329308 0.17855896639473 -0.173561988961864 -0.216366853361043
-0.0480296945728882 0.07354291699957 0.00132176926713844 0.337088109493923 -0.117777820042634 -0.218102988234329 -0.203996300137443 0.181714874904696 -0.182101319912075 -0.221477956187905
-0.0336339724489611 0.0603357867847637 0.00230167792186719 0.343519626752653 -0.128746299437567 -0.216380264550293 -0.225041784192652 0.198347123838482 -0.167887807469251 -0.21829835334991
0.025739982998696 0.0639853667560452 0.0162812140145187 0.356176957445447 -0.124308850150652 -0.248302808940459 -0.173900628478811 0.171536034173426 -0.183513300798831 -0.301879037830191
0.0681106099626755 0.0782660822057678 0.0127416576255473 0.401604752856897 -0.128795428494659 -0.285788112756459 -0.183921853125345 0.194530991278064 -0.121703263185471 -0.326874804353344
0.0542778643770492 0.0836916438830099 0.0187962452362139 0.407239552283591 -0.135127017106861 -0.277922770470119 -0.18401968365905 0.195212801948025 -0.138612948829675 -0.317664853022054
0.0436715025128494 0.0885150500269758 0.0116088255265434 0.363870075679588 -0.150739843954063 -0.308393857497087 -0.14781236598212 0.138959394487973 -0.141314644960199 -0.294762253129076
0.045124123467338 0.0873486990902847 0.0153640810626769 0.37986565800631 -0.13513439181654 -0.284647570619066 -0.173702374994239 0.162351896425911 -0.166716319606349 -0.313094797241182
-0.0551182629760856 0.0456030264464588 -0.0599270551012096 0.319250552811635 -0.0750348882979539 -0.184588207200838 -0.255343298887501 0.110417288285487 -0.136847824690313 -0.224496338856335
-0.0650179399923086 0.0803889244998456 0.0160950858994472 0.303771827146813 -0.139943754353228 -0.274898718518347 -0.206064241633912 0.152342978943709 -0.122167099257334 -0.259077405755017
-0.0682209639486176 0.153082887768561 0.115660610259664 0.398576160402618 -0.0679290705079265 -0.172478065131228 -0.241614555064988 0.125292483791198 -0.204183555442649 -0.213278782460076
-0.119969880822158 -0.0162372459647612 -0.0388055437340502 0.529278939542153 -0.0148561299611235 -0.0180735955414376 -0.419809988533746 0.13118390610725 0.00462412327680242 -0.210654784076495
-0.0178954685700384 0.174711127479597 0.113924266779451 0.490929441204791 -0.0342938521593345 -0.0745692077379207 -0.387384559884691 0.273890806632343 -0.064905476470096 -0.263316872631571
0.000664808407077127 -0.0624132208698983 -0.413250363929289 0.544795376174735 -0.121167090012928 -0.207990563137434 -0.281383658477188 0.18345329463785 0.0727605819968542 -0.233367704201352
-0.10444133312765 0.00353090850141118 0.120361736556 0.608422358259056 -0.0920507827032384 -0.248454646196531 -0.424371171676812 0.19563175644016 -0.0363187387589093 -0.315204855311654
-0.0714539201993284 0.00225291118723387 0.0513776317412296 0.574279162732468 -0.0986222512438478 -0.273943178208892 -0.465870236503658 0.231459522081773 -0.0720483570265628 -0.296348078995541
-0.212396479873562 -0.0267344343512425 -0.17317437244428 0.59727770478152 -0.0428461589326758 -0.217070625121851 -0.542462025824423 0.199823489752807 -0.237059864170661 -0.216485918563154
-0.104201169556484 -0.0558596364685579 -0.13090561524354 0.644756186805783 0.012563721654303 -0.239428066008302 -0.583490362882766 0.135665004064667 -0.0769446403158327 -0.226065514295918
