0.19706746196966 -0.178826891552512 -0.176688852407306 -0.0581123943830603 -0.0205548579485694 -0.154497643965147 -0.143999612308954 0.10496001635894 0.0166450054234718 0.237666119425609
0.20791704592975 -0.228249910520723 -0.149998478735506 -0.0772379255890949 -0.011251664726155 -0.127338390370921 -0.194923061026416 0.126939023057746 0.0478220099813902 0.251608660824543
0.163759058492022 0.0291685357845682 0.0950606209133387 0.264014108720108 0.0205081662272178 0.0981500367698017 0.0381691553093058 -0.0337080795190094 -0.0382793723755322 -0.0545416148227091
0.158979537962378 -0.00783698064005045 0.127755677912226 0.251416724635694 -0.00792497798871782 0.117451188981106 0.0541431802523255 -0.0659789515545316 0.0011845885159469 -0.0991215247528322
0.13544516750761 0.00779025757441521 0.161460999192617 0.281367118892663 0.0166978044998481 0.0792262131016935 0.0684847997387078 -0.0541681164028857 -0.00883272084837887 -0.0702715753206762
0.158096250811906 -0.00790412655536518 0.157831989199822 0.304037214366439 -0.0490718003456561 0.149951197316312 0.101656185116914 -0.0216324741902586 0.0175702582895895 -0.0381765673374477
0.216610778502711 0.0294776374907756 0.154389153449513 0.266192132284099 -0.0173087536262377 0.0994763094220159 0.0348828478315298 -0.0359623389522271 0.00357462866869505 -0.0406368808419599
0.139479808334222 -0.0130618543833189 0.0499852187924445 0.354104647534347 -0.00465526933841991 -0.0316754949973684 0.0581144121400004 -0.0481808694109433 0.0567510934376004 -0.0105287199177609
0.154528124257652 -0.00589079116721518 0.0437257881436873 0.298639113923275 0.026209275350362 0.100830721271548 0.063374523240969 -0.0195279478326889 -0.0130944877582696 -0.0414357251759424
0.179419285267708 0.00823914484101662 0.13640471868128 0.292366986387771 -0.0233966144588344 0.0751785007542281 0.0565637765838722 -0.0554822779882724 -0.0404250714294061 -0.025002716441859
0.178014670772545 -0.00658533849274369 0.116188932685858 0.332756907340031 -0.0344957719438338 0.0862363149650531 0.0637415318396867 -0.0393450158352152 -0.0632742394424692 -0.0582187462064934
0.178014676092698 -0.00658533655780477 0.1161889327368 0.332756914028552 -0.0344957758258296 0.0862363193498563 0.0637415293045798 -0.0393450169033959 -0.0632742453076565 -0.058218744276628
0.183076830865336 0.00509031172106286 0.130220872563541 0.236615024221189 0.0149026923004613 0.0224026059639593 0.0363977562776977 -0.0299773200309579 -0.0388323749613969 -0.0372136070823669
0.183076815816916 0.00509030624786806 0.130220872419259 0.236615005302245 0.0149027032808187 0.0224025935613147 0.0363977634484267 -0.0299773170095902 -0.0388323583713057 -0.0372136125412145
0.166234942063875 -0.0313251079496041 0.134758378669113 0.292057066038087 0.00352837061184001 0.00967503006662469 0.032161607696224 -0.00233194443958423 0.0282024662327686 -0.0937059683551404
0.143584412659971 -0.0436674928637107 0.127616396746172 0.303799428155378 -0.0336429139950411 0.0130622494639083 0.0425001243179037 -0.0343277369667374 0.0216686931091482 -0.0771507525588329
0.166485075508536 -0.0617138877044689 0.127128793466424 0.293273378637452 -0.00995419909535199 0.0095396050663465 0.0249180917065319 -0.0485638321181509 -0.00962010110015672 -0.0525427458287069
0.116215823528839 0.146895929338127 0.178148307923475 0.298384177271756 -0.115312667967788 0.0486382136269077 -0.00268879940730742 -0.175849171806095 -0.0307816583002063 0.055714075087022
0.154746352527378 0.145230194919081 0.141327752187272 0.281084156536308 -0.0937024302171383 0.0634243397574094 0.0157566863116393 -0.170856933201443 0.00818617881483861 0.0709680166645765
0.154681699550522 0.161315782190496 0.206029789200993 0.297418338225427 -0.0721901864459574 0.0819898933828641 -0.0369046521646411 -0.220189106681248 0.00240444819143805 0.118124451013356
0.158793095571465 0.16207768658954 0.208156713197166 0.292752115714433 -0.0844811933882964 0.0697232053096615 -0.0300759234289941 -0.208092944963443 0.00545334862405843 0.124645703908505
0.204998168926798 0.0762861020054758 0.131596987453194 0.263034073845158 -0.091405938672257 0.0548327984187362 -0.055005860218553 -0.15024416354117 0.0185917287627915 0.1117830818101
0.261152233038072 0.0846462859829836 0.190497675567798 0.296755581959105 -0.0968861552494961 0.0311837624912468 0.0129135712429021 -0.130514714989279 0.0722633378928831 0.112299088327679
0.137249657085781 0.0143597681059422 0.0731825226565682 0.272496775175964 0.0591664368707354 0.0748914914982559 0.0644126838834351 -0.132706682537624 0.0624291328300665 0.124376671081851
0.0968314993519745 0.0572140096389387 0.135388784700203 0.301031469027967 0.0481320638970087 0.0533360238621418 0.0648943939748323 -0.131571147564764 0.0684253417790663 0.117021845074216
0.0734281878845023 0.0353683951775095 0.119596970987206 0.289398667040655 0.0615055928612257 0.048106101898229 0.0820759046130444 -0.111211056657062 0.0400380730012048 0.158616285615479
0.0777325644315307 0.0449696550610563 0.124351273168175 0.297641402374835 0.0584428537193013 0.0406028903878693 0.0890001096588211 -0.119625229256591 0.0229935642550403 0.147480339692601
0.11151485006288 -0.0063515871953028 0.114129532808402 0.306423416701306 0.173878703245561 0.0374333030777959 0.13801813118995 -0.0774212979808549 0.0439065794363679 0.0993732180864888
0.0643009214380809 0.0170989333085531 0.049311104792431 0.301837932056175 0.0797922947068332 0.106603668854168 0.148567559725504 -0.0667621662476266 0.0321962289209226 0.0489754941645174
0.0316604996276236 0.0543655533445553 0.0978110139229188 0.281279317447451 0.0449425892484733 0.0931762219756603 0.125338307817202 -0.0550698217731282 0.0328716508230235 0.0370845652104865
0.100919972635992 0.0568306260590442 0.128444443598755 0.292281697394693 0.0927449377396632 -0.00859168142316192 0.018771795524117 -0.111013963309804 0.0913873619803945 0.105794412172175
0.107567027144287 0.0433425159929863 0.0844096509471758 0.29388073018787 0.0870094648047151 -0.00830265147057975 0.0216742678860707 -0.103822447102779 0.10219839710666 0.0692630999996702
0.126032814313294 -0.0123342972786029 0.167830256919728 0.26798556654357 0.0954616431708847 0.0184583935042319 0.0443149041586375 -0.171755357011646 0.117975510585936 0.08224542086043
0.154957780229272 0.0309069411968511 0.152866714915535 0.26921597683887 0.109216023334712 -0.0149402177795629 0.0596681091434976 -0.136017506325078 0.162536212353256 0.0637187119601762
0.18104137971221 0.0362599707973669 0.171751339036034 0.136024818198241 0.202860239279355 0.0389543399597739 0.113870667304125 -0.128683925341051 0.115202927758995 0.00766120637320981
0.180455808632286 0.0537437276717185 0.133451226139539 0.185610504045967 0.194360291685149 0.0734801943777697 0.128168361200688 -0.191179813322617 0.0832991622516089 -0.00634025195456366
0.19877711651785 0.0695132752698589 0.13093188128405 0.143837989559608 0.205675843414502 0.0694948805455989 0.0905756415063272 -0.181957131191828 0.0830746935054502 -0.000754313116574185
0.198258836715784 0.0452433809822938 0.153096031845498 0.210518758022377 0.149411622721637 0.0892487679998454 0.0987620346269767 -0.195895171315994 0.0570099450328353 0.00925782435417299
0.198688868164628 0.0268163831870865 0.138673942800506 0.256253622957142 0.130857138105506 0.0770073084023954 0.136234837583878 -0.225260023985031 0.0639499508753757 0.0238086058156205
0.205034185616418 -0.00612444197606126 0.158628644132049 0.201010905125297 0.140057308956965 0.08812528521604 0.165582808562218 -0.221280114150692 0.0394191038824351 0.0214019411614834
0.24461481575245 -0.00873843090123009 0.174346234019707 0.232324552941657 0.187702536608134 -0.0369452069982708 0.0702045542624573 -0.222459424131131 0.0620299169374652 0.0929929967188832
0.174354450517941 -0.0373574899026458 0.187162205377576 0.244895921174931 0.221383987173795 -0.0484888597573843 0.0610513035686297 -0.204426150020649 0.0917162823236399 0.0645360015627815
0.247640650112241 -0.0329235376432539 0.183275399821369 0.289609425149181 0.216125221660585 -0.0105868939430472 0.0617884404570253 -0.240748639530289 0.0594906810722957 0.0747784102388013
0.183714052686908 0.00232678164371976 0.143536961638487 0.275680031353092 0.184443391004756 -0.0331273906056635 0.0816074990989035 -0.267278963599757 0.0778632516639434 0.0854279978350675
0.227353671396051 -0.037159449207048 0.174530752356881 0.265843469557166 0.193584805465568 -0.0258256850832326 0.0587134829226566 -0.233645074153653 0.0740945408012534 0.0608438495614406
0.22899581845416 -0.0393809565583202 0.170579152694273 0.295093083533375 0.194833458869552 -0.0371943549399437 0.0571069261382538 -0.263488503046678 0.0875195342673244 0.0584070214746605
0.158912776318657 0.011323609379207 0.0738063579933954 0.237811780775502 0.206232922264679 0.0387927440743195 0.0887555702519156 -0.202618151797978 0.0223554527889082 0.0459132736279516
0.192025296048569 0.000659495043480531 0.0639708106563674 0.173995549841586 0.199995477024271 0.0631548600424928 0.114314228331708 -0.198429156811875 0.0134667244235821 0.0107975952408744
0.272078136755157 0.0123302626677314 0.0750926236537102 0.0871272275572566 0.119177841956422 -0.0570537767154812 0.047840860430833 -0.202400212570656 0.0513323717648131 0.0622598326224073
0.224940557619667 0.0692991136210077 0.0651190815389886 0.187342553163672 0.108883064688669 -0.106050810830718 -0.0325866472353687 -0.198247623846827 0.0940918219367629 -0.117790046264298
0.241960525598323 0.0524549788316871 0.0507355291727961 0.189816324503784 0.0875023467080257 -0.0962918133713224 -0.018649720251139 -0.149533080182188 0.0750108668169307 -0.11108473499273
0.212222213738733 0.0440350293046711 0.0545704076779397 0.176657336485594 0.119404674690507 -0.115399117586254 -0.00662665769348677 -0.178770129605409 0.0427421834551593 -0.127426628726976
0.22187439085815 0.0685503382041286 0.0591643856527147 0.166180038319904 0.071761128184032 -0.0900812094565654 -0.0250535279325908 -0.194533025605188 0.0861500188663684 -0.0936799411437629
0.227966198978617 0.0765636133364008 0.0476738946841739 0.159090881438374 0.0919005318109561 -0.0957491322924453 -0.0271295142554257 -0.205172260979087 0.0972969835621448 -0.100711482147473
0.186410182646022 0.205442508694257 0.0409661230480576 0.151530247493402 0.104146773363189 0.0238070331789946 0.0801392641448625 -0.18976470296244 0.0662456604654823 -0.0112177674501448
0.168924955283126 0.146584217398375 0.0254537549697208 0.139792711002366 0.110998880057 -0.0176416096780992 0.0512480718167622 -0.240505581199274 0.126237483006218 -0.02233654736726
0.231284258994452 0.0934962068369273 0.101988492284217 0.200985235736419 0.0800399579768131 -0.0851676913370313 0.0164527443966916 -0.141880539516217 0.0815627265833163 -0.0165517654060604
0.173261802767045 -0.0103804468174307 0.120024345926696 0.205622406433005 0.0779025656220793 -0.152029743287128 0.0130918566653654 -0.164358428630831 0.0888024738217895 -0.00758243065914288
0.139639955336181 -0.0165312072593716 0.0938885488138464 0.19323124620353 0.0910956611228166 -0.140131846384606 0.0153529135201723 -0.13062768298563 0.0655460302308667 -0.0399052012905266
0.116909511010882 -0.033919567444223 0.0939033160290575 0.188514238869862 0.106718992355725 -0.156538343894975 0.00705086403937648 -0.132951097031224 0.0933321318195356 -0.0229623775338149
0.118777251410325 -0.0248724359620841 0.100213466673731 0.19229717979262 0.0943489058866523 -0.149778108191892 0.00763448019303768 -0.135744085994263 0.106486295682898 -0.0258824192298174
0.266996892733298 0.0871945465783371 0.0110675067571016 0.181507885293409 0.113218838552373 0.0306725910637575 0.00915337962706707 -0.20675449695669 0.0476622838500382 -0.0904642972730108
0.294325932026025 0.0741346643323652 0.0127653683230751 0.203036711370473 0.109851227754363 0.034384096593684 0.019292528429518 -0.215302428094506 0.0595926250338497 -0.067236423659494
0.315955090386242 0.118020957510209 0.0106825621183871 0.150854001343593 0.138973395780342 -0.0614104523268329 -0.00976652090416653 -0.139679497234362 0.138759615864947 -0.126719397380472
0.298182333569201 0.0809449717548218 -0.00735519789161918 0.161882581636353 0.174452234146202 -0.0497590162194928 -0.0291141905213568 -0.146669045233152 0.174939657845649 -0.0749373515688082
0.313121132357775 0.104013266139797 0.066728035397067 0.147910173837471 0.161936878625275 -0.0628777030768391 -0.0589815640778033 -0.0859316856974851 0.100847868481594 -0.0148653682763144
0.265131919755643 0.120423983446489 0.0844070893677713 0.181915880885621 0.108435119436739 -0.0644857554980682 -0.0293612907612653 -0.123294650794215 0.106860580989095 -0.0472440535178493
0.288096794143748 0.114233332818455 0.115338540248832 0.196519356796469 0.124454093846404 -0.0462520016603482 -0.0441229160859314 -0.126379837922002 0.126040686396981 -0.0437531401830075
0.278244635434058 0.108044457164034 0.117966378336859 0.196104436692788 0.12633227496851 -0.0511692813327253 -0.0294199078935803 -0.123209760147524 0.130853417990404 -0.049295301538766
0.278423180849819 0.13146208810385 0.138072217615854 0.206477450207321 0.125636629770789 -0.0448371461949528 -0.0318623715328405 -0.13631766556487 0.126413450970898 -0.0468421208048536
0.258997043342924 0.167307799686691 0.0932283733541779 0.112772948830453 0.124759099490222 -0.122925390420582 0.00886297386831373 -0.183036131575621 -0.0588632613094039 -0.055804528556669
0.204268454469759 0.161418584747588 -0.00683203213353698 0.125843935461172 0.106845236710965 -0.115023813720284 0.0750502896304202 -0.145164641176088 0.0202001366006462 -0.0539623663992215
0.190282142188652 0.110519995626016 0.0145724911013855 0.0953234323057879 0.114102607765678 -0.146687211607521 0.0285755869967695 -0.151972071458587 0.0288542258024728 -0.0128260247730911
0.159631152818704 0.114250900675923 0.0439250811836284 0.210125563015877 0.0755208476256295 -0.104493912066276 0.0168931613154639 -0.123811558336535 0.0427648087440698 0.0171669230721076
0.172268247379645 0.103010878599998 0.0246114750907277 0.138561197016921 0.0905137104854584 -0.105249509313895 0.0153780594543194 -0.16246313588816 0.0321313086009571 -0.00915460372131416
0.19142767741799 0.0898911432042469 -0.0377345849980523 0.12700491485427 0.113905268055932 -0.129427198944164 0.0629050104449637 -0.148805082496521 0.0370043494268565 -0.0329713913948012
0.330082018301996 0.0304431773263002 0.0865899395138456 0.131239426422673 0.0580862827192338 -0.194381465664948 0.0325996577991068 -0.188498873592949 0.0705990410296823 0.0128374797335095
0.175417153994436 0.00088892160183465 0.056809593035707 0.162429689569141 0.114689134607967 -0.0944719572655519 0.0376668892146318 -0.141668956044845 0.0850653416960306 0.014844392080778
0.229923818977162 0.0782779620043633 0.0985645946234165 0.221087629124809 0.100798339579556 -0.184246150099741 0.019784403258825 -0.207187021648857 0.0541205139813688 -0.014684700041866
0.241454888809132 0.0771208653836423 0.0959818323354544 0.210380350774769 0.0998952853245697 -0.157289669035407 0.0293580473380809 -0.200523611619812 0.0556654601935594 -0.00549597702989183
0.249620009042639 0.13366247478729 0.0252487940774239 0.201275042152489 0.19849909782547 -0.108064870542156 -0.00908109988277638 -0.177061282896283 0.107609297535279 0.0266303972380616
0.261732435086712 0.181007854734196 0.0330738381102262 0.0468034478955442 0.144025038817087 -0.0771965766509457 0.0239385865235084 -0.167740933840462 -6.06221680505831e-05 -0.0341157840553747
0.221987922148117 0.158060841159147 -0.00656047290132556 0.0773661289543515 0.113025228387073 -0.108468520669855 0.00296049123788902 -0.156765632562535 0.00222329737146895 -0.00419886830175345
0.178834045135407 0.133853520042083 0.0383151912487791 0.0876460947356794 0.140481671399806 -0.0952778147363266 -0.0639604612766412 -0.172492097656193 0.0547775225525943 -0.0969349887395513
0.262115584092415 0.138972282148289 -0.00994715885751539 0.0574503135477382 0.184865562168137 -0.134726495271504 -0.0385420497129231 -0.145638447699674 0.0629846750592513 -0.0238084028597656
0.214076644641672 0.176748227579251 0.00520376675106607 0.107256774490819 0.170602542756403 -0.0866508859013898 -0.0273028088071664 -0.183692683053795 0.0337818673570849 -0.0317527966120691
0.222329183860942 0.122962071176535 0.0248275662816883 0.108768638335988 0.172217943219091 -0.0845625591497521 -0.00944355610046697 -0.132932226892805 0.0420587613596519 0.0122011751688047
0.245674342876431 0.069006477315002 0.035854808184299 0.189158939222199 0.13603802082377 -0.0255435481567387 0.00472395292248509 -0.126130490254712 0.0589639615800226 0.0320094669783726
0.264630215552783 0.129595229463712 0.0234679747483586 0.0989802320914698 0.0552392176128522 -0.105357143613472 -0.0010392487338655 -0.23952375486809 0.0222033600528476 -0.0516481390013967
0.27779225682605 0.0609869313947931 0.0702859546480428 0.110563409272472 0.169396451392454 -0.0469375692752258 -0.00578051261635354 -0.234647606432353 0.0486017860173454 0.0168201798541002
0.229171676851524 0.0400189067869878 0.0694236959994853 0.0853474200330751 0.168600931515106 -0.0944092593817028 0.0120073033580827 -0.191546278838263 0.0314765228628834 -0.0142227915404173
0.256477354072838 0.00103889976819185 0.040989790981161 0.091225808480759 0.151634403257215 -0.0626735070281837 0.0332836392769509 -0.191463903871845 0.0476528661903072 -0.0203091531337525
0.247448995810408 0.0167415340872562 0.029443430413889 0.0856617718218746 0.156627172029554 -0.0435619829168105 0.0279833997018377 -0.188292859701941 0.0520682650701076 0.0632334854967207
0.28879429968798 0.0202850770608847 0.0499942224885278 0.0830232789047485 0.20941401600917 -0.0392813397478694 0.0274357553761227 -0.227817526307553 0.0633458344894616 0.0264517828709024
0.306921398058432 0.00339413893298943 0.0513547854128832 0.177407901386366 0.159068455707466 -0.0949057476446797 0.0534651839587648 -0.084746702420679 0.0912871955446019 0.0106208918554629
0.316886353711547 0.000995774341288996 0.0611430549978373 0.171518459470154 0.138316889676742 -0.10658112097221 0.0567205156074916 -0.0957766135707747 0.0877852436045432 0.00784587381828021
0.27718793219164 0.027554541903114 0.109803622191269 0.186506693247488 0.116793886223137 -0.11821961225732 0.0364483168734454 -0.0951468485973098 0.0779569731781587 -0.0420189063871702
0.234890150389747 -0.0102410361611474 0.0858298171694687 0.153274909741418 0.115435407771692 -0.127068306059472 0.0691491024000231 -0.131842559062366 0.0802385031622733 -0.0196032812619197
0.251808766821064 -0.0313021674825078 0.0740188167456662 0.161009952177163 0.128113553925158 -0.107657284482909 0.0666780365737099 -0.127937122593907 0.092178014852293 -0.0104884261468866
0.260354207205974 -0.0416096354858591 0.0538870270853666 0.162687854321316 0.127130712752551 -0.114576186705333 0.0284071040429994 -0.129584556609358 0.0950076140626694 -0.0245004668598735
0.246060073055834 -0.0307736114561493 0.0792554678731319 0.159819699890882 0.13210356260579 -0.119280962446973 0.0518539853000653 -0.124151125580404 0.09711184221299 -0.00614066094539715
0.199732312241907 0.126439503220378 -0.0216922759803183 0.173837740324081 0.157589769687535 -0.131141654495981 0.060620569518081 -0.21288768526337 0.0739378429193272 -0.125101979290897
0.224319192158705 0.141598835645435 -0.00675401571296715 0.059437874715428 0.161389730149857 -0.127993640816996 0.0181664814594729 -0.191966272615637 0.0677659865290664 -0.0340443478648508
0.219846149786922 0.154973887467972 -0.0415859543028203 0.0635837560209021 0.110417235616485 -0.120708614998429 0.0342239498350273 -0.163532224421697 0.0721186151474448 -0.0392731711480309
0.2382602207136 0.136805771021685 -0.0308155985459911 0.0675020305564049 0.070401500580472 -0.140753688150947 0.0203994133291512 -0.14792260486939 0.0871224580745703 -0.0631066337047691
0.226348182660195 0.12082047770992 -0.0114286435109211 0.0636880382257224 0.11027969595343 -0.132057206319625 0.0247327597361288 -0.156413543329383 0.0794970971047366 -0.0444387353947877
0.25546292239265 0.100194059959512 -0.00377134196073204 0.0435232680324592 0.155888351359075 -0.0695375054025135 0.0189655399841952 -0.113658826442555 0.134036351308912 -0.0591852369796152
0.257004980955196 0.138078306131121 -0.0173189025552734 0.0667364053755707 0.120896819970599 -0.114050335610303 0.0228275551621441 -0.170641172170053 0.073383932638278 -0.0864932416067846
0.253026128601122 0.0815960091184113 -0.0184752790601381 0.0935400989940665 0.119058486935821 -0.152124906021513 -0.0528757125249694 -0.110421474640246 0.0231842187546649 -0.098145671338476
0.275945505126279 0.0781399626792237 -0.0190841322793302 0.0595024251991256 0.136545804253821 -0.152399914716362 0.0496313353286196 -0.112683901838897 0.0449961499310026 -0.0470886250194131
0.227658644886335 0.057926227553487 -0.0487691433626593 0.089879875855105 0.13475614150847 -0.139967050318621 -0.0243267290608782 -0.118426572444658 0.0308304397690976 -0.0125981743465454
0.250947306934555 0.049110405820759 -0.0370764340774933 0.0934750485214348 0.128275475093772 -0.164141746172987 -0.0156703101242875 -0.111481868853766 0.0102671119445629 -0.00131786569083358
0.2208946835218 0.0313462127776325 -0.0437271570832113 0.0841930908927042 0.141438730418049 -0.173872829994786 -0.0209134088236888 -0.106854021614175 0.0114104500497969 0.00843736168689363
0.213249767997506 0.0279294966712419 -0.0350475648017341 0.0735343002923797 0.151128050094586 -0.167609870644378 -0.0373041289947945 -0.0982924510889088 0.00757299310605206 -0.0173068032505386
0.218486937713752 0.100350375607594 -0.0444038987261113 0.27531082901851 0.134532807679141 -0.11610891417232 0.0349057545082763 -0.221248374299596 0.112440279718058 -0.143690415435192
0.252198652124531 0.130659670183538 -0.09790136004807 0.156519854878603 0.134513682611978 -0.0932680102190004 0.0267421524190187 -0.199496489414773 0.0951006837984944 -0.0621606753502263
0.313466588774652 0.143354439493602 -0.074322957297864 0.156716070228814 0.135988564848752 -0.0862011035034837 0.00597462696225704 -0.174341573783079 0.126888844976168 -0.0563293821908101
-0.0182752269649049 0.0954461542825961 0.298382460905407 0.0599082502973471 -0.0366715547361742 -0.135333523958498 0.172636066314612 -0.10876748841278 0.0500393469990323 -0.0314354435901644
-0.0935470753017505 0.0353956263464526 0.216317980280362 0.0582414943709031 -0.0656285538647052 -0.0601427198154971 0.163318663540559 -0.166731392277858 0.0625483274053358 -0.00100302753385497
-0.0953279750213512 0.0361282295772931 0.224801953727013 0.056274959838184 -0.0594861845383272 -0.0563798581846966 0.166318136795252 -0.164988127546536 0.0499961603075195 0.0014569746796031
-0.117044451529745 0.0495447337775353 0.175594353774946 0.0792683712431429 -0.0867471203115152 -0.0996199060258174 0.214086865575738 -0.211489562798409 0.0422410856678616 -0.0338444706215161
-0.111602961310827 0.0406329102598734 0.170877357970265 0.0674987114794744 -0.0717949515369174 -0.11268244784202 0.223656490057732 -0.20391842161011 0.0215038303200558 -0.0373879699654882
-0.102755119021471 0.0346498796281107 0.163460588535575 0.0817493823283143 -0.0763320009143598 -0.0890171681645717 0.222832570466026 -0.187890470396985 0.025810836916231 -0.0126537605376773
-0.116689984947934 0.0334426668291959 0.162302512018257 0.0409291257748079 -0.0699757267579763 -0.0762199989731402 0.202446925423733 -0.194409304172749 0.0154499398572397 -0.131100860723133
-0.146324798308473 0.0336609642884065 0.202210700788235 0.0274110699201669 -0.0700754645774899 -0.112642381731445 0.216443248481949 -0.168025109246472 0.0285311371114168 -0.0951463724349532
-0.0699761251289008 0.000276427165316056 0.230310912650041 -0.00119908745935043 0.00895594411860819 -0.104101184298082 0.0982164354518621 -0.159901384686936 0.0501413381593533 0.012164480747844
-0.149734791826586 0.0371715263921761 0.256352491039709 0.02583421001409 -0.010292897335539 -0.116756442972528 0.160675623992224 -0.189571757311114 0.0552851313740185 0.0229587396995015
-0.154658300816478 -0.0192373754381054 0.223988467417626 0.0408987799643096 -0.00291598100902918 -0.15432507679236 0.137334463152351 -0.131152461396804 0.048327451913172 -0.0152667148225037
-0.159940147368725 -0.0165136324923033 0.225400327676387 0.0402383442724647 0.00731734263015057 -0.167182373943498 0.123830986046215 -0.137248927280964 0.0731623135167306 0.00701192041518395
0.154250143943287 0.241287564151203 0.227014774168903 0.0918055007760013 -0.428421018571227 0.21655687675689 0.125491237806138 0.25653459303848 -0.094419550471632 -0.292321349931589
0.103761139476788 0.22394944403159 0.305201458296335 0.123510903398347 -0.303527823112407 0.167375169688404 0.0219321294450016 0.167844987676586 -0.0125533882501941 -0.283232046864792
0.0323233108279579 0.105399970061534 0.376142433632039 0.0263075893061773 -0.171856674657327 0.0631861678391628 -0.0592161042196733 0.210144638360207 0.081887537023527 -0.0596938486911654
0.0369105257781518 0.0698194144437794 0.374763364217067 0.104887467645625 -0.161587579971943 0.0517629009211036 -0.00678886387963278 0.239396656679743 0.0516280581583305 -0.059586882510298
0.0196557244927107 0.164683847825925 0.337153565624685 0.00842402017485711 -0.123239912151765 0.111163508975608 -0.0285472190030271 0.25088704934006 0.12649921275831 -0.11897333111805
0.00535504132754161 0.162755124253472 0.314615448102718 0.0292463564839313 -0.130108489364016 0.109958449682618 -0.0305517948524079 0.269750689125411 0.125873326354835 -0.149740072582577
-0.0518207151452483 0.192364097649645 0.339963180004473 0.0293258258926668 -0.165032934276884 0.0234233156684082 -0.0786473068427191 0.156818633557915 0.134314537847738 -0.098668687195438
-0.0187056743062465 0.136003939614251 0.344555143194516 0.0886516377997149 -0.105757320674786 0.0881583565159374 -0.0344419847751255 0.158217560849389 0.12665024180964 -0.150884234964186
-0.0576261476704325 0.140484600365428 0.333127955175195 0.0827487593230654 -0.109740237507251 0.0828112667954624 -0.0370523108432263 0.138921948523263 0.111138037493342 -0.129602864606299
-0.053611342314723 0.130233144104543 0.343478626964898 0.0780411571895684 -0.102659523089258 0.0691861619809116 -0.046006829942326 0.142287029678803 0.101900209474893 -0.137907493647553
-0.0125494171387699 0.0515534902547617 0.33031196136954 0.0200247350430335 -0.122559050580851 -0.00836261164935916 -0.153944990525132 0.191781143447877 -0.00832776892341978 -0.29096263831871
0.0189799090573243 0.0294230657158082 0.314343007774183 0.0013491420799922 -0.216632803057988 0.035547988795615 -0.138151390282077 0.26669522185114 0.106114185482557 -0.250985746690287
0.0341792852041057 0.0260800873092938 0.372829735444627 -0.0371620773119191 -0.0967640794220215 -0.0262279564425136 -0.0746371228162623 0.192001085507978 0.115738505880724 -0.272735285883777
0.0398629848994861 -0.0277303755707854 0.351920349491998 -0.00649376554646796 -0.175383985261067 -0.0557095917705303 -0.0235438424067997 0.20502163877141 0.0857835641203979 -0.26373962887152
0.0200091906059808 -0.00222742578444216 0.337644497360021 0.00932514133465764 -0.164045287409889 -0.0441972069728623 -0.13146686570506 0.123112878969535 0.0869185993390876 -0.278621136572378
-0.00826487104818153 -0.0381271242590881 0.439719340576378 -0.0131379625161744 -0.179683592527655 -0.0512390296463037 -0.0179905360148584 0.148722531593352 0.0803884946730176 -0.26371429692307
0.00454348318091078 -0.0177696122464887 0.432943455936689 -0.0130052758625412 -0.187472069180328 -0.0819661833896396 -0.00915391081568037 0.13239186175059 0.0415486879948857 -0.287872161986814
-0.0266812755602547 -0.0261697807393133 0.364649919504325 0.016975158948525 -0.1252523297846 -0.0664026913466536 -0.0480618396262534 0.145176548217501 0.138800733721163 -0.29397420393412
0.00960852402956599 0.000524633811883892 0.353117610170757 0.0105618426188023 -0.122055505739492 -0.0932982315797886 -0.0184860065898368 0.144759248931907 0.106988755366214 -0.319249402489202
0.127136099643377 -0.156138657087386 0.358637797531187 0.0264229168586948 -0.116978311873086 0.106699146703095 -0.0052369693242571 0.026112934195593 0.0585059243860587 -0.220732477209273
0.083920710934616 -0.145629880240895 0.370812503615854 0.0341969371302589 -0.149784887087222 0.140556372494893 -0.0216088348489502 0.0626126894647513 -0.00426176295377095 -0.207112518045495
0.12284120313576 -0.0808571024968346 0.450978281931137 -0.063908377338181 -0.210046683207005 0.0128778358735224 -0.144522216227496 0.0598133868919793 0.127555374908864 -0.316725781778608
0.235001624743406 -0.0658826222632977 0.443242164701857 -0.033469102262937 -0.117868963719468 0.0349856122357474 -0.128528989241562 0.185001261362501 0.179137790168058 -0.284352537973828
0.0972348595916986 0.0190740632010783 0.191670375078729 -0.0416697186274475 -0.0131637063219315 -0.065823118027607 -0.116562100548296 0.258498024365975 -0.0495390793809509 -0.267322332636937
0.114517279678894 0.0356189345631739 0.194948113988789 -0.00998559134184385 -0.0300446603934122 -0.0934808532539722 -0.150520824814532 0.304802687946812 -0.0835074112597014 -0.28830100282917
0.0839699677854942 -0.00277917753148301 0.220455457606174 -0.0391491557820546 -0.00179439331196703 -0.0836594549460029 -0.115808200087059 0.289890697779845 -0.0562592988195552 -0.2575163888627
0.0818179227432168 -0.032208005966859 0.201265389078961 0.02197209527288 0.0115867097995476 -0.0612602094184349 -0.103880356156242 0.257373925960093 -0.0707429992959603 -0.239050489372662
0.121502440349987 0.0203766764248993 0.220891192777132 -0.0297519439736679 0.0181306441522107 -0.0985183410520994 -0.124533850747776 0.257302919562797 -0.0587172680179488 -0.212600410518951
0.0723438996804662 0.0244750240186332 0.211924309949153 -0.0397129179315168 -0.0112606863022263 -0.142135022967593 -0.111402406120884 0.235771402774085 -0.0817555545510954 -0.206304957355864
0.101477264546982 -0.00164220822449619 0.253684196986427 -0.0133573063258355 0.0129977581394225 -0.0948502059082013 -0.0840755410420738 0.230476743535571 -0.0647078181432022 -0.215219066592391
0.110401637295507 -0.00231569444080776 0.185244311510417 -0.0487292690012944 0.00509659358062619 -0.123389855371236 -0.128724143325225 0.260074416972913 -0.122453831890755 -0.277379009149269
0.158374938041466 -0.0222808140681263 0.238844565207331 -0.0601737913632918 -0.00106968030414886 -0.14827585955732 -0.147899516502078 0.275800497764589 -0.0926603090273248 -0.203512316152891
0.132809237127683 -0.00647353820941098 0.239724850958966 -0.0669328301265458 -0.0165955127161943 -0.168911297595031 -0.177838019503274 0.259479961919935 -0.0787443651950245 -0.258226203152981
0.131359928021241 -0.0297474569323263 0.233974381737495 -0.0699377798598093 0.00349181034626929 -0.117859517168996 -0.123532995266846 0.257793892910078 -0.0944568046836688 -0.22170026927541
0.121093649611795 -0.0117046340283174 0.242381251280621 -0.088279095245127 0.00899723565658293 -0.139174867193064 -0.134626664070096 0.247231793053907 -0.104299880754184 -0.225353754203611
0.133966180983887 -0.0403861518679997 0.244480584652406 -0.0335532531511265 0.0122163985096244 -0.116366660334537 -0.135694776846747 0.288078640670526 -0.0883488206101404 -0.193201295259005
0.123792916431234 -0.011998460580143 0.196632372159124 -0.0270071722586997 -0.00506037928636214 -0.116841548047688 -0.109502969845633 0.285259451131985 -0.0661565310294268 -0.194207274437832
0.141768915738401 -0.0107263608506919 0.196123601122799 -0.0238590457279279 0.00248110172506558 -0.125818369528917 -0.109784972354363 0.284845874885215 -0.0562392960908841 -0.200087801346116
0.0947789084587904 0.0120190928818254 0.184606722112447 -0.0835776195818599 0.00810607387145646 -0.152144596845546 -0.0611804101622151 0.310339987832324 -0.0528777387492679 -0.25369943925231
0.0893647984407733 -0.0177124174589805 0.220431892721796 -0.0351731368823302 -0.00286662555134353 -0.0963630345377853 -0.108196326909049 0.285943433383431 -0.055210660624313 -0.242080027446992
0.0910921382439464 -0.0493931549386371 0.241243517132839 -0.101993200119994 0.0331735177948885 -0.104906880195827 -0.117341764633336 0.246818810106992 -0.0767540130633388 -0.233740083250735
0.0825831840003659 0.00807498801547685 0.174841211425717 -0.0806892071996919 0.0287827088853979 -0.113875950834728 -0.0881240477419892 0.254352610114012 -0.0381331765144533 -0.220265784124242
0.0933389294105012 0.0215026851921126 0.151712727739755 -0.0582971428986391 0.0396588186703231 -0.0935712089381733 -0.120054277105812 0.261366286268377 -0.096298293062373 -0.255197532585812
0.123869986615039 0.0771886562204002 0.228808102807188 -0.0199849394389202 0.00459659572226075 -0.0537367855546087 -0.0761942937409448 0.279797578896631 -0.101277365728941 -0.19258546620884
0.03672742567242 0.0680209000591535 0.226550011702698 -0.0309363559784263 -0.0928699528407465 -0.136029045739568 -0.0421911194024196 0.212864019978289 -0.101912011687386 -0.213021094649115
0.0729546499483067 0.101973081741979 0.2219268008448 -0.0938097917046934 -0.0938386070724761 -0.0700682259545644 -0.000663792523758047 0.232394092257871 -0.104403038643839 -0.221756064798433
0.0299862212170232 0.0796232803760852 0.202878534748428 -0.0378066727120288 -0.073611213526195 -0.100104833829205 -0.0524552577894227 0.246191934853369 -0.0857502144732042 -0.200954054514229
0.0293454064768928 0.101508065071735 0.206046165987083 -0.0351156040141607 -0.0837975530659627 -0.109173115510786 -0.0458592858762014 0.240799586737506 -0.0681541834712232 -0.204457257758553
0.0976213791391693 -0.0930804562387807 0.089270845455678 -0.201703516230459 0.094008583624384 -0.0152820974054112 0.111984458308147 0.351758113994182 -0.240825918475499 -0.390676867142582
0.111135484575365 -0.109461008442194 0.103067038949456 -0.223490574825693 0.0336486367687723 0.00443425955055461 0.0944866871589606 0.327824650501614 -0.254627885411401 -0.339827857826039
0.102469008326841 -0.101916788138957 0.142084560020963 -0.226161278083739 0.0395946977843313 0.013300451846038 0.0574114297697153 0.338304541688728 -0.231092993132136 -0.379308439054273
0.111739280020139 -0.0815515296833663 0.153536900669104 -0.235309103417384 0.0350820165271773 0.0218961718168138 0.0675284241992937 0.354219095789005 -0.214354534716677 -0.364270191365974
0.0768598732764131 -0.130218262107549 0.127225890822922 -0.185398014789317 0.115189297311504 -0.0237289935398439 0.0662869685698082 0.343671326412647 -0.164202670184978 -0.444933387726681
0.0724796519237693 -0.0950277279257278 0.14564325446929 -0.17853067397072 0.095428620124907 -0.089032094415204 0.0920256939359086 0.299291509208402 -0.205395226301405 -0.435327272594209
0.0641715808087846 -0.0633730002528083 0.166806739001494 -0.203683746655001 0.100121982623957 -0.0341382605877627 0.0817543675709974 0.320715514341507 -0.179199285545228 -0.43752622099207
0.0627605338421633 -0.0825272995806553 0.144152646229102 -0.2136287861458 0.0809273529604944 0.0129717070601495 0.0800190185549614 0.327618088762089 -0.155265979542973 -0.414761016638738
0.0757297309735162 -0.0808290395310152 0.135654487281182 -0.213052167015115 0.0630638337651105 -0.0183290228937276 0.102284013049939 0.333676904377068 -0.175610658227312 -0.434562082988265
0.053295041613679 -0.0733324866692502 0.136300665200067 -0.221579787001291 0.0787484687914654 -0.0225053326302336 0.098178176175864 0.319571428614993 -0.146653718959108 -0.431781371847163
0.0605477175049433 -0.0690450643353968 0.131073661583894 -0.234879066279542 0.083766749668781 -0.0103792557789975 0.098007442276895 0.311784640873896 -0.165426977774988 -0.431190069623311
0.106029626487241 -0.107104576549711 0.128625591896961 -0.201160109754877 0.0568311064203144 -0.0220034322627792 0.103494541256399 0.341484304429225 -0.202179721848248 -0.33667201472476
0.0923634144357962 -0.113308605423157 0.0952052729369381 -0.178867266736434 0.117989371862575 -0.069175504062299 0.0804832446141669 0.297476636850684 -0.245251735797464 -0.405630941397461
0.0778617770859571 -0.115171903476028 0.136987250820982 -0.199719169381504 0.119157070096326 -0.0406027358142529 0.0755700284583046 0.319192927627105 -0.249982370920165 -0.413217524569641
0.0713079700553338 -0.103818760985531 0.100059233458992 -0.191437720757403 0.103466882858198 -0.0367795193555289 -0.0403561278588179 0.282907628962361 -0.140568274719766 -0.292418155354615
0.0580277670677852 -0.0919638297260916 0.0974369974370941 -0.19465169809066 0.108391913396559 -0.0272644822143818 -0.000875157601972071 0.259454706122051 -0.14053636951194 -0.298845209667963
0.048000598582026 -0.06288681426477 0.062881300069277 -0.096404773746916 0.257980250283878 -0.0611025491615555 -0.0453009123125282 0.234666917119638 -0.155140974522734 -0.319399872213163
0.062357480728777 -0.170271612014491 0.136010722037952 -0.0757875303753503 0.220785921747422 0.000147508029880853 -0.045079350872177 0.241591264971411 -0.248083206874746 -0.282937047228432
-0.0852768779022996 0.169607241424707 0.151573949376512 -0.204281727054037 0.0630032324075484 -0.0449048264785259 -0.0177748980368937 0.386491590394747 0.11275299793747 -0.0849035796905833
-0.0777594537655165 0.183543653237755 0.177618518111565 -0.197670748943266 0.0387352636731839 -0.00729221669144301 -0.0213779900427675 0.357395275131691 0.0811106238696016 -0.0643305635562781
-0.134375805093026 0.20240353460102 0.0668937762698936 -0.150717821895281 0.0410744228483802 0.0272462202071876 -0.051873528540537 0.342412178996287 0.085432152248206 -0.112249473271754
-0.121143538527332 0.204053449936127 0.069951779148563 -0.145374300850864 0.0303914663452853 0.0315163515204331 -0.0423305421281021 0.337735058235622 0.101025832441559 -0.09573833431725
-0.0999452068986077 0.212472221466891 0.0706764181181332 -0.156402533646292 0.0310343830042257 0.0103819507948427 -0.0364173820032251 0.361370780931504 0.0880971791384732 -0.132012028936476
-0.123503405799064 0.17928247067089 0.120956521259623 -0.115329464891786 0.0058179416219094 0.0198002890881289 -0.0774787739078555 0.354965997817252 0.0997532619640389 -0.124564853297784
-0.121559812831524 0.00913234489160221 0.0567989024683377 -0.0800016107817022 0.0695142094198636 -0.020145571663619 -0.0198961590410121 0.483536394894672 -0.0162978103785542 -0.00546944549832248
-0.141198957638678 0.0958249058211595 -0.0183236984001514 -0.0542756632902152 0.0486294196236763 0.0219128896758424 -0.0349452692899491 0.416257308378132 0.0997238130129531 -0.0209420173935552
-0.1715364622027 0.0712006103649373 0.106492142821097 -0.0851014313754038 0.0259037229936638 -0.0128865545222737 0.045154842714818 0.434883098447065 0.0232087499861373 -0.00983977367993205
-0.159223715502396 0.0700544278898389 0.0665471575896804 -0.0661170362362441 0.0243624364066137 -0.0216322495411536 0.00577184848205517 0.47281153462223 0.0102538493146697 0.0501989304060474
-0.169218828061143 0.0858464541437723 0.07083332450785 -0.034128606653265 0.0510411665210338 0.0358559120814537 -0.00461380179246707 0.494517741967167 0.0208039755418804 0.0277301253677161
-0.185779040222767 0.0801031276716483 0.0932633070314851 -0.0252288908027033 0.0485118350419009 -0.00859999021002544 0.0039413120861357 0.47185432719122 0.0671765654076385 -0.00152390151827889
-0.214508689323575 0.0852111836452503 0.0999323568565028 -0.0302035561765634 0.0533245781449711 -0.00442650789269536 0.00719584189775141 0.518082188124788 0.0876997703637843 0.0244604052416071
-0.0158028638726174 0.0953682907016065 0.140018121205493 -0.180861646136544 0.206805114498288 -0.0119431202553649 0.0532886195844202 0.358584067381853 -0.123205047295945 -0.0620347852371691
-0.0326988361951675 0.0526491586631533 0.183893437776381 -0.0978862537428247 0.0562744860048458 -4.56954151912478e-05 -0.117162889586194 0.404255354321823 0.0132963116462805 0.0752432511202433
-0.0397533892791641 0.054398497636952 0.178282661225362 -0.102666375740176 0.0534269032315068 -0.00304152820856677 -0.127120792506964 0.407276679311371 0.0381349272135797 0.072771395537163
-0.0261701274554372 0.0436872758121011 0.152892702845854 -0.0901778545968505 0.0855979717430259 0.029199453572231 -0.0964801870951754 0.456313539774999 0.0365921126186857 0.028367123360188
-0.0299687379055627 0.0681871638328022 0.135181880614531 -0.11031906516898 0.0816370254732573 0.00392569074299686 -0.0848502096676777 0.415672471236732 0.0336737927644407 0.0388000827743105
-0.0156359012428863 0.128861240186508 0.120552028014134 -0.122742660774732 0.113721597806681 -0.053355047177421 -0.0521470582057925 0.437012212322034 0.0588874609733396 0.00504056158343625
-0.0298062917385452 0.140723473809865 0.133217141240126 -0.138999954994017 0.115881104152346 -0.0755934227226417 -0.0631093820630799 0.332170862148699 -0.0029805605590863 0.0766335617409292
0.0308554057335603 0.120406860795724 0.139297409148263 -0.177493429378415 0.120577249280277 -0.0222403990085664 -0.131120711212049 0.352382601547544 -0.0827701640922024 0.0595663341290283
