0.278971132026602 -0.312442717967906 0.0596020572484347 0.286663798243211 -0.0860693995656901 -0.160911436820898 -0.145077110716557 0.25948663056942 0.0788516912628413 0.0690632190511292
0.239114407774457 -0.305288208600287 -0.00861542652692939 0.309919297621684 -0.0663930324181616 -0.0186643349945476 -0.109900636808912 0.332643642002473 0.0253064101544072 0.12285198807361
0.228676464990645 -0.208903421206601 0.019563795189208 0.264211791083024 -0.0825938591296043 -0.069875513508498 -0.162480559781153 0.300120455615735 0.0835239318589094 0.0706235582615345
0.234623240051378 -0.230997737440279 0.0267712114284531 0.243827189730093 -0.0994950707751477 -0.0662909708520328 -0.153434722180579 0.274605701011568 0.0280960113640665 0.0787601452703063
0.281731056422298 -0.283232204796059 0.0421715429634083 0.273016140080454 -0.0496817125851385 -0.0969548687701999 -0.200314641961024 0.329586367402556 -0.0100070620095807 0.0916824380439179
0.239654173733561 -0.261981286176061 0.0236813035667856 0.290347523489438 -0.0999102467567543 -0.128638802166574 -0.203498580003835 0.261452844884763 0.011411075734201 0.0518825111958862
0.299715015511756 -0.28757048926677 0.140875350486955 0.308816976932459 -0.0403973046515617 -0.198814678793339 -0.126726725248903 0.304253131242458 0.128350153692204 0.0950151975137263
0.191948634385041 -0.237558651055979 -0.0150874571220827 0.212704543029859 -0.154688199153245 -0.228801480014897 -0.080414876170968 0.291119842880051 -0.0301415750185008 0.0515818415645872
0.188655480957792 -0.230953788712026 -0.00275675036408761 0.220420432051868 -0.154671737145463 -0.221813589132475 -0.0784379674561836 0.274998559110635 -0.0366418143073759 0.046653251959787
0.225170744499901 -0.0702752017256407 0.0442740520076082 0.0873340561729408 -0.0504122392541725 0.09444360819687 -0.262103355949611 0.172912906911802 0.08177471220962 0.208613423338632
0.105768828816378 -0.00914594540392677 0.0831718051699958 0.0439318880631349 -0.0827254213789962 0.175437866381267 -0.0835003036296972 0.182401414708403 0.142694716845815 0.270821845745667
0.109792787196302 0.0101292876775153 0.0722555287872134 0.0488559414405256 -0.0751518027123078 0.167839589388355 -0.0710951545739689 0.180908587727854 0.103995306556072 0.265813221258108
0.0846584752592904 -0.0454556971310763 0.126442908659882 0.2040717475607 -0.125966772740898 0.0732358965814331 -0.0954632326553927 0.231961973140361 0.0410558512285401 0.15787158670687
0.117512339344984 0.00877137860894551 0.087810097080247 0.202284531875362 -0.0945188473777267 0.0335448996016734 -0.145059916212695 0.205433846525304 0.0551053703233099 0.165678826963262
0.0936628673318874 0.000243593768441706 0.087364675553578 0.20788197957101 -0.0886698885511302 0.0351214994081342 -0.152423973089141 0.203021151081711 0.0287166542511379 0.178327778651333
0.128531352000369 -0.0905783793020897 0.0525137173125315 0.115806832092198 -0.0929398175705789 0.0400956883863142 -0.0694717127250705 0.252292455378063 0.0365036045955598 0.185004727768069
0.157746525442598 -0.0271208946620962 0.000762971556684421 0.119041079756566 -0.111528285349852 0.105416121577775 -0.148875646040496 0.250522505966335 0.0930762983429528 0.211946246163384
0.312999010423158 -0.0977376873562411 -0.00101395729310891 0.0318485771106849 -0.0986115129953084 0.112474633113458 -0.0277498601026106 0.197524493658538 0.0537486070789906 0.216942764890996
0.308991343180288 -0.139757836773197 -0.00763292764313794 0.0260919125052674 -0.0650963882520194 0.121077410366877 -0.0201364143627488 0.186802205923708 0.0528328706504824 0.255785013658831
0.25403281898443 -0.099199389787804 0.0756826990448553 0.130623774995228 -0.203507274459037 0.122300130320055 -0.0972090311150135 0.181528921521791 0.0613452494636086 0.226360893477699
0.231435492153975 -0.104537726790351 0.0674263178183363 0.11478805783867 -0.156619147366367 0.0754956950216464 -0.0723765556471121 0.203211247713877 0.0909993585486975 0.219475708222885
0.287238750860356 -0.0688974521032978 0.126040007552139 0.106859474458534 -0.136448810118698 0.0151492808714798 -0.161516550257556 0.144838906056545 0.114078246317868 0.287496305108566
0.256238549218378 -0.0991979796925136 0.0987345104373588 0.151912042182026 -0.144998513602506 0.0531089930460537 -0.147438551205694 0.13354184616123 0.086447419472081 0.345752546849229
0.244892720176211 -0.193983909799361 0.0183259713477348 0.0837006816364241 -0.205658106570356 0.15124940793458 -0.151905722837447 0.14737358585519 0.0675355390616298 0.348527306180759
0.23612161157558 -0.188452581960905 -0.00111915654874124 0.100454437530208 -0.210988925687275 0.144969953192629 -0.152892270735968 0.135753286531637 0.0734493981488255 0.343165570030948
0.269857613335121 -0.150832718250029 0.118045763204278 0.121602982706013 -0.263573156738152 0.102154875228186 -0.186843215019188 0.0933297600722237 0.0802232714575031 0.310755247789965
0.265862725110859 -0.159738275421199 0.145138578952363 0.127064823623774 -0.245711703136111 0.0699111681369534 -0.147227510133586 0.13629944938724 0.0478242481318499 0.32659464387487
0.248952877981046 -0.194591036814782 0.0924909730614075 0.114891406107813 -0.293534162517974 0.157379043760806 -0.20972690503362 0.159781762230194 0.0207029684172255 0.2726599855151
0.225692294225153 -0.184642097443415 0.106974955232121 0.112164727259304 -0.296396517502706 0.110669246498548 -0.207633333203113 0.152517893503383 0.00591764753443166 0.282587636845984
0.250040634824779 -0.0687272930322798 -0.0419515250967036 0.0649698572158937 -0.192676565363341 0.18440611745983 -0.172109438439512 0.079572128344266 0.0272924249579568 0.220093532137244
0.22154720997234 -0.111732894861005 -0.0212874399003282 0.0771289589862863 -0.192143445429425 0.125134491576084 -0.172581116153008 0.119567966700991 0.0189685042220213 0.183400639641522
0.18187687392035 -0.113558832306897 0.057855574486367 0.0291277181076476 -0.185981252873498 0.180126029665324 -0.0899560372193759 0.13650349494172 0.057725075391201 0.189881614715435
0.205785078054716 -0.0672844531757429 0.0644145794554068 0.054245976857245 -0.182752890221413 0.187926483193629 -0.0927751189495446 0.185229576498634 0.0495111226424245 0.221837579564963
0.213516499607957 -0.12299900255793 0.054336419923707 0.0501739439053831 -0.191766211997336 0.185742950911339 -0.0708799650733963 0.1662352368213 0.0988924360410353 0.193775711945787
0.207008182220233 -0.115673450594612 0.0434387157549063 0.04580712444269 -0.198909853425031 0.187017386827983 -0.0829778445739037 0.151751990654293 0.0686926702262816 0.197806151867016
0.205375888962116 -0.10465235283711 0.0564217412305454 0.0443740364491333 -0.183121135847471 0.186113864709224 -0.107012531192281 0.150878799391885 0.0734529473574243 0.201355646064672
0.1947638656585 -0.119776065710846 0.0511713464515748 0.0549921300682602 -0.20060475806362 0.170393625395585 -0.0849006866733363 0.130055927419974 0.0696654909690217 0.197384921522406
0.21189926984038 -0.11716555075585 0.0560552645952647 0.0617752670999044 -0.197919560316325 0.174337524155295 -0.0863853005065226 0.133137755604825 0.0612762105236778 0.199587861947534
0.194814407080286 -0.0959080769080244 0.0743297821420258 0.0476819205925898 -0.152890218888556 0.108278775321777 -0.151376096101187 0.175676745396134 0.0683805902228823 0.183005414077976
0.181801973312641 -0.0680721377942056 0.102785679289053 0.0629043410549329 -0.172611805459569 0.0658092451513674 -0.141167033634208 0.104434022474557 0.0315425386666413 0.260368299271174
0.226135056887658 -0.0859895545132725 0.0196729251649428 0.0502520712097721 -0.210000835127172 0.136389085583758 -0.0296191909091239 0.127926127680611 0.0567899867242983 0.211394601646585
0.20477398157963 -0.104074533315405 0.0379190263763442 0.0379312420480878 -0.22384419822095 0.131873360771926 -0.0310937246895896 0.126953315100219 0.063491956280974 0.211821866221061
0.203647721600797 -0.0895125503096462 0.0334914270069207 0.0436372246783461 -0.207505079310528 0.118296409570353 -0.0348878726593778 0.135284594633128 0.0138929367458047 0.207456275335706
0.200253854919124 -0.100665424367412 0.0347618826913794 0.0160199864189681 -0.206315098431957 0.135537372060212 -0.039801751368581 0.126710245022549 0.0531295843725262 0.207272201513175
0.20648162937951 -0.109474089115259 0.0418663966265977 0.0244310565391126 -0.215921264932958 0.128056538905507 -0.0319812325075682 0.12487035262049 0.0531439776838882 0.200529922558057
0.207026350707871 -0.11020782933078 0.0365985825127182 0.0185168369432825 -0.210890008021757 0.118387155676366 -0.0422387511388993 0.148772099524754 0.0627929881656704 0.206131891196216
0.207026351119376 -0.110207829334914 0.0365985827047918 0.0185168367693589 -0.210890008592444 0.118387155357679 -0.0422387518444247 0.148772099730339 0.062792987363887 0.206131891462535
0.271071902452473 -0.170468338906918 0.0700306531828947 0.0311200666538774 -0.206507588490209 0.0983043595293243 -0.124873519291386 0.11641681246733 0.0122248281728276 0.257351061943371
0.257520997508859 -0.17413588829333 0.00928878871669442 0.0837610588905359 -0.188306892949528 0.183515134004453 -0.164357411532355 0.128812338151546 0.0504437584571868 0.236299448159603
0.257127255864776 -0.208854774289382 0.117680679949478 0.0129925739463364 -0.231605172163713 0.043530005149514 -0.108913593733116 0.183773058628401 0.00179450299263025 0.139482935078158
0.253662349804205 -0.118640423548266 0.0705448449972348 0.0457530986077762 -0.244563062812221 0.0325460330744387 -0.167778208136764 0.139496144120896 -0.0281913727470312 0.10524898288668
0.29301136953937 -0.189993391091729 0.101710296960159 0.0959684073559383 -0.159382948329919 0.0146929786573574 -0.144469138220177 0.183645307327003 0.101916433430422 0.156104362215934
0.276924337618504 -0.148663367723021 0.0888788708434087 0.134805078706047 -0.171190363613365 0.024999858378251 -0.141278253107505 0.190510359605984 0.125519713767089 0.172373854643262
0.203761347067365 -0.191662302371388 0.0348946253610866 0.184540692100487 -0.237693121564807 -0.00940301569252553 -0.159757924443686 0.14391606912632 -0.0129784788258317 0.120238852439553
0.26271152024493 -0.18285475600719 0.0159192758294022 0.202954001735177 -0.215051223942768 0.0758111071716078 -0.254740476400266 0.204026789820569 -0.0809382529385212 0.162067069558887
0.240573923626654 -0.103073961163663 0.0880166689560712 0.179758565983257 -0.198654478752144 0.0353521716236759 -0.215647264777513 0.141778817131015 -0.0422983823891641 0.198948039331982
0.262688275191903 -0.145711568584284 0.144690339118689 0.179627463774753 -0.230107847961288 0.0588539176192556 -0.202038600339582 0.174117277398523 0.0466478962340591 0.111975790388201
0.27947604077952 -0.18696566789172 0.170739064398702 0.1600519202274 -0.246321788564582 0.0248582952518925 -0.179875862797543 0.110836264301353 -0.0333867576797404 0.203616768593346
0.306400193911636 -0.107898558386581 0.12557973110845 0.227144550347264 -0.196523749619295 0.0550199950191517 -0.15594587345716 0.149617606477454 -0.00753473839289649 0.201868071869665
0.218404863829893 -0.105125594011289 0.125453408395231 0.213568872753836 -0.265446923887055 0.0298479112564087 -0.171815392610827 0.129025033041921 0.00879832723953641 0.225563016591856
0.268585535990773 -0.121800383054918 0.0990323072131406 0.212077639867455 -0.288100160839913 0.0242044763001916 -0.153532040523401 0.152881132334944 -0.0138840994328231 0.237333656639251
0.26707019918775 -0.165917040505558 0.137148349208544 0.204770782670615 -0.190018151523968 0.0584668028130948 -0.161975833247486 0.105827792749976 -0.0367343861755498 0.153275032533587
0.300519721654057 -0.159132310285087 0.12818537003788 0.224455738127092 -0.197751413124198 0.0478996709467759 -0.177405698799316 0.0990523292432962 -0.0151188617198278 0.149061384311397
0.294827324507706 -0.149140280321225 0.140823391743424 0.209226284296026 -0.210046840300922 0.0296534255736976 -0.175970138117018 0.101726215080341 -0.0135848647353111 0.130170480133296
0.298368651045223 -0.160389358713258 0.128428111957299 0.217513141726871 -0.220744241075495 0.0138487275993863 -0.171269870741744 0.10021981435917 -0.0154648795111895 0.137646332718279
0.247636910856406 -0.106470491015691 0.124037830226345 0.187170829652674 -0.200218182024296 0.0814563834406716 -0.125811950464889 0.0881941850639942 -0.00108828778982839 0.170399710564502
0.274714771314735 -0.131803974485462 0.145278653125531 0.161284257089062 -0.188947032869266 0.0853324889008294 -0.165306290142247 0.124722320379335 -0.032893661875393 0.17866326025525
0.284328472645616 -0.255362779179255 0.0240918554109173 0.230744949548579 -0.113626028455933 0.00982171037656084 -0.0840663220558876 0.283048666016173 -0.0172550214760471 0.120536223614789
0.319952365644891 -0.22098219654601 -0.0246345149940841 0.203645238537166 -0.177108614927856 0.0497470905152067 -0.0967516757641872 0.248024671538242 -0.027596288057081 0.133842822788418
0.263027185101213 -0.264953391553762 0.0856380907479723 0.223858177161472 -0.070977809119984 0.0417546504043493 -0.146261823421222 0.281820246689405 -0.0215782910258504 0.111583291543478
0.274596104996094 -0.366248973534583 0.0111142366702876 0.221668139922297 -0.077831601586173 0.00293758237231992 -0.211935138088681 0.212322596490145 -0.0705388580745289 0.0882177882128245
0.264948975908939 -0.354977797361596 0.0325388332213761 0.220681506901086 -0.0694862360433064 -0.029885687157288 -0.192345086309769 0.221778249871173 -0.0708386548088117 0.0858565049775879
0.247875616748037 -0.18021883274649 -0.0658554914954156 0.12794558346484 -0.0449525785016264 -0.121462964694991 -0.234926371561169 0.316506416548545 -0.0771394608876106 0.141134028067663
0.247875615357951 -0.180218831173134 -0.0658554926183683 0.127945583505699 -0.0449525795193655 -0.121462966260544 -0.234926373631693 0.31650641684355 -0.0771394622661286 0.141134027005951
0.231527068021957 -0.175027884936452 -0.00256797868174816 0.0965928197243526 -0.0612511317768521 -0.0843216287569656 -0.22610024366325 0.196359333691734 -0.0627222482955391 0.094510982815412
0.244277872735559 -0.135976540179097 -0.00276486441887244 0.120246999127442 -0.069248493786445 -0.111639337690742 -0.190247105822313 0.210106850372708 -0.0436932326674734 0.182076596044956
0.251222914685181 -0.14038137568947 -0.0896372405942455 0.132637171444919 -0.116822386625066 -0.110153355004918 -0.163985379000989 0.255053963865026 -0.0492524965646694 0.11635127008615
0.236286491287421 -0.145121580275535 -0.0726288566995474 0.0937831754255907 -0.160533374777012 -0.148543396163419 -0.187981503993222 0.273054155928464 0.0064439846008874 0.145375716198487
0.217908373300028 -0.155494200190081 -1.7718439925124e-05 0.125342406669219 -0.0760570666400222 -0.191137095440581 -0.25862417988375 0.274207195456771 -0.0042429550757281 0.0978817249422819
0.219651185859258 -0.165284583652704 0.0106665005733951 0.145663447393748 -0.0820099033352335 -0.18498675513133 -0.247859397748163 0.278169669533766 -0.0181028389213347 0.115249917402036
0.235204387926392 -0.139892992053717 -0.0381366413493539 0.142107842725815 -0.0522137208499762 -0.17958814337557 -0.184991041760791 0.300546630556827 -0.0727213219556799 0.0674817012032319
0.211975634100234 -0.159327754783062 -0.0434729102234968 0.14948118657102 -0.0541692051353794 -0.196219077720225 -0.176875029201676 0.301607784484524 -0.0819516633262804 0.0853568211428111
0.216671015573435 -0.167139032690266 -0.0424166547198169 0.147986742485555 -0.0641846676162092 -0.199117887004744 -0.168990147382968 0.298499224470033 -0.0675501628941121 0.0912770390257254
0.287232028264447 -0.126998559872711 -0.0943248902689365 0.145273860210643 -0.0908253696106318 -0.0404403942086341 -0.105741234869755 0.23153807303832 -0.0671707744493952 0.169116377838089
0.327648580648991 -0.184723766129613 -0.0891216764264858 0.0671539891391452 -0.151504359663341 -0.0878951966280608 -0.0983479761209816 0.282795362804965 -0.1019319947435 0.139230246634872
0.309530076407686 -0.144761353251957 -0.132913694234294 0.0557089498122381 -0.0821999709379089 -0.0947836698302169 -0.122706304868951 0.237910051264625 -0.0390494091469334 0.159117932658733
0.314748150940158 -0.167178172561059 -0.133707299057854 0.0623764357573678 -0.0911689871610827 -0.0603300271314696 -0.105520639692724 0.237968107782075 -0.0590323780453023 0.149974633721166
0.139631576845127 -0.118667277541363 0.048749345543051 0.180509851915862 -0.130352964592708 -0.0885425327909277 -0.104196151304399 0.251605951288565 -0.221682759016807 0.266488969810184
0.20341964983416 -0.177947315747698 0.111890678765144 0.176846748555476 -0.0836529609965002 -0.127732615619265 -0.0765367295071214 0.262561187757819 -0.133391227992734 0.321762563820255
0.156650672295286 -0.179396745815988 0.0968959554782104 0.207716443867364 -0.17968750565854 -0.0457028138636898 -0.237035224874297 0.348645052920872 -0.169793214978544 0.180339849066646
0.205427303982306 -0.167208001241196 0.120469765025852 0.103788587204736 -0.159057628710087 -0.0262910279260332 -0.23629498290903 0.288328077443096 -0.214163255677315 0.211358415667063
0.205427305672749 -0.16720800285986 0.12046976782357 0.103788587617947 -0.159057631273064 -0.0262910272165163 -0.236294983084375 0.288328080950889 -0.214163260864514 0.211358420003856
0.195858027407985 -0.14949819749729 0.0799704055892622 0.0873392850211145 -0.117835775699115 -0.0563547307012261 -0.212978749916307 0.27374359308331 -0.189055347125418 0.257678124918859
0.196675408881266 -0.165362980268141 0.0821747115944652 0.101121345411105 -0.124109388047132 -0.0547377221980929 -0.215218381233714 0.266761074125776 -0.190459793651448 0.260147847854225
0.139630074667144 -0.149917814841729 0.00281423852634892 0.116698335937351 -0.117433241462632 -0.066854355335677 -0.228663908710243 0.210804814653378 -0.204671231434785 0.163137539243389
0.170440580131747 -0.020790643924868 0.0439231652606535 0.22815846296599 -0.103910834852381 -0.169515073170136 -0.160021023308206 0.14200613903035 -0.0935476996174614 0.231090887341288
0.228378678134682 -0.0866640789941969 0.0170067889510293 0.206763880153236 -0.0874640396138317 -0.143511763995365 -0.161883770281422 0.228026610353299 -0.130395180684787 0.128768235866274
0.186279597248978 -0.0727583896308055 -0.0380470826264165 0.216549197681108 -0.144465209581046 -0.14266376435539 -0.14910134875971 0.226467160145208 -0.126427568277715 0.211654393560818
0.201384039510253 -0.0773905964742578 -0.0261983260836938 0.214968769426357 -0.135297603286158 -0.149565508403774 -0.151362227249799 0.23072951862263 -0.135372224450316 0.2187920739546
0.202577842649513 -0.314364244846457 -0.0813630596860574 0.240739676822098 -0.30372424210986 0.0679778947946738 -0.0439588193474094 0.0245598540995329 -0.15072312264612 0.0500693293447676
0.0372825522469293 -0.205118071621394 0.00712510530344957 0.10222242453132 0.0135873081607114 0.0860534306870857 0.0672776561293266 0.13039021793022 0.0556189413861966 0.29145003223127
0.0189858194930253 -0.206957934515209 0.0132144365229864 0.122115030701351 0.00940152104785595 0.0948365196513009 0.0602491948459137 0.137035649762667 0.0480046553043229 0.262981076455363
0.126512596506956 -0.243853901851247 0.0360463980400242 0.0474644011045491 0.0515419062523978 0.180626392945213 0.0838342732636237 0.224654111057153 0.0715278973536962 0.294502941646678
0.126512599914904 -0.24385390108649 0.0360463999224135 0.0474644002317395 0.0515419068244622 0.180626391057034 0.0838342695659482 0.224654108968714 0.0715278933395049 0.294502940767504
0.0419522798984777 -0.248253176372578 -0.0199059343957398 0.0301546823514788 0.0257869147560636 0.0984357672952164 0.11206952351257 0.19073538109544 -0.00657220556169388 0.239982303191473
0.0632809688539684 -0.277014004226638 0.00672087300396258 0.0490106126274633 0.0547122709419058 0.136900229494425 0.114027495747132 0.201821497724795 0.00440685146850138 0.252437277344871
0.106106485241345 -0.243570029875253 -0.0441992398807803 0.134121440686656 0.0694859629742132 0.0994238696773179 -0.0293304971361152 0.162670916135005 0.0199722475174938 0.225597294471484
0.0801774876800144 -0.222213230136659 -0.0575741076730346 0.0604226112534757 0.0987529304115327 0.119690733543831 -0.0202621538024715 0.198905202339661 0.0536067738770362 0.253309735279264
0.101830247900839 -0.197069370288165 -0.0487573149270475 0.106264570302752 0.0914202078062055 0.114069246690778 -0.0481902329752826 0.178020639267592 0.0309975009458902 0.255694439748231
-0.00288891531430506 -0.193689450443213 -0.0461559447728465 0.16503027565288 0.0101867194947113 0.160701308345855 0.07119871058936 0.136327236566825 0.100592528890292 0.27964709163854
0.104095043683083 -0.208131668302715 -0.04001430483602 0.159903029289107 0.00489407132087429 0.143081952897393 0.0593167553519538 0.170160819416077 0.0266429053440365 0.327678974300182
0.0300962640054178 -0.229226477328575 -0.0507011387940612 0.161100692563564 -0.0348210261346001 0.145373832255009 0.0433206292652231 0.14738819862416 -0.0209757825632828 0.286530610641453
0.040721056136877 -0.195301054819294 -0.0393454911283484 0.152557441494705 0.0278368097289011 0.108514429073837 0.0746893399627582 0.130755198558425 0.00271381098603229 0.313572074729126
0.0320122479745697 -0.202410456540675 -0.0250105001911552 0.136923079211323 0.0364531878178637 0.108263571489884 0.0523433675149053 0.119507086680038 -8.5965625958812e-05 0.344994037259367
-0.00966647666722172 -0.180694328176304 -0.0512808387614787 0.160113227594337 -0.0356051877887123 0.143004373281858 0.0210082865759378 0.132047054772342 -0.0171856550311269 0.335213215381427
0.0338500272573079 -0.15211002122042 -0.0374757730589877 0.129775092795339 -0.0173521236367319 0.154891288624415 0.0441409822111927 0.135956780647998 0.00453436030255977 0.334418720696998
0.0338500273187134 -0.152110021365288 -0.037475773055789 0.12977509275812 -0.0173521237431428 0.15489128872243 0.0441409823201692 0.135956780730119 0.00453436045736507 0.334418720838393
0.0322601309711124 -0.124806989986973 -0.0538673922655024 0.20852258092603 -0.0478334930132132 0.108264473076234 0.022759356524866 0.128383947990214 -0.0420460222011545 0.318324996693092
-0.00398946874492878 -0.214965793404845 -0.0715629351554797 0.201295090948766 0.0697806231014202 0.17431077258751 -0.0069458939348272 0.146977223403866 0.028041873578094 0.340039152683197
-0.0187442864514954 -0.217664033723123 -0.062044740402858 0.174038265513991 0.0897133634878452 0.169489142817288 -0.00120172079242971 0.135405524138359 0.0253554698852616 0.333018305999831
0.214291779413689 -0.113147589310046 -0.0533580401421291 -0.000305338819836538 -0.0807353036053454 0.0846320124881866 0.126679223576394 0.163427891729141 -0.0887977923433099 0.198410978303495
0.150942181152743 -0.135139740165186 -0.0453893273780129 0.00772389114944126 -0.104380456254809 0.142242707841458 0.0454249193392679 0.142903829423632 -0.109904916775047 0.23162480636032
0.199171863113865 -0.124282213349008 -0.0855750349845841 -0.00438007162252117 -0.169883065904898 0.0797727890555598 0.0320678869471194 0.160369627905372 -0.127250314994864 0.283131411467927
0.151372524068928 -0.129958616308097 0.0160297808086875 0.0474344914970051 -0.122493453893702 0.177258344879386 0.035166910534562 0.215085427891311 -0.0537663034791071 0.269115271506379
0.193975953016662 -0.162500095190897 0.0290531227855005 -0.00706417453737414 -0.0941986754336257 0.189391548654696 0.0645291540243404 0.192097503604953 -0.031823098429173 0.273138163247984
0.187566691044852 -0.193378798990803 0.11046643947459 0.0287011925631904 -0.12029412700461 0.108490023118048 -0.0658992922843877 0.139464282058643 0.00751947175169225 0.320636006513104
0.0680559556989538 -0.0988145441067309 -0.0458033669817634 0.0434774775539741 -0.151133405356423 0.0613046391502906 0.0118392568632943 0.0693782092789439 0.0608523033144402 0.308228008564689
0.101844261749054 -0.147347848379865 0.0127182345841995 0.0789910712416325 -0.189255534648124 0.0503189931078415 -0.0262697076946985 0.0201080848294605 0.0804748915332403 0.263709971073402
-0.0197928773121158 -0.0739879590123999 -0.0296579233256776 0.0975584980892708 -0.134344396930645 0.104915830466323 0.000187550002101376 0.0250822173101446 0.0169138233368689 0.31941957419969
0.151618494047613 -0.139458507866499 -0.00522687397165322 0.0653245432768185 -0.100505482258906 0.0634564984558153 0.0107859455645211 0.0545526215698594 0.0288163973176805 0.351701816037284
0.0953365785827652 -0.11214580935148 0.00432750736443763 0.057318164885247 -0.124716545191891 0.087786791178332 -0.0351667268249039 0.0909808048581645 -0.0103949621450587 0.298215088293863
0.093109217195264 -0.148398370645031 0.000386586974112651 0.0607466999550592 -0.136456032799918 0.130295933692932 -0.0177799433954382 0.0863016060705078 -0.02804936294747 0.316164456935921
0.104147709475183 -0.17335622977406 0.0176893617580118 0.0856695617495332 -0.117169663872226 0.0383434292713868 0.0149457580179852 0.0177660048429713 -0.0261481312472492 0.265820792094571
0.116745968758031 -0.134960688619086 -0.0234599661876554 0.122508017941196 -0.130513460335504 0.027687937405962 -0.0199355490137491 0.0424160959826317 0.0296226431274556 0.299263879309061
0.141829103273791 -0.0600967124237378 0.097097759774699 0.0229034229904606 -0.154331681655103 0.060007420516515 -0.0703622988611495 0.00581909510500767 -0.0107978924997541 0.311252274400736
0.12379205243901 -0.0435878597181875 0.0712582646946189 -0.0855482725296274 -0.134720502463447 0.0669932270472996 -0.0132976350622156 0.0631461179857769 0.0265519321369459 0.281868776882846
0.153638420312752 -0.110917250171846 0.0824470487174491 -0.0254840260761904 -0.108523894364829 0.0908941070534232 -0.0339385962568958 0.0788661493049271 0.014486475420121 0.287155972464433
0.209842520935344 -0.0998954766990343 0.00884029229193769 0.0723641983712293 -0.0669233412321624 0.0349309868364712 0.0356985935355702 0.132846261237508 0.000403040302032982 0.31702747820461
0.208073715525062 -0.0853528352480998 0.0332888423948765 0.0306827468817796 -0.0802810090680301 0.0387505298939786 0.0176035741493125 0.136584727756399 0.00351018794351954 0.359273097851265
0.244749111710949 -0.11016082710555 0.0386033942768562 0.0417110195125451 -0.0678311279871278 0.00839874723861809 0.0174268647218588 0.125774271616227 0.0322471392463097 0.353051964727563
0.244749113970963 -0.110160828119028 0.0386033945420908 0.0417110182688623 -0.0678311297402461 0.00839874683306777 0.0174268632050943 0.125774271459784 0.0322471393756321 0.353051965534393
0.150248780592816 -0.0737091731521499 0.0641607737420318 -0.030246158092982 -0.13258196245056 0.107428769996816 0.0676376026457111 0.112536629372853 0.0309993751283947 0.325177859496876
0.208128724917497 -0.102387426816729 0.026034717461105 -0.0211220204666965 -0.109464512799264 0.101943147875043 0.0184310490904083 0.0518624992200061 0.0036361170206407 0.297497175831979
0.163618891174474 -0.0541178901730634 0.0469216939156503 -0.0115462555597766 -0.0781496757599841 0.0981178486770516 -0.00533852956769299 0.070286210619469 0.00266664982887982 0.370737307768667
-0.314471227614148 0.109527776114549 -0.0537438842762764 -0.229754930950543 -0.363584978549094 -0.00376832487211304 0.0443127800525801 -0.265947353271321 0.213022724434207 -0.037945987570788
-0.383073791333899 0.193220306134636 -0.0234309350535892 -0.199896668588541 -0.356852795274824 -0.05584490010213 0.0331365384216925 -0.208830869525457 0.24076138162171 -0.0248853666423762
-0.372827203837085 0.18613038315719 -0.0329441336150571 -0.211822228719703 -0.345379233970277 -0.04923254690635 0.0566256859564756 -0.201150381035353 0.268052926526734 -0.0293046455124698
-0.309929887955347 0.164164704383302 -0.0052161273854882 -0.230737593384457 -0.361177875836079 -0.0299109884799175 0.0412072028693707 -0.307854312216217 0.224219862650401 -0.00746556647332732
-0.303640485153791 0.157195477807982 -0.051340610863847 -0.216178709895206 -0.382490410361258 0.0188400111931274 0.0639104287041869 -0.305519690811561 0.19967781389718 0.0151963678274483
-0.353209268304914 0.160650982688029 -0.0236888678768165 -0.207269681095546 -0.375960325279574 -0.0738637009252156 0.0531049751584372 -0.262695114349058 0.221522237135943 -0.0455712325224056
-0.352530714912615 0.102297699825737 -0.0226171475666162 -0.207704776394427 -0.350147774481 -0.0587270679259594 0.0531424269602639 -0.273069817516982 0.231599070732552 -0.0558224118581459
-0.35253071260065 0.102297691588474 -0.0226171454285681 -0.207704774268623 -0.350147747672007 -0.0587270763436948 0.0531424222407015 -0.273069816759048 0.231599075467392 -0.0558224141490036
-0.387387351455345 0.159283733374397 -0.111940420618245 -0.230542889088525 -0.291411337019216 -0.048501012272093 0.068858797618588 -0.170217100502084 0.221804665583953 -0.042407488199684
-0.332230912730897 0.185644465366544 -0.0583345189420463 -0.189149629251648 -0.342867680888345 0.0181399496725346 0.029510730484896 -0.270730748189702 0.115156805562961 -0.0359055694815885
-0.366797284179791 0.212308416023717 -0.105002321809182 -0.194445324491703 -0.329829188008794 -0.000611164552414501 0.0533310885472666 -0.26734018731176 0.158915433443686 -0.0212748593462566
-0.0174368730781669 0.187761010869135 0.2156105798322 0.502186187474996 -0.265992188072749 0.0490089152878006 0.0793405150846846 -0.029261157263706 0.190717055531294 0.188006872056341
0.0419953079086486 0.186145955924327 0.111026041041316 0.384749770149565 -0.254561378502893 0.155459278046015 0.0505777235622382 0.0250375082997371 0.23657884894475 0.0137742183473912
0.0419953086215793 0.186145953244708 0.111026041885649 0.384749770691171 -0.254561369901011 0.155459275383583 0.0505777222477549 0.0250375086499848 0.236578850495272 0.0137742176676751
0.196277854951954 0.135303246980802 0.203679279049251 0.387239514418098 -0.226577878692261 0.049817990662492 -0.100993584877597 -0.0946286547423609 0.105600166762561 0.0229249673575575
0.184386124268795 0.109914316782447 0.203393374972838 0.41857468846253 -0.229794970657437 0.0324397235248822 -0.138360118242014 -0.0704414895074285 0.0846239452640109 0.0466275864026233
0.163109487910678 0.14385837508727 0.19202578550659 0.372159355472107 -0.4043634293409 0.0631848464909561 0.000651883368125376 0.00186639306894311 0.165422664656113 0.0582213331077278
0.0977531230471686 0.133348793159992 0.193057671393906 0.41013594652099 -0.368349328101652 0.0318319461038984 -0.00383963374038206 -0.0245823453932631 0.126882254598123 0.0430363504956466
0.171349407577235 0.0315066851299308 0.223398664797347 0.310503148485998 -0.273510460202744 0.105987534547897 -0.00960781110296429 -0.095743244572162 0.0956335668926473 0.185955371327322
0.234143881853866 0.0436532129249108 0.109915969594647 0.399380870651211 -0.309664795484648 0.0281036769443671 0.0478819610151921 -0.0853438566899974 0.31283251033607 0.1612671390511
0.144857281766332 0.0157342951087777 0.166464180892786 0.402503510077545 -0.32977945091671 0.0627534039813072 -0.0183501313007322 -0.087195166720691 0.198990009712205 0.0829198037328005
0.152086309218393 0.0230602028389139 0.160266942343417 0.381802881267625 -0.31760620001936 0.0739996475719871 -0.0408165220059401 -0.099647351305115 0.182379182852016 0.0922608892135208
0.152086308987069 0.023060204641438 0.160266940832501 0.381802881853407 -0.317606205050069 0.0739996488818947 -0.0408165225210008 -0.0996473521977816 0.182379181744046 0.0922608892556156
0.146004235893917 0.0282167683274658 0.16476101746651 0.390921436155955 -0.331821352569639 0.0663528815377376 -0.0428398762261535 -0.0928579503502419 0.170884495022173 0.0922595370941023
0.163596245543115 0.0217616095352006 0.153154758766757 0.395123136754462 -0.319400030933703 0.0726041675772179 -0.0460863007199998 -0.0990896209664286 0.196293985869185 0.103594290885716
0.185117863250393 0.0661092339418618 0.144627446763772 0.340816367461546 -0.313375765447175 0.0302989127372093 0.0257674802660653 -0.0440446978916119 0.245864084782065 0.169941375734865
0.170010172708548 0.0987943731901654 0.142601787995575 0.382808065329866 -0.314862503856648 0.0332206725804433 0.0327742962279932 -0.0512476129248838 0.217854663186224 0.159496331870566
0.169874858838634 0.102007076136639 0.0914476078973666 0.405500833666454 -0.311529866445816 0.0362027479441149 0.0488807569796748 -0.0177257692888455 0.246461682922125 0.123968838139708
0.11394633000917 -0.042176727452615 -0.0759760134224287 0.103829528337072 0.163506420167998 -0.193436094445026 -0.132092309811326 0.0220270251881922 0.157856004542764 0.36786430085457
0.141860846482749 -0.0544509995028412 -0.025652345946147 0.120760664898514 0.117769625059344 -0.1925365189619 -0.0790982001516368 0.113815865404563 0.106285569513371 0.368105218092522
0.175575710472749 -0.169150822626495 -0.0809766839839486 0.141316000853998 0.065664219601443 -0.186096387387438 -0.0222762493909236 0.141541683171591 0.158558157594707 0.509536017159764
0.0247358245214504 -0.222725361253433 0.00428763433260641 0.180368350788461 0.0795103130212679 -0.207347285608049 0.0547995884157938 0.2521195748891 0.120444441870659 0.305259808058183
0.00828220471012219 -0.252156814836932 -0.0560186580341216 0.146317454204568 0.0641664744193642 -0.18488788167069 0.0234122417429365 0.272712911875538 0.151429879573983 0.362597644767432
0.00611061377299532 -0.258616149841202 -0.00279857152262344 0.151107303699164 0.038271209261525 -0.207120258344766 -0.00106849058849066 0.274799208445592 0.129754519459855 0.30950194611745
0.14872742928181 -0.0906996908551051 -0.204554023651453 0.195292134565626 0.0239085619132329 -0.23363073860309 -0.171076011170178 0.263168995782405 0.084057992813759 0.396569701788422
0.12962144692125 -0.0561746021899019 -0.13948801829266 0.21560495902439 0.0792619623403993 -0.214227586139441 -0.100381588178768 0.192212046454862 0.0785804478202958 0.401574632109758
0.133290975740253 -0.0473594021874468 -0.167021100958912 0.214002786763908 0.0840784600925095 -0.205895334802503 -0.122099807015401 0.206851757068646 0.0749841227926748 0.431180606812706
0.129696047526848 0.00961608229479362 -0.285671315619912 0.179977121906484 0.168238234367265 -0.288914241556388 -0.0326672023576325 0.225929627077054 0.0678799498653269 0.416335634098282
0.100566622217984 -0.0159037583249862 -0.237671816998957 0.131028667668518 0.22028033650419 -0.294759099897337 -0.0820278296501408 0.209668455720372 0.111393550872073 0.367131493679965
0.092270389095856 -0.0234675427511699 -0.218925542839491 0.148285424965894 0.235221385608901 -0.298344672719223 -0.0656404756559259 0.226721483085578 0.0880209368231168 0.359794206412052
0.142186814153399 -0.0974666699194481 -0.16030873459516 0.199631734073518 0.115469239094755 -0.165514306362817 -0.152860819994618 0.248379312937964 0.143843182344847 0.313503212679876
0.130769858648425 -0.0921945968573129 -0.180811921434264 0.188984208916303 0.11318345926134 -0.172769741915561 -0.157423282664376 0.246144267580397 0.144647324592957 0.341381864646336
0.187486087394642 -0.026284645701662 -0.193725280923278 0.161509236151109 0.163535158776983 -0.203288191919147 -0.201405685545341 0.231115346259457 0.116005800813022 0.355514331720764
0.131931252692951 -0.0405326625258913 -0.216051483830851 0.163526155109565 0.17896537357706 -0.169267546599505 -0.169380902233697 0.203159541857636 0.153009814765423 0.37393909029491
0.156249272725332 -0.0228213054658503 -0.216205421704051 0.188938453774612 0.173227665570732 -0.190863872784326 -0.173605554993981 0.225492236608097 0.167245436798317 0.361087928607632
0.141547141344777 -0.0371056022266137 -0.207738077460776 0.154576735019011 0.174227007390217 -0.195274145098373 -0.161474847726553 0.243308832539838 0.120736244753703 0.362099314846259
0.172933954756216 -0.0386955907951869 -0.195859944860945 0.147619653754646 0.169316910934456 -0.193036328521891 -0.136983018123113 0.249171600716457 0.129328460859994 0.378314859910108
0.135004918363403 -0.0434210726041963 -0.210909621722635 0.21299587712381 0.236584513254803 -0.216967678475818 -0.101642331842619 0.253009744029631 0.116067752265108 0.366310797313623
0.149349459293085 -0.0558530976651762 -0.172801577078943 0.228160107957225 0.243749946146004 -0.272455826776223 -0.138694119497974 0.236094763882908 0.0847991472094056 0.274657728410171
0.0887379540466389 -0.0883530835474272 -0.0999019016697357 0.212753425567286 0.180903087689009 -0.255322315816009 -0.00693389357895666 0.139514358181034 0.146774042553416 0.47280715767176
0.187850795308515 -0.11643823398571 0.0118878267032686 0.280214879241684 0.156644413539093 -0.176264310875127 -0.112499241332221 0.187150330628318 -0.0165626419197484 0.439782008868005
-0.208874972849973 0.0969067107156859 0.0333283319483167 0.231735297618403 0.0496447694049926 -0.175204277423517 0.134661542505585 0.173251754361888 0.101734469474693 0.363070923937352
-0.164569370713299 0.07567829447122 0.0106622958274798 0.183556124910737 0.0712505229626146 -0.250310051377115 0.0826811953088617 0.217302480393595 0.106542426760638 0.348054054197651
-0.181790152229794 0.053406598284886 -0.00410246011756547 0.0906573182694665 0.112393127066786 -0.240863188142304 0.115410687722706 0.133556733691249 0.155541657197253 0.318865655178761
-0.19377601093245 0.0732457943065247 -0.0373699123161727 0.128196589212091 0.0446849028489755 -0.169440869744908 0.145851708639634 0.226402438541858 0.0637453066390958 0.373159943658918
-0.076394390927445 0.116140711098636 0.0821773096857135 0.235167616014879 0.203293876512649 -0.154950840974752 -0.0744727678595072 0.143591132005849 -0.104676062835111 0.552090069011552
-0.151061630280493 -0.0305108988922129 0.077043880936811 0.295703969069387 0.119402169025631 -0.17509800331822 -0.0545077241929938 0.22928653715024 0.0374921948399331 0.569373743847981
-0.0255021407651622 0.144771033269168 0.00251873377155326 0.296821340336621 0.181038516003444 -0.211624760283489 -0.0732627836951118 0.226087314592584 -0.0430791674806131 0.493428620095048
-0.138385840248651 0.0913143461552152 0.0647887016552128 0.206259702008547 0.246848342101667 -0.278524991880301 -0.0460967621777893 0.234671893465532 0.0614982633048834 0.296557000226745
-0.0875892939266826 0.217533369664098 0.0590372247466655 0.1754747470842 0.176368526153594 -0.194404866230975 0.0365567718964736 0.181539423875093 -0.00941751228371192 0.354121339062352
-0.047133013724563 0.198947785595077 0.112163462318424 0.252981562262113 0.237742095917419 -0.158165074394601 0.0279417100044224 0.219126428905446 -0.0511358476819789 0.442361646540239
-0.0689289209196883 -0.0524053930367823 0.00146416411774815 0.331474951236313 0.241103825725005 -0.231355885728059 -0.136672636517171 0.11256872660513 -0.00981530266266727 0.239158890660347
-0.14724910565689 -0.079470272171778 0.00193384117352833 0.352209957821619 0.222811827147155 -0.15007173347192 -0.123554701706741 0.117696543607837 -0.0504406000386606 0.264846440606766
-0.181545938085286 -0.0623450156910852 0.000873628549562171 0.369630740428252 0.261059429268314 -0.129636077500289 -0.151634001216866 0.145017160126172 -0.0331515150643735 0.224072598301172
-0.137402661892077 -0.0852068274492964 0.0206606890938828 0.312430614089614 0.256155858835817 -0.223931589998172 -0.0465083828468496 0.146548326088123 -0.0835712068582415 0.24360470891126
-0.133458842228923 -0.058939370142749 -0.04653204121948 0.262731706327633 0.239814354399406 -0.186121286775548 -0.117240245406267 0.169378336281707 -0.0691852446615827 0.239397469167422
-0.0529463808815883 -0.108603159132434 -0.124512614675842 -0.0242572989351094 0.106447180973738 -0.0695544771803296 0.1871379064729 0.224816503460908 0.00111268721009145 0.191475801091379
0.0345753521888958 0.0479746375320936 -0.0386739207627451 -0.0389644615048064 -0.0721289565209659 -0.136181455174311 0.0874033165881263 0.359876593770409 -0.0610266390714476 0.187425126752812
0.0461508648881309 0.0457302914396885 -0.00216799716167659 0.0666495936047203 -0.040960723933728 -0.165267352051281 0.178729504638021 0.292038566922796 0.00288151054134833 0.136386203514878
0.095863409733018 0.0857704359019184 0.0195642561942464 -0.00864243692996813 -0.115024689837924 -0.0472968278141258 0.136495348760955 0.322828195251073 -0.0156544259622988 0.15799233713105
0.05328323437801 0.076709570846725 0.00183968238140014 -0.00107040065217472 -0.10060237200907 -0.0605278022844348 0.144317273556507 0.317580118427252 0.00858280781738174 0.171210762622059
0.0699019259305741 0.0819588906377595 0.0265220709659164 -0.0119161695283406 -0.127630530600179 -0.0668445913865723 0.155707490253645 0.32978518016628 -0.036103949213983 0.179224781266407
