-0.283835641447958 -0.0882157651999665 -0.169735559558254 -0.270777104577174 0.316590450487507 -0.181374154372922 -0.355455878190025 -0.0272406941584056 0.0822740402745723 0.502597318796962
-0.307041871845716 -0.0879874033021876 -0.215310265104913 -0.286064245328705 0.318073320513967 -0.225430257679669 -0.413864117657163 -0.0382602187578067 0.074874964466392 0.514851168525629
-0.229197699434371 -0.172987010476013 -0.218764214204064 -0.265428792928622 0.149066874737858 -0.289618446129431 -0.350463362968983 -0.012171616387413 0.161741345627401 0.460210215945023
-0.248902387135004 -0.159142478447786 -0.246654814112951 -0.289558603439857 0.185211531358936 -0.242127618547205 -0.376388744819145 -0.0619676512869885 0.205406078934122 0.480581295474911
-0.22542205794834 -0.16636969442421 -0.208149615157522 -0.377532276952575 0.134523489116384 -0.320270788745351 -0.352033458215999 -0.0532718732513906 0.165723165334167 0.468772008802503
-0.254332110139378 -0.164578385043578 -0.237452026218725 -0.353968319704132 0.157462102991014 -0.25963341893104 -0.326321665872787 -0.0466322536999011 0.206500595078136 0.43523837599204
-0.174629870830568 -0.168381083806198 -0.166330664751889 -0.31883371407312 0.231507897991211 -0.322877043037558 -0.374594077087892 -0.00765067597765437 0.074109751637032 0.452620513392216
-0.170973887402862 -0.180517471785412 -0.179590959246318 -0.290651837912775 0.194012856914416 -0.287478679528303 -0.414403830817882 -0.0243417139358574 0.166213011695797 0.402340640210008
-0.311996319456263 -0.0704048123306477 -0.173006467511087 -0.359723667601162 0.168707899003343 -0.253621069469086 -0.5287879411513 -0.0381743391182606 0.143253423818641 0.330302264928405
-0.318561037116114 -0.0344057401769417 -0.15533445023666 -0.293208449055151 0.128610000925329 -0.22230868017408 -0.433763824976701 -0.0412054859952052 0.1122855064722 0.30494267076486
-0.30521115793123 -0.0958361908769839 -0.180713297776573 -0.332209083554556 0.0750325355281222 -0.314109829141506 -0.432163065431126 0.00419598593653478 0.0269451346465955 0.331809134767617
-0.142549250467213 -0.0990294652054599 -0.0597497048530037 -0.337264460214704 0.259292199224942 -0.227848060522753 -0.490099847462051 -0.0718015300132012 -0.0136425737580043 0.421283706086506
-0.323607667271755 -0.135791350842339 -0.100222744354401 -0.36134228879248 0.216177913896518 -0.324990719284597 -0.447941454799614 -0.0579683342860867 0.0540115260720418 0.316006299528661
-0.266863113066284 -0.0788479254253296 -0.127807606909177 -0.297160814136783 0.234167303650301 -0.291777962804944 -0.460223299758751 -0.0760786657051492 0.0638346920279388 0.312603889991368
-0.237917679453193 -0.056570445728003 -0.18424584375785 -0.215074866601223 0.28473183675841 -0.2373640187065 -0.425733533388607 -0.109415997941372 0.123343109679155 0.366748717560226
-0.236120939992733 -0.0469576001352991 -0.187414513180767 -0.234321855435629 0.269669215268626 -0.248222199953065 -0.41871557220058 -0.0978503652430747 0.128371269659944 0.323641894729728
-0.108319399173573 -0.218815020284676 -0.320529465131088 -0.0693531733454289 0.120280802213513 -0.196359068841011 -0.347974903052756 -0.207075551145879 -0.00243354822093899 0.292184768695431
-0.109128794849442 -0.199204796486919 -0.264749504355952 -0.116763022863067 0.159763205777741 -0.165539286471788 -0.397992817293433 -0.164269380110787 -0.0502543698719572 0.282215622565564
-0.169765473398383 -0.248628573865758 -0.254923735147693 -0.099573937183325 0.16680392355031 -0.163512650663629 -0.391378928655906 -0.212278517022961 -0.00644285848611824 0.273219758624573
-0.243553687248394 -0.170735024925982 -0.199326805136624 -0.115059958562857 0.220395527377917 -0.131768800014378 -0.43006892582767 -0.211896918834262 -0.0208451114191863 0.275444174325167
-0.149804237866093 -0.224325770195451 -0.29715112206044 -0.195215525551396 0.17277767186664 -0.183051514684494 -0.4129962444583 -0.185358880603325 -0.0486095886828101 0.302057493063153
-0.182265418599285 -0.221616562123394 -0.302764139668608 -0.218823832383356 0.261704760928629 -0.300157864869464 -0.445892678889304 -0.328037437469444 0.0958298638706934 0.213598722836595
-0.280055691968612 -0.192664631863644 -0.354488297169224 -0.22212838980991 0.265469624781907 -0.171807828905877 -0.511078732012302 -0.250938357313501 0.0587045348255566 0.269103632572407
-0.256944066015279 -0.167972538607604 -0.331513049423306 -0.230659531216148 0.320654761963607 -0.138355268482585 -0.497800843036277 -0.200682610657002 0.0606708444723814 0.28528141739838
-0.218631085681033 -0.196108293514368 -0.36046304429541 -0.279231436266929 0.287172111376818 -0.225145142939148 -0.469709589377099 -0.201097603629127 0.0618254337000673 0.268369595807006
-0.254933827201579 -0.200182801585725 -0.337251601774426 -0.26263475509795 0.33337489597463 -0.151805716913126 -0.515652894740456 -0.23490493352612 0.091251270822076 0.294885152750156
-0.253835759169053 -0.204618383336852 -0.338671516229056 -0.246249946833078 0.330080587672751 -0.145941152568671 -0.517862392227242 -0.232997902067188 0.0697753580160086 0.299483218388451
-0.100713653461714 -0.105847968100311 -0.316434627377648 -0.238637624334543 0.348164942269206 -0.0800122416192973 -0.423492347994261 -0.162898791732354 0.06139270262967 0.218639251596055
-0.146700136355661 -0.127477205664375 -0.353614317956336 -0.236333572660471 0.342996372052115 -0.115132317213644 -0.48552830957791 -0.166959091430308 0.0449420631343963 0.180766667258691
-0.183510287692843 -0.156224423088705 -0.260716938178699 -0.254632998718672 0.376459552699637 -0.135447859655778 -0.405337933996656 -0.167038014668858 0.018497243819178 0.314213216829952
-0.169969701843501 -0.170869375740021 -0.235079850546999 -0.258463941992586 0.368573783870734 -0.204565858296183 -0.419868976785432 -0.142898435086012 0.0724414933976736 0.322717343171216
-0.164436057429323 -0.173812468671664 -0.2319770564012 -0.252852717461076 0.372365152581009 -0.192286672955676 -0.421113540619688 -0.145662802310047 0.0625444450670778 0.32522812593747
-0.18564579304707 -0.180000561256325 -0.30269857255251 -0.208874077935471 0.298356588097216 -0.0249738232114207 -0.433173666768471 -0.189825673649738 0.104015147985447 0.338111057008403
-0.212434036754981 -0.14244535778466 -0.315220889533487 -0.201948099167137 0.338963507096696 -0.0736949179009463 -0.378092903609526 -0.26393426507995 0.0366443473776134 0.30377886543773
-0.236549744722613 -0.132787655436092 -0.293962521465248 -0.243187505905833 0.361677697400799 -0.0694432038067501 -0.384424251343829 -0.244722733251219 0.0580669939912875 0.267686013824248
-0.230736436737427 -0.134813075091081 -0.308041276488258 -0.225786589119088 0.370000404626399 -0.0699132806599475 -0.391953083977694 -0.261052798282265 0.0582989019625229 0.269282033098002
-0.259810161122673 -0.130050185284759 -0.313006087269225 -0.205317001310091 0.330462035094525 -0.0673115377623838 -0.401517446579901 -0.289820148754091 0.0295044548527984 0.289895539262076
-0.259340457859452 -0.12925471864729 -0.314352539626464 -0.201862347478585 0.355270425870341 -0.0746717935850048 -0.402723253591823 -0.28271964051101 0.0488969929904286 0.324869258534187
-0.282008285262811 -0.12851244331726 -0.300949187571894 -0.199227155974354 0.369202466467722 -0.0560046954894216 -0.39790868645467 -0.280001281013031 0.049847037218332 0.307516902780142
-0.208145249344686 -0.141360056050199 -0.325781633863871 -0.229653167971692 0.244357617595748 -0.130776933032064 -0.51645546889978 -0.252638557663071 0.0506664350566434 0.317411483786997
-0.206675884477691 -0.158777216251892 -0.346982227016367 -0.252878877606033 0.221146692297837 -0.128896021466454 -0.567379958990048 -0.245619194201189 0.0441020523969313 0.324939667374061
-0.203704595917913 -0.186031132079378 -0.380781206311528 -0.222287559244016 0.248178746130712 -0.150558713637334 -0.576641361927939 -0.213487605525142 0.00915740817225805 0.324748616085077
-0.215297198728916 -0.17478327370575 -0.347889065798656 -0.230702988615732 0.234339573108474 -0.139613170337293 -0.545070287360338 -0.264275549667311 0.0168001068141218 0.327424565261981
-0.130181299876828 -0.109649216904192 -0.248004035598896 -0.223777069448269 0.268192895452893 -0.257705391848069 -0.437740011372579 -0.157037099411151 0.0120980500529315 0.404180302305343
-0.194726029884948 -0.181729545110529 -0.295165447788474 -0.225644011195956 0.298723583250385 -0.207878441545807 -0.509547224573307 -0.177396104955938 -0.0367169121354179 0.349629540215027
-0.223544343171484 -0.108068814968524 -0.213869798608983 -0.210856674899919 0.400278820233964 -0.278057066788255 -0.475370684904341 -0.106327896271026 0.0101792368685504 0.257955631867135
-0.197287039168478 -0.088955322449988 -0.253190579167348 -0.217799162820902 0.380021905006152 -0.285910970845581 -0.483616235973632 -0.111079041273153 0.00292241212086111 0.254360289455735
-0.252822925030685 -0.186302851499048 -0.3114392493891 -0.175086130342019 0.37718999391822 -0.209121502712018 -0.490083867263078 -0.12930373214107 0.00718431620076062 0.245297795020307
-0.250932012716072 -0.201619194449035 -0.256004780948535 -0.238296239433573 0.37706786234514 -0.220137485613713 -0.469991446769094 -0.0520618160745319 0.0537835671325555 0.192621770238283
-0.255510180471223 -0.197071271530618 -0.263327456078823 -0.248447621598475 0.385404035933877 -0.218851663440629 -0.462314525040813 -0.0573512436265211 0.051847504669101 0.196361164313042
-0.286727013929415 -0.183708117732281 -0.250730687052337 -0.255440746156077 0.387035437389016 -0.226347510914739 -0.454924177006048 -0.0630597343908796 0.0494527140403221 0.23875556956401
-0.250178997431153 -0.172251019854396 -0.251097566383535 -0.269452539110308 0.384574777963891 -0.226841739774701 -0.452785573263085 -0.0679413046248712 0.0567999151073042 0.214146396872394
-0.185557481399863 -0.151740153422279 -0.29582832343702 -0.205598426121926 0.426480139119624 -0.239690125957315 -0.487501695691785 -0.0886326430612639 0.0511998142694587 0.243337145156595
-0.264425796650541 -0.111846791400771 -0.285118849634087 -0.261144134545657 0.390968587501835 -0.256351515690854 -0.550524921032552 -0.0719619132949174 0.0395529820520037 0.216774898157611
-0.215212170849507 -0.0658377676112705 -0.246978357379793 -0.178852235897728 0.424174101262919 -0.247189650293093 -0.548164089562502 -0.0937092116706459 0.0791328848833915 0.171804326307436
-0.203575179839303 -0.117963599356776 -0.277573034221223 -0.166234250077129 0.385488029244595 -0.267972478965978 -0.637468181794636 -0.0962016184691895 0.100596833343052 0.203646031567462
-0.158114572193357 -0.141788452170273 -0.256557269799848 -0.169284556407575 0.380302203177274 -0.266771409377355 -0.632391516808471 -0.0923856666899247 0.0672588831253581 0.216218740770569
-0.16736479836016 -0.115847211831773 -0.302890071419236 -0.185717721218366 0.397807507665961 -0.265383856971335 -0.630795079440814 -0.121243779218387 0.0794939389257443 0.183451139315382
-0.152214394537261 -0.189363141527162 -0.299378785582228 -0.153299007015477 0.364243609991747 -0.174070722462703 -0.512693524778736 -0.0335110879008132 0.109706715391622 0.2456678325557
-0.189917027290777 -0.137902271260542 -0.29314100661287 -0.150358819058926 0.310940797722899 -0.155287962990553 -0.516342011012531 -0.0193890143124646 0.0996807036769756 0.279345578253741
-0.171431111567966 -0.13150149450847 -0.315629213569225 -0.150345808725855 0.351436296398419 -0.147558006672815 -0.518480295241182 -0.0277564476117244 0.118251876102384 0.266376366203929
-0.335665702046107 -0.158040558816849 -0.199620245924112 -0.251072762104564 0.380411727430144 -0.198765192623141 -0.562552093497366 -0.048538669715248 0.0251340985037059 0.147775380126057
-0.330968163682429 -0.158517054948019 -0.184380675663633 -0.273438389102044 0.388048837537264 -0.228343135713002 -0.571745467475783 -0.0787913423141933 0.0314008535945001 0.221715867846966
-0.117748256181453 -0.0718245696685121 -0.284482702378152 -0.212328232407276 0.418588649411219 -0.259497932088665 -0.471823452438025 -0.0949546530205731 -0.0404454131452359 0.265294277908926
-0.180263143973124 -0.0421634191663316 -0.224790006407451 -0.247616501285417 0.421938106179273 -0.326213664853663 -0.520468541404259 -0.205441335487186 0.0453775800707912 0.261873693619889
-0.185242958068557 -0.0743210996466371 -0.173054831124481 -0.293256438899164 0.388975069069239 -0.322784647900282 -0.495571791802455 -0.229667813813728 0.00337397576525232 0.21806097580531
-0.254530623846194 -0.152098552555838 -0.32705299386036 -0.274606925631446 0.352531752696185 -0.246718381761837 -0.390370358351587 -0.0848101906439152 -0.0146520468712623 0.321073029094988
-0.211020359532883 -0.150377702553013 -0.348744746678773 -0.289521108573484 0.398264085034799 -0.327231010802407 -0.432045645661571 -0.110828601357433 0.0423309448868059 0.343780303479633
-0.244450552428598 -0.13389067583237 -0.360656712733116 -0.318017068562313 0.368471216863354 -0.291544183188845 -0.424879080537146 -0.115129346396416 0.0938407922133695 0.335097795900517
-0.220604515226238 -0.150891325022715 -0.379467038370303 -0.306327766912729 0.376268946527496 -0.283350603853392 -0.410481307435152 -0.121439606337852 0.092994162124885 0.339550204996474
-0.129812675636262 -0.116025069723334 -0.300683459904087 -0.19013707261091 0.279281145336554 -0.281872502203709 -0.393446636378218 -0.158369820343217 0.13561128588571 0.278113238141961
-0.0965738170843629 -0.111089059224657 -0.316688329228726 -0.21232042064294 0.304373973925628 -0.226900459558809 -0.349123595321478 -0.0548730587078489 0.172919556486469 0.238737398189696
-0.160860725146167 -0.0690653185047578 -0.330368593569756 -0.22822129218395 0.280212867144613 -0.202526174815627 -0.361537190062412 -0.106098325350449 0.173625215000907 0.289793444583928
-0.225086823935209 -0.084963218876982 -0.301583443024827 -0.31723649857606 0.288183756070926 -0.232935893490276 -0.37271813318133 0.00562789764078511 0.173922879706092 0.280550577094516
-0.183190486525414 -0.0443361160916982 -0.34774146773891 -0.344944755168348 0.294538571614666 -0.244821201131252 -0.348694313306931 0.0211071801699568 0.192730144326152 0.257398707474014
-0.271910598280875 -0.124004569804575 -0.278020782554195 -0.216657312565753 0.328385760647871 -0.233563066855172 -0.529895795013866 -0.116812373741253 0.261800109300745 0.344224026253326
-0.234706950775385 -0.147823618668708 -0.206982385708406 -0.189203737551391 0.339113440416004 -0.222138632379332 -0.544514571860736 -0.114504120024858 0.260365258518869 0.315011625326746
-0.252711696429907 -0.126268248492246 -0.239961656225898 -0.191851429114432 0.356391719345161 -0.241679242169383 -0.543408127323341 -0.116738184778624 0.256683976333189 0.293357306721681
-0.259965175953174 -0.145721256939324 -0.259850114247304 -0.199048932977305 0.306697350803225 -0.241838336262558 -0.543980730082135 -0.126626821005708 0.180993475899701 0.256511859206586
-0.245623186118001 -0.111284577257955 -0.253486248640113 -0.202451031890661 0.303546493090509 -0.265508440141223 -0.542406431778763 -0.119942952748786 0.22416608848726 0.298393362088093
0.222035329432032 0.290583423147648 0.592132080319177 0.0214065905377142 -0.00531039341280776 0.21277488773772 -0.0761914535878748 0.136003490390833 -0.788631789203281 -0.962624945462753
0.165543634497204 0.153501146742005 0.646492781736849 0.0373303131248206 -0.0637386455445165 0.319229871862084 -0.0246300461353228 0.114644354210522 -0.634059003286726 -0.905942474328436
0.193386006539282 0.132609228680013 0.653881707527857 0.00548766932556499 -0.0633021233562931 0.37577748306609 -0.0123987029171576 0.166218217490374 -0.669317994645313 -0.951194820859975
0.180637558455473 0.160963181520945 0.645955592748735 0.00806889959365144 -0.0480656997473486 0.363796684535437 -0.0147740449535788 0.159339124495511 -0.66686318876883 -0.932565787813449
0.191369822343697 0.140125103900341 0.638294112783579 0.0212452295894316 -0.036697071470203 0.380250537430147 -0.017347224521321 0.135505552508345 -0.663663129537478 -0.962615637693316
0.201367464591475 0.161523079168652 0.671868128276999 0.0145162547357988 -0.0192421420445933 0.353596213569566 -0.0101424272094275 0.152439205184629 -0.643875889556232 -0.933630447181225
0.1038667089637 0.0858933660273609 0.567075249337387 -0.000624515192604078 -0.0695492637792356 0.358326740255072 -0.0734362045763178 0.0808227938148969 -0.63471981700344 -1.07334349909283
0.107084727175031 0.115838576430193 0.540079853831082 0.138077918769697 -0.0579580462406583 0.342872798915915 -0.0531752624951958 0.119256963935594 -0.573987136524436 -1.05671305149023
0.100375444455003 0.107261427808504 0.525644722270899 0.0908529637782336 -0.0327981314991909 0.298442990035117 -0.0110763862558516 0.0754835030291536 -0.605214723537702 -1.02324145557392
0.0980298545228412 0.121813308531151 0.549584798587069 0.10157911821845 -0.0597266181868015 0.325582201522744 -0.0447111946667163 0.0923157651891784 -0.648871837578849 -1.07754456756582
0.0958836711086845 0.168151174401761 0.54304801971375 0.0236614998470564 -0.0116578237096619 0.27917972981532 -0.0331809174633353 0.0495241799466149 -0.532628674649567 -1.04920894297374
0.0895632450766659 0.162550335611171 0.541989992787004 -0.00205654001496173 0.00322067340875825 0.30891713039782 -0.0307254820156235 0.0772940857636258 -0.526989289165654 -1.05867988854366
0.096938599185511 0.184189585420226 0.561149099840173 -0.00835712426942577 -0.00600159829549052 0.304469562326258 -0.0376348576621821 0.0903984453949818 -0.523596292191316 -1.04786710613618
0.149675781635212 0.06138980079518 0.555177504515824 0.128536258769712 -0.00448231697788165 0.345890779693379 -0.00985815306900318 0.0746390886654564 -0.657371496844767 -1.03035733228876
0.0928887958597489 0.0579501262149723 0.582366300398345 0.0976591568931603 -0.0328582233300801 0.283386717051185 -0.0100727548718874 0.0320214546106191 -0.696849524974927 -1.01560558601141
-0.0170886066270014 0.2035433824475 0.452094703239917 0.000883538578028149 -0.0112604756490368 0.252345276082736 -0.0693306818275045 0.0264989997840795 -0.520662912321535 -1.02589773751553
-0.00829732600791714 0.157728770482664 0.521303526263487 0.0214066735124281 -0.0250299821993696 0.281712493918867 -0.0534343623584609 0.0410659177631437 -0.574851465522331 -1.0299914073103
-0.0136899490565302 0.228666684875873 0.447981770041085 0.0283960286928895 -0.0642609070844354 0.271299561848772 -0.0549009680696074 0.0161444205347647 -0.535861801269415 -1.02206013775369
-0.0361080265541231 0.202659528213297 0.456080857800506 0.00443891526259203 -0.0842437822940746 0.287680081958239 -0.0186772193749259 0.0486708601793005 -0.544880915657848 -1.03716790760212
0.0841515103727247 0.110199641559614 0.625300345208279 0.080826298606531 -0.0471190527204418 0.348860132812806 -0.0158423760606309 0.00335900709601977 -0.68665659137779 -0.991701784677239
0.106718263635157 0.154284839235814 0.586222367583653 0.0683785824814333 -0.0550505140584786 0.344209687272087 -0.0633346969457678 0.00636726825820119 -0.590468616460896 -1.05148470605233
0.0521966885521406 0.147183869185371 0.474054591470912 0.0213419793985284 -0.0375118563117907 0.371566402420181 -0.0557967885377749 -0.0190789772484169 -0.687020636002866 -0.95504177786047
-0.018632902165044 0.101434110841307 0.481454420016066 0.0477168077589334 -0.040223439235628 0.302473384779153 -0.072594049906716 -0.0255655751153082 -0.599605739590693 -1.00861221724287
0.0278401254152298 0.121748904141437 0.548177081606332 0.0534189574171581 0.0420333809465498 0.323519950237099 -0.0697389577823561 0.00850193039872455 -0.642175519514086 -1.01012901170015
0.0197801293652954 0.0831935509481405 0.565768827629461 0.0763279548368155 0.00110936467544642 0.305262007626386 -0.0697391994574916 0.0124360626351989 -0.655092397829664 -1.01656519089939
-0.04907304182374 0.0870171773221293 0.553298388587409 0.0704667869116752 -0.00319771549563259 0.317144076888133 -0.0676318556775766 0.0113457044869728 -0.644922104387864 -1.02589487676673
-0.0604861318350162 0.119163343622064 0.561399573215822 0.0699287882369494 -0.0245648792052878 0.326896230054594 -0.0820389040516309 -0.0157200879879369 -0.637822568132417 -1.02618678932902
-0.0274600108108195 0.0613134998918935 0.56767744387598 0.0522829377912553 -0.0394021824713456 0.389175953293307 -0.0824888144714303 0.0183682420811965 -0.606106958434436 -0.988039942517342
0.0571004249954276 0.147411039071798 0.554347554263743 0.0623087110605256 0.0995386862563505 0.417895388778823 -0.0348559257909356 0.0314776647894585 -0.571987222289079 -1.00789103488677
0.00274188042133674 0.0545955255775678 0.587523442030126 0.0765580155327374 -0.0234067719269569 0.419195915745515 -0.0240419226783052 0.0254610586227229 -0.545055730053306 -1.0018364665867
-0.00476134199453701 0.192209003116687 0.533973312577853 -0.198595343135879 -0.0572342257619068 0.395057136892517 0.0739552466976165 0.150087915057606 -0.613598950402908 -1.14670747200515
-0.0150712893718099 0.185999925496186 0.537024140998154 -0.217353209998388 -0.0567714840536127 0.445056834475066 0.0545661981794122 0.126306888193554 -0.634773584571714 -1.14040707641326
0.0662201724483711 0.104146870351205 0.56891865323232 -0.0389757059477782 -0.0394055056914552 0.340224646485115 -0.0177791514713916 0.0245461173146496 -0.661008315047125 -0.9922462400029
0.0536265821292859 0.144025714709814 0.617195257655406 -0.0588866622355842 -0.113370771788492 0.369326404028111 -0.0682360484099838 -0.00204191069385251 -0.650864252827212 -1.03394422743243
0.0839514221271581 0.154058287912708 0.642773075859427 -0.0636449116104751 -0.0207067762967235 0.351591707625314 -0.0663277155077268 -0.0417995244902173 -0.648657292813273 -1.04640323743799
0.0715305650080764 0.123399909039081 0.662729079434168 -0.0517648002471645 -0.0255205843989431 0.349436653413222 -0.0708638606873404 -0.0159472020263646 -0.65580446465334 -1.03803647055984
0.0544594502803096 0.145725658726554 0.650563625869733 -0.0677177270718022 0.0105713759123801 0.359735229088535 -0.128419325725232 -0.00772763773759289 -0.620017283499227 -1.06639042991868
0.0945918438955492 0.151723478420034 0.643919605052217 -0.045814022059754 -0.0176049828966567 0.349211810153367 -0.1513273425149 -0.0538359414987421 -0.659210720116244 -1.06590496115857
0.184456532816128 0.0445078661153494 0.747157711299791 -0.0256795482822139 -0.040821358115214 0.167726301302979 0.0805020854007558 0.0906675749390657 -0.712533687837711 -0.978452614328502
0.184456532780514 0.0445078663833499 0.747157710706006 -0.0256795479370176 -0.0408213584827889 0.167726301001745 0.0805020849747319 0.090667574724056 -0.712533687754286 -0.978452614087544
0.208473333085041 0.0563107962629201 0.70891077834353 -0.0338084066453671 -0.0330472749613429 0.203768790841438 0.0991330338885989 0.0820822512077533 -0.720167898604886 -0.976989222354992
0.182504877203608 0.0194773021223851 0.706957291823316 -0.0519629576514546 -0.0465019230755841 0.152586115210333 0.0734129090817777 0.0691561505307881 -0.718731714960154 -0.994460720227568
0.113401601126044 -0.0114344426217223 0.618207334117178 -0.0199540782552996 0.072755694894307 0.197812226049253 0.0269465893078474 0.102473548718288 -0.639422231295477 -0.964286721397253
0.254418135597996 0.0292412508201087 0.707193901115043 -0.0212848961545069 0.0171087935818071 0.242582763649279 -0.0303659638677324 0.114770740370431 -0.617797140989556 -0.982999481539644
0.104145027165683 0.0577893867706816 0.685934775051767 0.0304418002705332 0.0320587121247612 0.326597388892319 0.118699049643346 0.0981661269051586 -0.642944096238017 -0.915380578425993
0.149212105412073 0.064876732190436 0.656533584619404 0.0259550915929464 -0.0676699872292359 0.26449264198328 0.0502840752175483 0.069454043108576 -0.665248909443271 -0.883541751955266
0.288231477458387 0.0935561029892384 0.579882152335884 -0.0194120586754557 -0.0600633767573973 0.30044049692654 0.0261975743096193 0.171605216366104 -0.562038959773506 -0.991302068954118
0.25267147189811 0.0455167645632098 0.547210627580828 0.0460147517005499 -0.0752036835385091 0.212771870090466 0.0423537324708221 0.124726018791687 -0.528551552802628 -0.981855092633727
0.1629897564538 0.0439281019269672 0.55847360189009 -0.0590634488185311 -0.0144692949665456 0.100534903845531 0.0412742012145129 0.200583027881464 -0.63260114878447 -0.931873153915605
0.175292741912757 0.0681179539951219 0.586643951429037 -0.0841374712321469 -0.0333920681743499 0.101476347599983 0.0347859918635773 0.205247499016497 -0.649938845810051 -0.933848554318639
0.188572187575262 0.0625710165579207 0.595508327384452 -0.0989082290295417 -0.00957104636991712 0.105304831147627 0.0335259951740084 0.184910941384427 -0.642140066170153 -0.926776321077598
0.167380754710878 0.0755286236931954 0.601315144355465 -0.0783761136680395 -0.110393379077295 0.277865044011397 -0.0345396006802295 0.294802751175009 -0.73377359850774 -0.917618149616747
0.100669347401764 0.0152985379802784 0.575227257156838 -0.0692663494663399 -0.0375157722212329 0.25876981507504 -0.00166315261979461 0.272467547222175 -0.747178300621789 -0.88929216962494
0.147162562442515 -0.00500660145222334 0.539120780259584 -0.0992314381039817 -0.0620202158416405 0.270976333773852 0.00261968639260021 0.250665642221118 -0.723567948608391 -0.940331287923181
0.224516089431799 0.0172183687405537 0.600790295607062 -0.0498106775052597 -0.0795361962795739 0.284761339835842 0.0309598789484986 0.154561173844147 -0.606376399349536 -0.931437868334077
0.288918407921362 0.0922574423492306 0.52231407024108 -0.102123404120792 0.00572664491614078 0.330781668723343 0.0044270999321982 0.0908049513948613 -0.68775205711338 -0.938260619359934
0.230524982238657 -0.0142372461885828 0.733308286484729 0.0836509124175146 -0.0675589115110817 0.184928930579786 0.189533017681241 0.25518163015083 -0.547138705765571 -1.08206635389028
0.24160988391304 -0.00880935200383283 0.777616575634379 0.048363145993632 -0.0735245637295272 0.184352824455833 0.214595626839644 0.260179332557917 -0.577223236035034 -1.07130314464141
0.11531624115529 0.07219285436251 0.500678524508529 0.14009240664247 -0.166746790629768 0.244985799943612 -0.0215504391802009 0.0893041476200013 -0.437095594347568 -0.990260988409893
0.115316241224741 0.0721928538396982 0.500678525666959 0.140092405969016 -0.166746789912626 0.244985800531285 -0.021550438349052 0.0893041480394497 -0.437095594510322 -0.990260988879959
0.113338143483359 0.0755515472047273 0.494787899631944 0.141347940342652 -0.144972425724331 0.242262957829976 0.0255476261892918 0.155077151923388 -0.50130847024968 -1.08092930746835
0.112787322314654 0.0661861484326358 0.485642614888573 0.150222709889966 -0.149608110454829 0.233748164780865 0.00584195250138269 0.166923255616151 -0.508933454158455 -1.08389476779406
0.115810034744287 0.0942602291662676 0.491202829862435 0.133994628037664 -0.141099992207118 0.229753588272902 -0.00251294589267387 0.18783389384153 -0.547115049344968 -1.04766863902139
0.109827215061104 0.0743785857929403 0.463144492648876 0.130806530054702 -0.157356336150546 0.210807227360018 -0.00295088338352872 0.173710766563531 -0.519048331907339 -1.03788453519737
0.0969156890474153 0.058317528096382 0.519188629256606 0.178976203167929 -0.188975008293182 0.27797918096266 -0.368358358733804 0.00656166183378176 -0.415027437392237 -0.898136002650691
0.100597658629558 0.0504878618028855 0.509579829405629 0.135362816563219 -0.206269104372456 0.266968979555451 -0.37220024784848 0.0663441418910911 -0.421641810317278 -0.891064222614818
0.0964674645800716 0.407669365740357 0.394885136698401 0.384182037521876 -0.273810726850874 0.338526335000925 -0.0385195644164138 0.0497062677863111 -0.654192205556643 -0.819124215329734
0.117536493827346 0.163024315321648 0.454637683131056 0.166812794444297 -0.472328614959308 0.0596999237380206 -0.0309600193995807 0.183426696494263 -0.467441869218198 -0.928923042652867
0.0787589521286093 0.143454719126531 0.423158533075595 0.102192527307651 -0.34747084445322 0.233490145741314 0.0134341596864938 0.152986814715093 -0.495287899470265 -0.994026606135067
0.123328111480893 0.19230937551472 0.427227258911679 0.177381302872047 -0.269882868549663 0.145240775334255 0.0126845928788032 0.20772002027621 -0.514971795765997 -0.90898109631203
0.18155001100276 0.187109128541842 0.556291604787606 0.207854275400722 -0.36416699219038 0.190591933419188 -0.112990065437879 0.0330406566181978 -0.695003911115535 -0.927505327606538
0.175081405949926 0.0906619118128145 0.414722532948921 0.240262571595347 -0.421639578034704 0.165349707897016 -0.151479917437777 0.241275587270938 -0.638539080207416 -1.02191472935448
0.0763322679910131 0.0718930987299838 0.377722696632649 0.159641335456463 -0.357962219803624 0.237746407556879 -0.132217577376175 0.190407142839142 -0.593491461334849 -0.939214774921133
0.159358700933846 0.310797892822095 0.414284787334812 0.196563962505408 -0.22337927324287 0.16962438656512 -0.0979930447751768 0.166851059389566 -0.514520221562064 -1.12506704643917
0.212455073142326 0.283580077814999 0.456968828477725 0.182895007990198 -0.282099631430864 0.227239763277808 -0.0168748874854638 0.148430372716969 -0.457370325526542 -1.18725920060662
0.224772132413625 0.283038955091614 0.37760819625179 0.22483705633269 -0.246974947404499 0.193226929428026 -0.0689767039213801 0.218607365058971 -0.46596164200746 -1.17755738916366
0.184381805802041 0.175418900810396 0.325571022229529 0.245050233784802 -0.269648273027353 0.143563087318864 -0.0219310520732774 0.176932986538053 -0.499213759582683 -1.14717822754048
0.20106682448662 0.171587254091996 0.359564150901022 0.189900948370204 -0.299247489705556 0.121039602902591 -0.0558316263059474 0.224934212422597 -0.477735619281828 -1.17238741064277
0.21116572920362 0.212112878866002 0.332295573912956 0.20864953581338 -0.292466892872075 0.121469868490102 -0.0234929661597637 0.17077243750846 -0.491240096236796 -1.21459274097683
0.191126049825217 0.169011799742788 0.384344609847797 0.23918562075931 -0.257244437070954 0.0965913328647507 -0.152609073688753 0.184130880170823 -0.492102874118646 -1.19166646377808
0.192189777157365 0.23989027688875 0.354085812688919 0.20743667102742 -0.205518572901962 0.0421423010811531 -0.127436401481218 0.209356971736089 -0.437139709527052 -1.18378664526675
0.093613105135211 0.124480752269863 0.418373858441263 0.237663353920326 -0.370218911368916 0.0547565219837104 -0.0435504523994395 0.13045852783968 -0.494673415020054 -1.00345814162827
0.0922458725385331 0.0919715847986636 0.420410247865618 0.275316923275415 -0.358838241734488 0.106006125105426 -0.038136330818973 0.155089118154042 -0.49671101898225 -1.00697069594828
0.124550994464612 0.0574291821992333 0.443312341729074 0.227494844959619 -0.366032480876558 0.0226154430887593 -0.0506285409980463 0.102640346346639 -0.540473906568008 -0.997764091777062
0.0966016623425853 0.151172031441651 0.418414016891854 0.294837443599748 -0.344137135395165 -0.0866701824675525 -0.0108130886138741 0.0861011686599075 -0.502248113715643 -0.908522529127618
0.177344109588447 0.118755047174295 0.436898834031765 0.28854179342597 -0.273613118920871 0.057946306161169 0.0223597267902955 0.0956246670217209 -0.468439423838947 -0.897112739758999
0.167650391103617 0.148867004521946 0.42350872484091 0.216328369726571 -0.250844855341831 0.00738762607977249 -0.0286030742271904 0.11660902749168 -0.441249986875331 -0.931088475229545
0.135396790482227 0.107535351918502 0.417524729704935 0.220821650517175 -0.314809086215964 0.0657713524675454 -0.0440553283076977 0.129600571854831 -0.42967027515186 -0.913250719735199
0.153944927118914 0.170952309904349 0.426836130810504 0.224618747982209 -0.297061587741519 0.0531000026200087 -0.0357877698511187 0.114734154823599 -0.473330736895537 -0.950233761864922
0.165180795997656 0.180237303736018 0.435809129351094 0.207239617694573 -0.255813230522046 0.0586116936290311 -0.0582209515647931 0.0780183081189587 -0.480825436491514 -0.919357240192305
0.134096747140145 0.166994034309691 0.389900964713528 0.249384868014597 -0.298449432714379 0.107553187351094 0.0888809247913503 0.0242517906146232 -0.531311796148645 -0.988010976592218
0.184652124801621 0.0891214414765996 0.424970975065669 0.217546318776167 -0.301160433671116 0.138449866409126 0.0665430157374819 0.0822242895992039 -0.475243734704051 -0.908173644257579
0.186056292583692 0.112795093407029 0.394557892508466 0.212812956138228 -0.294687034771224 0.154181719753197 0.0175244445870758 0.0509848454509012 -0.468357638983452 -0.889384264489209
0.144775186894646 0.102277997571512 0.407244832267718 0.244724433907886 -0.317362744814363 0.144340680245562 0.00557586830469858 0.0812300456253043 -0.481584303809559 -0.891437155439343
0.141209934042599 0.111902442583547 0.410651302986676 0.23274830142977 -0.307291707397778 0.159517923772035 -0.0106789700426839 0.0865920657738555 -0.479128886305252 -0.87281146056939
0.148162922216529 0.17723060422544 0.342437682098384 0.165084623981467 -0.357838138326759 0.032598310203019 0.0213613314731681 0.20151946991368 -0.462174288080188 -0.948781630853202
0.117751219778175 0.165572572064792 0.359536344384957 0.21934760595509 -0.426808609077266 0.0623854332032595 -0.00527062999164702 0.140912179405863 -0.510246561613645 -1.02578191342465
0.148612310054875 0.0915114677520597 0.406982531290278 0.204840773167863 -0.399524861519571 0.101422715956583 -0.00272299654207124 0.0720790663512861 -0.509196777984163 -0.985540520280262
0.162340370920028 0.0876336000450685 0.397211896253322 0.195523360954573 -0.392566654067115 0.110733959933185 -0.00216629216844079 0.0670805602883745 -0.522470328533359 -0.976950256643623
0.14251484387939 0.113650895296694 0.452475707626033 0.241492705225712 -0.369878151360617 0.113645452268716 0.0148056337940199 0.0956915417504415 -0.503150127959015 -0.995336953666755
0.145930795087189 0.137466976711497 0.443428776774503 0.233867702603157 -0.385811369319123 0.125641689362527 0.0257032392628921 0.0622965623287361 -0.509296434287921 -0.984160094929765
0.141556893615104 0.131082664801059 0.443332259433597 0.239917006484927 -0.363355528800012 0.119611425318245 0.0273941114628844 0.0793572304448495 -0.485318764100276 -1.00532950702653
0.0786951783442095 0.130537048069697 0.244535374251445 0.297261106265919 -0.373435538720667 0.110332377277832 0.0417362307122792 0.078667242610077 -0.447988620921841 -0.925279639470938
0.085551136942523 0.145507921881937 0.229394957789322 0.285398351962248 -0.384037443218896 0.11267917281796 0.064963855344714 0.073419865745813 -0.447222063336828 -0.929667555116061
0.0426155861228404 0.154728124713263 0.229662127140924 0.241865219803482 -0.366150425061179 0.106479062310066 0.0572464500140652 0.0816114350060834 -0.419670412842385 -0.913011499711124
0.0346804431646232 0.169664775691696 0.242868482444313 0.248345589355695 -0.335852163292351 0.0869304102657563 0.0709445931194821 0.0818016976831621 -0.44537067020236 -0.938824000662059
0.0422903671551337 0.0593647723140679 0.3189979238412 0.272006741353954 -0.32965415335865 0.173226805579837 -0.0830849286910779 0.146752654338601 -0.404089848349353 -0.864016148532869
0.0221995908503526 0.116299803915623 0.353139086004154 0.266797413635879 -0.340569695503307 0.144975332107288 -0.0472408832794699 0.167159344588166 -0.423100511281206 -0.873513943414304
0.0980902145641832 0.0704689301011727 0.348868022302164 0.235949966610121 -0.374815795282089 0.166811103927968 -0.0525675811920617 0.159234998625263 -0.418346751210811 -0.865721098684893
0.236445148813343 0.0422344167580719 0.465762728872889 0.0935587552390838 -0.306346757265284 0.104440981719869 -0.103365277786426 0.113967802645655 -0.602081690854854 -1.01938011639094
0.232127065381617 0.105844182950136 0.478245304896529 0.127164435984138 -0.351138590881689 0.138902321258819 -0.0811354447552751 0.184102816608506 -0.52219252454967 -0.959623010307172
0.240202121472927 0.0819288985562498 0.475910243527505 0.109747580918977 -0.35594513823651 0.111211760492618 -0.0878296296283912 0.167719450858966 -0.531694771010683 -0.980428873087919
0.255225335820464 0.0785666814986317 0.47654495998961 0.0937432709655717 -0.321813475116634 0.132335382809813 -0.102123656782355 0.123279480051647 -0.518687515611395 -0.961447002018924
0.236179049795619 0.0744213965068215 0.480447186116324 0.141309848354099 -0.349316013812569 0.142149887220261 -0.0759938894926758 0.128390623456669 -0.525296704446583 -0.932261552953162
0.227307318907123 0.0769633751803251 0.493496089167892 0.10515122747439 -0.362473504571093 0.157284326415245 -0.120412822263909 0.150898837838407 -0.528945837817922 -0.963657808196477
0.217026925774509 0.104679143207025 0.431619741947048 0.100516779504888 -0.319369981581913 0.182182862045021 -0.0979146046230435 0.155362474339494 -0.502799360868978 -0.966072164776431
0.274014358683802 0.0869411830123961 0.446572574154233 0.103590486044408 -0.352520139090939 0.179145336396698 -0.129793804403872 0.14359509611857 -0.538937278098456 -0.927085598668363
0.272486934121707 0.0704825278283083 0.43011613036887 0.113286262828076 -0.359677815258662 0.199080948466756 -0.139020199653607 0.138541513171488 -0.532228126990373 -0.915926198267845
0.21980144935953 0.0717171231061314 0.478328158467993 0.103698705148586 -0.346789764985517 0.157680246627649 -0.118918502044592 0.152609358718642 -0.510824387161938 -0.988476393801377
0.191494943377646 0.0315636374398977 0.495803854572006 0.123443666229646 -0.320402794632083 0.20607451378526 -0.140443635974152 0.101485614370057 -0.541929895737186 -0.977056238301083
0.245665969300403 0.0354644239521181 0.489022526733586 0.110344737141381 -0.345626985693356 0.230086165849675 -0.043532463864875 0.154459535123798 -0.556316660809302 -0.986751810391996
0.249771795051475 0.0963340102916352 0.488379941079595 0.274419493254598 -0.385875457067175 0.124812088933527 -0.0533222588236592 0.261579943644226 -0.607486263681288 -0.911386264414631
0.315280860394862 0.117101357421842 0.554403690861022 0.243986158493719 -0.284513311979742 0.195555755038221 -0.100988296266646 0.216694847810526 -0.692531149698504 -0.854696608776727
0.350091544530707 0.410422683518835 0.5376377509656 0.496874227697197 -0.340269820489421 0.537871986719502 -0.16630491217411 0.411212864599177 -0.455740351844467 -0.869848656664795
0.34271444067906 0.422743511210447 0.55187384880136 0.489408770977924 -0.35255545368073 0.54835484219894 -0.136708719134255 0.433037935538643 -0.471186223307735 -0.860091162761816
0.28359654848876 0.432254708379697 0.557101646740956 0.544238415025788 -0.310563970111626 0.545223036387305 -0.115956328180308 0.466547235163082 -0.442121492246974 -0.810921698738577
0.309546378899206 0.420970378215005 0.543557961946706 0.524152339898296 -0.382178670058541 0.552856036130954 -0.12637195506692 0.440013144897967 -0.455012870744795 -0.848492604432295
0.364969973651345 0.378293959172747 0.442569404101639 0.581374665573525 -0.361704487767537 0.492140522529565 -0.153162565413315 0.434187741396996 -0.523449531691294 -0.888643872934663
0.311536694437556 0.449289599340675 0.514886929201711 0.646446752088038 -0.361715969913953 0.500054589209679 -0.14613162458468 0.401145332167881 -0.409320687553032 -0.812077140111293
0.105644891829161 0.0181872619640098 0.600280837490072 0.532675903327356 -0.268806717645689 0.324651611002322 -0.000785960182311585 0.0779408088287235 -0.325202653580828 -0.993372463634868
0.102525682840688 0.105950411113669 0.545276830116615 0.495899293241666 -0.20315425039742 0.40587721383924 -0.0840939600620165 0.024792605728867 -0.302002700698685 -1.08995548290092
0.117358755903854 0.0695929551463964 0.594634258665469 0.517622427341263 -0.231607745841282 0.34990714942751 -0.105260156889996 0.048078857201187 -0.30890931853473 -1.05846702822217
0.0616417886013515 0.0977758318109849 0.497938674012271 0.468490535402206 -0.189188978572785 0.37742754255379 -0.13528481503376 0.0101670233775497 -0.302359318387824 -1.04370605852277
0.0277759416811192 0.0890384705730475 0.513775909409095 0.483939581414028 -0.146854296026497 0.42298444885884 -0.112270966022301 -0.0253908292606351 -0.261347506339683 -1.08103375192504
0.188381630908947 0.0472803403467154 0.488130871245239 0.45738022745878 -0.178698639347776 0.439440172876695 -0.00588502159189548 0.0647034656966923 -0.30240275531507 -1.17472333989952
0.193396129273125 0.036279424294004 0.471708058120652 0.569089709483087 -0.290341016519749 0.447338664216629 -0.124242127473341 0.148150299169573 -0.3399918605257 -1.14807076939663
