0.342646652382791 -0.223019943881491 -0.212873661759827 0.0752743600282301 0.0620786935874866 0.0381544588329934 0.0454153452377358 0.263137791840714 -0.215218318900187 0.226959809011966
0.294346698213264 -0.168068706725504 -0.212470294574526 0.0984112844164868 0.0836186534800806 -0.013942867245879 0.244649133906248 0.17080675389825 -0.0797407974060934 0.164315292209431
0.320732193726818 -0.185458075008548 -0.204944688842144 0.10401646862848 0.0959258669258054 -0.0187921872343596 0.215314462939645 0.158688855129959 -0.0440258056022654 0.136373644533296
0.339677346492063 -0.186440048052416 -0.174035648539702 0.00844383692242145 0.170012467173475 -0.00238626348244539 0.189315354106601 0.178280494392289 -0.134347869589197 0.191247963992597
0.341000340323741 -0.263451826602893 -0.195307713431403 0.0288446558903923 0.0688195082792734 0.0176139630090832 0.15218687913104 0.186776571790098 -0.0333938654205322 0.199601784688563
0.31454685925236 -0.198578082768188 -0.190531526885234 0.0177704413802158 0.0835347937493614 -0.00246998517438777 0.136969956085231 0.173228969797811 -0.0956368663788122 0.21535299060432
0.289125296237163 -0.230469725472536 -0.237909302014786 0.00811556872692606 0.112936360608495 0.0104832606037241 0.220795626973484 0.160317134661203 -0.115184679273932 0.102930907198074
0.337671935254951 -0.261882767637544 -0.178233033842687 -0.0077112229290755 0.075211747296214 -0.0195478214811701 0.205519530129213 0.207311510982009 -0.0907368044770813 0.169545529283063
0.368947215071852 -0.251282567944639 -0.211368671770062 -0.00658716831387358 0.0899580133426515 -0.020325362569221 0.202082138229461 0.221676245991048 -0.09012262769619 0.127750372497741
0.336502721403385 -0.24577740739503 -0.209362765969496 -0.0169357810888826 0.101965436102882 -0.00933246842254012 0.210949389324424 0.202953818381491 -0.0730635156714281 0.146802009849255
0.324227682004275 -0.24326318489459 -0.190653836897741 0.0069864788881796 0.0963612797723104 -0.0347970293190954 0.22044144843068 0.18755524493605 -0.083032067913883 0.157712944486677
0.341044652775706 -0.158728085880523 -0.216074940131525 0.0824911360490656 0.130941277662108 -0.02058904588034 0.200895075345306 0.206171692495405 -0.0350628535472202 0.148120527068991
0.341044642241136 -0.158728101896367 -0.216074953649328 0.0824911621467735 0.130941240498296 -0.0205890504766432 0.200895069629006 0.20617168408257 -0.0350628636833515 0.148120496167781
0.330961570092549 -0.208012380218045 -0.197267189121265 0.0447165299033234 0.0768254405439436 0.0349742280942197 0.228620161802032 0.14528723840176 -0.033951094394417 0.150690426451476
0.326896755369473 -0.202523445610562 -0.214259384086631 0.0548873711166688 0.0754542397952297 0.0411459439765784 0.242483170706388 0.142293835055873 -0.0336483702442922 0.149658918945956
0.448526992489783 -0.110377211458733 -0.152540533823647 -0.0376700909920195 0.174616029347056 -0.140914547484309 -0.0119707504327001 0.185332153960033 -0.149992898597355 0.211893689554962
0.388821285559991 -0.254600320000627 -0.111431516167554 0.0440245031472702 0.204717071890104 -0.176475526289453 0.00360378600304424 0.220608046186062 -0.161720554760548 0.218457213213338
0.388821300723503 -0.25460032312167 -0.111431524490676 0.0440245110369847 0.204717047020862 -0.176475539946286 0.00360376527227865 0.220608053650845 -0.161720555273098 0.218457181717648
0.485109345782029 -0.207036974482823 -0.203848437441753 -0.00576431184886594 0.229652203029715 -0.170322981384608 0.00410672657228034 0.202633774038583 -0.242954537516874 0.286798228462728
0.505177171456063 -0.206525663732815 -0.132321590442815 0.0368486248119815 0.150859098190593 -0.141295314478236 -0.0539910082107967 0.162977349797351 -0.212216317488049 0.272843851826789
0.479373859540873 -0.251875342952661 -0.156442889177803 0.013985605255872 0.193434460386701 -0.116266022386585 -0.0155452650100162 0.202203004885318 -0.196615462921534 0.253034747758796
0.460687852593507 -0.16539800706141 -0.174989081827854 0.126232817081583 0.125369394807519 -0.0977850364265003 0.072507224900903 0.241903830229962 -0.179983203399823 0.342562357973556
0.392725740035349 -0.12711697377926 -0.215524831691546 0.0909999179703822 0.0746001474960993 -0.0929280559191479 0.0812503046011604 0.251337412199704 -0.228496758041219 0.347580671385989
0.365692802841691 -0.193897477077061 -0.164096572283085 0.119156208637193 0.0849767489741084 -0.0777913795492279 0.105862038188188 0.276499151189334 -0.214404519379083 0.351213626661645
0.37586339882888 -0.170375385480959 -0.146659746076803 0.115829048246217 0.106610480234721 -0.0928120887345302 0.0559149628114918 0.235799510811365 -0.187867776162831 0.342777223099368
0.482909893198496 -0.141660337088602 -0.142583413563199 0.169817820155267 0.0529140054780819 -0.215766213130155 0.00544709777749206 0.273645989972758 -0.248528021817188 0.266255634065639
0.417319114036088 -0.117582727051019 -0.0983479413058851 0.140837687344468 -0.010887643976778 -0.177238111016096 0.0911190862236561 0.232366695756169 -0.24755539007334 0.262446251945595
0.423266070336492 -0.0516797553387636 -0.142139503035305 0.157468771000915 0.0178842618870021 -0.0138720030799004 0.127356511886982 0.215895506517208 -0.078679359142679 0.318683753036915
0.403439019051331 -0.0807300415366487 -0.263791127168114 0.164698262330513 0.111174572388226 -0.0129776298239775 0.064653356072761 0.239053765218921 -0.202959357951154 0.267613256068546
0.380421545162374 -0.0309057878302123 -0.225937775692561 0.209357230056173 0.115983095290049 -0.0260599337940138 0.0424440030636727 0.21080332634918 -0.170017333860618 0.233186151252919
0.380421546205836 -0.0309057882471092 -0.225937777006607 0.209357231167937 0.115983092717089 -0.0260599346666827 0.0424440014641396 0.210803326670786 -0.170017333880946 0.233186148680075
0.423384682761787 -0.171171925700523 -0.205184119178314 0.220713582020965 0.108514088945387 0.0457430716426112 -0.00857112176756056 0.272165909092648 -0.224672507490039 0.312141216270331
0.350364293289341 -0.102889516635552 -0.197624868488938 0.225963978636106 0.0598770108126635 -0.0442699512716793 -0.0119025080111781 0.278828135807997 -0.170028722617222 0.294934058609127
0.365615578567103 -0.100403946294409 -0.202905089609749 0.218002331561625 0.0500026209586191 -0.0463438687944537 -0.022075935157031 0.290046284242949 -0.178013367723609 0.293283894535907
0.367206387639552 -0.149761694928895 -0.205574997995897 0.210595354636165 0.0462424749930267 -0.0541198561030101 -0.0354629605879 0.304165132190791 -0.17717341301571 0.293760149370806
0.385848207150587 -0.143428710243217 -0.206580554721267 0.240872373067802 0.0669180151267113 -0.0520254925755538 -0.0262065666730479 0.313881598121599 -0.157704137657408 0.252279919666433
0.381801307693612 -0.153036993633433 -0.210068527042391 0.253156384411265 0.0760429416423133 -0.0622895621955324 -0.04816387639205 0.286310717321299 -0.180654574056839 0.276391824857488
0.347414343826368 -0.10349990331497 -0.218054669702689 0.203797699820155 0.104907593345884 -0.0581790678332746 -0.0113220970909201 0.209801145440723 -0.163850333887563 0.276807488711617
0.295564505185641 -0.162759785859249 -0.215051572377345 0.180440363836931 0.0990754130768445 -0.012288691783012 -0.00341774767489852 0.216161134954318 -0.231959664386335 0.302149098362512
0.318922851459311 -0.125163689029496 -0.21875598118533 0.192321187191934 0.0987542375588539 -0.0178725281844961 -0.0152177566769749 0.231387688393041 -0.203625117696755 0.303026891981124
0.319829003245138 -0.119375636492428 -0.183781707415562 0.187940577175075 0.0968148313754334 -0.0139747657989001 -0.0137588194408149 0.20754777223784 -0.225033655701555 0.312920038612905
0.473642670217148 -0.106071847870735 -0.196253844898838 0.131827226136063 0.0918518324605094 -0.128057776307078 0.00686325067166586 0.310937714695686 -0.116756038570269 0.375156748901167
0.372233807858483 -0.0524435605404133 -0.208527825780753 0.18836330607785 0.0560026870381619 -0.0647165483595985 -0.0304247583707583 0.311097524340873 -0.193016147435629 0.296316088493693
0.408571324817762 -0.0831223567031984 -0.20156328081823 0.127461274805395 0.107222965933637 -0.0987460976928903 -0.0310146607200569 0.272506057098465 -0.132914422528406 0.292797093929509
0.402948318610267 -0.10808148121763 -0.210742535980446 0.152136214583055 0.115014680993678 -0.0485226604605439 0.0345969640862614 0.290392337091025 -0.139995402581974 0.283956697701009
0.396888676437677 -0.116693938017414 -0.206759300107642 0.172978714318249 0.113608015245471 -0.0935476610342077 0.000146431126646036 0.27777301494099 -0.185918767457075 0.301712675039617
0.400987392616613 -0.10570328132313 -0.210637362786419 0.129094612379275 0.0968257747564409 -0.0947725310459097 0.0165891570989704 0.277598983385061 -0.149850059782342 0.270129702698579
0.400987394699847 -0.105703280485187 -0.210637363950945 0.129094614861669 0.0968257751323922 -0.0947725287346634 0.0165891609835316 0.277598982206744 -0.149850060856876 0.270129699308506
0.410203920610404 -0.159762666042352 -0.175086431862062 0.182654551787013 0.0227534683147193 0.0615566583904025 -0.0225691950171424 0.264969686694833 -0.148303134578922 0.140135911961303
0.421379798340679 -0.110815218515316 -0.271767074915045 0.0885799695956092 0.00632094233690321 0.0169008095939143 0.0100218641053106 0.281462142433708 -0.194121642750287 0.172750176170782
0.424792479826056 -0.112558366051059 -0.250100292067499 0.108495354348422 -0.0517633095359403 0.0596713274963047 0.00855210734662474 0.303425008163232 -0.198501050836743 0.176283875574137
0.451226628738143 -0.0871535267709013 -0.208187135109974 0.0159824704569066 -0.0109623218734095 0.0728373581652067 0.00751873043079318 0.296643833634041 -0.0555033058417218 0.126087217302708
0.348113841167177 -0.0559154147506262 -0.194172059306398 -0.0251891620160278 -0.0392879404193032 0.0198919148484276 -0.0884151746699561 0.318174487334009 -0.174409741426476 0.313704109022494
0.371132796215803 -0.0629522400894689 -0.21765678528719 -0.0258951556730712 0.0179257008839737 0.0425600902366526 -0.0498313314774433 0.352125231884208 -0.161972062715055 0.298259426185505
0.373810979841417 -0.0601368593477095 -0.214874805693333 0.0299732243746437 0.011143583844885 0.0205136785084785 -0.0340179142205211 0.235950784590116 -0.106518163679557 0.20958351517496
0.376905922842852 -0.0249406660094424 -0.193237726605118 -0.0204861607453596 0.0354620949534954 0.00780494202278065 -0.0625102762649757 0.345840122854841 -0.114009167028048 0.239539809376733
0.405674646098581 -0.0646958514632952 -0.219075981565881 -0.0455559824211024 0.0537100856760133 0.0541208068242869 -0.029219739422384 0.342734326200836 -0.096461377781937 0.162527581722148
0.391319955298964 -0.0456611226633583 -0.217467724643929 -0.0453765724159958 0.0409868846452961 0.0287956832441959 -0.00933710718797503 0.358956216157894 -0.100340636797087 0.201636674078927
0.376952460653928 -0.0179723634504736 -0.216190561427223 0.00203607756023397 0.010860283640318 -0.0107767335613366 -0.03801560605134 0.350054498308535 -0.0854462136652093 0.194734525573693
0.425583347273123 -0.13976049430545 -0.137014940532452 0.0803318738199355 0.164869297754229 -0.128290230678282 0.0187508966374355 0.174066329440719 -0.14015895493406 0.202698740343161
0.277825856680418 -0.0918096206787614 -0.141499226548779 0.0957034728689635 0.13788162219115 -0.0484381858008514 -0.0632219172383058 0.238784898591309 -0.154820789068034 0.217378521125821
0.295142363418267 -0.0990194738221865 -0.128820273824833 0.0704896110968815 0.163956244400323 -0.0497765688921737 0.00116724640998976 0.275682891226613 -0.164378302106997 0.213803587917953
0.291347832533504 -0.108729024248152 -0.171157033080936 0.0850280451444009 0.163908460220072 -0.0734163884045976 -0.0354712474371487 0.225120262738245 -0.186048675495921 0.189656705638988
0.316903304821803 -0.11399185428105 -0.15195465575865 0.0764015560601875 0.157013611962977 -0.0644903124489064 -0.0241715773433856 0.263737179469119 -0.190822281010077 0.189704919185094
0.348710195362265 -0.0972593372062135 -0.0854101871583099 0.0275397240076391 0.19135491741279 -0.040269311918153 0.0138543716415135 0.245782881523396 -0.201708766538244 0.182142462153951
0.337191583880884 -0.0914903265691444 -0.177282454074662 0.124754940830219 0.111866786775732 -0.0274976155509691 -0.0256186076070399 0.223470495931549 -0.149324212249204 0.243789291997559
0.34374732895048 -0.0820781476095118 -0.0709783574942945 0.0795434590373738 0.100482236908872 -0.0989029137644369 -0.0598258830181511 0.212306539919713 -0.170232446556776 0.239497727131988
0.350416202169448 -0.117516902494976 -0.0967226897483913 0.0652087621361314 0.0868483177279946 -0.0895383773823033 -0.03901320681189 0.202437224990962 -0.138681817077203 0.219205371175831
0.357196956233049 -0.117241204056528 -0.08363589658721 0.0651746407497882 0.0950792677615125 -0.0979149912899196 -0.0456898075787977 0.192633069974015 -0.13605717920872 0.214586856159709
0.376276834100399 -0.147251915441315 -0.241262840087835 0.061642824967503 0.0397062190471862 -0.143438925037953 0.0483070569002262 0.138001197338924 -0.101801988612909 0.240394469009468
0.388425871777951 -0.149380452145403 -0.25324682161583 0.0775421556813434 0.0326503906688144 -0.133428795665975 0.0352099180191657 0.141651158950242 -0.105110637851857 0.264253079073148
0.355267647225565 -0.11096683721294 -0.239310754700902 0.140542555618595 0.118798327175292 -0.144381092790139 0.0554972013811152 0.175333827245601 -0.105079727616402 0.25572813966826
0.400551441879529 -0.119446734769148 -0.228330427372844 0.109457898109252 0.0926118606003555 -0.111119326059727 -0.0127307652288218 0.170107004298622 -0.101296239973436 0.280342676278076
0.370214596156118 -0.131755440611495 -0.25261597868665 0.0790059749720237 0.127486941349046 -0.117767155832277 -0.00663510009531286 0.1550198270864 -0.111707108755 0.278285725018982
0.377774714964572 -0.109510424344879 -0.217626697255448 0.0980167492960186 0.126863172501588 -0.130662100493123 -0.00339176192077159 0.212901868388889 -0.106850651423943 0.264725609292344
0.341425831562261 -0.105855467971631 -0.158034153974186 -0.0488496090447167 0.122166505949596 -0.132549029101626 0.0749935023003592 0.113111654961911 -0.114312233566215 0.178348792967019
0.401755248738186 -0.178846097076542 -0.105536284620622 0.171541736250213 0.12592877124556 -0.0390758171834583 -0.00604654466052832 0.188425632906616 -0.132049241903852 0.221371664878371
0.436199796019723 -0.231427527550534 -0.101543119172342 0.16476328263499 0.100128806732982 -0.0144494578261478 0.0490161410458258 0.189840064761655 -0.0702240199054323 0.203394458021571
0.459926356270201 -0.203490695737816 -0.0987833098452461 0.174785161266161 0.118826897607269 -0.0204730123972584 0.0238965523102526 0.216026842974465 -0.0889354031502958 0.222317488177187
0.436300678913909 -0.201068051909692 -0.113450579193017 0.163948006701253 0.120148180334077 -0.0128426269735968 0.00729615703198467 0.230306778174132 -0.0684932362234152 0.194448855322009
0.459902522715513 -0.21208741671253 -0.107476100872586 0.180644550818562 0.102938064855378 0.0043361287419706 -0.0017913116407663 0.208769861708465 -0.0679416098708598 0.199817790286396
0.379926466511788 -0.277866804600991 -0.0768954525678003 0.214011716352362 0.0944692985114818 0.0344870823480428 0.0558834192620131 0.319824537399964 -0.109600857423951 0.201745988367256
0.431700273950933 -0.260314743920168 -0.0879088189845645 0.27683633321252 0.199882213606287 0.0538887902930295 0.0958124715635522 0.239267069057082 -0.0748402432072452 0.269566632233068
0.46522916817925 -0.214515298326346 -0.100795466973661 0.238539476504309 0.117748242125264 0.0180877577940859 0.0571033144491657 0.210480833195433 -0.179862035252874 0.315619882511619
0.482207215480656 -0.213137382462267 -0.0622430268515723 0.267693656408652 0.165128022026724 -0.026516324720298 0.0925039054364948 0.194392826760674 -0.129560381504935 0.296158404175608
0.499472082583007 -0.244051475387636 -0.0601061714555425 0.282679833902797 0.189611014801576 -0.0196400132234288 0.106509536187597 0.213983018678856 -0.132587108881839 0.290108989115621
0.474079719469531 -0.216101843287875 0.0300087451220424 0.256855716241948 0.117407127695048 -0.0162084790994423 0.0773266285463576 0.200623447575409 -0.199609560663827 0.283399739137064
0.552589218772225 -0.25811755514615 -0.0864860522651705 0.271217687788887 0.159213773958804 0.0169514624946509 0.112002094060746 0.223266722865401 -0.187641340550695 0.295818410302716
0.550703057552229 -0.260947242141456 -0.0794398220784262 0.296951129631409 0.224788885292634 0.00715984369292357 0.109372303205726 0.266600903470728 -0.175131758658128 0.286382292500187
0.58914099752266 -0.211148936191398 -0.0874284553665738 0.0674947868845145 0.172979787476077 0.156145368258554 0.0807080531441949 0.287606905187051 -0.0774636775007924 0.129571115705029
0.247597855461748 -0.0936545231952255 -0.0841906720927517 0.122708430977758 0.199060122784205 0.169899605143974 0.100335224279436 0.121375068652497 -0.166221453777373 0.281556587837282
0.188831599892887 -0.171226414816767 -0.0226925706374815 -0.0491531612623772 0.191369893842256 0.195965650160116 0.102806633903301 0.0786520739397444 -0.110748054593196 0.291105512816243
0.20550957284628 -0.130802991895335 0.0204721851427144 0.0255459363923816 0.11555348861873 0.183800820552655 0.10295264176813 0.129490954160079 -0.119638328063233 0.255447400346407
0.386547236181482 -0.239524474833962 -0.094862853993303 -0.00841074460643428 0.173330178958228 0.144585260862811 0.0519719775024411 0.0768425817437288 -0.100483722087565 0.29799398990331
0.394555699790012 -0.239292320996435 -0.085165693776919 -0.00453253459021459 0.18004579327019 0.127904877943749 0.0515460621180564 0.0706693455924453 -0.100709567347561 0.315348069396728
0.280698083390391 -0.307564021998529 -0.0985144679204107 -0.00756359365996497 0.266068299430767 0.0996072113609591 0.0211371543417685 0.0980529042675095 -0.138238591976858 0.263796445591433
0.311632714350987 -0.33669410366991 -0.0580706361237851 0.0394449293546684 0.304935351557766 0.0686325555294089 0.016312367447246 0.10199371408278 -0.17018788946413 0.252209820840755
0.337969024461999 -0.219971555948056 -0.0047360616764807 -0.074272264981834 0.175779541641308 0.10038751811149 0.0710173234725035 0.109824466356306 -0.159123616515421 0.281082134316428
0.35807646650636 -0.225174091648928 -0.0158680827283488 0.00517998628112585 0.261630539735012 0.132965351845595 0.0463066756124009 0.111524083732297 -0.200395894366311 0.228603858334215
0.310128415827996 -0.157349734260186 0.023217762037294 -0.0604653992119071 0.229828912580223 0.16430379576887 0.0126304509462832 0.146177702997941 -0.161961434258894 0.245846475923939
0.361676748299235 -0.259157654539117 0.00750530193048831 -0.0881472439273832 0.26950113773473 0.133089283804534 0.0848939312415543 0.112940036513019 -0.160755876028351 0.219116232496831
0.344143063497801 -0.21193401960584 0.036552445815862 -0.0501772212867402 0.254858521999555 0.0953428278296733 0.0396711284533105 0.0923767057017506 -0.16509231628922 0.254245439863561
0.362395788177814 -0.210215233286421 -0.00286655104211515 -0.0698450874326118 0.267265667209361 0.101673215211171 0.0360179556306342 0.0853189581262236 -0.154903212188024 0.24379180580901
0.311877152251753 -0.290167747486237 -0.00296507349110808 0.00631585427135114 0.211614141678388 0.146984566094543 0.0681949654208461 0.0921890467816415 -0.196581366241698 0.263399770919561
0.258480116543036 -0.224876086536519 0.00876154585662051 -0.0682690415908264 0.155622931250867 0.0895316383343802 0.0895942508381191 0.127477513463419 -0.17140796976407 0.177244945136178
0.264069652807345 -0.257749262887707 0.00279351883550251 -0.0399452376359406 0.238741026808526 0.0638097561774919 0.102829885277223 0.117996449389197 -0.175532594880183 0.167239690271052
0.258705196735398 -0.200068444627153 0.114459785194338 0.0538275181868647 0.190835800118289 0.134138959141204 0.0776358838995678 0.120179703295591 -0.104643762268391 0.364808029676003
0.406265258459984 -0.158830154007363 0.018949394478644 0.00732208781426613 0.203191209914179 -0.00167330177414224 0.0743038485920818 0.201258531676346 -0.164498269880321 0.343404191872904
0.316877221405749 -0.163205533170405 0.0142582036649229 -0.00926011229074199 0.229309178464536 0.0291443286611685 -0.0282042590591129 0.107145649539557 -0.11297363850243 0.321950979373243
0.350322805910313 -0.13819136283868 0.0468032168474168 -0.037383725618159 0.221842991848511 0.0272584901576112 0.0630283049235236 0.152572282731017 -0.15243769300905 0.343235295127863
0.412316662410223 -0.194160113693433 0.0237885302013259 -0.0732232181275544 0.253193759560412 0.00941810109104457 0.102706433399043 0.154579185452098 -0.147173482898659 0.313026709204834
0.402140571417924 -0.212514619447869 0.0268314417225711 -0.0813357874210753 0.272209940477042 0.028706057375339 0.109160588051482 0.116964251993175 -0.149325063488971 0.317966702976206
0.408635069161973 0.016463641703067 -0.281983511293997 -0.12052479230057 0.109173013965468 0.109877073711415 -0.0786452608056248 0.166042593043591 0.0627280271367238 0.307301349601474
0.39375702797934 0.0189684400828659 -0.258192469126389 -0.0824424343641977 0.133640209509379 0.128644390396732 -0.0337998823486026 0.1695304579474 0.0580147709059849 0.26821228478117
0.508506667908878 -0.0930763050923331 -0.224302993339498 -0.0419131238782003 0.158886938374568 0.136292978115798 -0.0554382746396678 0.263405972074059 0.0282612539058433 0.278767203262173
0.392310681707962 -0.0549818033854649 -0.287905023449945 -0.130291977291667 0.0268112878123172 0.162595939117375 -0.068739509745072 0.24164947013851 -0.0449455184898368 0.337527045243276
0.419501451495236 -0.0247338195710619 -0.375494693605788 -0.0630821075336074 0.094366202196119 0.178696861472225 -0.0398777736493106 0.296869768426838 0.0306977722456888 0.291676523297185
0.429599503302027 -0.0596728848296315 -0.365818837403193 -0.096722502473005 0.0924602748164638 0.153809723497255 -0.049320849332552 0.261376074588067 0.0100117290084106 0.301862914520707
0.377152896693244 -0.0611091821684731 -0.330284308130247 -0.096043265244528 0.145985911355235 0.187116606273033 -0.117814026815707 0.300981862269113 0.0485037502229555 0.344239095621836
0.383852219480532 -0.0746964887819247 -0.315571033927811 -0.112890014053688 0.122740566000622 0.171641170304308 -0.0933023737801312 0.273027944030393 0.0797375913908785 0.331695647082148
0.334118257352492 -0.0394897310447851 -0.384575817668151 -0.115859267370958 0.0700783522067581 0.141940620516855 -0.0696740689287301 0.245743032596657 0.01380032851161 0.343072476207616
0.283196036474662 -0.0702292243888372 -0.360714088135991 -0.136315115450516 0.0717661057686833 0.150000312052447 -0.0700632675355506 0.2653758490051 0.0250000813713832 0.292254847812388
0.361546807551939 -0.0520960623658273 -0.400475964496934 -0.140337895627576 0.0962018997050322 0.157337434045452 -0.0315337023837661 0.250330320521581 0.0112513981815439 0.283458376034924
0.341706366692426 -0.0447472951244302 -0.41649487645665 -0.132984719568013 0.099350884782886 0.169587481529979 -0.0644340561815021 0.268347183350655 0.0534379246316927 0.275467706729544
0.368801921192274 -0.0564253092547759 -0.300204106587568 -0.0750576300591251 0.123456963495505 0.196527129829956 -0.0541670405053979 0.264688103703737 0.00902349294782078 0.310581780289659
0.298985806336825 -0.0104435710930883 -0.301192350946572 -0.0931648966929615 0.118982175035345 0.13016436405848 -0.12782847577288 0.264108681527945 0.0210192931102552 0.240790556961849
0.29898581230528 -0.0104435688816809 -0.301192353102457 -0.0931648986421259 0.118982174588734 0.130164362507616 -0.127828479458306 0.264108683980201 0.0210192953631111 0.240790555845149
0.323240571929711 -0.0034057453075967 -0.280315103377756 -0.0979808254564865 0.144793848111122 0.173892324322745 -0.182555068733243 0.25785767040482 0.00169593597815744 0.259623712438012
0.283765323724866 -0.00409089834354581 -0.305570461152746 -0.118899911115929 0.121468153253689 0.160218744522038 -0.173559869069654 0.291609070495123 -0.0196634912551253 0.26364552191473
0.402130881104658 -0.127151388963601 -0.251900855685412 -0.0543231392738364 0.0581165121016616 0.268312027623304 -0.0906304985392683 0.252028143671065 -0.130082196026041 0.270151420194294
0.401597886004069 -0.0966655397318102 -0.249134954304021 -0.0615307583610546 0.0870574764407984 0.194053111392168 -0.0853680838907042 0.249133818258214 -0.107418003738602 0.288762323683129
0.401597892299375 -0.0966655378139106 -0.249134954234887 -0.0615307598738876 0.0870574756563314 0.194053108683267 -0.0853680881927827 0.249133821855862 -0.10741800243673 0.288762318701974
0.405521568442367 -0.0292017568843377 -0.276840330009883 -0.0740602941972756 0.169122513130164 0.172530815570909 -0.128379801533699 0.276255943659415 0.0377664626260656 0.276658917231165
0.393584048461797 -0.066829140151882 -0.264580474366463 -0.064229047640431 0.135990756912124 0.144203561533312 -0.0780773113702774 0.24887383054409 0.00300402964617977 0.311559586379913
0.471600302009627 -0.187740042229331 -0.0793838128448348 -0.0848491383696027 0.0973622659291343 0.0985245529776768 0.057251388339122 0.167666869992432 -0.203478598527445 0.122441481879894
0.480781190200892 -0.153260285636201 -0.0852377291332786 -0.0284213363414903 0.0555392339187947 0.13840565115219 -0.0347210046427295 0.181362825871191 -0.224423929360098 0.19151612937783
0.49497245224749 -0.148298698053675 -0.0659862691408474 -0.0314816612177831 0.0825665777304507 0.154809227584251 0.00892482645189082 0.161524148667279 -0.272649506934446 0.183698971044662
0.529979547193453 -0.183907595204597 -0.123680617304534 -0.00413468181408332 0.0483045340474413 0.121565332868336 -0.00655358357487727 0.135034133692827 -0.227103555345271 0.188459594646647
0.564943499361278 -0.144822323192074 -0.0915840435565562 -0.0358486230220099 0.060477976149458 0.118674357712636 0.0301745224220583 0.14136189253509 -0.23922144794493 0.186753323428412
0.548915664417947 -0.160232199555153 -0.135204071436861 -0.0206879954857094 0.0357905349990972 0.0917458476447464 0.0386455239475866 0.175416044856202 -0.248725492833907 0.185365141399687
0.572768519021134 -0.124605905581313 -0.116463305575143 -0.0397576806151241 0.0653933409796624 0.0983631360767018 0.0293180023447463 0.139078767037425 -0.239687282354626 0.188041551825848
0.537387897827494 -0.0997556429033408 -0.143815971866041 -0.0443537519734739 0.0491741869280705 0.184632870737726 0.0438483052164439 0.174429882219238 -0.215114911992061 0.170480190304285
0.547186086220934 -0.0901868112401223 -0.0516579074397349 -0.0825029993989812 0.0778468531308475 0.150657509608314 0.0478313090043488 0.0978071902925992 -0.241660625584679 0.244226193693839
0.588630392853185 -0.0984154377897506 -0.0673438927340989 -0.0711141767283115 0.0101271728237793 0.172135389459044 -0.00344508640010574 0.146805842597396 -0.219500432596236 0.200444139356616
0.600802982459416 -0.0633165843453607 -0.0860449560999387 -0.03740488798925 0.0365921929420679 0.204449753606798 0.0568917334207663 0.15898945558793 -0.199597023211313 0.150036667913316
0.444136683871324 -0.131811451779679 -0.0733794691607543 0.114292863278374 0.11657103699232 0.190392455670319 0.0640889292146061 0.226078185482824 -0.228855774211281 0.260194431899269
0.40280145325515 -0.127790405467631 -0.0447760625232584 0.117070912926108 0.0724999292446419 0.174063220233327 0.168165812923549 0.200909008381893 -0.310590376606446 0.284872314424423
0.406467390933679 -0.142339646159566 -0.012363270183721 0.112081706547368 0.0585811963413527 0.185720279816209 0.176829998304517 0.240601396571276 -0.306568932441941 0.234894825363744
0.467101564349839 -0.130023918985376 -0.174823851612536 0.166822537749766 0.0711269943285863 0.162812451280823 0.0964901776489494 0.200340257679905 -0.147930129624702 0.22443203694189
0.479428630663064 -0.124136167498903 -0.160476960130181 0.164930332715483 0.0698997802015989 0.160148148688563 0.101835192233339 0.245206354646367 -0.166955759456387 0.166895910983432
0.41710839884712 -0.0360559058627753 -0.0832970161321451 0.176686602902358 0.0788653502774619 0.154385788888386 0.0725627035519952 0.201298585390418 -0.160674217561837 0.145338610642755
0.43257879364588 -0.00900862160442295 -0.0892561342624303 0.185356312973161 0.0761101691981268 0.166831872303705 0.0692922396312746 0.222972705363348 -0.170119428268961 0.181178220548965
0.4295501895937 -0.020483406898687 -0.125536656234275 0.19106291592331 0.0845089922567692 0.122045174192577 0.077077613338664 0.22844816979058 -0.13603965468165 0.155029322128083
0.414420241602653 -0.107107995695766 -0.0871648640394784 0.177221029940291 0.0887116603922379 0.1742628323133 -0.00753089688179005 0.262369934622682 -0.161675778394885 0.137470329532731
0.435862346282068 -0.1572403693776 -0.0939200321308719 0.197159319961831 0.075992801880933 0.18112933472948 0.00273871320386284 0.252710684635482 -0.111499677750877 0.136337201604254
0.435862342520527 -0.15724036967965 -0.0939200332336969 0.19715932083003 0.0759928036737173 0.181129338121116 0.00273871714233612 0.252710682188635 -0.111499677660469 0.136337206678533
0.398595842044635 -0.117979114798477 -0.133443619316718 0.0501136759440792 0.135368484812566 0.157214951993089 0.0732269875565706 0.301101349377931 -0.177093994101372 0.187144937175638
0.433238555425175 -0.134255951234596 -0.0997126159935527 0.0926433909664554 0.193322216345365 0.151420834552425 0.0287044161687712 0.272078267341225 -0.196685875517539 0.122307667395578
0.417398222991591 -0.109216579164004 -0.122025238908683 0.181958348397871 0.177838020016509 0.0465322294447399 0.0469018130497487 0.251004033010216 -0.207061640991324 0.179946834737776
0.432276443159518 -0.0896687690870177 -0.132035820376368 0.159160140387402 0.146563610435752 0.0349986109017366 0.0416559851405305 0.273913381361822 -0.217250332412166 0.141186957184034
0.444996876084981 -0.112564945324076 -0.162123616592038 0.208396322874174 0.151590253523252 0.0590887210553511 0.0730203779470378 0.214684800487231 -0.201700138423485 0.145471456013132
0.43379032273356 -0.104519150734592 -0.15514968108517 0.20393656237939 0.145708264271027 0.0176706152449958 0.0936108127647997 0.216981895062325 -0.210232886002358 0.142945382710876
0.421474769745015 -0.122443593858605 -0.166958887402238 0.197443044957664 0.152010729581704 0.0412726866351608 0.100521111471726 0.225842900096912 -0.198430173846533 0.150838197343189
0.393101164679809 -0.107107856718686 -0.13910669304664 0.158549051566075 0.108903068820804 0.128434613206186 0.0512301564398359 0.197801995564142 -0.174259979371352 0.160624257503105
0.42126975441128 -0.134196100891226 -0.131336208940489 0.216530854424152 0.182502535746053 0.103399272697747 -0.00111669949122847 0.267102184012713 -0.213870832936912 0.109638494187793
-0.0913296895756649 0.11240994872261 -0.0620779416385518 0.416268720251451 0.163272735232503 -0.312687486803546 0.109706426371025 -0.21061297857832 0.11826092127825 -0.268629441747889
-0.103851030272117 0.112275990595054 -0.0668264631600541 0.408772005085509 0.167232309427281 -0.287176642433311 0.111126394152175 -0.207415669619806 0.110603080088954 -0.243312761512098
-0.112112256429891 0.10337487075879 -0.119043646215159 0.318735484984199 0.153704533548369 -0.377823857569881 0.106395845842689 -0.149515378780781 0.10700430652906 -0.264160639723618
-0.160562089052538 0.149097504556113 -0.133925205318811 0.372861813799331 0.132186453246547 -0.34817886008577 0.159509625966364 -0.158506444218286 0.0782806808322728 -0.296589732723538
-0.105128688237886 0.0880915013175541 -0.0832538210427836 0.33837643231744 0.163295448715032 -0.28388537528168 0.219541176248597 -0.158702456903685 0.0928582539578851 -0.300162073255598
-0.132891464226398 0.125582536022185 -0.197733116333608 0.392918037233191 0.123813969967728 -0.362455344109011 0.132583018480122 -0.187593571429411 0.0329150049314239 -0.303110456238907
-0.0604714482448102 0.148426575658721 -0.114435656332446 0.344434029847489 0.166272746397374 -0.30674398351207 0.0928940297388206 -0.218263361813817 0.0922732532999106 -0.307480223180372
-0.115711572025895 0.126800321038536 -0.0838308899322642 0.38696307870522 0.125685998966965 -0.32404498216123 0.156325205256284 -0.209549356904612 0.0925533659906625 -0.275033955701831
-0.115711572453158 0.12680032098042 -0.0838308897135459 0.386963078801419 0.125685999305743 -0.324044982425971 0.15632520501649 -0.209549356486514 0.0925533659095338 -0.275033955650117
-0.0657763969895005 0.177948080103109 -0.0643174910690388 0.318727520161857 0.12199336908083 -0.298410658452206 0.121985320059791 -0.225107251675779 0.0840599525622404 -0.30284736651295
-0.102816063777359 0.112190114328224 -0.128522461719302 0.344461103086298 0.153144363005954 -0.302168289240889 0.108054270423996 -0.112535044345084 0.0300435828310558 -0.299862344994526
-0.145190269600102 0.109922692772004 -0.171662120685625 0.381721192675254 0.0464886735881489 -0.203705861008641 0.0185673074567011 -0.1930379210207 0.128583435806968 -0.213352972523568
-0.0281662240697252 0.0878849060291617 -0.275968447199155 0.460040977933616 0.0306777967218469 -0.315813562052634 -0.0303199844118455 -0.17752137315764 0.170295474431714 -0.153617620064977
-0.0973124212809887 0.0554540600579909 -0.165155382578266 0.376402079341429 0.0849024993496986 -0.386800153285242 -0.010320779684984 -0.255740644522289 0.194446832402823 -0.1249056436859
0.0699827558665354 0.200799755935733 -0.274687744210124 -0.107833631260744 0.255954786016804 -0.270025192498374 -0.0803091213209507 -0.279572834460122 -0.253967592727589 -0.389357751662325
0.0523240041597277 0.182913977055616 -0.284483274599964 -0.168151352128223 0.293418271847509 -0.270769400496214 -0.109994780262974 -0.334075653080855 -0.232167914335512 -0.355173723509374
0.0324909504187893 0.162897252825847 -0.276779306497866 -0.170474432592703 0.305186593789686 -0.253800338168709 -0.101322472364355 -0.327147794977274 -0.249330582147627 -0.394514650926918
0.0573086532419567 0.162361458937653 -0.275112583663504 -0.168573643258009 0.296869829361727 -0.246294141322431 -0.0772713814867251 -0.300168367313011 -0.272420211737099 -0.393797355075128
0.0436319764566134 0.195430800411829 -0.242466840910956 -0.0549231922429206 0.3892215611058 -0.359130920306563 -0.0856774058046795 -0.356046118093 -0.229030064779964 -0.251091981710422
0.0982400394674 0.19017736448694 -0.255940993871158 -0.0380085230841646 0.40964110204887 -0.348986124276151 -0.0713415315806743 -0.355668128859339 -0.2417977810851 -0.250898768154295
0.0406212772015793 0.195033895442944 -0.273505450211287 -0.0502040656796483 0.375136781263961 -0.345773663593286 -0.0727346193034296 -0.34023265869346 -0.217337840636717 -0.225845799831381
0.154024329556297 0.19507900307778 -0.287483041149806 -0.107073610052696 0.395763353275904 -0.314986865296519 -0.0961231893701649 -0.345000810987168 -0.257288201919615 -0.299498471734207
0.0456699932433278 0.222591183496144 -0.273298039143497 -0.0631755709585936 0.384874572432144 -0.37044214835856 -0.11848498626499 -0.321471068310734 -0.208467692069352 -0.290988245776287
0.0270718852178736 0.146675555850196 -0.239329285666979 -0.0556221817594671 0.336903670326898 -0.429799802986805 -0.259758269374097 -0.179339702982617 -0.275125751131749 -0.294642590709465
0.103723272845796 0.17590360937624 -0.206764687381421 -0.0546743068151489 0.28222757601006 -0.357693346116173 -0.270273988649941 -0.26985402767169 -0.281831950806704 -0.253753511698988
0.0455578460247201 0.188279463918509 -0.193916601478911 -0.0842277052948349 0.247902466260151 -0.396314018309734 -0.242349169444253 -0.232474517872021 -0.252992889786246 -0.334600386394224
0.105856884858404 0.196512139812322 -0.216382677603912 -0.146948009579255 0.293182753443077 -0.447534941838662 -0.184529669939889 -0.26720467829372 -0.222257079943503 -0.377364788489326
0.0956556022576005 0.160460039510466 -0.201040496270785 0.0134083417989104 0.365738164656572 -0.469230976575648 -0.252088952415717 -0.214548330133539 -0.248080416126376 -0.384458351497258
-0.0207226917626666 0.239908511078816 -0.244356183300919 -0.0444098313305405 0.274135107449877 -0.375614260502373 -0.0186400945434839 -0.16996023998488 -0.406836038246236 -0.267680884730606
0.0621665393242142 0.225901211191198 -0.13910058564345 -0.0628926932846395 0.310006322013523 -0.351659149734263 -0.0946491508901085 -0.189026337371732 -0.200136144808881 -0.180383415112246
0.0956309763158583 0.289875330681538 -0.10205913565151 -0.0675547044899679 0.372740399086916 -0.399780978863856 -0.0527155274750957 -0.186265750992172 -0.186937347203278 -0.226971460780279
0.0826286465557448 0.24334550349152 -0.0735192008266139 -0.0584719819725828 0.384509569774107 -0.347837568107766 -0.0501758735509277 -0.234883140118668 -0.21487372541774 -0.282114154212511
0.0892366976645934 0.244425300980088 -0.0908708604505215 -0.0549699654224614 0.386570732299535 -0.337506561065866 -0.0646574553694104 -0.182784508487869 -0.215914020238047 -0.295328265873286
0.0892366935894511 0.244425301818415 -0.0908708580646841 -0.0549699638638377 0.386570735889452 -0.337506564797236 -0.0646574585631678 -0.182784503240587 -0.215914022275145 -0.295328264628068
0.0607620476015289 0.299739394911321 -0.100295554877135 -0.0270840004992648 0.30732306980105 -0.353049139267971 -0.0403257201595588 -0.233085351080931 -0.202456210619565 -0.297080064907041
0.0592670682128332 0.279710741737735 -0.0693600281958996 -0.0384388499852087 0.317107737567908 -0.32790757302869 -0.0708572562381898 -0.199921656741705 -0.206040102335783 -0.223407399807376
0.0235936254087291 0.007812000672407 -0.189040562156372 0.00233991467533658 0.0122409542966003 -0.541874730202724 0.0258245261880439 -0.157067553720862 -0.127866162940197 -0.283317303077434
-0.219028243164884 -0.166096078413408 -0.054046069777655 -0.0688663050114918 0.121160640866922 -0.479270307848937 -0.0333838207230082 -0.290190871358135 -0.246288840843694 -0.418367599607627
-0.146924108182748 -0.128506557390717 -0.00226322470332824 -0.0655651920863436 -0.0164654059436261 -0.554248425915663 0.0288724321189735 -0.277379980232151 -0.334851647713989 -0.464055415032363
-0.147197255599314 -0.134782812239618 -0.0505168743614397 -0.065298142959206 -0.0248778654193647 -0.565132764558496 0.0229131778120937 -0.248849561902965 -0.338254278464987 -0.488027399712359
-0.17956662117548 -0.0881831867967089 -0.0684794026444112 -0.0461436363270534 0.0130496799449991 -0.564295193798431 0.024489533124538 -0.268517110068349 -0.273213137203744 -0.49394572259772
-0.171610121576916 -0.123508277494101 -0.0455594452237106 -0.0801063835286802 -0.0247479979948917 -0.547938317632431 0.0178000553025525 -0.294061717080464 -0.296068311507327 -0.491622436103679
-0.17161012119113 -0.123508278955264 -0.0455594457469927 -0.0801063843123127 -0.0247479986906862 -0.54793831608223 0.0178000565045139 -0.294061718826994 -0.296068310061013 -0.4916224369677
-0.173583413873548 -0.149466628954197 -0.0433178508334814 -0.0964572291488766 0.0036103250020781 -0.556240210092936 0.0249585110350421 -0.296057322781387 -0.262084797700894 -0.515204392212869
-0.17659438011819 -0.195060945227544 -0.116497404993688 -0.0724361464697764 0.0366153604134606 -0.494860006287695 0.0573275585592786 -0.277421073099586 -0.30259179244569 -0.505486813368226
-0.17659437998614 -0.195060945143228 -0.116497405047003 -0.0724361464689638 0.0366153603258513 -0.494860006263354 0.0573275585901886 -0.277421073168787 -0.302591792480808 -0.505486813348379
-0.180929494567643 -0.135131527611478 -0.106588735232524 -0.0734474454347428 0.000752053658616955 -0.555054537566968 0.0389694761737814 -0.240299400947417 -0.326756505995931 -0.477966437705903
-0.169222744993775 -0.116893837962718 -0.105284187310168 -0.0538021111286978 0.0143826859242906 -0.578907686035418 0.0380985070077676 -0.249344554198556 -0.279982291008564 -0.485378977636528
-0.145033805241368 -0.179960424580522 -0.0859384485001016 -0.0693608075662151 0.0472556180905267 -0.575326974823389 -0.0315857080729046 -0.272353074940079 -0.320967374035767 -0.39860185830939
-0.224446237905341 -0.187634814651655 -0.12180438535062 0.0263274092085301 0.0958216252777749 -0.564217812154765 -0.000429921263272178 -0.297584301819442 -0.309525655761891 -0.394645874721929
-0.233214025562307 -0.220223909198731 -0.167073204912463 0.0275772020169575 0.108627278066757 -0.527760265592174 -0.00757512351111912 -0.261902885404644 -0.287457825239706 -0.415986440128095
