-0.494823262014835 -0.152600723264715 -0.278336990782411 0.0506511127650941 0.107931554583811 -0.389194732376024 0.0468753039686577 -0.145994881237212 0.0263040584649588 0.156518207279508
-0.494507421885369 -0.149813758987525 -0.271845461697214 0.046384514039853 0.083885345692182 -0.392458067988162 0.0415938422468647 -0.131044920166691 0.048719868905912 0.153897319715114
-0.490898000191573 -0.13066445956724 -0.245468439115612 0.0639633048185283 0.0906714929707031 -0.396834054456365 0.0637283545005379 -0.113869753106602 0.0914907730397365 0.158016216949303
-0.483368221357438 -0.162373764074524 -0.258943920400133 0.0598405353120384 0.12932039090468 -0.392096453331413 0.0581334994036047 -0.117096176388725 0.0732715083817581 0.173164841914729
-0.649599833835343 -0.155620210627374 -0.254153634577365 0.15181890633155 -0.0257042838575816 -0.353197387235825 -0.119306775185808 -0.137977262040381 -0.111306650782025 0.0843873354004057
-0.627849092626275 -0.163167339945472 -0.231640167548559 0.300265297216881 0.0191759156564309 -0.506582188339626 -0.0599034957111692 -0.123189438649515 -0.0167710254755798 0.0765203033946946
-0.638430593654436 -0.157019769536519 -0.247944853746033 0.295546274648701 0.0217936013728441 -0.497549285944567 -0.0654760345177751 -0.10996086130375 -0.0352706355843681 0.0497546300569523
-0.682633738849981 -0.0850032719953583 -0.257004780396191 0.28261371049238 0.0868017358987622 -0.42758577032165 -0.0609721142906759 -0.0693277527774743 -0.152489328859277 0.0593608966787331
-0.650273999076043 -0.0446828306212193 -0.229587501372877 0.285486199075445 0.0122164685096661 -0.515167781098151 -0.0541410801663754 -0.0701721175931787 -0.0879711656912196 0.0530915107291804
-0.647408068199173 -0.0677408096210328 -0.20266711100049 0.289696141949147 0.0200346716994061 -0.490862613819738 -0.0900606013541162 -0.074739173885802 -0.109225255927908 0.0534545392623006
-0.702028119978389 -0.157910709172765 -0.359678693782051 0.162921720290169 0.02910363118228 -0.495836742353448 0.0112122488380289 -0.055664052802661 -0.116932752165273 0.0857685369391026
-0.762198443204445 -0.136917717425978 -0.323854117260103 0.179674533083629 -0.00415234325850264 -0.46164717006933 0.0484819752780579 -0.0684931162424629 -0.0749154794334585 0.0964518970372681
-0.713825966997892 -0.19057598189981 -0.355018715901686 0.176972600379811 -0.0235865369180122 -0.434799925466654 0.028955861210722 -0.105747072893629 -0.0651815555287072 0.101602533974009
-0.709652115999552 -0.136047255761306 -0.360764763617499 0.169281251588213 -0.0387723388744639 -0.52691823248915 0.00986370354218581 -0.118377247382057 -0.128824433059952 0.146113254915884
-0.706678609088396 -0.124580229558773 -0.347066502603424 0.184458123787911 -0.0463378988274276 -0.499758636176844 0.0232528436200477 -0.101223335972304 -0.107789651392101 0.111534891028936
-0.704803883077923 -0.110300386479276 -0.351157163009663 0.183541913731195 -0.0537067961930036 -0.506252590636574 0.0284952499825514 -0.121419658807121 -0.10763671942753 0.113340947219872
-0.704803882635189 -0.110300387112 -0.351157160995647 0.183541912792275 -0.0537067955811667 -0.506252588768349 0.0284952524932613 -0.121419659459601 -0.107636719086788 0.113340946730171
-0.669014888489604 -0.148414562787639 -0.277334793370036 0.21175085762215 0.010420228570164 -0.541060600823981 -0.058084603362235 -0.118089247898871 -0.0936879530784408 0.0764246526621913
-0.709996351368443 -0.133329120908565 -0.277769382748567 0.219082837250251 0.0077999594264321 -0.558134984307845 -0.0326608762903491 -0.132605996968921 -0.106158012579758 0.0448991553359951
-0.709996348000516 -0.133329123739742 -0.277769377472109 0.219082831506852 0.00779995932053477 -0.558134982807882 -0.0326608785438719 -0.132605996597393 -0.106158007761004 0.0448991465936052
-0.664295629306146 -0.152162625773471 -0.283225983870186 0.166697768448433 -0.0479703186910629 -0.435306438156388 -0.0342089228696163 -0.0738747283883092 -0.093137562572558 0.105829879130727
-0.622973489364378 -0.162238468526085 -0.308130449561734 0.219911295547913 -0.0352041307380534 -0.449213302192768 -0.0488673832904793 -0.105199631835112 -0.102917443455914 0.123776239859861
-0.794385950325471 -0.194698381220968 -0.268282843637968 0.204743375318391 -0.0854405677324827 -0.318426901922609 -0.132270160709864 -0.109072837174017 -0.122112215482362 0.121505324407762
-0.66487124039156 -0.118112322143965 -0.300215775371486 0.243556981133632 -0.00302800953148982 -0.517481482520726 -0.0976629650170283 -0.0741202100002628 -0.172524526874798 0.177283433045608
-0.748852078698085 -0.163785932456866 -0.295138411844656 0.165530496500095 0.0307919261338967 -0.424578706643542 -0.119747655443833 -0.0915018583486494 -0.0766377529732624 0.112570313905082
-0.752273697311379 -0.178688516012353 -0.328287933918482 0.205889351565776 0.0154039956928186 -0.448666201838013 -0.0704986041040981 -0.0571797929819563 -0.147614784639441 0.150434746771866
-0.722781011119689 -0.219224624738581 -0.349461023086483 0.193998286323945 0.00766936423406417 -0.411863965433827 -0.0465166592780424 -0.0714067603983306 -0.115677014327933 0.12901542817878
-0.737992114413791 -0.207376124492596 -0.338443736560865 0.203313008397515 0.0500727812382563 -0.431168805784451 -0.0420776603662749 -0.0531678886098288 -0.130125761456527 0.123799999811806
-0.767318569151518 -0.212568627933528 -0.368206428409536 0.168332098047212 0.0155747733602044 -0.405028678505015 -0.0493459776751658 -0.0364901209482834 -0.109876961201801 0.162431170140592
-0.710873245021591 -0.099998920293424 -0.332910388405917 0.328580285999707 -0.152828428573606 -0.444909380018786 -0.0234023563140289 -0.159548116415263 -0.190849211828798 0.179807764528125
-0.811671927221124 -0.203888158886771 -0.304874421695791 0.261295527767268 -0.103377871367476 -0.40386959087299 -0.0928383251360245 -0.0233326642127243 -0.165156954646272 0.0591223320436093
-0.824871090148559 -0.191121530547399 -0.319116603532944 0.224370199788898 -0.120579407919976 -0.388090280205699 -0.102129273568404 -0.052495203887666 -0.179735657823468 0.0740202881349252
-0.824871085317881 -0.191121534795222 -0.319116595016948 0.224370191419023 -0.120579407622657 -0.388090276854698 -0.102129274785655 -0.0524952038582436 -0.179735651121968 0.0740202760690131
-0.824871084233149 -0.191121535304147 -0.319116595359606 0.224370189853632 -0.12057940862451 -0.388090278955937 -0.102129279852537 -0.0524952026539721 -0.179735649117267 0.0740202722333272
-0.801596184737579 -0.230400500793017 -0.350685038707928 0.227725118858368 -0.117379477043757 -0.406470589832549 -0.114034289097266 -0.0951253961198688 -0.191424465621359 0.11710390524393
-0.818360414925373 -0.225902297766831 -0.313372745003389 0.286067680966433 -0.129708444996221 -0.423614020889519 -0.09236509718526 -0.0330157951904026 -0.161735756333431 0.107109863721009
0.072259398765275 0.102768733233656 0.00790552109070963 -0.230904238815559 0.667195184998352 -0.240427382122171 0.0365840266650207 -0.0434739226176288 0.180896434375165 -0.0613395601380278
0.0143555344363698 0.0283221357201523 0.0860532858634717 -0.192677064026264 0.599401746396724 -0.198895291841219 0.0647381053589367 -0.0398672867927573 0.183195023780118 -0.100474610195222
0.0306589440277478 0.0671744118280075 0.11405797313933 -0.214861137824983 0.590770064043508 -0.189655511706419 0.0127690374482399 -0.0240365871503802 0.203815570819973 -0.0684634854308945
0.0290128694518588 0.0321981734936011 0.101588370336506 -0.232987568104511 0.619946112476568 -0.199871629270083 0.0575134478550804 0.000580984823131043 0.205442611314018 -0.112642825090318
0.0102028478294271 0.0219930541548289 0.130725341187672 -0.235165294052669 0.610500984844423 -0.172121247551461 0.0383691401582348 -0.00268256709239728 0.165545121510993 -0.0678058753721722
-0.0282470858880579 0.0487238365221365 -0.205842112074649 -0.100427566402355 0.547071779528931 -0.105043561306998 -0.0850148576565362 0.12236533960308 0.20380030093177 0.0313980924741187
0.012211217402597 0.0374121081802563 0.0137855455824149 -0.114240688687387 0.578206792518412 -0.168698799240289 -0.12932800950143 0.0552396285668249 0.157660287501966 0.107291920377885
0.0308572977264807 0.0458198775383718 -0.0500472880120765 -0.0336898723138335 0.605482794593621 -0.0995403154339945 -0.202002888281898 0.0362746653619516 0.182248969810552 -0.00329719498014893
0.0325778328161708 0.0399855310308323 -0.0282789660294505 -0.0371945479239642 0.602530518904734 -0.0999595803263556 -0.203828201607288 0.037667013921847 0.18189076122101 0.00507586340921143
-0.0277223826100668 0.0507871158604858 0.0720516745395547 -0.0663002237699361 0.689860933728995 -0.11421561625256 -0.00996450293878167 0.127846838247547 0.207250236314085 0.108940762646355
-0.0534425944579664 0.10078777469991 -0.0720862478425883 -0.0308724905958569 0.646741330308021 -0.137535774210859 -0.0588176896830729 0.155086812313368 0.24040666154786 0.11419356390878
-0.0725389649138889 0.0520069725655564 -0.0566135527561899 -0.00318238602696639 0.644383418957396 -0.11272058895242 -0.0366283690467493 0.15537656753665 0.219057540936185 0.0797948538327984
-0.0338676546541384 0.00797033105755706 -0.0722646294295288 -0.0101290286159725 0.566626103795173 -0.140349348528844 -0.148692130005087 0.154136118899045 0.213396951151834 0.084563723925568
-0.0352321796660604 0.0592779659364519 -0.0618736916058329 -0.0292610869931559 0.601165846715175 -0.142039041355739 -0.0734314123474254 0.112506510682711 0.203621113564784 0.0872131318808131
-0.0912041232229551 0.00815901929771369 -0.0408569957705586 -0.0808619945203597 0.571794693418647 -0.174128322001981 -0.0582290356570851 0.0981967541561015 0.204221650329085 0.139819554813239
-0.135318102343717 0.0896058784611825 -0.029234834374266 -0.0446371909401171 0.58912740463935 -0.141667647036078 -0.10383162567917 0.0888007767194028 0.233210796460289 0.152741364431312
-0.136933017596852 0.0688490279517421 -0.0507996603945347 -0.0685473840802817 0.592834553373464 -0.155216175580403 -0.11968950228527 0.0840302655832607 0.241561890121188 0.157965589298383
-0.063005605612889 0.0461517984153393 -0.0731731476061903 -0.051047748450293 0.600471173494067 -0.110099794708426 -0.0663085005327153 0.106991655452269 0.273991015144794 0.130846450648353
-0.0739097502444395 0.00476898640863756 -0.0824375615874423 -0.0690870189124426 0.594258591157293 -0.136902458817254 -0.0675069186541668 0.143881836319795 0.25826184064836 0.0835330578390486
-0.057816469912164 -0.134304673594535 -0.22129221622977 0.0236013362704191 0.654830232580569 -0.138052291553896 -0.0489572623811367 0.0721430620098256 0.0461905216030012 0.0550614464351685
-0.0219584152114696 -0.129635291838025 -0.223848292676746 0.0120213235225695 0.621849681025973 -0.147858458817902 -0.0326722086201703 0.0684805896683058 0.0864290199283999 0.0739051668953443
-0.0406441084476873 -0.12225022295974 -0.235341565957985 0.0102970391668157 0.60153231239876 -0.145414362317777 -0.0113364089381618 0.117537130684726 0.0664554959788059 0.054625808994032
-0.00247848413674478 -0.0216097943803288 -0.183290852499074 -0.0398374149058207 0.616825903103218 -0.112628556627895 -0.0775686073568289 0.0720356615980837 0.132108250680605 0.0667395256373255
0.0221936167708457 -0.0248477267549846 -0.200625991348614 -0.0356380173424173 0.615717534520288 -0.130569647149855 -0.0635371920337102 0.052683550709327 0.0986731935311281 0.0879339275881286
0.0128391611985118 -0.0257331256168171 -0.202915055096121 -0.0691509695076948 0.613680133485872 -0.135952115777349 -0.062327299375285 0.0618814343133608 0.118790441274942 0.0781629352282464
-0.0109111037843656 -0.0264367117783477 -0.148327104199265 -0.030100613291243 0.653164796730915 -0.108711867241444 -0.132000935874633 0.0479433663720395 0.10036046313768 0.0373450730832681
0.00955258517940567 -0.0405116065831049 -0.134212118005898 -0.0226447496305995 0.626161195203906 -0.141225223281758 -0.134163523394055 0.0651038084477253 0.096970744118598 0.0404172500476224
-0.0382237193429157 -0.0207063344018386 -0.158180650159462 0.00599143460109933 0.634819955381834 -0.0879838905782647 -0.112555383066783 0.105245451800055 0.136611779290887 0.040910776319378
-0.0274095124907146 -0.00207316013343368 -0.1337391759836 -0.0223319242936224 0.653833606725454 -0.116751744094438 -0.117727259482933 0.0966582376127482 0.078718408436931 0.0396343508793809
0.0637438892696786 -0.0947657831186734 -0.263175840096652 0.0310982531462304 0.574900059491032 -0.128490496170624 -0.0522371527009431 0.0721524068358495 0.119640659919017 0.154323349590004
0.0368328327364796 -0.113742531379879 -0.245159386488877 -0.0242650991059469 0.582331542334479 -0.133716284754805 -0.161402185702055 0.113339646315995 0.151123670918824 0.159299822874833
-0.00874721709248095 -0.0773155814239013 -0.241762852364377 0.0243447865818988 0.546358381425843 -0.160766053483652 -0.147283507837222 0.0861121861930985 0.162821248850879 0.159236673205442
0.00858408004967611 -0.102571712394406 -0.251130438253195 0.00127986116625242 0.525239412259234 -0.167098398502061 -0.157141923111115 0.0837113250417182 0.135936426208371 0.164615390459614
-0.0293054582261504 -0.0776123084356217 -0.29305023132334 -0.0894653014638672 0.60224169870755 -0.0855558724774081 -0.0990720580326697 0.173665477488046 0.198107054527408 0.171355354683455
-0.0233404848357099 -0.0778732054541976 -0.274614375756551 -0.0951475667636654 0.621147210766933 -0.0978739395964682 -0.0733096703800155 0.145612326651509 0.17793167463075 0.164898894686149
0.0509866076306624 -0.108589964668446 -0.299230526615745 -0.0258508760149752 0.562993723488414 -0.123917991790094 -0.0556373963060521 0.139624769886566 0.152485999418571 0.159335559646298
0.0584259591052086 -0.104918488015171 -0.296917390173532 0.0281162638256579 0.543547374257422 -0.091620849273884 -0.0664954661591289 0.15318448265384 0.137565581717256 0.144934361456223
-0.0969609883910886 0.082179055393177 -0.263082898357468 0.0249135467093368 0.491300770577117 -0.234433648487909 0.0210258834184632 -0.108653938825923 -0.0380948235805336 0.241048056779182
-0.0146573606055413 0.162885130242882 -0.273750174840182 -0.0360783965609024 0.435575726226366 -0.224582802746078 -0.0838541998339685 -0.0739377798341274 -0.0836874117894639 0.202314841672456
0.0349081770445754 0.198021487803243 -0.247990508594069 -0.00182811787948267 0.41977495064817 -0.191356454827857 -0.0567648327658776 -0.0739330764623976 -0.0905812104899931 0.262397798092325
0.0192297790542345 0.151598692905234 -0.183796857838176 0.0950327007325419 0.480180775037084 -0.175913679083402 0.0463372540185649 -0.0866990926181603 -0.0145472315844351 0.346448510668364
0.0143585997972986 0.157831993540823 -0.172001757829462 0.103660100075912 0.462963784574088 -0.189869775191843 0.018375670697156 -0.0738955731451402 -0.0215962572649365 0.325182552977933
0.0141185814864053 0.173227373078699 -0.215172962197201 0.113399062908426 0.438433802073303 -0.181862889290844 0.0349233033364029 -0.0807212795307085 -0.0347591682312899 0.32872303234387
0.017762311846613 0.12177213648982 -0.21456756064485 0.106724064611519 0.456365079566489 -0.201113368764674 0.0527030738173343 -0.103084832647732 -0.00855127181706848 0.326168402521999
0.0237880375749456 0.159843435656058 -0.189735903765925 0.0902865508378383 0.453027614819111 -0.169531739190866 0.0725965115962396 -0.0744915114807322 -0.0402246514118239 0.319789730939475
0.0144239435283821 0.184156127528787 -0.187532280639752 0.116097829103113 0.456849468152401 -0.173855032211361 0.0699615063208886 -0.0928579986888009 -0.0258073613104794 0.322417350149068
0.0130057954722264 0.112380002705606 -0.179610192864925 0.100351663254362 0.450779101676323 -0.197174270219675 -0.127157923273419 -0.047606226833878 -0.0441590203577651 0.301262141349491
0.00773354042696845 0.144619998136638 -0.199986174932653 0.0987283922112526 0.461803954380104 -0.165073422046058 -0.121834341666167 -0.0723977969573821 -0.0390684511365977 0.309356806419444
0.0255940563957406 0.122444367705014 -0.18411831564434 0.143175091885054 0.455006529563662 -0.173318309320561 -0.116489581655489 -0.0404753525251803 -0.0641115348144813 0.26914616103902
0.0629850290217503 0.141505256038957 -0.148709478380965 0.139698741128658 0.452405128053296 -0.240711790044237 -0.107609488644826 -0.0624323384920104 -0.0564169624586798 0.312222661975388
0.0581283790719665 0.176380795701951 -0.163441291291988 0.137797205811186 0.480090884336705 -0.18522483094354 -0.122794306614058 -0.0711352554813331 -0.0622673319582003 0.290392315760098
0.0103429007404296 0.0597299740217659 -0.193296646124232 0.148992219115753 0.432300821864123 -0.176766524620985 -0.104715530527398 -0.0539649619127306 -0.0567706043158603 0.18087746505788
0.0380800934157016 0.121567258237838 -0.151245197106694 0.141018160540217 0.432231202413703 -0.171296464025504 -0.0702807672838514 -0.060228640296952 -0.0451743082005575 0.217255215472301
0.0148075315672307 0.17312723586351 -0.216012189310947 0.122852007135431 0.417575507872932 -0.209590782189333 -0.0409649079839235 -0.0710658565948076 0.0346833898632735 0.204059087641668
-0.0110971641165089 0.154694649063507 -0.170747645795811 0.0830719986833245 0.411673408645474 -0.202346262818822 -0.0537776155124354 -0.0564032158614657 0.0750867185332844 0.188241237795395
0.0285266547015617 0.125875520796176 -0.182600140935492 0.103889397978402 0.480672198651353 -0.185621006917354 -0.0394088140095206 -0.0874379414523224 0.0539553931213309 0.275325105183933
0.0223214235957284 0.116503255935635 -0.162953995120391 0.123725534860183 0.48072796606723 -0.172275988331967 -0.050582211437806 -0.101861505041344 0.032338813090321 0.246563733262396
0.0447376892207095 0.130498409084878 -0.174459911403248 0.106999772165325 0.477032418914409 -0.201463501738824 -0.0642813096643239 -0.0686482533190437 0.0287839982099488 0.240798567882483
0.00853867613833945 0.157995567955636 -0.196458714028614 0.134852562943116 0.439299777084647 -0.194603998839755 -0.081319443785933 -0.0405790690955126 0.0517862630172709 0.244384898456563
0.0146445611845054 0.157424557793859 -0.171486870268417 0.157663148415304 0.461650794849466 -0.16409239641425 -0.0801297627518081 -0.0666442690251838 0.0567874425429102 0.259952188188929
0.0913141021157047 0.141370776856099 -0.327751633757354 0.0375268684284952 0.369416406435806 -0.195994570120872 0.016283269946559 -0.0937832233600024 0.0134614975593593 0.178795810258032
0.0915158125854137 0.161268510965658 -0.307743652731117 0.0952376747231117 0.356442263979352 -0.195394749872195 0.00937214582620537 -0.0941866673139169 0.0165751738825912 0.214363930551953
0.12662585198263 0.215275254676826 -0.145055381505026 0.0418439907785253 0.433040391452976 -0.230508474314433 0.0215209333713323 -0.209433128690624 0.0484614608940372 0.188268943864773
0.0642883816618569 0.275491363310247 -0.120468643276056 0.0548715597732803 0.414753592829403 -0.199035912548789 0.0353200073483721 -0.168666540595438 0.0995787151715817 0.182559462583082
0.0871160811668758 0.248473891637838 -0.122544945596638 0.0527323858305148 0.446080024095022 -0.212735938169165 0.0230553162747918 -0.172506433924296 0.0572607823760164 0.169918707718114
0.0955056127650489 0.221154606662139 -0.18310944457394 0.00733925455864276 0.420827046746909 -0.191151573349165 -0.0260368765229894 -0.160058938130115 0.0277684823926198 0.178182962964869
0.143740888983291 0.256310573083581 -0.168392864929586 0.0243813854633027 0.430797309719769 -0.220020395329025 -0.0315434017672951 -0.136205241428801 0.0455639857165041 0.181792505438001
0.132734836804777 0.257859564756797 -0.157524473342095 -0.00813246367842531 0.469617611106637 -0.223525795406594 -0.0106608827794288 -0.154855012152281 0.0343923478764932 0.142658086401976
0.070653408684468 0.0725359912092945 -0.190925377535998 -0.0304148408675469 0.525044433322967 -0.0559268408859642 0.0370269445590745 -0.0991195964885008 0.00726051977123636 0.177100782408533
0.0598146205349552 0.0379814975323339 -0.186699102572248 -0.0423204050395714 0.534445155541714 -0.0191625116425704 0.0133498961414769 -0.0799278616408788 0.0374592283729504 0.174765671951059
0.132538318930058 0.0438647904009367 -0.201908422350615 -0.0200004082172221 0.544925276718575 -0.0391059618290914 -0.00494819952683153 -0.0725366785208009 -0.0202254217546064 0.215839250015484
0.0619801834060131 0.0246992887464057 -0.160403727907893 -0.0277892427760527 0.536906004878578 -0.0651386990298798 -0.0134137525038112 -0.0543885390002576 0.00701660393518802 0.2441688019667
0.11442131413288 0.0240401249249101 -0.199092021625456 -0.0122967894540882 0.579298086075488 -0.0784207974093079 -0.029953914222841 -0.0548317297492964 0.0148526392864601 0.242568525044391
0.0671592752844765 0.0609794228285844 -0.16171200300103 0.00497126660325378 0.558370823617647 -0.00995486594580279 -0.0148988824434179 -0.0596205309931625 -0.0372893343282336 0.214943960435003
0.111269130369137 0.0258656461181987 -0.169651564073738 -0.0222321499211227 0.513917008490954 -0.039905681542603 0.0130870720192875 -0.0423552643519661 -0.0245338590630624 0.216700097008257
0.132268145244892 0.0140173592462051 -0.182315291950637 -0.0117720231430082 0.506896641364283 -0.0433523522833233 0.011673526390313 -0.0368044529233607 -0.0312611855326375 0.21589233973607
0.0204813267397202 0.116430710832549 -0.235698311575564 -0.0396369588343005 0.502001890958993 0.0346663692994919 0.0715965842654704 -0.12705554163645 -0.141483328841064 0.0962942929083091
0.0264605867155136 0.126723178950881 -0.214956315082614 -0.0372443806612423 0.503505553816424 0.0261921060491076 0.07040235553709 -0.135648332782238 -0.157166088745789 0.0744135983812639
0.026460586715518 0.126723178950868 -0.2149563150826 -0.0372443806612471 0.503505553816424 0.026192106049109 0.07040235553709 -0.135648332782233 -0.157166088745788 0.0744135983812601
0.00865615877692861 0.16982328554389 -0.21953798527151 0.0218029386590835 0.511243556561242 -0.0174599669534271 0.0539624762688705 -0.0770764034237121 -0.117698559014051 0.0313204241449255
0.0691747482592413 0.198450384544797 -0.261531936876256 0.0127947120666804 0.515775905654162 0.0153149528746245 -0.0314899741656778 -0.107767158673699 -0.113691336261194 0.0107197490096998
0.0511387350019794 0.20266025429385 -0.280719733579619 -0.00287333680571866 0.515312582580769 0.0246672879669221 -0.0263922038758212 -0.099421459109993 -0.121572348872348 0.0202875588971945
0.0658026495936913 0.201940248044184 -0.228823629989889 -0.0134042970616407 0.53179358459047 -0.00563025299430946 0.0178586194268329 -0.0233213737828945 -0.118975108479731 0.0603246883964691
0.0903570699886219 0.204424525268915 -0.236295611765517 0.0172353023984821 0.550982436715605 -0.0303492243269035 0.00653523621262835 -0.051168344905519 -0.129331749065133 0.0369633819808552
0.0565520387611041 0.167285293331843 -0.219707984048035 -0.0431490111048957 0.519046426552286 -0.00381345169691823 -0.0158232526470301 -0.0707840769572813 -0.133081059424209 0.0428112442707986
0.0640987870697849 0.178665907917479 -0.213841480460307 -0.0316750031374856 0.513199356371149 -0.017610677178785 -0.0127719602595791 -0.0708225568867812 -0.13672490586482 0.00797778726234738
0.0577459608062198 0.192952044699037 -0.223005357803475 -0.0151038082219745 0.516690254068017 -0.0071031637172459 -0.0140587958574186 -0.0766308409069549 -0.111745971915337 0.0100602910962717
0.027954111261929 0.181252894662911 -0.198612576729441 0.0272903795950737 0.567752445043244 -0.0230009672372769 -0.0617459760797521 -0.137870742877611 -0.152792699139274 0.0665745073290245
0.0492547907638955 0.213384143253476 -0.195011010450335 0.00221545510237425 0.470244710905313 0.0575245109662178 0.00766039967019149 -0.0806506020596319 -0.172060238147943 0.0599943877691673
0.0609468734578903 0.197804955525604 -0.194069628905729 0.010550881397439 0.495069025086347 -0.00648008416982401 0.0596784785288982 -0.111905751329007 -0.136281104868712 0.0442249893954247
0.0356265605620566 0.200432826162027 -0.142248655482145 -0.0296127631976815 0.468861690404496 -0.00461879218252734 0.0683378740435745 -0.167661706913584 -0.133954958679272 0.0987009813726572
0.0392702364890209 0.162612511991425 -0.153175843197397 -0.0589655427578085 0.448585464318139 -0.00939739870736585 0.0710517670402862 -0.0957200922612795 -0.166760164454448 0.0974425970386641
0.0134820646329377 0.198729294662833 -0.151459636020888 -0.0514872251103525 0.451676102994569 -0.0228329798409531 0.0448776012846234 -0.0848334450135411 -0.198559641632957 0.0614244969727086
0.0269700762657621 0.17881616735185 -0.164220962809365 -0.0517357439806038 0.447429535881675 -0.0280524683918596 0.0513502690755908 -0.0752451599612534 -0.207311966271992 0.0700548977784333
0.0220473500793377 0.191344009693914 -0.156916062146946 -0.0381852374170185 0.450438050254455 -0.0418200534253138 0.0367199455172089 -0.0854277691068989 -0.214646041102507 0.058924901299788
0.0330919084055828 0.219206214689086 -0.196995705057448 -0.00590414168552689 0.479370597974879 0.120977923851492 -0.0217537843099386 -0.0541297754148237 -0.126555739619422 0.0325021815458302
0.0677300098825641 0.134611336808951 -0.119588583029911 -0.0260275648321705 0.494158241982999 -0.0292916821585428 0.0584079644805462 -0.0663855669985171 -0.0558136532168169 -0.0418642741542973
0.0717587905377446 0.176813256956891 -0.118505837950336 0.0143357203244481 0.473163263343734 0.0249692276820695 0.0960392432553558 -0.103515332238635 -0.0756817132728202 -0.049493148317234
0.116480981081095 0.0149196941129033 -0.0845601551540947 -0.0192379132604491 0.430288695886831 0.0600342390656247 0.0324508937226742 -0.0311469756597917 0.0135431409031375 -0.00878076320310333
0.115689809009312 -0.0393109745204083 -0.125237857744528 -0.0312418393793896 0.448314968256864 0.0470191449659144 0.0118552244996816 -0.0124909408082916 0.00927942200873108 0.00230757725759761
0.170216287825048 0.0270338696599145 -0.0872181490393277 -0.0860470196000468 0.558594626821415 -0.0874126601142169 -0.172062374028004 0.0207404316322265 0.109302060267655 0.0826775476406408
0.0048569537543906 -0.0389735155309004 -0.0923723206870685 -0.0755762925511128 0.735348456146403 -0.071045468921279 -0.227832661003965 0.0394634941499248 0.0485362456211869 -0.108301325763944
-0.0104319090324122 -0.0498575163384619 -0.0984554353740601 -0.0895501796782332 0.740745100169254 -0.0627869374972514 -0.24490876916615 0.0139247197035841 0.056916534104139 -0.101721694229235
0.00272331360132051 -0.0283317200361912 -0.127594774919586 -0.0590448526979668 0.686990260541501 -0.0565190556826808 -0.23576257192128 0.0388103640293462 0.0856558965614531 -0.100220570648043
-0.0077757099909357 -0.0434514276999338 -0.0917882684868737 -0.0560987265440597 0.663346311732704 -0.080204535071264 -0.211813957492958 0.0713928106951663 0.0659541798962636 -0.0810794384762064
-0.0134110639092141 -0.0474089352748658 -0.0848947947619364 -0.0614678635055467 0.663134149490276 -0.0684921102992241 -0.215417000474665 0.0659269518035395 0.0663104336091561 -0.0748805257998692
-0.0155528407595407 -0.0184312422836878 -0.0913655995461884 -0.0936291967629155 0.68208298845899 -0.0792045054801015 -0.17327971672347 0.0240761695590469 0.137092499580322 -0.0827912616732581
-0.000837249063127211 0.0133209402456445 -0.0815023862059416 -0.0968519707020031 0.69465967645386 -0.0899619521291295 -0.173433443715785 0.0281204936109659 0.110355420840762 -0.0889295787922688
0.04176587831099 -0.156979169963294 -0.0989722325994668 -0.0222069346177692 0.646288021888554 -0.22657766894712 -0.13561406122962 0.0197942712454145 0.0157984316282946 0.0756474005448653
0.0631752208017558 -0.115273194450494 -0.116625988714012 -0.0105197714924549 0.6721446946663 -0.190410276133319 -0.16261975200865 -0.0586972709675894 0.0108636338867801 0.051821590409722
0.0589558148738197 -0.118316731277555 -0.105976443852912 -0.0730868728286077 0.676775383218845 -0.231764779571001 -0.249279557370343 0.0114185083112541 -0.0101962227302238 -0.025040037456394
0.0628008417025495 -0.130507954793897 -0.135223082072229 -0.0349389809274391 0.664963798262663 -0.231429579857923 -0.223780588623824 0.0148728474308905 -0.0361237165109939 -0.00696710337141776
0.0905422414441181 -0.0325124898428451 0.0123534936161933 0.0613537300402948 0.635611427393451 -0.18888303803627 -0.16599246888871 0.0218972868163264 -0.0165570368186262 0.0428762919444419
0.024080867653967 -0.0521865430337366 0.0151010979874926 0.00520343532844686 0.617692169377244 -0.142078755046261 -0.10092617581791 -0.00153976497120088 -0.0202196622165572 -0.0158425524935364
0.0437234294538709 -0.0377825822703857 0.0190682998163072 -0.000773018066116524 0.610687027492814 -0.13728220363524 -0.113928488435821 0.0269064917677641 0.0129362008969546 -0.0343467001700574
0.054807666420799 -0.0900126734713363 -0.0941928569596353 -0.0330944843296964 0.706972872497875 -0.17017052610745 -0.228959468937695 -0.00569315169169452 0.0675827367353946 0.00670993532186803
0.0864284119863198 -0.0237857370315328 -0.0973262302090117 0.0385632309803399 0.679098013884055 -0.17181767724465 -0.229001135858285 0.016115628237591 0.108974100386562 0.0615309536578449
0.121330614564873 -0.0829433896705693 -0.0867600392734922 0.0362485243290469 0.693817423637306 -0.215003810446591 -0.208828722990249 0.0399048378490557 0.0948924026876971 0.101586350241454
0.0537126790803641 -0.0525520130051006 -0.109124922151076 0.0312306769623974 0.690905369538545 -0.157761547368434 -0.215181752156626 0.00930910228250325 0.0971988929456581 0.0558866862305308
0.0459173514634915 -0.0318525621295113 -0.11324068056163 0.016385651787776 0.725576869660537 -0.179922608873185 -0.205684811301885 0.0116598291336735 0.115610570182447 0.0543087100823867
0.0198364637139458 -0.0178168475246277 -0.0707159216815027 -0.01450090239575 0.593329773179086 -0.139020104693799 -0.26903111932331 -0.00677886839419824 -0.0397591728637355 -0.0150013874429943
-0.0169518656668009 -0.0166755304348505 -0.0875714525683142 -0.0392246970714441 0.596615453355631 -0.17880123233138 -0.246079867177943 -0.0169891346916358 -0.0322854760288404 -0.0526328096491536
0.00114548974425958 -0.00521583782646796 -0.0611161177183084 -0.0408571848859591 0.620536915115076 -0.158311233212902 -0.257483225919251 -0.0125261685650192 -0.0528183939548169 -0.0357188909299548
0.0061188446926346 -0.0163519608309778 -0.0687520495957997 -0.0221910365667505 0.617924868007405 -0.152699575735701 -0.251912209078478 0.0277934728623208 -0.0100631639471806 -0.0502676153749073
-0.0155030787127108 -0.0402513515637742 -0.0669258761482616 -0.0294315919260342 0.63031242441274 -0.154305705150363 -0.278630320806383 -0.0213546781805038 -0.0130628922736213 -0.0072049101833129
-0.000512730203796954 -0.0372309910170355 -0.0494675707109192 -0.0275177359292735 0.620818586701643 -0.156395228538553 -0.279993472193398 -0.0244540792222809 -0.00692589690445812 -0.0162227699565861
0.00218663178837266 -0.032104505257232 -0.0735190825365117 -0.0393525677805862 0.613416014550019 -0.168443176213651 -0.274543266670016 -0.0241857170454015 -0.0278286118227187 -0.0209659938946425
0.0578556422083724 -0.109016196633413 -0.108978632687644 -0.0414271496159656 0.679587402155232 -0.212872300662881 -0.224833929054921 -0.0652968808303289 0.0355543437860851 0.0748621690982363
0.0406673072833128 -0.0975351075370498 -0.12716281579369 -0.00357710520231202 0.67725951202656 -0.234529203080183 -0.241488644395278 -0.0227882758302289 0.0459845388843177 0.0423424989011486
0.0758012994496585 -0.1000053012263 -0.102239763040997 0.00375164456135004 0.67960469052363 -0.212676203385085 -0.239907310176769 -0.0286448382034807 0.0748046898328197 0.0465059410209168
0.0747863986089626 -0.0934704763981178 -0.0805692639552752 0.00748468489506494 0.683781242263456 -0.234283344936714 -0.230631282889101 -0.0316336109075599 0.0650348779261206 0.0406832589274325
0.0474637565993941 -0.117873261579506 -0.0686447619613453 -0.0318605650551276 0.653369801782889 -0.212097165983594 -0.304404392282602 -0.0357842852084678 0.011351525660396 0.0123149439419717
0.0558693599158122 -0.107400157529148 -0.0625217153697748 -0.0161667491485926 0.656745454842746 -0.212404010773517 -0.303315614366394 -0.0455218566973269 0.0220642071989981 0.00291849328511326
0.0737620848224762 -0.0953990623088304 -0.0398265696395283 -0.0337888035879537 0.62715061477036 -0.086236786286729 -0.125886032492319 0.0178444675946962 0.00522406144725792 0.0591783806616638
0.0745467822794124 -0.127177312226323 -0.164143382985023 -0.00281628096628537 0.639923267697456 -0.155621369632562 -0.128616392228419 -0.0031553549945976 0.0232552818860036 0.0335558692145181
0.0932566281692673 -0.130484545546241 -0.149945515411596 -0.0277530187958232 0.631099387450318 -0.146361540305461 -0.141110011418703 -0.0152219776150313 -0.00455428616348063 0.0419770699354686
0.081023027134461 -0.129769738182259 -0.0785783313663966 -0.0210535512992656 0.575668222736772 -0.128819578795692 -0.178419343636273 -0.00636378409647377 -0.00133326411394106 0.0515778785663126
0.0175037809297427 -0.162995172688181 -0.0530684102926985 -0.0256772575061204 0.629083706152668 -0.145417905860913 -0.131925724712683 0.0277011144803975 -0.00628975994960181 0.0407039623357898
0.0433565438381038 -0.180762896802873 -0.0862215073869938 -0.00161838936418583 0.640706089137725 -0.145834719795776 -0.117517022633107 -0.00338727807836125 0.00280073119654307 0.00264465560559281
0.0366335624281458 -0.224807611130087 -0.0542475561409428 0.0476669743068001 0.605724454515719 -0.142322241680715 -0.101996005040194 0.0500195808976405 -0.00530439059870449 0.0182559394658846
-0.0792360696063059 -0.480973768322206 -0.0402745733658221 -0.102173219714861 0.131368703748952 0.0454871868432941 0.00671490895875774 0.127915672989245 -0.238187091299906 0.0326426908109962
-0.0768879949948314 -0.476950545075154 -0.0155997637597592 -0.115799519651065 0.075354655753775 0.0650002326556894 0.00842321560952464 0.13295052828335 -0.219395513237821 0.0219818380329525
-0.134168460089509 -0.0868187537483623 0.0691290906995654 -0.0418051822851445 0.13759879716372 0.0480177530200448 -0.0913863143378029 -0.183441684741624 -0.253763976409894 -0.122236943795356
-0.12482486206515 -0.118719616628902 0.0976269848170163 -0.145182743556715 0.0484131338149989 0.0280183462443009 -0.120499034157684 -0.122360819109812 -0.351739281725561 -0.108500470178432
-0.138042167137542 -0.0741303186867436 0.0579227848415496 0.0192185755245069 0.0723578880495938 0.0675594310041764 -0.0306313024909741 -0.122711734235167 -0.316995928499812 0.0155927267726224
-0.119288691055349 -0.0727194040082776 0.0541834427375357 0.0120563846224041 0.0844489822253899 0.0642351214917602 -0.0370387183802304 -0.133617147655872 -0.322813851193669 -0.0144222453670123
-0.0901818287261858 -0.0268453358760599 0.0193620514864849 0.00740030880158284 0.060702258551495 0.0417128838456867 -0.0376103936255732 -0.147283268012944 -0.351218554775576 -0.0089976032754641
-0.0821936059810429 -0.0524022840903275 0.00862583116418236 -0.0154553791132597 0.0594568950234899 0.0948410206735603 -0.0395371468540358 -0.173355145427726 -0.332480593612372 -0.0159376500214124
-0.097102515859808 -0.00428712041149284 0.0993741503563735 -0.122707050805235 0.0843356844676219 0.0779266142026486 0.0718120333760924 -0.073596556487216 -0.321460835636823 -0.100001008263831
-0.123270371422459 -0.0373212873567946 0.116714055817768 -0.112170124149138 0.0829076916578367 0.118802237080009 0.0904622926033406 -0.10305122718782 -0.331588538486654 -0.0551393643775614
-0.133568132840003 -0.0736746649767424 0.140417082113283 -0.145792544015432 0.0959036716870894 0.172013821214397 0.189146258127639 -0.0909997578298478 -0.313196068316187 -0.0367976172195989
-0.100468053473542 0.0890560995330904 0.0499347420022564 -0.105444821128384 0.0667018861032462 0.103688445267757 0.0702849968053454 -0.0941033271159476 -0.332679986424799 -0.0149827616349459
-0.118297214114897 0.0543296225945229 0.0900404360858543 -0.129037419534582 0.00896149482570829 0.0483849551021566 0.0884691475633574 -0.150381877074489 -0.332169245305368 -0.0337640692327745
-0.0661527752419152 -0.000631400669173263 -0.0631039759890338 -0.179491217378203 -0.208758119589052 0.0316600900592326 0.0456119135516382 -0.11966927557425 -0.434108252269239 -0.263195763165919
-0.0661527752419133 -0.00063140066916641 -0.0631039759890265 -0.179491217378205 -0.208758119589052 0.0316600900592304 0.0456119135516362 -0.119669275574256 -0.434108252269236 -0.263195763165907
-0.0276100038039356 0.0356555723564198 -0.0409818638786387 -0.1376072477717 -0.168164976424202 0.0208582508418431 0.00562339162900826 -0.125042170053178 -0.418059901302268 -0.297969930097442
-0.000921881435606208 0.046357431473949 -0.043731876742473 -0.184029445801118 -0.172279475258196 0.0498089208911603 0.0514386328651579 -0.157061133478312 -0.392186330980691 -0.186985542543089
-0.0349854174550953 0.0396845364028242 -0.0479255421094987 -0.178417892118823 -0.142354740832985 0.0428427917805438 0.0286768236742234 -0.149819424237348 -0.40553330264665 -0.192668379473016
-0.0303008974248256 0.0249026600750267 -0.0228763553515248 -0.188319544668644 -0.148015143303884 0.0563719811775837 0.0528489685077984 -0.15507688346085 -0.396119108886993 -0.199100234891155
-0.0617792579272547 0.0701400450250531 -0.0810326470373344 -0.171324762693086 -0.165663212506009 0.0755077610595029 0.0298895923357478 -0.147097206845721 -0.422809552630513 -0.231682359988943
-0.0400281622202038 0.0376800283330181 -0.0565405571587675 -0.169001136029709 -0.174289768726135 0.0444239992912529 0.0146597040213997 -0.182076014863064 -0.435626083245547 -0.234099281317878
-0.067747369265073 0.0253235945776985 -0.0935520627830756 -0.132328526481457 -0.127894472736728 0.0237855620350634 0.0369139751789011 -0.145515288576241 -0.405070061361494 -0.278127883458846
-0.071417063554601 0.0449025920690213 -0.0974842747453961 -0.122743100972813 -0.168370412615402 0.0500049689560736 0.00636026829686312 -0.146318117802519 -0.403109876616223 -0.267567378865217
-0.0334339822761803 0.0504381492851001 -0.0449498436624149 -0.143711609219443 -0.129645304174643 0.0264073387158276 0.0132075192690749 -0.12510562269398 -0.428396379335548 -0.275291776102585
-0.0524152367929496 0.0126339849890945 -0.0456383057489321 -0.136871247273326 -0.179169971110675 0.039101208915546 0.0524191806799031 -0.120295975500945 -0.396193919826706 -0.303054230257236
-0.00774661210663457 0.0376111076432762 -0.00505554634679447 -0.0940415925352737 -0.0733332687379771 0.0856322351561958 0.023458083949927 -0.0635015001403142 -0.468803714685861 -0.211834833076151
-0.0616431949883262 0.0389839966285181 -0.0142820679265924 -0.087752897677946 -0.0775981946244069 0.0846361940249305 0.0368679504037896 -0.129756923789927 -0.463008098963264 -0.172785921243771
-0.0436470382050776 0.0257410277660583 -0.00253174527942029 -0.0972034560763992 -0.0822756625618991 0.0987965432160533 0.038799943052929 -0.115648353800438 -0.461746072718463 -0.182306809098831
-0.0576266651300656 0.0511816233574482 0.0212255062131711 -0.103433805319618 -0.0859580572041609 0.0773714569208299 0.0361702542238574 -0.123425172647964 -0.466500491749557 -0.197602394139686
-0.0625112001286045 0.0652864349311729 0.0105842359542202 -0.0920755416372564 -0.0744870446556202 0.0844053987218082 0.0327383865974511 -0.133829966239979 -0.465040399078402 -0.191526218399645
-0.0511534995350269 0.0674746500691025 0.00986222979516036 -0.102176835628999 -0.0782246089413115 0.0817498982740861 0.035256717406613 -0.132752820887953 -0.473305468801531 -0.197468970058109
-0.0533662154844227 0.0457280279975364 0.0302686179848532 -0.154940866713361 -0.0772302743945567 0.104732208173834 0.0574953711949024 -0.0973585395764191 -0.509820942325102 -0.168153092955943
-0.0305637006453267 0.0313830534819991 -0.00468438278390882 -0.167487846618941 -0.14002007594088 0.116330248209705 0.0852653894717727 -0.102137522086413 -0.488018126744443 -0.197228052949909
-0.0420250009144715 -0.0631181451327768 0.00134680759926933 -0.123579391487401 -0.0188893893361281 0.0717980557729634 0.0839820285737369 -0.104854240016626 -0.389584887325003 -0.00929061226331997
-0.0156839611369353 -0.0940167413778996 0.00971076490828814 -0.115973489636828 -0.0437040582248567 0.0500638552067459 0.0511936986122341 -0.0760912347986137 -0.402932648050936 -0.0817549357256321
0.041287438039555 -0.0645794664889117 0.00723696885083872 -0.0538592621230614 -0.0581001272590879 0.0856021338479886 0.0592503186188212 -0.0966860347329481 -0.349889404117167 -0.115138060684972
0.0305464643966388 -0.0991111937311199 -0.00580905570199391 -0.0353153656302839 -0.0954149619435689 0.177784259810612 0.042034471643683 -0.100268677114495 -0.352999653291334 -0.0975163902057309
0.0476118999647623 -0.0930100313627311 -0.00979872268746559 -0.0555707244388094 -0.0317498211908533 0.152908560500204 0.0259869243849037 -0.0862166702001331 -0.336095336335292 -0.138199177780578
-0.0149823733625201 -0.0744881669750675 -0.00207710298777739 -0.0125987876234366 -0.0274718366007948 0.0948017658581914 0.0448797763127756 -0.039553918855883 -0.375225979243657 -0.190133530856608
-0.00737289828964266 -0.0886704662336143 -0.0187806937338294 -0.0930878745758165 -0.084185560527299 0.104911928343837 0.025708828035579 -0.0705968733305129 -0.347292017054632 -0.184946429870578
