0.188958769856391 0.388334602219893 -0.374596567203497 0.333228708536398 -0.357066260511656 -0.347939524953314 0.3749706156316 -0.0177199222978201 0.283845544681574 0.0567934246939042
0.314514713459262 0.451606386670792 -0.2421413875293 0.489963358412544 -0.133389785944525 -0.430950890118523 0.261822647299785 0.0288812528657367 0.14306673220248 0.0112879433074171
-0.648328829539859 0.510542425933709 -0.225761849345385 0.177904354246218 0.417825338005512 -0.0475356620953069 -0.11530278092791 -0.451080147278695 -0.0249428940299229 -0.18473873782796
0.107957700860503 0.300151633220835 -0.359720804254546 0.523277489222168 0.111768525342418 -0.0929175641064344 0.334214747507549 0.205110989058756 -0.075056260438535 -0.0993198641886163
0.262725925377592 0.354784154078407 -0.38637687589434 0.336280548287673 -0.282418832696172 -0.362319505993067 0.314321892044899 0.0519627320284204 0.368398704736535 0.0662074264361753
0.155026580518261 0.358634504750172 -0.370394002741981 0.328180711152031 -0.332226943280237 -0.365510722016417 0.356856451024738 -0.0192827305264626 0.248624818677223 0.0608123766313661
-0.722181884843526 0.520196854071936 -0.209005806606659 0.271106533410104 0.338005672667078 -0.128236216061106 -0.317367808826014 -0.511066392492645 0.0635198185028351 0.0108144014616725
0.413701570914119 0.394248655543826 -0.347756363999801 0.463991662167263 -0.125608188546003 -0.465033991367085 0.289100388938189 0.195475105775604 0.00185467756990291 0.0917388918309411
0.150845186093589 0.351823388139636 -0.133439874990685 0.592245513356861 -0.244343848606581 -0.216252033502364 0.349623788952955 0.0763165706020669 -0.0653568330968514 -0.0141386414740108
-0.125092755511729 0.0140798536421213 -0.143795175363776 0.263880170721054 -0.0810936631172962 -0.390188009182501 0.220092547510965 -0.107004715918952 -0.159256892477701 0.0966572659367185
-0.607451094789237 0.558968067427112 -0.188544078901763 0.210835304490432 0.346176581953101 0.0432824663073358 -0.192830863879949 -0.439442653487854 -0.0168133616770454 -0.171279393006437
0.320165998112439 0.403717429672581 -0.335546050201634 0.547115445983994 -0.0907494900938729 -0.428176746146092 0.312323382325499 0.277380062469965 0.0712939724538876 -0.125227687547003
0.259799049691731 0.400514079991381 -0.280790219688929 0.496949895862258 -0.0757578733616956 -0.430733697379872 0.329627006494351 0.258443131311705 0.124944403249887 -0.155806024950123
-0.134260135461167 0.15503217661265 -0.0990473687429034 0.192203781234567 -0.0601239132379174 -0.242741172606866 1.04787677903404e-06 0.0413791225480146 0.0113929788472573 0.150557773699243
-0.109222163034375 0.132959785163813 -0.121938535738185 0.296704706262861 0.00320826494476955 -0.302237793554181 0.230265126360926 -0.0358858890405756 -0.181676019968935 0.268530665439876
0.204095807366331 0.478696306737068 -0.341537382367662 0.550274081403521 -0.146855197504797 -0.34580158829259 0.215185610927371 0.230579602678783 0.113255752742251 -0.124539206376623
-0.253013535178553 0.247426773976185 -0.104506317576655 0.454042890584637 -0.118602052538546 -0.193584981200434 0.0320194375037187 -0.0558749725299314 -0.100934802866298 0.0966446595328763
-0.0968590687320996 0.146755616503953 -0.143739807469207 0.271100865081141 -0.0062517824344612 -0.242412300709571 0.179879851286001 -0.0105515960362719 -0.186264423422175 0.256169117144818
-0.0575414700716882 0.167807261821393 -0.102980655547126 0.244403100039695 -0.0879854138383455 -0.258328467772396 0.0148800256130686 0.0622369611225999 0.0528913046733036 0.204500112156785
-0.614271873100667 0.282921030992684 0.0249660666866842 0.26698761338758 0.505894452568081 -0.0524041214080777 -0.140715496732007 -0.678935152498364 -0.284572952209556 -0.246786648574695
-0.0842837561685165 0.119687256505655 -0.0668669761200822 0.280073250420705 -0.0318232063046799 -0.246247496313086 0.0510819556203566 0.101075542372268 0.0140190226781112 0.16455266805415
-0.236837269360555 0.227241007849607 -0.147900745487791 0.460079437719142 -0.0938041587263945 -0.214103086216364 0.00842380277503854 -0.0518100572892904 -0.125846185677681 0.105408502093869
0.277284484537228 0.402485943640926 -0.2901609964795 0.496549866928737 -0.055596982365153 -0.425253733076926 0.330424209989673 0.252806781477002 0.127686895874047 -0.173743269336367
0.217664642677373 0.384356104729769 -0.372870278891034 0.292918501031503 -0.305101026502023 -0.432447832219759 0.249534358148907 -0.00885594774193162 0.26741032888884 0.0575091942016549
-0.111821635051439 0.164477853797066 -0.136344302691427 0.345033149380553 -0.023163466542012 -0.31304875356858 0.197898612745861 0.0267282328321571 -0.15805157565739 0.237245011868257
0.32733846487971 0.207184257968312 -0.38001746748677 0.438018246086298 -0.260269309544467 -0.0749003313532821 0.123268656258096 0.131751474752539 0.000573925712069007 -0.0369557106602719
-0.106095263569837 0.226187456410149 -0.16558375381344 0.241162941472776 -0.00545634707689422 -0.272539002007164 0.155460981632008 0.12049435937608 0.0522724541349683 0.18597425720641
-0.168046069440119 0.298315991445684 -0.187833230880092 0.500913361136939 -0.134745431399227 -0.25159633786095 0.0214379602489381 -0.0498363963764924 -0.126471569989768 0.147141573497658
-0.668698541872717 0.208611529502278 -0.0270694244114259 0.302186150296186 0.482244289443479 -0.00384031956870372 -0.0804747806203855 -0.706666311880853 -0.17484866173729 -0.333748171847917
0.240492190904509 0.25822406285677 -0.339306527231846 0.420837433767122 -0.314055924627922 -0.0550138166327944 0.191269393261456 -0.0229506730456056 0.0537533973918408 -0.0118792978765033
0.329861434324133 0.145951342730664 -0.331625443449302 0.415380344794319 -0.257861248151654 -0.138891479301289 0.171990843284974 0.101952249218227 0.0407831894052299 -0.0817466989981531
0.327807588257117 0.262125063425743 -0.244397695646358 0.503612989688608 -0.144285216699454 -0.59519212821344 0.344185581953288 -0.0849730136189609 0.0334975341790935 0.11377226533205
0.176959077298637 0.348964053745168 -0.349804067145094 0.340702827475645 -0.282589611795228 -0.401937877450168 0.253467003443339 0.0153869086819796 0.324137618199069 0.0422328761001462
0.343304020726605 0.14142350066949 -0.320353253281334 0.413979588813199 -0.262755392891382 -0.120492095742974 0.167028527606422 0.0825911235164495 0.0586068117908647 -0.0894094766318322
0.0731495241406902 0.367465971806645 -0.181806916439473 0.514308541571457 -0.232089794662225 -0.174490176949638 0.306360195370857 0.049544713677714 -0.0732187503229671 -0.0216971206835774
0.328823412646795 0.474526990710757 -0.195552362530425 0.453698629370559 -0.10536236210167 -0.351438477971604 0.216586768695119 0.0729215898858237 0.0916479164554189 -0.0309710022149797
0.425350343935531 0.272306954065715 -0.314317027626682 0.512921621173575 -0.22255547191366 -0.0383666075754331 0.119642091385142 0.0489118239325968 0.073774041314264 -0.111434005207279
-0.14575551671236 0.1629822609115 -0.115904387467082 0.493631203635755 -0.0910942820228104 -0.271615434674697 0.0345106540914967 -0.0556943196952445 -0.0764587008850225 0.0656148986122948
0.238503179439211 0.279858295348261 -0.360493476197149 0.454950411951819 -0.341840542545665 -0.0585201289407737 0.211241110418631 -0.0365420060678315 0.0444955082318092 -0.021902734769176
-0.0813748857109545 0.0925279460825256 -0.184286631701854 0.187772294213761 -0.149534016623804 -0.240489738335627 0.124100290674241 -0.0959392528524589 -0.177442851876133 0.118236547540748
-0.213939465165339 0.209532105639752 -0.122495422375573 0.446105180659888 -0.139881936440241 -0.284276055023818 -0.024966336498408 -0.148934233526319 -0.142412535266704 0.147493016242475
-0.589510710548903 0.318749547696803 -0.0503949173987509 0.280194859225239 0.461038768214297 -0.0224624763109297 -0.13578052953421 -0.654793463410133 -0.160217726236938 -0.359449028608042
-0.584539369300195 0.319155496678402 -0.0173871579438861 0.273902743745408 0.490450329711182 -0.0566019324133959 -0.170641446331414 -0.704354747098621 -0.165110432623944 -0.346359586469189
0.0868914621714292 0.292896009109132 -0.164807403190146 0.551653831545451 -0.222516501287248 -0.121481212153512 0.347007123187943 0.0631946669928923 -0.064688733841577 -0.0127972109214598
0.369677974669237 0.197324657183083 -0.320631526098263 0.490991550555308 -0.307999857031205 -0.106324641003278 0.0689384091095976 0.134737283205638 -0.0185086428341485 -0.00500330867512732
-0.49759405171905 0.520137275627739 -0.374541934071035 0.161456426603806 0.256518261121694 0.00358138428380868 -0.19733092710442 -0.43776080451375 -0.0108577032320762 -0.164407089169781
0.363652877538325 0.449758328433911 -0.155569293818746 0.46124204586324 -0.100824427584301 -0.305637666047045 0.216000195377055 0.0970550715253335 0.109888983581414 0.00191113046769275
0.302020947801335 0.261560847676046 -0.20003464528611 0.496083521012021 -0.137773985516164 -0.668351985277341 0.329349651940302 -0.0207360551153666 0.0656908694004463 0.132646158833402
0.261700480659794 0.435396119760846 -0.302722454755052 0.581539337971791 -0.0801929489879479 -0.460892175725651 0.261574652579652 0.16837118992667 0.0846331923844227 -0.0781720107911449
-0.012682308292382 0.107288740653843 -0.250417200623747 0.177928221960981 -0.00960534289528571 -0.264985860001258 0.105734508559786 0.135845553186545 0.00156880950237512 0.131606534434706
0.315889572666273 0.141168223659823 -0.371589260263047 0.453243847622098 -0.353329385187791 -0.119951628775649 0.150421833715864 0.149829067823932 -0.0828422563862371 -0.0282984142641823
0.0418867592079357 0.304103838120461 -0.149751727609545 0.446664663932774 -0.291838042552597 -0.145617474266365 0.283840048155121 0.0746892369617542 -0.072755987099171 -0.0256377421493888
-0.494777417071145 0.372869748515083 -0.0878649270504866 0.292145336843457 0.427812656155622 -0.0782017764054541 -0.0762324486587319 -0.667901513178396 -0.0755735194108473 -0.29836273194241
-0.615740024091893 0.476328682995994 -0.195738665929694 0.286559376539206 0.2942284254813 -0.0148706291273579 -0.24782916031653 -0.517123755766065 -0.0695440544562616 -0.088613281068906
-0.170867273842443 0.311327257730862 -0.119631638270493 0.510940010470698 -0.122360929408146 -0.232461342809953 -0.0113135083803704 -0.0103374829063932 -0.10670241437453 0.0754083296333422
0.356480425168131 0.204552793867149 -0.342874957528517 0.438411934969024 -0.316145504495143 -0.158596705326817 0.109950584372792 0.133436305010763 0.00175146914221056 0.00463785200461223
0.349366792541319 0.475417217535316 -0.22105742914311 0.450921826238764 -0.0948873935155887 -0.355502748728162 0.18173092414135 0.053347346689909 0.114948629810682 -0.0612563755733197
-0.109010136759803 0.0666100130705781 -0.125570836566671 0.27227697115211 -0.077166051108061 -0.376844157461277 0.218525777370841 -0.166461688104811 -0.179333769840388 0.0818392365281206
0.420983954861562 0.516075143052098 -0.255061423705585 0.408905403006004 -0.0446316301195068 -0.357683451602629 0.238534423404191 0.15057326604217 0.0981616051893358 -0.00444176895590427
-0.138452286314497 0.207474131841787 -0.149391661838292 0.206851717751208 -0.0528950941324572 -0.218432360135375 0.0610103719225829 0.115709809611961 -0.0324132086248653 0.119228005286162
0.284378527999256 0.281836955631187 -0.274346561978854 0.422206107109238 -0.354332887511382 -0.0613760402868799 0.184421130837468 -0.0196407609209869 0.0193705777946879 -0.0272422285177284
0.295948332791068 0.285077676220256 -0.3077071605774 0.547680029061701 -0.0733745866174555 -0.507606759238076 0.136610963652372 0.261739067352158 -0.00220853725012805 0.000325122157664271
0.345024041634194 0.225842151261831 -0.361752692736102 0.466050091928816 -0.268380069289475 -0.104698346260052 0.115955630428833 0.131189175770879 0.0230127679323674 -0.0210195991502721
0.0876393778076543 0.296929486994985 -0.131380776235716 0.501914177664377 -0.269319411040937 -0.167864782389491 0.224403811876982 0.0431049561960065 0.0371854369466408 -0.0470550391470323
0.0671812432847636 0.377119645897429 -0.16317371461993 0.530157121685136 -0.280778897924216 -0.235366842865903 0.296092332359885 0.0330277422586841 -0.0399353888106217 0.0171143292763364
-0.178141726203822 0.274753241994139 -0.143465304495476 0.531243615177431 -0.0782381699109292 -0.213697267219492 0.0284495417503352 -0.039961945164468 -0.134281377311752 0.106573965037057
-0.0425138177079236 0.197811353145608 -0.122184388753809 0.24279317531333 0.011634727579067 -0.269837689114838 0.134112437080613 -0.0772245360760991 -0.143254209762166 0.154683662582992
-0.17237442680814 0.135087965506657 -0.155923507203058 0.224292279485023 -0.077016898830171 -0.221856382090136 0.039433226099455 0.108562043096609 -0.0466579306629527 0.103443071345417
0.309668084403251 0.231986082939476 -0.17411996974553 0.539772581786466 -0.175552942369145 -0.622572143119683 0.423675024694032 -0.0387257260337343 0.0683662522971102 0.157692699560659
0.283831851754769 0.421569662884369 -0.267118366109857 0.484883842168888 -0.0714994392516838 -0.454731883369259 0.342315549806217 0.266211777495464 0.13889116982339 -0.121701625210313
0.35542716899008 0.538596742308486 -0.271718551419268 0.479297948260925 -0.129040318850047 -0.323312217265138 0.25597136863538 0.0840066351444121 0.14144766882393 -0.0661130946536651
-0.156388315890059 0.154427810932184 -0.119676261878929 0.502983311274015 -0.0939573230587026 -0.248779589130753 0.0317623048822706 -0.0509139812303221 -0.0997457072155272 0.0786462145166401
0.242704480328903 0.485566786466371 -0.325234024059447 0.540581521518962 -0.0828636600411758 -0.406586222304815 0.289501848225951 0.00497118756009236 0.118491795690102 -0.111150702475208
-0.610452012661677 0.271772104422622 0.0489368013709709 0.282614820654796 0.527678308589782 -0.0688983497888157 -0.143525582757213 -0.689490931226473 -0.239859194664809 -0.283243388163683
-0.153037098414815 0.225262886458147 -0.0767154785230154 0.481606082344186 -0.0707621652182302 -0.289330146243092 -0.0186515462041297 -0.094400485421937 -0.0462263167551028 0.119020395438606
0.05725508475924 0.276734081430213 -0.105244026236155 0.486884970072394 -0.241570851780048 -0.139999295031955 0.313580737075121 0.0232331670996779 -0.0759156952292739 -0.00974178381789098
-0.500830360262714 0.237357163542518 -0.0225681322828556 0.23539165489777 0.526780919680554 -0.179678057434792 -0.207884782374892 -0.679672539211917 -0.186943949157798 -0.285210591478629
-0.172679183558797 0.126720668741838 -0.143144732985802 0.373040190487707 -0.0634176549100137 -0.285614730703036 0.16261850931939 -0.0614044457212172 -0.20459818405362 0.229938889997776
-0.19071847611325 0.168113430640059 -0.223534934844592 0.240562971313826 -0.028595634404953 -0.205418751731554 0.126771706778909 -0.112226229277801 -0.213212345562007 0.0862366820235804
-0.0772193308329136 0.147207926672258 -0.136067233881118 0.259798204885229 -0.0262307867897912 -0.213281544351056 -0.0736770230807968 0.0728751960375307 -0.0109317187866725 0.142856422113689
0.257879526708709 0.271075900736073 -0.332060807273491 0.42460018240513 -0.404180065956634 -0.124660592595941 0.227556423313781 -0.0258792297136457 0.031655541246514 -0.0289089131386941
-0.201618096857085 0.259153376913708 -0.15275115721694 0.466795503548233 -0.124952859622759 -0.286418104595185 -0.0351874894935264 -0.091721705948393 -0.11131173798562 0.140115919308796
-0.543436387487426 0.307224839621257 -0.0484662932506991 0.277039664144672 0.498231833192716 -0.0489399041534408 -0.176169672091874 -0.739413721720142 -0.162714912473576 -0.343831383073204
-0.094427565967113 0.121722513938749 -0.131652000139316 0.259613489578632 0.00207313435240791 -0.20921433471273 0.0591590249228265 0.0675297807422529 0.109385908489463 0.109202748293266
0.153663564528226 0.33437627541786 -0.0690604444528048 0.497262333985166 -0.24630297615759 -0.301836849076559 0.357547620688933 0.0595424570819352 -0.012359643091653 0.00121695115758132
0.396555682977266 0.188015063370423 -0.358438163059104 0.428080926437281 -0.261119029350735 -0.0923725870697286 0.129080605396115 0.106409319948143 -0.0174218872248948 -0.0292722436936038
0.166862806759894 0.352051773343932 -0.073440300056693 0.538522103112904 -0.245602314733971 -0.212157361971586 0.327189126015906 0.0614258403522479 0.031724190458026 -0.0154142619668639
0.429048927247057 0.337597636226529 -0.133946641876735 0.349978189165464 -0.159057773297238 -0.41229002080094 0.161991793463157 0.165000017143659 0.111578389844563 0.10207915832246
-0.136083091439935 0.270120356608229 -0.138205799901306 0.48888329003338 -0.0920171047338724 -0.191633884072368 0.0975265681741917 -0.0838421541833331 -0.1172169979627 0.0842633726419101
-0.556580975226449 0.205019135367799 -0.110096508215708 0.246769237565821 0.560505858033351 -0.0621609145000825 -0.0545453573171426 -0.744224588007841 -0.136354113575258 -0.284439195296464
-0.14577488577543 0.302740740976692 -0.170907377996715 0.523458250399909 -0.141821309941333 -0.237193717115672 0.000523832299065977 -0.0483607625200096 -0.0936786882149525 0.0966463457811936
0.220961384741713 0.485947785523865 -0.313047056147276 0.465386831452665 -0.166313732625848 -0.391840145184545 0.243645768010692 0.172533164861554 0.105563221877911 -0.0884123359277899
-0.636898123653914 0.440452140670561 -0.204953940647007 0.289609173915259 0.283028298884543 -0.00429735640439787 -0.180683514371744 -0.476874872798989 0.0127593978559132 -0.12606832230241
0.290395144754597 0.377770682146385 -0.341337475483772 0.580887934390457 -0.129503794161504 -0.443276099209908 0.31218476699179 0.262502584611402 0.132285326477112 -0.108793761629853
0.373273214605627 0.531295839219505 -0.275830069403346 0.469508409475332 -0.125101039001405 -0.358058910305148 0.238993416065658 0.0935784139729171 0.135304564067559 -0.0518478789815461
-0.639247271199447 0.332793237157471 -0.00364884484787933 0.276697615137885 0.37752264894657 -0.00830910102753684 -0.0998905922928957 -0.606154112660931 -0.252404989106722 -0.331465245128075
-0.548617287714423 0.524142281501383 -0.325869968836867 0.125445864902059 0.22236171063269 0.018343060037299 -0.237429408765937 -0.493452477175285 -0.0145716634260644 -0.128073085115974
-0.158525414700585 0.284390455620545 -0.142299922981948 0.502412493186483 -0.12839135999829 -0.181468402816664 0.0210156994669973 -0.00338268251178255 -0.130952453362803 0.109472185547762
0.33130643783228 0.241610469229138 -0.213837635906615 0.533651654302074 -0.162760021455491 -0.603953231485735 0.410681724757104 -0.0569823304770129 0.0135172794258858 0.135999321159541
-0.104875113186282 0.226320232261719 -0.189716841297587 0.284949955310825 -0.0885448844350785 -0.155415770764392 0.0212330032532555 0.0697084680787337 0.112732115447313 0.151804421615277
0.358429492973462 0.426703787861413 -0.17417677861076 0.470242993090907 -0.117700452393848 -0.322863053869093 0.224757568219735 0.120015025874091 0.108079727545827 -0.0403234808893235
0.303907239841591 0.388465571045601 -0.22562299535487 0.415849509399885 -0.22303431581357 -0.494185027858406 0.219364475248064 0.206137108247679 -0.0158779911725088 -0.0566986414670495
-0.156641753860551 0.315532080987462 -0.185506667409436 0.532042179272388 -0.126390285856316 -0.250495224305973 0.00879275290207862 -0.0546885205528099 -0.0953626813292911 0.103713946276249
0.337090692674578 0.15755030786604 -0.311237346215036 0.41554011089491 -0.237539217544423 -0.138166517261882 0.159716213873304 0.129171516713017 -8.46064797749464e-05 -0.103265755170967
0.165004823174043 0.351022402139966 -0.0776675153946826 0.504702034132864 -0.210288062497473 -0.245532604509915 0.320152111440849 0.0374793655165215 0.00890091147438124 -0.0132514040050388
0.367078994417115 0.193035060169277 -0.351871837094785 0.420689818602252 -0.323302111708572 -0.13266454124359 0.104598105382661 0.147819592302825 0.00694818320315884 -0.00171865706644347
0.283399817014609 0.453989092434291 -0.280886148902869 0.526917263570122 -0.063850336990065 -0.436874495102168 0.358144036570742 0.27994270132954 0.117129343497152 -0.122533645036473
0.337676043640754 0.463904999203101 -0.19864865276043 0.446554912564448 -0.0802547394013785 -0.380392162053162 0.198027580385485 0.0703158687335787 0.120680551274531 -0.027747468805183
-0.602300890001833 0.482970042593548 -0.199751292054651 0.266255658290669 0.268651395969001 -0.0379475300923188 -0.240295600576359 -0.52657617206923 -0.0745045333603162 -0.0963522413128931
-0.124495487938409 0.310347699627269 -0.124019702340106 0.491524279249025 -0.123553204794329 -0.179508372438304 0.00264833265125792 -0.0254225473153165 -0.100432169229226 0.114065337549679
-0.153273404156897 0.135378979317358 -0.218175183901013 0.298027523488835 0.0124883195949719 -0.190977607800939 0.107465222156692 -0.0839041999043269 -0.140967436628717 0.159512007817309
0.0400507629116225 0.28727142968392 -0.186494259900707 0.527899042739172 -0.257582972253333 -0.172625715238375 0.24052004678996 0.0563298367729732 0.0191290383052759 -0.0336163634542069
-0.538514141681722 0.266970949876838 -0.0402822364877484 0.30902968413903 0.508008785107715 -0.0462472767252489 -0.118495258342993 -0.768823167078101 -0.122956324441041 -0.291802289393314
-0.597573045924443 0.292988029554697 -0.00354401001408718 0.290320743064769 0.542958477186335 -0.084472456810379 -0.112843596876504 -0.672405536821735 -0.155791807625176 -0.259714143415249
-0.209705439240053 0.223747783279322 -0.121058117919775 0.456698883486207 -0.140834067540146 -0.267830102117305 -0.0204424331190366 -0.129522230653966 -0.127519084873017 0.175968911741993
0.288224077062087 0.274249389149882 -0.299591859334178 0.414028054102948 -0.356677406361716 -0.0709619975257334 0.176843078843335 -0.033294891573813 0.024674126260911 -0.0194779555843194
0.0537914177385837 0.295402548431256 -0.114841774946124 0.50097715947379 -0.288318328367381 -0.161511444679411 0.226479354903378 0.0671650251253893 0.0229020476509228 -0.0478182512879809
0.086788476086063 0.387461381015561 -0.133668039048765 0.528542272524973 -0.263419751557508 -0.222994345955936 0.323515357151382 0.0220121211917823 -0.00564517752238447 0.00305095415645005
0.323442343032122 0.236167416506726 -0.160139954070184 0.544802501864167 -0.166507768441428 -0.631808017915355 0.432147672323767 -0.0428030629351572 0.0514112892192032 0.1542891705949
0.295889660553947 0.436660353684643 -0.316607231012357 0.589900416988242 -0.0947158543202524 -0.461973332555842 0.267945481067782 0.176976811412415 0.117395317168197 -0.0838450930531602
-0.595325261446791 0.242322829715265 -0.113093900384548 0.333908089692593 0.499399934761953 0.0209323569128915 -0.112907010562075 -0.682328740817295 -0.168519885040638 -0.28457334411181
-0.0493622963036697 0.152889939421216 -0.0913777408790703 0.259578933058248 0.0132651079345381 -0.247303437156621 0.0517568528216557 0.0957651508562221 0.0244898367553137 0.154293459535465
0.277049165086295 0.333289631898162 -0.362383516288893 0.467910899351993 -0.390274463158635 -0.0425211040829817 0.209007172708661 0.036701216950365 0.0451462859940015 -0.0363326014705049
0.320494922218612 0.34525198708952 -0.346206984997619 0.437645178666024 -0.366334539581607 -0.0633630835838934 0.176358405253587 0.00472530237373399 0.0418074967516023 -0.012614773670425
0.230517320138669 0.487304972294292 -0.234119565368492 0.5363384441381 -0.0538154137237205 -0.489455027094394 0.286783573832768 0.228091591037376 0.0564836708230699 -0.127548002094195
0.154005465265704 0.397311809878273 -0.369306946229222 0.358802094883115 -0.284639764114681 -0.417406602278748 0.214631554205598 -0.013243151202773 0.336042672501524 0.0697994421619613
0.325099624723114 0.288316323096983 -0.344528435632179 0.457169514298913 -0.298770936233422 -0.107778179572232 0.242781002308478 0.141943917765506 0.0374174008670576 -0.100294271854312
-0.166717014425902 0.127649367933194 -0.136719383721221 0.363173176429999 -0.0584939724023367 -0.307439041022196 0.163365822201578 -0.0649815928003779 -0.213529513555972 0.226850535127785
0.288900571293784 0.36517452843555 -0.233229341408786 0.543719855397631 -0.0973328438878978 -0.438156697327712 0.203541992803823 0.0353380356971819 0.148554994118438 -0.0377665708928459
-0.704273833530013 0.523376848424242 -0.256394854563188 0.188454856256408 0.183180499090779 -0.104392440792744 -0.26595090924465 -0.483725168271795 0.0243965263732353 -0.115674824249259
-0.141601597526271 0.123172297936059 -0.141409093140269 0.319772665750253 0.072397781904885 -0.340574553861257 0.167974897475633 0.026402208448617 -0.0944862182498499 0.107788742987806
0.221224669408368 0.384856446542545 -0.221718607641554 0.574086316583795 -0.126269097632744 -0.402302562657154 0.234950776482183 0.265831240002676 0.0752276294509921 -0.0291268467603605
-0.745787249370504 0.469034264086326 -0.223008994164469 0.178369156645029 0.280575822898926 -0.0758748506993062 -0.253174847017589 -0.462698752227578 0.0414319598432447 -0.0553006355847299
-0.421453924111992 0.3283655352856 0.00751381700549338 0.272892991021626 0.481529915984834 -0.0216519810049967 -0.163908149075082 -0.679167686624198 -0.0942909316937426 -0.31918164426689
0.216364016622084 0.33685941970689 -0.306583581889287 0.539269786815807 -0.159851859609081 -0.445200129848708 0.181437826810288 0.0442960277518598 0.167209492143828 -0.0867248183685418
0.305139361169881 0.395224208765087 -0.336961162574901 0.472813947564922 -0.309286929011326 -0.080062755213755 0.181267666085635 0.112552117783578 -0.0171716261383663 -0.0820208241551433
0.330102134711158 0.262800503282472 -0.364215604869584 0.45091951662877 -0.36812216277071 -0.0468723678608702 0.190394045182026 -0.0256271340212311 0.121067603082391 -0.0466625709648101
0.0650439167961304 0.339875818495685 -0.173283261647845 0.504392723354654 -0.242332068023693 -0.158917609752935 0.304713089024232 0.0455603930324777 -0.0414614329410056 -0.0247611445410059
-0.196992502600249 0.156724968660058 -0.164474250734917 0.302184806924065 -0.0328406697855419 -0.271539245234743 0.142093563979899 -0.0349044088807286 -0.219074022324507 0.221967299931868
0.342104637061086 0.308748629507802 -0.358361904853602 0.432481868204981 -0.278300484601167 -0.130515398055411 0.234902726635568 0.178396369091166 0.0253556154567146 -0.0311005659461804
-0.507542416369088 0.516485741985485 -0.307120674672455 0.134778401215999 0.272118823732222 0.0123411635144096 -0.221411827072566 -0.505314150028206 0.0124985742262034 -0.141574784058847
0.275274681878395 0.476467546924134 -0.364505283134382 0.472203745252355 -0.106622017572889 -0.373478037178913 0.217535770597459 0.187113570665787 0.127329341738109 -0.0934254911129913
0.289582237530772 0.298682995741267 -0.34654395030276 0.460297366789519 -0.335516555271941 -0.0251115753206581 0.194866407854434 -0.0363807274250817 0.0436338750103492 -0.0628904298693762
0.220808704226555 0.454141487646478 -0.262008511534729 0.580052730072371 -0.0647199650699101 -0.454367493050578 0.30859347175314 0.267620755468566 0.0436582977798681 -0.104873417283961
0.427858002045946 0.525174057420415 -0.248291756827314 0.407950741366691 -0.0729581200862979 -0.382347731308924 0.239921439681681 0.120741448052419 0.125179437715384 -0.00153505716668285
-0.0954774287092825 0.173636490141097 -0.0931751806698902 0.291999999257243 -0.0210504819708368 -0.184023579429483 0.027032228146763 0.124356409133202 0.0221759253960949 0.125299322991408
0.274534532707861 0.398468500803206 -0.336625714059812 0.344623005947739 -0.320343439681585 -0.326301467907117 0.192657428889081 -0.0590276389780344 0.25019393249015 0.0555797603175203
0.167176326701865 0.330922779428116 -0.101745165534667 0.498873262696644 -0.231414562984219 -0.271879546673749 0.317411663865714 0.0388426663292439 0.00194122412133881 0.00623336046526017
-0.532488154382356 0.51310025938419 -0.324401589440454 0.139047124857279 0.264415253635745 0.0110067639799615 -0.251587948012099 -0.489743632849169 -0.0336133765558833 -0.0906193190804125
0.136263955246786 0.380220551557243 -0.116063399075636 0.524489857187448 -0.24541580233806 -0.215465667670974 0.312687771634089 0.0636495582349341 -0.00865308984656134 0.00940698594743609
-0.577400560587297 0.331258650410589 -0.0344492418992219 0.30239852441161 0.458067354559752 -0.0352272206653647 -0.181552677965264 -0.664832793940441 -0.173461589461956 -0.378345473299679
0.0403570077695184 0.347426733891714 -0.15091381991998 0.526819471974731 -0.268672097001787 -0.246805259338227 0.303081262455579 0.0270504212923812 -0.01899591681765 -0.00439087061862017
-0.644868905105911 0.446401588250085 -0.194362548045604 0.285722947332689 0.251827190483544 -0.00765070223641109 -0.174771627929353 -0.471844065476382 -0.0046885376248767 -0.127319427361456
-0.178693192502655 0.219541604726284 -0.186194914172431 0.448254099546591 -0.0316248749948154 -0.178483421001343 -0.0210420421066287 -0.139381376422589 -0.0891399452685307 0.125052621717963
-0.147941272200672 0.249872664198558 -0.156604024716842 0.466699652989353 -0.136769465741367 -0.194853525462579 -0.0109328183860701 -0.0255511969127872 -0.113649342499005 0.0970619535805545
0.19976534960523 0.456160120837206 -0.314798654167359 0.557078012307448 -0.123495461790308 -0.405776428262192 0.220155976468237 0.196045205287021 0.139872503853652 -0.117862394104661
0.445380058244403 0.310727512777063 -0.14908301379275 0.462367676493127 -0.250629558603409 -0.411676222486706 0.206133589703696 0.21934944643827 0.0837369646785388 0.0423515217030018
0.246225620937268 0.480882000812996 -0.367653199689326 0.559077768626854 -0.139978796627653 -0.396113096091007 0.202944294398413 0.202746160871964 0.0753786843618086 -0.106497123430501
-0.511233377343621 0.296878829503951 -0.0202011586416766 0.294838698518348 0.500515410116349 -0.0775091780663492 -0.178391351459413 -0.602922716805029 -0.179676602144728 -0.293905048164983
-0.152574690040507 0.0579475884920791 -0.122604805168354 0.219700695755869 -0.071299190465493 -0.308697225027144 0.243064061197311 -0.0948640733313999 -0.141952352607954 0.0729146519715804
0.274174984667042 0.43630750385826 -0.24954308767099 0.431676624744285 -0.21593193455945 -0.445049002254785 0.160851083539021 0.235298690819266 -0.0548869571329407 -0.073015231359357
-0.627305113507721 0.296064498626013 0.000655444767939985 0.243277290336592 0.395709072738599 -0.0227923883667128 -0.101352589019779 -0.615313477121258 -0.266414909500856 -0.322428459127337
0.282221127150533 0.396976384343009 -0.2300920070684 0.475973499363224 -0.279766839479802 -0.443214752520818 0.163816985673813 0.226421320947118 -0.0696699105849026 -0.0484686426752025
0.246881602656475 0.402824912871444 -0.243921175968254 0.489152142331044 -0.252964060289702 -0.461325490568989 0.171347560575208 0.236129976403815 -0.0918006946727914 -0.0854986139317885
-0.60302219023107 0.497979516938987 -0.204615951887397 0.249080646850874 0.272657719062594 0.00387836341554711 -0.206983073630788 -0.460713077471478 -0.0414026130266503 -0.0602693186424722
-0.112904386070212 0.174390403370927 -0.094749422593058 0.260112403113582 -0.0569353578999112 -0.197193469340833 0.0232360342024399 0.146076583191069 0.0697016732522845 0.134549639156304
-0.52321732727875 0.521402700479417 -0.387807883386283 0.177511064869131 0.245217868374243 0.0324019047221738 -0.207277310300949 -0.486665300411467 -0.00790032702682507 -0.174031064592437
0.255770257936576 0.483317502635538 -0.320731940758869 0.502097992908155 -0.125027954955404 -0.391912309533371 0.206592746072704 0.179666522345545 0.118801242299769 -0.110962940747507
-0.627451650652381 0.29236133597108 -0.00449068999329065 0.268949826788975 0.379491615521499 -0.00426857778669163 -0.0899320086495828 -0.643300117871317 -0.26747164125028 -0.353278124638334
-0.599968548299534 0.520335550917977 -0.194616291807186 0.272663084917232 0.279525680273425 -0.0353192366031902 -0.198004762296641 -0.485040820250249 -0.0877623753759678 -0.072697590245634
-0.197128133626818 0.251565492272017 -0.196007593755267 0.433991438137954 -0.0368141709131593 -0.202950754804825 -0.0230341019029413 -0.150135772501494 -0.0615643098473145 0.115453237774982
-0.103570821011936 0.153972350663514 -0.223073324272002 0.339292659513212 -0.195421843313039 -0.276159697540232 0.117756530231197 -0.0568422105137805 -0.079574471357017 0.124635271059249
-0.112517698213792 0.183058506928267 -0.180784155553018 0.313972651563383 -0.0650763846396715 -0.256609962377741 0.135839794492407 0.114349076313039 0.0174589489666072 0.140866527132327
0.246886230767047 0.480073272026822 -0.336424532991343 0.464056071512604 -0.161515975582307 -0.392045604775019 0.262427588240668 0.189402978578207 0.106410267724203 -0.110793453206375
0.463260796805015 0.29890879105831 -0.284335711154314 0.45309973848533 -0.125208224579101 -0.00301543584425873 0.222827932757276 0.0464932465009518 0.0709508166068605 -0.0830873905041143
0.177755699107574 0.366774892560354 -0.377882999498087 0.358379778441452 -0.315514372244172 -0.409287708183747 0.236170019093457 0.0214764634804247 0.311087206596844 0.0768672494250852
-0.205651529238985 0.262739796859566 -0.184599349327418 0.446273520124196 -0.0551105645364536 -0.172573571961871 -0.0268349544772137 -0.115702654631561 -0.0749585191155705 0.0965114362890332
0.0742750951357536 0.374329031293811 -0.120455012978609 0.472502697050145 -0.224852453395234 -0.202502358408441 0.339451895305191 0.0171441572607877 -0.0305620947678064 0.00118168908498161
-0.498960054214211 0.28411839637495 -0.0507103963333905 0.246218416223255 0.527769249563897 -0.0781647860027016 -0.168053533233107 -0.755836975954714 -0.0257163214246366 -0.319831017182514
-0.597964913833081 0.512658766360991 -0.127102795752998 0.234121082263159 0.353392883002231 -0.00326774721514209 -0.24388081873993 -0.508501781260387 -0.0875991482943322 -0.104415258017966
0.310304659410165 0.36700783236988 -0.346583965813996 0.547468249702405 -0.12090993323715 -0.443101839866346 0.32334121014386 0.233838997837016 0.128383904755144 -0.135745434664094
0.364551553608931 0.539713969649531 -0.27212267386663 0.487809562093893 -0.156080759719432 -0.356070269060442 0.256911682136957 0.0815997892003336 0.127642285776639 -0.0476280274768326
0.334108501759047 0.182492798447263 -0.361045109069284 0.432204071183362 -0.238711077466384 -0.126218908840443 0.103460354971316 0.101632202295308 0.0702823854580252 -0.0542710587227241
-0.169553743761714 0.153498438720692 -0.104416635438333 0.497099956344836 -0.0969072025015701 -0.201559907605417 -0.0148678410352922 -0.0824592144634692 -0.149690231750522 0.179186183103567
-0.109212083707563 0.114334960007206 -0.180609280973594 0.320764684817829 0.00782285679094341 -0.358282049538314 0.10578303309822 0.0724032415974322 -0.0742672071701057 0.153682110030601
-0.642248975772065 0.533656505466388 -0.283938316859044 0.156172208038531 0.0962792304298855 -0.0713663551045609 -0.236849357042538 -0.489689882243397 -0.0408364966258372 -0.131823748665374
-0.70211182439648 0.522806922165535 -0.258916216850142 0.183404355132154 0.188366565357175 -0.0846619094775758 -0.256003969997618 -0.467925952601888 0.0319919166919761 -0.126002019589435
-0.118240723035441 0.135381532317899 -0.243018357462924 0.369193308041183 -0.126945357252637 -0.251087323986475 0.089686278728144 -0.0477308957450331 -0.102366192102442 0.0947242665777062
-0.0898621168502928 0.23458134428385 -0.13556004859309 0.330088945063691 -0.0770757917823691 -0.314607928487633 0.124691721214619 -0.0724989144166763 -0.176374057731973 0.100637247736176
0.234847066821162 0.431371339364246 -0.245627682336231 0.521611526744819 -0.0921124627377936 -0.477496524288611 0.176261244462371 0.0674766696654737 0.181806547626537 -0.0597528910192667
0.226290675614662 0.0773518463418608 0.0448584857683697 0.328552414865769 0.323943593806434 -0.000491116609204437 0.705786556388642 -0.323144172957418 -0.418655824742852 -0.251335352670185
-0.684787312613145 0.52322701084278 -0.261357680161433 0.19551779992428 0.409149674534907 -0.0566368301003685 -0.124508992658886 -0.476011722873365 -0.0442740122514159 -0.212200935777649
-0.722573193744506 0.534527282359096 -0.285321758289366 0.0646100542593126 0.322534297624709 -0.00735541404409132 -0.213051573665053 -0.52122768243889 0.0289152065900894 -0.12372319162439
-0.775947917557362 0.53718581440472 -0.184214208948142 0.292071142660984 0.373198578978356 -0.113025774195067 -0.306690160632483 -0.411309487587786 0.0409306398782083 -0.025656324477866
-0.718253552877954 0.540590747938649 -0.237214751080962 0.192362849880269 0.203541647817343 -0.0892474845920657 -0.2811659950265 -0.487120383456649 0.0546595504931174 -0.133244986897535
0.103638714881443 0.291873920803885 -0.352373602412887 0.513783862124296 0.0361232233690666 -0.0977291877942981 0.278995875936215 0.1846113851515 -0.0929744098131824 0.00681609472750878
0.324831427886779 0.429854032030637 -0.326912481353489 0.423664593887706 -0.254345439652227 -0.165374830218386 0.178344745154303 0.151984987896178 -0.0932075919026316 -0.106755487510556
0.312487088396868 0.460181461787206 -0.302451588783758 0.408711138196404 -0.288907396898942 -0.180694284637075 0.1508407325014 0.132412474966803 -0.0855940824816138 -0.107410310921231
-0.711567200110735 0.495882663583706 -0.274031948681778 0.197867843220965 0.403466085800096 -0.0564345922642479 -0.129601065489967 -0.477669054239966 -0.0348868890410383 -0.213984473224414
0.153888537539395 0.409544000186763 -0.446667661700728 0.481225306215277 0.0377467915448922 -0.125842296028006 0.284293109102039 0.165220760163361 -0.0731605063932414 -0.10299850416115
0.384559424329474 0.463328091315336 -0.198349893103833 0.42885526654179 -0.0824945389459748 -0.375809111280119 0.225965977480874 0.123610132423051 0.143798942570944 -0.0449719994729605
0.380602112990019 0.26878190030042 -0.287427630389645 0.418176508401855 -0.249794967132327 -0.103670703962544 0.199583170809987 0.133877125463098 0.0644218071697658 -0.06869550075476
0.395063125104446 0.235151416680947 -0.352564401360204 0.495846547428866 -0.303927729815534 -0.0422065742355199 0.15680804045228 0.118739665824482 0.0147301948736742 -0.0466396447518859
0.279804991171769 0.283328696920317 -0.383322013658624 0.447665825753562 -0.363516738773929 -0.09733038278766 0.171278377168817 -0.00680400775713467 0.0308124569187578 -0.0221355535546356
-0.51624997750889 0.523499695274836 -0.358698331282127 0.144841648793457 0.258110668083965 0.00999225712888995 -0.234174873687661 -0.509403156825874 -0.0164889609918511 -0.144362055271268
-0.130629381125769 -0.00495968962715737 -0.12193519290058 0.268280177620665 -0.0672772016341344 -0.357715358813745 0.171821120864642 -0.0984353916858181 -0.172072271908753 0.0861043281286895
-0.0686704847088553 0.188289064891897 -0.082429361272373 0.212876659436428 -0.0494394482950944 -0.280918091537073 0.00792143203946626 0.0508377225782353 0.038900512430848 0.192747591757291
-0.513408597705547 0.51961781516078 -0.32739405038309 0.161571503543356 0.213981811173807 0.012050831286668 -0.257620015048788 -0.49105056329978 -0.0400646186472841 -0.150326428688216
0.286439396848406 0.428069698152327 -0.275523956072819 0.580351458055443 -0.0696222423012889 -0.499286163175459 0.275092339597707 0.284283752358339 0.0929876498537151 -0.155566148362609
0.101253887549171 0.379368953077899 -0.121062880753634 0.502734042132852 -0.224975657757351 -0.222900789629162 0.340305915178072 0.0408375205273422 -0.0709235066922938 -0.0181967478805714
0.228781307688112 0.408157437492116 -0.247041493277768 0.4956492065282 -0.237077640723813 -0.47036755252567 0.171075810563554 0.23901260625715 -0.0890790412135377 -0.0868141937386272
0.255190363499996 0.37177396589413 -0.30460520459517 0.485322265758834 -0.0789909044899777 -0.467418411529355 0.281539610781227 0.293915433227182 0.150078237326196 -0.159506818222703
-0.142820338175492 0.156629338108702 -0.146303759628918 0.307337282408412 -0.0558264876974274 -0.182007881173222 0.0860678553223756 -0.0599369973044875 -0.130535512572476 0.122440872006572
0.467113981736999 0.365028541297482 -0.208518347824075 0.396278019225499 -0.183114311912752 -0.428891539345239 0.243274615686822 0.242472741769217 0.175331132053784 0.0830002215506493
0.220649668990162 0.397989991518752 -0.242289459202895 0.488291515752079 -0.253362374852135 -0.482892594985843 0.185706870819348 0.239053218494822 -0.0926888917364298 -0.0985917221131576
0.341620968776951 0.15060246358066 -0.327109000524975 0.412114292332789 -0.239690386903618 -0.132889779583401 0.163867254442678 0.120762911797999 0.0377573578520835 -0.09496488628702
