-0.0423927061835565 -0.316684761847434 -0.178349238385949 0.0945670491127567 -0.570191971243152 -0.160072044713934 -0.134248963100614 0.407068951221979 -0.289548729665659 0.124445385946586
-0.13712207655736 -0.217932857626735 -0.129577133098424 -0.0786330326951985 -0.30540506195704 -0.0634159691433067 -0.0485949969515143 0.73917259709015 0.0288974258213748 0.126333056395422
-0.172922508341231 -0.229482292000145 -0.291347651419673 0.323097077911713 -0.431098412925842 0.321605274487605 0.403164653059373 0.171107104354037 0.0138637756275502 0.151990623833344
0.12006827783817 -0.0226789499065366 0.00823834000055063 0.186115468515104 -0.531009965479829 -0.177642276248145 0.0956422884594925 0.75499794714163 0.125838905120053 0.00765073792685583
0.021195673601211 -0.12229444645392 -0.353458079643182 0.18798512430333 -0.688771920470252 0.249010196358064 0.687449433262303 0.134683111221708 -0.0902600779719424 0.309527590624109
-0.134538095632355 -0.290452751262245 -0.160601833096024 0.142045844881655 -0.579074049296341 -0.147444362249675 -0.119182323691334 0.399502195950473 -0.17399583975094 0.144302927026755
0.174768231677593 0.0374656007620219 0.0336959837128642 0.0765303407023197 -0.633500904455765 -0.108533274874421 0.157880799410481 0.55062175797484 0.0956037234779323 -0.0887125028889085
0.317673065196589 -0.0994298766611393 -0.0303366248945484 0.111472129555527 -0.312468370444 0.160730267760667 -0.112064153974595 -0.288747036004904 0.069701420188231 -0.0488500031269581
-0.239934969244543 -0.162798914805219 -0.199882963068447 -0.0808145785463469 -0.401147554491029 -0.044947800623046 -0.102544187355097 0.750016745647727 0.0822118605643074 0.055902528819903
0.278058532777742 -0.152052089836257 -0.221003118272607 0.226652407717489 -0.444965378063403 0.216684335071351 -0.0842352819566243 -0.646271612826157 -0.325758370335318 0.0104848520695969
-0.244150371518155 -0.235297433104058 -0.248176511430949 0.0615311645898423 -0.3739925231261 -0.132813461111946 0.00020079087183448 0.817000312499016 0.0827088893582989 0.0819239483315906
0.173488978131545 0.0843578808991309 0.00988503095140149 0.0802915808104071 -0.553441209179881 -0.131115800225104 0.0276319949505451 0.608768944028351 0.0315627352693335 -0.0985002356249298
-0.202938587695645 -0.221230261014155 -0.190237511201011 -0.0639149882016785 -0.376034556202789 -0.0976092545588313 -0.0463449167458846 0.771791484660285 0.0848571385225078 0.0486797156119338
0.343765660010226 -0.109282228536267 -0.00304159891409949 0.166992529222257 -0.212958018347085 0.0993360549875252 -0.220317580762475 -0.27957876438051 0.0820181866588016 -0.0851956145545016
-0.167756490437607 -0.220625960266045 0.129779346225159 -0.0818513181818315 -0.429573095858501 -0.188583046633363 -0.191887519587681 0.537549097835051 -0.288604067727531 0.119922066738517
-0.281166210494813 -0.333937878744115 0.163091216722919 0.0738529496799759 -0.394875550430491 -0.213673789607121 -0.104747652383229 0.618068685841882 -0.195409001486318 0.193875245207985
-0.302512220021449 -0.242628169476912 -0.134459322177423 0.021415395194954 -0.488342220697183 -0.166387400177473 0.0186067697133475 0.782234360352461 0.12093574989987 0.0778294908094557
0.153457897172805 0.04059781754599 0.0855837305598567 0.160809572620845 -0.595639414831098 -0.170694531838473 0.0920501269259059 0.578105238041716 0.0600876682369869 -0.0667309157098421
-0.220448440428662 -0.330931531715335 0.158038256320396 0.0615051716107406 -0.366692175912123 -0.230559922214355 -0.0117986477243694 0.540379818628463 -0.220993431318311 0.225329475182052
-0.287765139006405 -0.354277089019655 0.141828790708309 0.122391908912811 -0.42543630420877 -0.221050630332508 -0.0755810707557964 0.560412250119286 -0.220632282890603 0.215551489765712
0.240116405043028 0.0238697789018018 -0.0116899749388223 0.125448254885306 -0.188374317975418 0.144458309766631 -0.164734011804052 -0.347385216037332 0.0661289325971736 -0.0476660449481367
0.135780416237286 0.0633246534611123 0.0834055175963581 0.147337557956595 -0.56677889861053 -0.111847162863061 0.103089268567835 0.611193375039807 0.00822724365941913 -0.103440994551706
-0.262656911339335 -0.237019597168213 -0.217294650191055 0.097529299835151 -0.504069113074587 -0.121803532884828 -0.0191960454828536 0.825334783898379 0.166733275193672 -0.0175196466422455
-0.0527579979059656 -0.249711096892132 -0.05623296259528 0.0110010091585438 -0.530382201572068 -0.163407908341514 -0.0825637993458463 0.376032041383643 -0.211769346262734 0.0137969522200486
-0.137318141544667 -0.243969740213853 -0.366622887882711 -0.124225880218544 -0.38430343046747 -0.121414184232213 0.0314511853829124 0.750235597432255 -0.0536872659173433 0.0250910951671523
-0.117597653804106 -0.126609138077707 -0.275810705761947 0.250306392453904 -0.480332658345337 0.258967685621929 0.484411831222744 0.17435932456118 0.00430534830198381 0.116376044908421
-0.0962096467767941 -0.139356991813374 -0.339896964643781 0.25267307521471 -0.65711256251137 0.265095816028864 0.56001207473086 0.1595392939361 -0.13807672168159 0.408051353473402
-0.245260828325498 -0.165552300055448 -0.309633650586299 0.342037421451274 -0.48702886256558 0.222601844412608 0.453823192661416 0.174077113082623 -0.0743900551470981 0.0916386079787373
-0.132571461909446 -0.382430033094531 -0.25058014195496 0.293509090665747 -0.634190498939466 0.193670581976273 0.514401295443019 0.165291044070328 0.0838529816635494 0.350161974102158
-0.253463036935974 -0.312748455843285 0.109432001569524 -0.0126280191508024 -0.423894925635919 -0.18788306422569 -0.052407476664436 0.552057413209215 -0.210097946885329 0.244193915971509
0.392763347809383 -0.0542862338568751 -0.132820805982562 0.150232101604649 -0.42759833129521 0.150913348131635 -0.117450812680249 -0.410471190154127 0.0367576116904377 0.0683434093306458
-0.144351927937995 -0.155833643991391 -0.356694583061469 0.355335318783407 -0.465266342987526 0.260155048061887 0.456460313118333 0.158983415036671 0.0117578639844994 0.189753450920547
0.300608060768643 -0.173779164490058 -0.183814397098427 0.268039615575933 -0.36487766895738 0.123540686905801 -0.102467310324107 -0.550344327747444 -0.262552902797563 0.0248246355072449
-0.111872633805738 -0.160544078336597 -0.243667929652805 0.275829292746721 -0.45994623172362 0.218993256109676 0.419120903433134 0.159142316720592 0.0802392694940791 0.113971017161644
0.396736526007824 -0.0670199389543614 -0.0790720771169355 0.114949441258235 -0.351735054714563 0.164519441994752 -0.153588456762484 -0.38764312472168 -0.0038188877065977 0.150022171081301
-0.266239326090562 -0.296901246670448 -0.257674925212458 0.0493434259247084 -0.439404338479322 -0.0126115121841317 0.00890117689364948 0.752973675495339 0.00325008394104437 -0.0864740287352976
0.24690266818571 -0.132402214951686 -0.103985877785282 0.222467487351529 -0.304088353787793 0.0776191613576849 -0.26301511580854 -0.192270366921151 0.0518078109128169 0.0116421272194415
-0.102500092707731 -0.302027580506694 -0.235942737245029 0.292644458865546 -0.565884971221481 0.157558680909724 0.5348267531942 0.216148277297068 0.0550328519745752 0.37710100150686
-0.10641758272765 -0.148885498272018 -0.351175504972769 0.268624218382256 -0.661580236389888 0.267267032374765 0.579751822271355 0.156004881401051 -0.137770214802982 0.385375228826365
-0.197827353740848 -0.156284933931187 -0.387677151013566 0.386997389243681 -0.451429106604552 0.245412737270376 0.293623094652002 0.195856080053105 -0.00949612767938614 0.155464490355804
0.184123747489006 0.0408934421833668 0.0346350797453499 0.00989402338230794 -0.637452470132821 -0.205304581050452 0.0990962425747221 0.57811765135182 0.069545527668028 -0.0457624412897576
-0.0908694513871719 -0.354551237377984 -0.203766212556619 0.31613685029816 -0.652083835537795 0.166235805094502 0.578527099237907 0.181731530834196 0.0525066136170848 0.281442982708828
0.293646537340942 -0.132953377831255 0.0875712359821661 0.226097233567696 -0.263604872805827 0.109210286879283 -0.188322767557481 -0.376723636035508 0.043624094398124 -0.0638506667813779
-0.143118503355331 -0.120385757613512 -0.263241440117514 0.315100170134153 -0.546123259550211 0.223553862938078 0.437998532552777 0.150269105811053 -0.00664140230486705 0.137506613206901
-0.0850893676703844 -0.355736653307304 -0.210147336551585 0.271833462572323 -0.645835266979688 0.157973677664061 0.576868052608637 0.185093863071258 0.0530999512120089 0.275334121373915
-0.0913011258675247 -0.311317973154069 -0.233869143409289 0.289990947009945 -0.550043892077565 0.0999810044009609 0.583241836587349 0.205848757373935 0.044978648623749 0.363370976155358
-0.063640212691364 -0.159445337263548 -0.308589825566877 0.261533912466465 -0.416956457729045 0.226987565294892 0.388502260502094 0.0847081663401381 -0.101842948775591 0.069038035906921
-0.24680272912618 -0.171793747160074 -0.306585985065926 0.307913234044741 -0.380547027458956 0.317660595058298 0.391029828429451 0.220725326033702 -0.0029403341590509 0.143405023760246
0.0422694002684435 -0.128853067913823 0.030900928892969 0.0268212131931145 -0.521849988878678 -0.0643593522889404 -0.119532666399875 0.555449725959282 -0.174927907235099 0.292603457693689
0.0945047110794241 0.00367770054276595 -0.0517283418516094 0.075500166753117 -0.58976884311804 -0.20158718079492 0.119748003950825 0.603646608712848 0.0470211598746981 -0.1032127905343
-0.194187040434642 -0.239853671309876 -0.242476956009155 0.335178964792984 -0.586445254535018 0.214717411517951 0.655009829207934 0.152779260588452 0.0837924129783753 0.359767642442112
-0.171624756713806 -0.300147696820091 -0.229206699301501 0.346213227146214 -0.61303782652649 0.21849558344804 0.594755142450038 0.177289649522536 0.0165775257117335 0.231988956249925
-0.270875146256018 -0.133576113979934 -0.305143601388751 0.240069697562152 -0.42981965992453 0.255573233574801 0.516681880442329 0.181802705611452 0.0396531893284748 0.128445495363944
-0.167908611913549 -0.235268109529181 -0.297770480429274 -0.0182470138054838 -0.357370292299136 -0.0780302628184511 -0.0310535527071188 0.695940247728762 0.00291014617894381 0.035146735090588
-0.202161850552513 -0.265193633595948 -0.187571523598276 -0.0886281105950595 -0.317705937226361 -0.0525183020150636 -0.0713151576329022 0.697936561089842 0.0173943467697678 0.0474182303628709
-0.0908694513871719 -0.354551237377984 -0.203766212556619 0.31613685029816 -0.652083835537795 0.166235805094502 0.578527099237907 0.181731530834196 0.0525066136170848 0.281442982708828
-0.296612486898296 -0.281476183234947 -0.275657676909287 -0.0123650817123243 -0.504602800263862 -0.0795740583002685 -0.0644843239991302 0.778009827525916 0.131332953021609 -0.0739560185307124
-0.218999773766526 -0.294264671406723 -0.213440647823428 -0.142458837415841 -0.35127647493998 -0.0612684083031065 -0.069315115372711 0.756021931527987 0.0347388097176729 0.137027189678903
-0.297975258508051 -0.23339834231892 -0.24070196980657 0.0338990248012827 -0.463996300741705 -0.152671802696634 -0.0714642021121723 0.761515137362037 0.1338981553481 0.0420605027723321
0.312142592232431 -0.196981508490405 -0.118295252458055 0.27059972656282 -0.355865459204313 0.158755368045975 -0.0949867513583365 -0.482439557802006 -0.319142044782691 0.0434431394141178
-0.292861151407539 -0.263274630583809 -0.234829729550598 0.00673211280443336 -0.49983467528472 -0.159925863071484 -0.0854336460677296 0.803874626965729 0.154189640108051 0.0905878971139974
-0.0724576954429608 -0.191667890473216 -0.342400398501472 0.325162196684006 -0.44927567623436 0.189349590628465 0.375124747765175 0.0981217383178278 -0.0839936710372162 0.184414518432052
0.180166783196394 0.0371310361469625 0.0221323095700515 0.0170945366127496 -0.649145801150609 -0.202853512013461 0.0970752364946786 0.562874492243046 0.0527290380817348 -0.0367279722311187
-0.242982484399333 -0.160820599679973 -0.326185881196285 0.314121742229894 -0.437420247041519 0.255867314685085 0.433610463089506 0.156961948769182 -0.108338808413918 0.0876021938750191
-0.173867554377354 -0.181367070244593 -0.296671718599156 0.290469625197169 -0.4886402097055 0.224991454586256 0.380230490201652 0.113194909371932 0.0779290754329144 0.219882121979674
-0.233185608571236 -0.156704408653234 -0.322303417737289 0.27660471932621 -0.401351423245343 0.268694973976795 0.477040946309197 0.214559196475274 0.0426606675566986 0.10890098275782
0.00451153381166033 -0.123815141306761 0.0118992831204069 -0.0284099278203532 -0.450042664868378 0.0543142921415725 0.00196601055319524 0.702699903222098 -0.129993183477128 -0.136364120410874
-0.105635106630777 -0.298022399246815 -0.242461474692359 0.269244761350705 -0.552239541526516 0.160517790179086 0.581487052916047 0.217409001954022 0.0701510134117828 0.410861853483514
-0.0781888797736908 -0.284998895575622 -0.0934787006154644 0.195987455582152 -0.562671254121069 -0.148250837306222 -0.125945390091793 0.513285318818145 -0.367406508813928 0.210174682628573
-0.122365845184355 -0.0572944104092083 -0.0355431959481238 -0.0438952426893265 -0.616276320134821 -0.0537401512256801 -0.0950513662862774 0.679300754345713 0.0238508200610078 0.0328022383341828
-0.241093813033818 -0.230137825196303 -0.229984157893044 -0.00209486450879061 -0.427598505352967 0.00700324156302742 -0.0375775230720453 0.842905675910831 0.0552826504668436 -0.0943141564851954
0.195751064380148 -0.130546132960031 -0.0477720076462434 0.202436770809548 -0.282963346851411 0.0906813039321711 -0.230945660507127 -0.191638199084302 0.078486187204082 -0.0332227411103534
0.0845716934781225 0.0147314057160426 0.000358844735322758 0.0524395622668943 -0.602497949935554 -0.105086204157778 0.0899653277395406 0.612915268209679 -0.0157654327679375 -0.0414734308208298
0.310378623431165 -0.0964974253844754 0.00713416609233723 0.219767552014412 -0.142374289343773 0.0568709305400397 -0.250338626275273 -0.29651088690605 0.0422480373056906 -0.0402573280399124
-0.233276595285334 -0.313322659130799 0.148959719385224 0.0580884127389575 -0.335397310489071 -0.179093720555767 -0.0462801596280102 0.498489890946248 -0.203767181847004 0.291512441521012
0.314198232694497 -0.10873732373161 -0.0119659505896535 0.169748219652186 -0.19199241706196 0.068748162038606 -0.250658415393861 -0.236178990728597 0.0856882729661142 -0.107145029736286
-0.253531306690311 -0.208404593512621 0.0434376057653464 -0.134745965470936 -0.409588047107866 -0.174829621753917 -0.109386212209441 0.534158305342572 -0.290968726987401 0.191976738668347
0.36776873771944 -0.170870957025354 -0.0116066980599467 0.263855032550962 -0.209648182879026 0.0797376969958196 -0.24194706046941 -0.211456501960313 0.051576217169682 -0.0843870670043416
-0.130429262315397 -0.244070102053516 -0.322460660344893 0.37061239872124 -0.460898012266223 0.311764482115625 0.382744867025717 0.280225718599103 -0.0365018825284985 0.113627088015645
0.0100892183422123 -0.337266220311672 -0.0465622261358477 0.0529409032654428 -0.64037843650536 -0.163059215683189 -0.0295681741994045 0.460000322753428 -0.249895373478402 0.111781455407052
-0.261368481526952 -0.208817046227508 0.11642723431438 0.0334237213196255 -0.408990641202555 -0.164231155474176 -0.178548460825821 0.604477312192639 -0.23745947423856 0.230465966979317
-0.0110250054185291 -0.319665694166878 -0.105563241681781 0.191100481106743 -0.570361391411762 -0.265820091244867 -0.0761985792313376 0.443939960081792 -0.258604948158408 0.179238475322356
-0.304118152802667 -0.289073362955429 0.132392054127973 0.0625758530146755 -0.420402131624458 -0.170873785106485 -0.0828487084700264 0.580732833221708 -0.278936230457463 0.225635660187584
0.354162108533174 -0.121255187012003 -0.0779893447649179 0.133022586681969 -0.429134450746803 0.226545112713066 -0.101901760917474 -0.439630739416311 -0.00703631371498073 0.0967184475000825
0.178829657379532 -0.0433467171618146 -0.0412070875606832 0.215264357791309 -0.277938739860314 0.135631981517187 -0.221171280696442 -0.321743635245275 0.00791884769912655 -0.00804482346716583
-0.132979740388276 -0.182873078685849 -0.220090938447994 -0.13032870808063 -0.354699559044701 -0.0573589035693433 0.000904681031551793 0.761024920214841 0.100329149055137 0.0647269143280585
0.116830206128785 0.0373469627227599 -0.00455207282743692 0.0742218339889591 -0.505922815904224 -0.240614198105376 -0.00321374114417067 0.611570179805135 0.0111159145799742 -0.0601957615596672
-0.0227381872546139 -0.146782439414029 0.0975772670063892 0.071326713060304 -0.551419731310716 -0.0943026419285354 0.119432522268734 0.640375389898799 0.00704946870823189 -0.0404012081593884
-0.147178821332391 -0.137507551556609 -0.243129255793048 0.267403669524796 -0.474860548451362 0.256699470711882 0.430252613997197 0.140248681643379 -0.0388166269511953 0.13611304894076
0.298014357123111 -0.0716657673904794 0.0433102385982969 0.159897343879429 -0.289594820625884 0.0519727765634964 -0.191740527210711 -0.32548788068871 0.0079893461818165 -0.0452566160527504
0.128072621067992 0.00317719830781844 -0.0930255785459207 0.208919786323264 -0.258610493865477 0.160736165369 -0.165322323946308 -0.357030790045042 -0.0159795591259339 0.0106496552996996
-0.230599934882638 -0.253766828674365 -0.181749867126365 0.418352919794419 -0.581419687602901 0.17477109737603 0.624739535883331 0.200411737168399 0.185852011813719 0.325743116003081
-0.00778815878470216 -0.186089771739127 -0.278849023299184 0.226200599179711 -0.689252619190055 0.28424871508138 0.577416817623501 0.0954099114627167 -0.0833881875878683 0.410603543245688
0.329241090238708 -0.106979314257015 -0.103119736239678 0.111416426993625 -0.413580534038182 0.19136934922449 -0.125841711929588 -0.380650860480438 -0.0191571743254211 0.0859771087466523
0.271554649456905 -0.141135275446868 0.00508674842457394 0.230799160124463 -0.304144993649523 0.121526521728395 -0.152921777366288 -0.218439502478775 0.0524144223126818 -0.0573312522202213
0.0902721124390044 0.0531690670697638 0.00281611121287416 0.0932358318074628 -0.503336870725858 -0.273107531831982 0.00758996758816733 0.607256523752783 0.0587091032226618 -0.0721001774458001
0.228441584446912 -0.0799939152496935 -0.0925355229194385 0.247864244426126 -0.25343685814709 0.176009958386977 -0.228874297214052 -0.440788600200453 0.102626901920676 -0.0661539998387414
0.12147740221163 -0.00665890329804021 -0.00951485200236756 0.0480959812294509 -0.598830234187032 -0.201783761964548 0.0273542296849602 0.603897565603509 0.0511025236708805 -0.0511058994547215
-0.18733607799656 -0.376228326845476 -0.129436306267568 0.0141871159600955 -0.232251736866668 -0.0832918954933129 -0.0990985037653197 0.782757742183614 0.156194832654811 -0.107987566161043
-0.153325257480303 -0.28783614896507 -0.234157919482167 0.362374460445474 -0.624702714932263 0.197351482738116 0.705096160351047 0.170443784639584 0.126579547228181 0.332630166442561
0.115030120622959 0.108887914387348 0.0537136603351276 0.0284917313252167 -0.517930718956181 -0.172422423022725 0.0477695803936279 0.617913120305935 0.0836135028650177 -0.0274141024352587
0.0781255085937178 0.0586526474482109 0.0125020158861785 0.0589374412048227 -0.506929032800127 -0.240629957895765 0.00795126944046649 0.593541875191959 0.0626957763611159 -0.0402329152721139
-0.0252242397005579 -0.314296419746141 -0.112958317025559 0.220523567997874 -0.555211008786341 -0.260535217202357 -0.0801289577310814 0.469680079192477 -0.258129273722122 0.184504509812043
-0.138311000195524 -0.292452456088352 -0.186252333113327 0.361795459520734 -0.584042444728669 0.215392008479741 0.623016292343735 0.218268402554873 0.114542304382584 0.366504100546372
-0.2015221875569 -0.439629081199332 -0.129406365240606 0.0400750857113697 -0.292557195505014 -0.159552642246722 -0.0932983432865027 0.793043584870287 0.115169512385285 -0.0716570508472641
-0.129528646641198 -0.200963304113866 -0.36587451744568 -0.150766536553556 -0.357893764050816 -0.119773305549447 0.029807243969027 0.736456466631997 -0.0451716353303608 -0.0150025717013767
-0.00840484024076681 -0.198967625594558 -0.184047650045048 0.26106708692043 -0.467524027840169 0.215110024951373 0.392607736614141 0.156453958421445 -0.0441498737385736 0.109721506690852
-0.272295557548492 -0.260511889679804 -0.237217467455132 0.0423001424366787 -0.491547955868811 -0.171056824320683 -0.0730783962979773 0.829580335342714 0.152163238052849 0.062421348174873
-0.103702420907402 -0.300600500728864 -0.274774661142297 0.348436983524632 -0.641138645711753 0.20642292404595 0.637460676097874 0.181007740914854 0.0477624498099772 0.224475823966811
-0.136786627567624 -0.125813431668675 -0.223578218162549 0.279124065676266 -0.483930182656573 0.20900241263865 0.406545933468032 0.196269251067577 0.0604286206326141 0.115420252349646
0.0270691338281423 -0.297589049645589 -0.0922659337794226 0.0444963565444771 -0.691325298680563 -0.165450064720782 -0.0766894272103148 0.501045559277247 -0.278427891337989 0.100113214207855
-0.136388911145614 -0.230027138407955 -0.346202413776688 -0.09571057200812 -0.38192848420761 -0.125371475567169 -0.00508917754066147 0.720721295591699 -0.0545780426478646 0.0214739291541359
-0.175081042406529 -0.457944391382595 -0.109744884554729 0.0304508992869215 -0.296803415688377 -0.159391877925125 -0.083193611924117 0.777619123624917 0.134324496595188 -0.0654442280727499
-0.266068163847274 -0.235129984569874 -0.213741870775616 0.0222332310068532 -0.42957236264474 -0.0421923426741672 -0.0317800570741202 0.794718324629126 0.0104522630757303 -0.140418729914353
-0.234752712277232 -0.206788570051847 -0.162340292301693 -0.105059800863311 -0.35510672037714 0.0298120862214068 -0.0198739802993898 0.73726265679767 0.0592482057688844 0.0789971160393131
-0.15730077640593 -0.149271535309881 -0.408904476795388 0.204670314963931 -0.439666766425074 0.204475024585638 0.425624462250164 0.155479449989851 -0.10342943704396 0.162022644592003
-0.227658435782905 -0.145153161745023 -0.332247061478074 0.324936867731182 -0.498127653762266 0.28101886017671 0.440824111158897 0.18174128185424 -0.041858351151383 0.0961011592678826
-0.0916010272782008 -0.160078076337485 -0.24854741172825 0.209498958768589 -0.455769262713618 0.250069661014771 0.423864512700182 0.179225843285283 -0.0274389473115595 0.0953328690679903
-0.0653264979568501 -0.284765468006269 -0.250336867553651 0.306038905853907 -0.553347540295224 0.125183583655059 0.573829552828517 0.18688209790658 0.0584099331360131 0.396133351529249
0.342095832856219 -0.214865301179795 -0.112343330145045 0.260143831805688 -0.363597906805792 0.148984698951389 -0.129976856227318 -0.48332936687179 -0.325944005724075 0.0711728050093668
-0.0602020187837485 -0.280190007688041 -0.247781756100311 0.370111934866961 -0.60586162839773 0.151084882070083 0.622731510879558 0.184693021230848 0.130321198192497 0.284766923375949
0.338163794499638 -0.101798739059231 -0.00631478967524955 0.18397940357908 -0.200862409267172 0.0754684820278691 -0.247476325288589 -0.272002667593592 0.0736804526331002 -0.0942369119262095
-0.193042773937866 -0.201362937608174 -0.248312230335401 0.317979414434724 -0.380677821828679 0.288918116706366 0.411032262220017 0.173642760584746 -0.0197437501479369 0.166883140440828
-0.144461519098434 -0.246645794043249 -0.300614401917332 0.249802258210654 -0.440928721498861 0.270365641750713 0.352757799346358 0.210039528095231 -0.0621184429378396 0.163026244436215
-0.0518917886773184 -0.261953008475759 -0.277211907741264 0.313209853012317 -0.441380442285212 0.332113057091719 0.399874969103857 0.250161774994865 -0.0293927091161699 0.189118868283505
0.208163652816086 0.0847477993395321 -0.00756198940185476 0.132632862413722 -0.185188621835841 0.0019071190448826 -0.172224446183326 -0.337496161815984 0.035512262229488 0.117926044337848
0.343929703783944 -0.06971744580603 0.0120234535033858 0.199647134312973 -0.304249879581004 0.0529051841404563 -0.24096860812871 -0.36214036308719 0.0375074109337231 0.0272040271731943
0.38266727454916 0.0291035891144174 -0.0599372648865656 0.214976005030452 -0.18394680372658 0.0920273351533805 -0.245103828820752 -0.283876192275014 0.046953664879347 -0.0126748634069048
0.336499752734355 -0.113359895296263 -0.0713685955605702 0.285828931573961 -0.333342462910979 0.0894354434375035 -0.26453433653594 -0.406702888753405 0.0658999638342021 -0.0374849626439705
0.0811712288516699 -0.180158485054423 0.170392724271627 0.225846439560694 -0.520376232593119 -0.196618035634058 0.10918718520915 0.67281626310953 0.0372708476245421 -0.0981426757933734
0.127754557244401 -0.0355009362828419 0.137973047120503 0.163911638986148 -0.571131553642449 -0.129000109789749 0.0974340209754301 0.73748493707303 0.0471384029686991 -0.0376718131010612
-0.0311402608433894 -0.346139608811231 -0.0698759408544163 0.0355119482470041 -0.512681368852725 -0.123572608602897 -0.185094880686164 0.453804511459777 -0.242221106488505 0.0788270559678018
-0.0524980449162446 -0.052816118254663 -0.321113172098843 0.295747582408985 -0.477793925260324 0.30068680588634 0.427342443491935 0.17714508203796 0.017008809736269 0.0944134610933212
0.20897006537908 -0.0751488737574729 -0.0200972711983207 0.184180849378723 -0.44576144423135 0.211648656390215 -0.0877600297530679 -0.339555659524275 -0.130341772937105 0.134955072541133
-0.0729924990618036 -0.388048351736569 -0.161676218971068 0.0985717660649708 -0.560629535811738 -0.133478016449511 -0.0828155162853902 0.441399250445527 -0.222702235058222 0.115683426576
-0.0188695319605456 -0.0427006759652331 -0.35157668528846 0.276305869246262 -0.506480679278635 0.3122218481509 0.387987585202725 0.160870445760532 0.0129188630143844 0.122555222371636
-0.207601360281571 -0.153877530137357 -0.205009227524875 -0.0749480980753471 -0.365676710522785 -0.0504641198573873 -0.0724837460256337 0.760829476341282 0.118938945936517 0.0425264508805335
-0.291426726602431 -0.244566321346657 -0.149009450357075 -0.0310729276747793 -0.524957474816593 -0.192581784444999 -0.0346563800357176 0.778481914210661 0.128033186013175 0.081842995882464
-0.250918429150654 -0.363383332372335 0.00514810046318326 -0.0127505264933959 -0.351590403631937 -0.0776067540112416 -0.063476408281003 0.84071230687865 0.117320074351197 0.000100780266004047
-0.219566860909047 -0.337035114550187 0.170630166558072 0.0558713830702364 -0.351468512547639 -0.255993513543333 -0.0252072089658551 0.556495299627107 -0.178889511403271 0.204651853462211
0.179629086886963 -0.0316672266814451 -0.0459351180937503 0.100144973102827 -0.246968499660861 0.0902603664679043 -0.183421661997562 -0.388266182420506 -0.00118249485640724 -0.0614564643689954
-0.14247976649205 -0.0638300356139264 -0.0223913972122047 -0.00265755396871101 -0.613977137935408 -0.140231982873283 -0.0730350641423617 0.708758747492562 -0.0464722631758311 0.0457613506766609
0.222391209867711 0.0530420848154159 0.0449232284687172 0.0477033115582551 -0.6014684014579 -0.0867057542376509 0.033882137942257 0.595625989685781 0.0226422637357183 -0.0562427610476149
0.17823413147794 0.0230389615397558 0.0410923743496931 0.133965695223714 -0.591443668337051 -0.198177503821025 0.108418969084856 0.556188240432146 0.05055143177682 -0.0456951120506344
-0.272608035167872 -0.308795085538614 -0.293691823758281 -0.0262226713267081 -0.466974849487716 -0.149544867216846 -0.0425636698377131 0.834653533918619 0.0466225712972864 0.0170586741525703
-0.0882033152253686 -0.0334517333966108 -0.0602976298200532 -0.0892852374629348 -0.656355868097767 -0.0552297121869519 -0.151986281623548 0.665971127913703 -0.0296603692361618 0.0744362533281851
-0.284657441099238 -0.257280530577045 -0.23967711263242 0.0121441002517752 -0.457191305045985 -0.0313316016721316 -0.0656088861662294 0.762294468121421 0.00770639558328337 -0.0856184134919095
-0.0356924827585696 -0.133123040334239 -0.242452503314625 0.244815854452873 -0.449145334583296 0.211221335454676 0.411307045610237 0.148136174295284 0.0321819860834403 0.124605466413048
0.185080654776124 -0.145429743078984 -0.0468045923165741 0.206477179158375 -0.261821504035628 0.102703567139846 -0.232826836056685 -0.222596665446761 0.0820453917533097 -0.0813334469208072
-0.0747267694932089 -0.182509028961311 -0.341762605035966 0.270829538402069 -0.473232566673517 0.260263542481209 0.458272737846042 0.208789515044578 0.00385640300890624 0.191854717523963
-0.0137096024169281 -0.0294626134371187 0.0673279158469086 0.0443058350181283 -0.467835053935878 -0.0150710755343679 0.0125877403757624 0.632657161546012 -0.0967510456019899 -0.106990329219891
-0.101098642385651 -0.203144774114037 -0.32950954194041 0.380053839230971 -0.46566358177605 0.282670297418784 0.452021945964594 0.183890909541087 -0.0185870120715673 0.178324035056542
0.222802223000128 -0.0321797403138612 -0.0810712745203945 0.159134308793073 -0.208033362829087 0.125509320161575 -0.176759761297202 -0.402219151964517 0.0148299828757925 -0.0321801947360155
0.131517943426516 -0.0024741887847742 -0.0715819067957867 0.0319367832286613 -0.59247241806368 -0.184344459667652 0.0413201621360783 0.634485169494119 0.0561461744201571 -0.0462619638577747
-0.0731477396379756 -0.337686716437373 -0.106876290178259 0.20417086181298 -0.578948614102526 -0.246574068067254 -0.124934193919636 0.458646252226389 -0.260891438993309 0.20097495225629
0.100868052015871 0.0817248283854338 -0.00313287205300459 0.092659796458084 -0.507610347889531 -0.24811377933243 0.0246004843038849 0.606799986191369 0.0277325651057738 -0.0669163618798608
0.0445611786456414 -0.124112935706192 0.0918198616198243 0.0162493439248972 -0.438938553198536 -0.00584918614350257 -0.00700094888000049 0.638499477445125 -0.182136085854805 -0.0991410075282019
0.354499483864819 -0.1217391671695 -0.0942358276312056 0.128490083646916 -0.442412622174216 0.20160398506702 -0.115900777539761 -0.418320556790549 0.00314157157913826 0.0898733225173688
0.0175751517326723 -0.185006666366692 0.100864523869495 0.129186902683341 -0.571122902972676 -0.0788896511477235 0.148387229944494 0.657784195289498 -0.020199416334642 -0.0552263932892687
-0.0290446218446978 -0.299532757603769 -0.178863570927158 0.216957776762654 -0.552061949200868 -0.225463535267961 -0.147744434537349 0.495878877313652 -0.283450911022346 0.19016572351016
0.246075291426375 -0.154157163332217 -0.108663957636573 0.230955513016272 -0.254961811959864 0.100714656951023 -0.223909095560802 -0.201064898214426 0.052251262091955 -0.0294501567036381
0.132587110768918 -0.0166286053837845 -0.0506949464734353 0.021772777116737 -0.540995161687499 -0.208523048419358 0.0171633343775114 0.639340414700234 0.0625329306534526 -0.0584022683649849
-0.031335660005422 -0.206903094707773 -0.290164023536253 0.256021206599129 -0.677055294011608 0.281923289902492 0.57374987467883 0.111879462715001 -0.0816167638367435 0.412773334330188
0.339800243095942 -0.0835593116446413 -0.0955465322175263 0.152725323403671 -0.458457513542654 0.202608163233412 -0.115858756484866 -0.430250477882866 -0.00375590377615991 0.100156057302375
-0.0580018298193957 -0.29825629061554 -0.232606848249377 0.259753941734783 -0.649026277286499 0.0839533134798155 0.60523846387255 0.226139221574383 0.0881121890408901 0.402819595494913
-0.0359731175978701 -0.304496185019725 -0.166206828882763 0.213947830184572 -0.567245957113583 -0.237137920797928 -0.0677997508070122 0.493612502883379 -0.238208246954627 0.226145036296214
-0.131957147685959 -0.318390477244647 -0.248905975000786 0.339495976732944 -0.583671822259643 0.160017788469962 0.548104398405797 0.210132747370976 0.0327539625665506 0.370351888443097
0.0981180434017507 0.0277989300794084 -0.041717764837576 0.0569454247970663 -0.606727320874096 -0.208349000595546 0.0463695752602869 0.635076475460948 0.09901818030926 -0.113897132632634
0.206612091138938 -0.141969090744673 0.00927352131349453 0.214985913953888 -0.293900179086573 0.182676223100636 -0.136660775956448 -0.234438446907686 0.096226745661946 -0.040626287991211
0.107035319868262 0.0761839719241489 0.0246451567868902 0.12452901052086 -0.523053427793994 -0.185985919948731 0.0182399212487182 0.637801389931186 0.0221891332992983 -0.0096211665963522
0.138691916531054 0.0246533890616581 -0.0806064948298623 0.00376644540875363 -0.581020457360352 -0.152217350755818 0.0557782994277208 0.618262818993518 0.0562451016116722 -0.0405321579975508
0.217241158633827 -0.0843934999551802 -0.0464372255292933 0.235135053983145 -0.287186015134985 0.200775604181609 -0.163557450414945 -0.161796357831825 0.103877227595197 -0.041036891553527
-0.0642936665817655 -0.0422234311100509 -0.0150966219942914 -0.0543193355279361 -0.575230099750463 -0.0816708146671875 -0.0953683371816987 0.668916227763554 0.0540743070961893 0.057719075837396
-0.0633454077929771 -0.0511234186525481 0.00909389606974081 -0.0465835298695038 -0.609229755471851 -0.129956891741959 -0.0905831005400947 0.688615739304055 0.0119731587138392 0.0747705423958767
0.231970761005124 -0.0385013015000058 -0.0842562414537726 0.221165830823374 -0.257294589286522 0.176088915611615 -0.214408139435898 -0.443967704352121 0.100679785205478 -0.0412950412500863
-0.192316506987083 -0.197411144187162 -0.270491661436227 0.318908712344881 -0.489249040321964 0.23950021331456 0.414254179737459 0.151999439418769 0.0168623752638098 0.219505574116882
0.145370780158632 -0.00430170818574723 -0.0128241501295425 0.0428666888031237 -0.540722081340525 -0.179787453836747 0.0801679665187445 0.584998240083017 0.0222084460880964 -0.0883994230243606
0.19084631071327 -0.074878601745481 -0.10181618513881 0.198351278217369 -0.28211141849932 0.131917096055732 -0.232697499871054 -0.399950178027661 0.0524204521657035 -0.0425837788940813
0.0174538554799789 -0.145794690113576 0.0678173366063976 0.218503198757717 -0.532309753989843 -0.096966602913845 0.135356336724866 0.560684512832264 -0.0231414039004259 -0.0537508330077045
-0.071278407357975 -0.0178713318946947 0.00849630593732891 -0.0903838777974242 -0.608178179598344 -0.122739998021109 -0.0874745821680446 0.713234036776941 0.0569033807789519 0.0307647661497319
-0.129478586646221 -0.208406761838368 -0.240891719223266 0.261993990759201 -0.456571426959809 0.204399658840234 0.433549257183166 0.191360694775152 -0.0749366210026512 0.16585200457231
-0.109470845879792 -0.199220643674154 -0.284982354534013 0.229671344682271 -0.467961205537464 0.199638445207387 0.403953066454104 0.187326387049678 -0.075157030702833 0.0932292419368731
0.109529184672495 0.0810038144774042 0.0140825351526575 0.0849712874860903 -0.491410813329727 -0.211498340778828 0.0225511691351009 0.638103133052909 0.0481134400977683 -0.0521065643346083
0.00201420335609467 -0.154392260934313 0.0929541892967678 0.189292509126646 -0.534043599395288 -0.0969124615875727 0.116763349308077 0.587754017627105 -0.0506085880569042 -0.0236117879351957
0.187780134555275 -0.00364015699560759 0.00680799731161764 0.0868385107560464 -0.627569551868392 -0.165174295609044 0.217277185902318 0.597301483482321 0.0335754587671123 -0.061267837401436
0.243589426584766 -0.129695320729983 0.0226333507159659 0.15454287290267 -0.402943801384225 0.195874146297394 -0.130302282431067 -0.297180205884194 -0.148110036958966 0.119696438598869
0.0229564452039022 -0.123343330754364 -0.299969913472258 0.218527910230249 -0.74631699869157 0.203919106574736 0.640748107445047 0.0444195818742279 -0.11018260717873 0.351583615129085
-0.0331689945634082 -0.154298826549929 -0.346106700321094 0.278758318757246 -0.660848089104965 0.241445165049456 0.590469482316961 0.130853736218553 -0.0702233187481221 0.356312346576519
-0.0592748154594759 -0.113107237150952 -0.285673908045023 0.29932060433325 -0.50199876411505 0.282352491719803 0.405296010449172 0.142820555508999 -0.0153823521779115 0.0750163791216105
0.3146503865716 -0.0762895427514124 -0.0351044810738102 0.133232527772374 -0.303640779714022 0.182932310036584 -0.150726939034267 -0.256906256885384 0.0683247953589328 -0.0675511529484887
-0.149334176127329 -0.254760467150438 -0.303306527366408 -0.0433075344411737 -0.49651964710889 0.00789055158634239 -0.0551026841657563 0.672581674331819 0.0555517999434849 -0.0631182653921058
0.219158080613764 -0.131380518682362 0.0473071302948829 0.159951384285239 -0.428579168141413 0.215600805036641 -0.147986409477902 -0.292703755671742 -0.191494952700623 0.122653568894885
-0.00277390458495005 -0.0887125178482267 -0.315632744850124 0.175019223213312 -0.666939314003864 0.207817549865495 0.605820794392432 0.0832765256385632 -0.111320865957789 0.330577208663413
0.273237231160798 -0.122875022838883 -0.00305861190663329 0.124948957137822 -0.537606033478316 -0.143810572736738 0.133260063532713 0.690369938441202 0.124329225628376 -0.0719272363531991
-0.015580533961167 -0.142661143671047 -0.304334617800402 0.205877522406598 -0.657997201819238 0.203081274538255 0.594895620187876 0.0707299687368722 -0.128986240873991 0.350138170959485
0.0817156337958766 -0.202977761508431 -0.116727441574722 0.186919246141035 -0.532540312378178 -0.171087367568486 -0.0524193920473958 0.3967080552139 -0.237485389018408 0.140252732884497
0.150281569634252 -0.192903881534745 0.136934102928273 0.162879424590182 -0.532554837582407 -0.211412650868761 0.0520552914834023 0.689329257408147 0.0783075006413761 -0.109894359232863
0.183484676039156 0.0314676102748081 0.069456660919145 0.0197662295280771 -0.679401961408519 -0.0682504341977947 0.243118233495718 0.648783267511779 0.0902845150624379 -0.0951420435779404
-0.0536924372158113 -0.162692583419024 -0.341911244944 0.262656684326433 -0.649252552050949 0.181556000989684 0.604572388666354 0.0977273889938019 -0.100886940404949 0.33738982766841
6.41146606746024e-05 -0.128355437662697 -0.40320961852035 0.22265479450827 -0.646774036417581 0.265813632731899 0.56256693521809 0.148397941090209 -0.135667049770461 0.338485118635343
-0.130189822881653 -0.274087072940242 -0.278265987270874 0.369600655721009 -0.634834810010581 0.237519752052073 0.655043729087976 0.201555713311645 0.113025158444843 0.376953463546148
-0.258861412161331 -0.22664615860473 -0.217843919797623 0.0215758245615973 -0.46039682982545 -0.132568358847651 0.0452369825519181 0.869330398689968 0.075417995953838 0.10478133765661
0.108497178048817 -0.02424541390375 0.0115995324820281 0.0803059321782655 -0.602116316214368 -0.160083036578729 0.0818619204612173 0.669489747070239 0.0109451326964685 -0.100701176261033
-0.0134677921680924 -0.220235867961359 -0.0188853011845837 0.0105572096793307 -0.492812167753497 -0.137231447519506 -0.083461006404104 0.460676974637568 -0.247100572840987 0.0279802904231644
0.124525339254579 0.00267840217110436 0.00156045911477518 0.00490621867388751 -0.59951383603341 -0.13058293987289 0.103494964665982 0.634496557377063 0.00743142879728039 -0.0947067115165691
0.282308787608033 -0.139201946407457 -0.172631340540432 0.252316497905817 -0.380766889530363 0.126234879076287 -0.123552495602846 -0.488946875402906 -0.313131766003916 -0.0246513371462424
-0.205807426377963 -0.0383083890608168 -0.319571003720971 0.267178495879183 -0.494121544353676 0.222076048780047 0.507285453845032 0.192635770514618 -0.0523334184478293 0.15520204396324
-0.198990565320113 -0.222578517920471 -0.234390123324082 0.301774799467131 -0.499208110283585 0.280030421472792 0.408940773157841 0.144847249178895 0.00484721019660786 0.188473309914715
-0.332009051578185 -0.268664181498814 -0.265868557384875 0.0486248381950226 -0.521681357441142 -0.184447187097001 -0.02479890834969 0.800659141318505 0.000295647383962108 0.0161454674836494
-0.23715264502538 -0.143993625382772 -0.188949535931726 0.262351158642674 -0.401971050702581 0.242357002063221 0.362779992477818 0.135359823250012 -0.00897531824409569 0.215453471734693
0.0569884685585667 -0.196857923626279 0.020128211067564 0.218431220110988 -0.547472170336008 -0.0991994717746549 0.159079778597672 0.632879316485688 -0.0638410160150085 -0.0351109428810993
-0.357917094687612 -0.26603487044908 -0.248242971626035 0.0689177421963049 -0.506734424174313 -0.130519157434778 -0.0421633233779391 0.810762003056404 -0.0130665826846268 0.00831048259162465
0.298895305927909 -0.162149599406273 -0.0667363164628369 0.308139422633927 -0.313456175311239 0.0753133073535172 -0.249821353083137 -0.226780982846734 0.132462419735892 -0.0754525506050475
0.238132612847375 -0.0443392355809306 -0.103365218560805 0.217735679822089 -0.242241147843971 0.157464217319114 -0.214000900818758 -0.4167479897806 0.0562493784655643 -0.0899619195845152
0.232150508636686 -0.200688150947781 -0.0577216264499329 0.280175930621129 -0.305958775874356 0.117147817309228 -0.197206692042717 -0.193997575725391 0.116757066481608 -0.0315782309777628
-0.272001680993721 -0.33501024185347 -0.285819412713384 -0.0361476183604604 -0.39535070634556 -0.0591248173252833 -0.0142469957302343 0.745030099682815 0.0899851382302964 -0.0818562152246171
