0.286670614902457 -0.382959233705518 -0.546930386167583 0.125074567430625 0.40224257369262 0.461551223180343 -0.0846120403366046 0.315003401303591 -0.182269699139133 -0.0180244199481451
0.202530319955844 -0.470702440837459 -0.484733426478412 0.000640063470302916 0.535625101565766 0.38502555446368 -0.0897781611678302 0.419843483393164 -0.271301548030384 0.127825658067446
0.290420726553374 -0.598550981988256 -0.664067454516927 -0.0822342176416871 0.424997842985779 0.324553366913515 -0.192463104204863 0.237326187947656 -0.421690210976587 0.0549454582350147
0.212232423222896 -0.411634679778622 -0.624013201412462 0.0196160536716556 0.298345365174948 0.506917046196001 -0.159539142065934 0.263303374131637 -0.108240547411993 0.0253432880762166
0.17124721891172 -0.193559640344597 -0.542403903630924 -0.419234205414931 0.139873783544645 0.371921801212716 -0.0971194715482172 -0.149001653312353 -0.388436699683093 -0.159140878562804
0.226877761482135 -0.378968450795405 -0.521287416498861 -0.0266484077404216 0.592161941275722 0.179174609871765 -0.179323835648982 0.288501666033679 -0.347177028417236 -0.00306343239386028
0.264088270058936 -0.545770587889448 -0.637295289433614 -0.0388053226440706 0.469475623532671 0.389241164262967 -0.250004168927305 0.211243073707581 -0.365719240099978 0.0696210929827576
0.305503254603182 -0.593400948992969 -0.661463352136751 -0.063571898058168 0.419325221100669 0.336247225792412 -0.155246043597514 0.242889842281071 -0.40645885775314 0.0402883730608223
0.16184777277872 -0.16523289958837 -0.353128586218708 -0.276888536907788 0.477776993061413 0.333592801068135 -0.199454476472972 0.187006211945729 -0.299911057026372 -0.336712754768456
0.258621234399387 -0.395388041585107 -0.577168586185677 0.0141910995997428 0.297115840738585 0.257389876888167 -0.082598711360328 0.41188465608823 -0.423732675809333 0.152449390037261
0.315473937124729 -0.399411680471379 -0.578592101125362 0.105616837186152 0.380782645003937 0.259327429656607 -0.093328069019907 0.388296470432146 -0.345119460544303 0.153717549867911
0.0720878839425852 -0.231830894898947 -0.65230686588017 -0.322880334563538 0.10905011489782 0.371644639561042 -0.105618950105809 -0.0475038834393404 -0.326941241173843 -0.174057079924371
-0.130412349737594 0.114718748737544 0.428519479535858 -0.0155770857013183 -0.147992317381276 -0.362067835451371 0.0297010597801573 0.366166942697572 -0.114501205391685 0.188119615435283
0.23400023278233 -0.411915832319282 -0.550668230594036 0.0182531545542835 0.307599853009088 0.260063566102156 -0.106586410631183 0.387642535414937 -0.402385128374178 0.159180251904006
0.0615948016653028 -0.254618654057877 -0.515303641562917 -0.170796854350829 0.300737227528421 0.449138684086531 -0.28030006694514 0.289232873798757 -0.280319338734002 -0.289537950840295
0.278139278806611 -0.378173920407329 -0.695462080240623 -0.0455050210331529 0.407610637717988 0.343106409299389 -0.152998563443291 0.279032768482717 -0.114698005758474 0.0625654599854231
0.31166384599312 -0.353133530522234 -0.623314626514947 -0.000860168039759321 0.413506073925715 0.281224952130833 -0.131682376513242 0.287979677469968 -0.111839814942949 0.0811951690909136
0.282147029843706 -0.306680813650785 -0.497263217469108 0.0219086670967771 0.369496887329487 0.321507047407254 -0.126905792627982 0.385159940880444 -0.375112808481314 0.203072263087592
-0.0734220562682733 0.167245200841346 0.411865548807796 -0.0315419171767491 -0.154085942272512 -0.332074230224535 -0.0493622034388153 0.441876005661209 -0.117799564903081 0.101417185626189
0.202895058554533 -0.10371026570529 -0.382220121627183 -0.225096959828743 0.310307265578943 0.381972598269674 -0.0484700377580786 0.149865605322715 -0.138723261416203 -0.239778928062631
-0.0846195920061027 -0.426105513961925 -0.471996157784973 -0.0939398519863979 0.379795512714106 0.525775067728285 -0.299263588511065 0.4236872208458 -0.091910159586004 -0.120735671187377
-0.176333949813565 0.113148276528867 0.310454707206465 -0.0696233202734012 -0.126665373404889 -0.402605322728768 -0.0552920114243813 0.390426261859003 -0.0450574673491461 0.183065338509891
0.222710268315575 -0.171751779392612 -0.513427568609204 -0.404669629378074 0.220397593957203 0.316444548412912 -0.133622827315301 0.00389893038713685 -0.26176373477463 -0.175066086405702
0.0871187215815699 -0.22444048606325 -0.546691738213834 -0.164698190155654 0.277590770082042 0.415230074861144 -0.30427119358146 0.284779383307477 -0.317608431370099 -0.344193950909292
-0.113748142819071 -0.339130552761967 -0.651958605662532 -0.0384548283889444 0.231744252860794 0.344825451675286 -0.147919603829737 0.309812816786577 -0.140696249795694 -0.36621928312989
0.00598520598033914 -0.311604616685694 -0.388884191202183 -0.029513531694503 0.41850145100961 0.563836368843875 -0.10801418471078 0.492665315436484 -0.156832483246265 -0.0988087320473246
-0.11409743148914 -0.422402938656085 -0.605606054126539 -0.0810806664632099 0.2173102107634 0.341417088295284 -0.136906252254104 0.313831724094123 -0.128092494483498 -0.409721771138463
0.18041071721402 -0.393579929402074 -0.482789939926163 -0.0310769816880378 0.399442367477476 0.359111657066531 -0.173913183098025 0.384092114988851 -0.272027948319232 0.0440500185907969
0.234238434377562 -0.455108352717925 -0.561948478963776 0.0853847577578786 0.290382637362057 0.23668561759115 -0.108701399502689 0.38660965444504 -0.395976484912564 0.20800802970883
0.0349506791455785 -0.395482730900666 -0.339724966301734 -0.109201040025482 0.240772308310454 0.351056441407955 -0.245538100529797 0.214111920652142 -0.192562181829558 -0.248813553665145
0.258151566664069 -0.100420888730104 -0.400570560197643 -0.198801765343844 0.333715451652822 0.44034880731355 -0.0189462882926942 0.0937371190441745 -0.188340758899568 -0.251560762429735
0.282703321830861 -0.316338287764079 -0.671840600944691 -0.0410349798956577 0.441798218864288 0.334989454485979 -0.16022685644659 0.267537374817487 -0.122779318364202 0.0442554669341232
0.247762406005631 -0.132426734676555 -0.356670208291404 -0.2358723715538 0.369922413704433 0.431075421504451 -0.00944851990143729 0.135012933194366 -0.215409511615468 -0.261178569582738
0.281426492790384 -0.343636065509777 -0.642117585902851 0.0923321084563621 0.382939947871723 0.509858000554027 -0.110947825982351 0.16418783693057 -0.370942019722333 -0.0653714929700898
0.284076398525086 -0.391932573199609 -0.588625856950476 -0.0423815650482176 0.377977609093955 0.329946650359586 -0.145346496508938 0.353861800728298 -0.14206594977153 0.0493993216162059
0.283866573481196 -0.312885592853459 -0.657200845661633 -0.0396656320874158 0.429471957909975 0.344212829075747 -0.165596886651928 0.266874704497564 -0.143842255186982 0.0532563339625588
-0.125995320136278 0.05566048640133 0.40633051809382 0.00915506314798002 -0.195173760015572 -0.361696578741685 -0.0220216362009406 0.362314772361536 -0.145926282909853 0.0438217270025011
0.319199908346014 -0.328174367405884 -0.653490007297559 -0.0261493893100023 0.453258229671841 0.344936478914483 -0.164410923946878 0.258662913591334 -0.123015993046757 0.0432042935418757
-0.0184623271559434 -0.321656762389806 -0.37647954721067 -0.0083821533672082 0.403622462847644 0.586068938871099 -0.11035521688167 0.510216821566488 -0.188810836367519 -0.1064176977775
-0.141159713236199 -0.332505082831741 -0.652708002161571 -0.0445908691168543 0.221623615249098 0.326444852996286 -0.16455868373566 0.299077837177903 -0.0817398495189859 -0.355245686829053
-0.13222417662566 -0.322248849133676 -0.629260962710619 -0.0478696420602105 0.226757584953419 0.339179590224199 -0.166183509875067 0.321140173117599 -0.125184871328898 -0.333061660284928
0.191841079195234 -0.380485996239569 -0.585431140651218 0.0522467205375867 0.302400905648569 0.262654980088677 -0.123725497309865 0.320309885545094 -0.311445844420397 0.183543256432375
0.0563343703662207 -0.357736237545716 -0.275142394079644 -0.0738362023921834 0.23145126029432 0.32355376443421 -0.330137131304454 0.23176172608813 -0.146526795897072 -0.240929169619635
0.213080129722855 -0.206370063091242 -0.573201412385319 -0.386732755170057 0.200619953467631 0.336015095758955 -0.151742779472777 0.00969300496984678 -0.235542163371052 -0.217154758972183
-0.134848795887197 0.0741165245213226 0.432293237980433 0.00251253421927984 -0.17515208797734 -0.313044318913307 0.0137029766112838 0.363558594514139 -0.143725232524873 0.0926460401363659
0.00583582396664428 -0.374044767934853 -0.324776084190056 -0.119668172601716 0.24727474135776 0.316745550305284 -0.248733566338323 0.21260939157205 -0.195055664691265 -0.206254001884177
-0.123262925797238 -0.340806788753812 -0.657120664323576 -0.0560304708638203 0.242264867477173 0.334052674104085 -0.173501671041181 0.290757864602325 -0.107889978779733 -0.330603819601374
-0.0170544870703683 -0.374379254066739 -0.292748909824277 -0.138574324233027 0.286951023887047 0.354283068501916 -0.249136788187132 0.183944451341307 -0.211815163429057 -0.232240347585484
0.274349459381993 -0.42421513191397 -0.597291743199072 0.12510965438658 0.298824867367728 0.239921936893522 -0.0991584461025434 0.397675819727283 -0.369272597886874 0.129064347526401
-0.13222417662566 -0.322248849133676 -0.629260962710619 -0.0478696420602105 0.226757584953419 0.339179590224199 -0.166183509875067 0.321140173117599 -0.125184871328898 -0.333061660284928
-0.125655890209389 0.0747358576795417 0.384973360826978 0.0418095188554854 -0.147069931820565 -0.304794102189966 -0.0223592802232401 0.398873810321982 -0.151869395932316 0.0908349910708388
0.245305497366791 -0.109595191183598 -0.394824224439299 -0.210348663924306 0.348174712377464 0.428855724587431 -0.0103864926425463 0.0995076837426003 -0.181602916510418 -0.248840386601873
0.194873930063568 -0.0729222888384204 -0.306152969095615 -0.21664084794737 0.363318388712338 0.475168724220287 -0.0594566897822147 0.18315123334274 -0.190805243179058 -0.311415982168808
0.19203597285209 -0.189412235202937 -0.602439510783962 -0.399452915601852 0.183256922805153 0.284165317336846 -0.138947911516558 -0.0178283104506088 -0.202243655725495 -0.176858010787959
-0.110735634435014 0.0969364409007336 0.366972844058043 0.0162632862660784 -0.171454016549854 -0.319982039391575 -0.00270954728673162 0.398709954378477 -0.153528628710645 0.0863572105595393
0.213106493756336 -0.36069844133479 -0.579623234364888 0.077360593902887 0.289170193626827 0.223310094332436 -0.103781329677795 0.364775173485946 -0.289213459901225 0.202421572999177
0.0425578324502517 -0.36605048771236 -0.262911844620472 -0.0713964768664551 0.22064275306468 0.34908184466506 -0.331198920110441 0.241428881021093 -0.145290985976556 -0.240608431306442
0.175279594224416 -0.262210548016721 -0.651202035984464 0.136377425695629 0.369362971183023 0.445024764987895 -0.119085579897782 0.190541025810159 -0.401670008525838 -0.112630780665908
0.270383651122386 -0.25812948853428 -0.42854005971529 0.040773129126471 0.365141576545136 0.314568253203109 -0.181296087989753 0.344532456524436 -0.373153094208053 0.189445451929901
0.204252399250106 -0.367574790319622 -0.584174391891703 0.0959476444692046 0.301921274043632 0.242584394023289 -0.113401211385358 0.366650354866477 -0.29533226767533 0.212519906721571
0.2371963666804 -0.381602320320041 -0.650073950787719 0.0118348914044228 0.377529311348651 0.324315761837333 -0.172202108225163 0.312738285962163 -0.12379792449293 0.115155712775656
0.248711599065744 -0.0993185673988527 -0.401168883883368 -0.213522190069086 0.330532473324474 0.439958266676957 0.0116027727225543 0.100642770506104 -0.207725773114469 -0.270946038833605
0.0549027104236389 -0.378475174326192 -0.263531796641145 -0.0694698215292704 0.231372467929869 0.313870557727678 -0.291254123355737 0.326727968286711 -0.216379581966293 -0.209883741969302
-0.0923365773975545 -0.43722723122636 -0.463489903754203 -0.0857178595392991 0.346156568901184 0.52867990498691 -0.285783209092828 0.423998181383226 -0.12557730823558 -0.145746270093141
-0.0136231274048495 -0.430072075360919 -0.281855371845815 -0.132538011097112 0.248227622753745 0.302111562517166 -0.234232883125225 0.221153187664412 -0.180909889526742 -0.236099950667697
-0.0184623271559434 -0.321656762389806 -0.37647954721067 -0.0083821533672082 0.403622462847644 0.586068938871099 -0.11035521688167 0.510216821566488 -0.188810836367519 -0.1064176977775
-0.120951146689136 -0.377134328326529 -0.658301895577644 -0.0386389498963137 0.234810193848254 0.35713446173512 -0.195619049459841 0.307512888366402 -0.0876312360437631 -0.345489243916463
0.151133680722586 -0.351813332661422 -0.609705673122122 -0.00937680066044065 0.433271645869673 0.320382099229464 -0.166790551131709 0.42792331098559 -0.224448926055872 -0.0118677578971632
0.206490924458385 -0.235705582653607 -0.575304521894301 -0.40214577320762 0.275921659611979 0.288812573056102 -0.0966982058355398 -0.0468182370544864 -0.219803162855507 -0.163741959834474
0.0435720657930623 -0.391547572141932 -0.260485977661363 -0.0791313447509426 0.221793024778338 0.326004737953936 -0.311865958420559 0.256131175557776 -0.185491852272717 -0.247440387205732
0.233244845605362 -0.417964348180159 -0.605056793933773 0.0671765442861802 0.30836353078574 0.285392308600333 -0.0425887963797838 0.361874594266216 -0.357064145712244 0.233050090823677
0.151846916515574 -0.358391249321371 -0.541234481750045 -0.0341830807874463 0.410528346020484 0.406440935888561 -0.165931160042681 0.384970969745301 -0.259113238665267 0.0172630168323933
0.0794482349970752 -0.229407128007871 -0.632394187097445 -0.371267242943355 0.12236588929389 0.341711844686735 -0.110033176687228 -0.0526200415991684 -0.332260576661431 -0.182374246583321
0.155119214364746 -0.359934529555556 -0.49900552981455 -0.0535036825474606 0.464931100387373 0.409010673623243 -0.188832654629046 0.43046330291035 -0.252455411320853 -0.00234435119870351
0.183697319850122 -0.131378206812142 -0.371175396064362 -0.213956125706962 0.320091846777019 0.378758468374448 -0.0866236934829005 0.140459522126914 -0.134514653002328 -0.220346817188702
0.11772291210389 -0.212255026861518 -0.416646862654414 -0.170826555204322 0.392413347937632 0.327838833345405 -0.156673480056567 0.130328529144939 -0.355809636709951 -0.303025052332554
0.182684313055006 -0.300519986950602 -0.642265080578527 0.121952750875791 0.346833695565604 0.461172771176464 -0.0869757692522982 0.167390141122084 -0.361275269815159 -0.0804739971757384
0.303635974491413 -0.359567262908678 -0.618031021618442 -0.0130899774165725 0.412632248728817 0.299653065026833 -0.113130505784794 0.2891214205728 -0.105939081813329 0.077871466400051
0.0635257672470072 -0.261266133334173 -0.519282293662833 -0.162580847784907 0.3299190128174 0.464947020353877 -0.279117710883818 0.27685136775527 -0.277763667251983 -0.322839774714172
0.0751074747230647 -0.228162243611865 -0.60844073985037 -0.377247971366691 0.137487233125927 0.349539490528581 -0.117231902241659 -0.0412234353203381 -0.331338098022001 -0.175599402816992
-0.155655621415571 0.10638477004785 0.354001881737405 -0.0328254216530433 -0.0745066995878283 -0.353004850973973 -0.0367406267275888 0.360384100478356 -0.0382281102785554 0.165741535358189
0.190052054853204 -0.226443063165752 -0.57443929349386 -0.38532341829471 0.267250040552539 0.277599499754872 -0.0920565610017978 -0.0525389160872743 -0.191622979014453 -0.166612744173816
0.228036158380286 -0.320391822207374 -0.545695733696326 0.066928246274658 0.436253527044046 0.285267409572016 -0.0967954939360944 0.374372183012203 -0.38683136546443 0.2452743389204
-0.056843942744467 -0.451786784060335 -0.478196700276332 -0.0828291212091967 0.394349283185492 0.52338866311279 -0.263500077256208 0.419219605370442 -0.163552526127199 -0.143366474614894
0.255469812972548 -0.340959182201111 -0.59067660083936 0.0994629230871407 0.379814475458293 0.457095154249155 -0.102574965998191 0.182722810280377 -0.379327666525509 -0.0899151150937497
0.118915687003547 -0.192091927603818 -0.3614981898594 -0.148502484265634 0.369104108510352 0.284506611348522 -0.137830961744881 0.0707767709116284 -0.33175646630999 -0.315102428472042
-0.0461546170905234 -0.485504168974082 -0.458527048936631 -0.045113515386572 0.365580331383609 0.52947111496635 -0.27595090282831 0.412611030417935 -0.149344315034958 -0.12504281110817
0.292073837095821 -0.330373198988773 -0.636884418154096 -0.029069801835258 0.459230013774546 0.309395908005122 -0.16918267709106 0.258315030870779 -0.121182008481153 0.0203714888505799
0.16790552551488 -0.271131680377986 -0.63352576235767 -0.267378456759683 0.0997043742022692 0.438256421679737 -0.1448815752673 0.00273125523669205 -0.376108387181836 -0.135876568620999
0.15937067487364 -0.201345133762149 -0.616750874137814 -0.388586242137543 0.158624538637001 0.406259062229412 -0.141971347109395 -0.0768253689734369 -0.392270200972009 -0.0803211368330012
0.217046673955447 -0.202558268884362 -0.57263298453265 -0.377259276381247 0.187832152233099 0.332358452044713 -0.156663347113559 0.00755051654767053 -0.24242380973667 -0.200829876727086
0.223782116568881 -0.409575765396044 -0.527836610923102 0.0909667949878426 0.352888816321993 0.266538779787428 -0.0954323768208163 0.437757752431001 -0.317948007533754 0.173431019697983
0.128211309374391 -0.185809492825687 -0.418565602585078 -0.203579178018621 0.35599064508382 0.30355335545514 -0.131161681191721 0.130160937027321 -0.360100352550402 -0.280995783603521
-0.160897665578863 0.148639839182088 0.401721680316723 0.00812215640202548 -0.119723793785972 -0.353488382682793 0.0430213590975352 0.381179303950704 -0.123854872379714 0.139778951382207
-0.0186042173320335 -0.408865924392019 -0.306481178931278 -0.0993712960806361 0.254209517880431 0.276593357904345 -0.237665525141331 0.224326756229096 -0.195519958649217 -0.263364839948314
0.00400424217529591 -0.445265940171339 -0.33387715947435 -0.136807735875259 0.234978491260245 0.335787108843856 -0.224428219035862 0.215378419813355 -0.178501215533699 -0.243917242149832
-0.122735780742556 -0.369265416680791 -0.671051981974847 -0.0685499265334676 0.222596433340901 0.344634780106049 -0.159705022231735 0.306672178871136 -0.100777550877177 -0.336460301805884
-0.0434511941112894 -0.497720224071284 -0.452418749785804 -0.054185272333972 0.34288352455864 0.557189984607773 -0.277110633349453 0.401638058578934 -0.11858752932788 -0.133186677413019
0.304131708875315 -0.32409778069547 -0.671190592844078 -0.0350367730377893 0.454919380279617 0.32738653688894 -0.167980867459888 0.24409650417953 -0.115448740973898 0.0376625265417516
-0.0222293575432452 -0.315054993748152 -0.40198289650826 -0.0211746900017928 0.418802275070475 0.569280973789233 -0.103948283521047 0.494149059989151 -0.177232642918652 -0.110987188728714
0.238106200535601 -0.110334760084723 -0.527995919807602 -0.369108627670496 0.30162620862484 0.335742850398294 -0.042785362358475 -0.0104352895398475 -0.216473919248511 -0.234017738205435
0.0701180510159999 -0.428210647688188 -0.293643176666276 -0.167236526560408 0.238584594313879 0.251989901453648 -0.235912572794817 0.271984483033467 -0.159151926338696 -0.188637549324142
-0.0892121863671409 -0.453013230832095 -0.460909070442997 -0.0933773945731223 0.36805724329239 0.529017637002048 -0.28206474415896 0.42519407085566 -0.132177772751414 -0.146782509177782
0.242784617361634 -0.376272003414199 -0.525040566628315 0.034770233309703 0.287417042944951 0.269270381099448 -0.0955766813503847 0.407446492874023 -0.411363282426328 0.157514492122926
0.0700376248678392 -0.305028032056013 -0.555177489257339 -0.193594822351986 0.3175189562476 0.506211618845714 -0.299826196214773 0.294013377309189 -0.266505535605581 -0.342894367195567
-0.130294360673093 -0.331662058274328 -0.649964199750222 -0.0329420153807014 0.228486118684463 0.33383972201587 -0.151532213553502 0.295959794342093 -0.0746999055390914 -0.36059652190269
-0.00581347668413384 -0.310074245569742 -0.382399199893131 -0.0283471059089003 0.396530839032241 0.563811928994453 -0.1129118350927 0.477956169878959 -0.13883983220336 -0.098676370081308
0.161192260279384 -0.385931737319802 -0.572462143060818 -0.0299483698467785 0.419763927240157 0.411104285363132 -0.167802408498472 0.40029768840038 -0.24798674282417 0.0129196696501615
0.151105589323693 -0.396443115821919 -0.525437092561693 -0.0148186867170433 0.457063937320451 0.425304774511211 -0.198209307809688 0.419133956027518 -0.257258940305973 0.00278402083806922
0.157413481340643 -0.373287079470215 -0.560117234770759 0.00468641461246012 0.432727741864556 0.316769082833275 -0.162766663201105 0.45170487642252 -0.23050018308349 -0.0242025850505349
0.169023200400502 -0.338076145734749 -0.603334601164513 -0.019505690649208 0.41935003747441 0.322291774183341 -0.179990136238272 0.427007647341381 -0.232861385263577 -0.0293541940463468
0.170401090758917 -0.352079831043507 -0.599173235045836 -0.0204200498529681 0.429834284061056 0.329645561110126 -0.17084179285578 0.428214508877431 -0.253244652424376 -0.0457306466571221
0.224921760362252 -0.330545140550711 -0.619487210118647 0.0829813264459799 0.373796172957936 0.493781738799378 -0.0858834035220744 0.20650799460706 -0.369433100889341 -0.0807882535864277
-0.0953466139846658 -0.481267853595225 -0.435358053871679 -0.0631429763054217 0.407020098161986 0.50891706729113 -0.282859067008622 0.449575972887952 -0.114023152047914 -0.100778499197951
-0.0532112868292517 -0.369021735194896 -0.567197615184827 -0.0728424070663635 0.203522308062974 0.349877105471572 -0.14446652235376 0.278213931866879 -0.138117554405855 -0.414853340612039
0.155940715506022 -0.12122266409166 -0.445829606818998 -0.167234362686039 0.254120010213544 0.418702570526575 -0.109163523324381 0.149121329166034 -0.20018256330679 -0.249811715606756
0.162303850001231 -0.0818005284181917 -0.426693845001176 -0.165579586519644 0.302272456491586 0.394821483358173 -0.0852693052118615 0.166116503552144 -0.211952194686691 -0.26298412737094
0.204252399250106 -0.367574790319622 -0.584174391891703 0.0959476444692046 0.301921274043632 0.242584394023289 -0.113401211385358 0.366650354866477 -0.29533226767533 0.212519906721571
0.0435720657930623 -0.391547572141932 -0.260485977661363 -0.0791313447509426 0.221793024778338 0.326004737953936 -0.311865958420559 0.256131175557776 -0.185491852272717 -0.247440387205732
0.291183141772998 -0.379310747281753 -0.587470260689766 -0.00433364135606798 0.458371356027707 0.401427484571767 -0.181471179474945 0.303864822871332 -0.135045208799298 0.0642954564937315
-0.0596157869644967 -0.464157294753103 -0.458252809724239 -0.0739575553502129 0.367160774260921 0.567582224006559 -0.252505618880527 0.414921921769376 -0.111833930372396 -0.128367274571358
0.265114145040239 -0.344224241329481 -0.641037625368219 0.0352024503002706 0.40688408846771 0.343714349198798 -0.193381298866128 0.388653725261644 -0.163366642580435 -0.011226035664678
-0.00119543478470309 -0.348805257529979 -0.3892747992234 -0.0545806420603792 0.444175464861328 0.546045814617213 -0.104691545930958 0.497983176109447 -0.167638641024273 -0.0966999184853592
-0.0605299751268846 -0.469745252936481 -0.455634483815031 -0.0710727171530915 0.394269985183597 0.55448849227522 -0.295121770342036 0.445409086458546 -0.133895570072744 -0.105058705312369
-0.0921020089507246 -0.434288131602773 -0.484648798048164 -0.10531495477483 0.34262656180767 0.506623587990615 -0.29692819758886 0.425529293652062 -0.110303476312244 -0.0834905645932741
0.222085809267452 -0.373247597518752 -0.567940606040598 0.0676994446808571 0.32694605455081 0.222300388547531 -0.126382844294508 0.334308902401059 -0.326442618990069 0.210433161800858
0.227828575231686 -0.237389266385931 -0.558077148484643 -0.333051286048652 0.22104809501645 0.309622200615189 -0.10582443585963 -0.000778701674918303 -0.19887639895755 -0.21432137693322
0.238422396094258 -0.423186739735508 -0.585548105012822 0.0400711128989795 0.329651955553369 0.268633283247497 -0.135421187108012 0.377999148646521 -0.319794666067883 0.225661146005373
0.240995969703609 -0.343116548701472 -0.560300135485056 -0.0654956256613829 0.322860027165235 0.374185937774691 -0.144735063864752 0.447927504997746 -0.363745072032579 0.134969456423673
-0.0973270851625258 0.0649586423685602 0.486276728564084 -0.0858174668607805 -0.0579575173279218 -0.236168329092226 -0.0809128079267625 0.223679484771817 -0.0335432672776221 0.0995217301139768
0.230108615046456 -0.514892128082773 -0.494746372346476 -0.0263556268288467 0.492322986760278 0.420679737846522 -0.188544596209665 0.29349845535389 -0.38540321093306 0.0483246297185195
0.294176461300181 -0.580376927501359 -0.625824927432083 -0.0443030595996665 0.418942301615774 0.392289042900196 -0.253420909436752 0.165378485237107 -0.363082420869203 0.0466019228691963
0.140016703427595 -0.390872529217687 -0.536910536675593 -0.0292927064232963 0.44037461209573 0.386190600783501 -0.144277163279622 0.363846144169621 -0.198584476672508 0.0986291583388992
-0.0097813907235571 -0.259927238740695 -0.553704045088131 -0.209869948673222 0.466080444443558 0.180174511212063 -0.0838051203863069 -0.0298778194161873 -0.115795423424085 -0.102456141977829
0.138389454604735 -0.386202871982375 -0.58943504638028 -0.0420206150573914 0.436467907997612 0.387228687363736 -0.108130795279672 0.3282272024169 -0.220194809307155 0.0986770802143435
0.309866982981501 -0.526690733205087 -0.663894601440885 -0.0665496558382003 0.516266796368212 0.40427610063933 -0.148735130644958 0.177049002760278 -0.329230219632643 0.0786165415930809
0.219153859761036 -0.453562504538176 -0.606353320695321 0.0799797629290851 0.344545378961383 0.312134712902883 -0.0944740157637025 0.358113173577564 -0.364862025082435 0.202438111715761
0.202142017404191 -0.141133722023128 -0.376400215632325 -0.181041301595935 0.344657191234476 0.381860008501526 -0.08270410192634 0.14980279660238 -0.277550111500593 -0.216648341273459
0.3026567429367 -0.352867568543194 -0.691573228443797 0.11782690239365 0.415856514910471 0.472200769359233 -0.144505073840754 0.148565045996915 -0.399873997494401 -0.0986611756432484
0.273803977622636 -0.36080954471913 -0.64913466242996 0.0907153919281438 0.435827689956854 0.439488221409241 -0.0992224746182157 0.150739404704283 -0.413805357294246 -0.102419435413485
0.255952014627642 -0.371314091207512 -0.606375739704731 0.0807534801712183 0.324199002804088 0.257739897805633 -0.0872315948091812 0.345548248589633 -0.391201643819396 0.25482320779092
0.202371396101245 -0.255362435875362 -0.386682518935596 -0.218792736780121 0.394266786422082 0.260768837693098 -0.139726932939424 0.263012822339126 -0.364431250979 -0.331687376204562
-0.178497608994439 0.0514138888331745 0.369225744058821 -0.0162623187315485 -0.179178992523451 -0.337626565178735 0.00240238817338852 0.41972829015985 -0.128163528081812 0.0592952661547549
-0.0676123149236717 -0.496537642352743 -0.454880683618601 -0.0525362480079968 0.362749513677975 0.553518091401556 -0.272327539122721 0.46710417872356 -0.11658094056915 -0.109520650204142
0.251914431006316 -0.376642806725626 -0.669956459997141 0.00574194716876104 0.387533691800588 0.295133834831264 -0.182005870072166 0.317298991078593 -0.121076549509475 0.120692638509234
-0.0507075745773261 -0.292510516040169 -0.381379318421548 -0.0574937814829322 0.325492005169859 0.49423268712598 -0.248347236169593 0.379577892495099 -0.16596864174233 -0.00509534253255138
0.0982716823365997 -0.289123947906045 -0.567331320803314 -0.154612233791672 0.282691148138559 0.465465058547173 -0.297443443505345 0.30808837605763 -0.230310976325213 -0.371749977414204
0.219433781049363 -0.185746431611422 -0.521770305705563 -0.373326018473388 0.214662705729034 0.3253903017728 -0.129187479515718 -0.00217533607588241 -0.237336025021654 -0.19766576817201
0.18604321265058 -0.228909047682759 -0.388051392611704 -0.0947890738796492 0.450618172666517 0.305695118359652 -0.228909347073519 0.159559176035539 -0.320253079395744 -0.264740562710991
-0.151739434774219 0.101250657057493 0.336532825400926 -0.0279804763439567 -0.0601164230107112 -0.35086404040382 -0.0299420418382421 0.361878996057833 -0.0268924488559914 0.177581258023493
0.0496191306282998 -0.375082296055948 -0.284158981439694 -0.0873200626654388 0.251780374937337 0.310438583988133 -0.306420890466609 0.238191113855799 -0.146179561346585 -0.230359739236978
0.253565994494989 -0.310713083594643 -0.530160023230998 0.06301126873536 0.429297112173278 0.280602090958715 -0.126778858317969 0.363564555115712 -0.377161479021858 0.220514530850888
-0.0757059990699061 -0.413181974538923 -0.550518723535922 -0.103046927012335 0.232647947741797 0.294944111418018 -0.123822177124841 0.324428317467869 -0.10711479115209 -0.441326795166876
0.18531059464936 -0.376583703166622 -0.577592081703924 0.00444387158656948 0.459965856456009 0.28461698563532 -0.145992257592535 0.450056846642565 -0.19207207296918 0.0286994426513049
-0.0872696320801958 -0.332255620327978 -0.656438098664469 -0.0453660820824878 0.201766397076481 0.32920909667386 -0.201219561994147 0.31012690491211 -0.108145645777046 -0.359171777933363
0.156629956374064 -0.238748396860995 -0.608719441450452 -0.238520512437612 0.119171347498567 0.427544126404476 -0.143691286757039 -0.105722517246686 -0.422944383884487 -0.141158203080611
0.182876782430056 -0.180996417506382 -0.328037450324829 -0.268563490525097 0.485312857930455 0.35415593492887 -0.170967428373479 0.198705046840347 -0.304639376191849 -0.340905809114729
-0.111706930851491 -0.338919478837677 -0.671504612651943 -0.0408512330723021 0.22815275740932 0.358111215405981 -0.148461924259779 0.318976683089271 -0.148615805087413 -0.373586534573675
0.215756209197502 -0.221494201296685 -0.569281555853623 -0.382006154582916 0.278512271976707 0.274367207306375 -0.10840015983046 -0.0310162106892435 -0.229517347233691 -0.186175100609545
-0.00758178959555262 -0.313145197642402 -0.390523328502919 -0.0334780846364297 0.424173937907415 0.594047193188292 -0.106046982779116 0.533573820605877 -0.184735187383006 -0.0824284950022763
-0.0397957167735948 -0.308715350112234 -0.371110938742401 -0.0159331567475246 0.406868998199292 0.57994566701429 -0.092525213043236 0.514456651586903 -0.179176021543275 -0.0929417421204357
0.221966932271801 -0.242382527092099 -0.572718796991013 -0.379782744078796 0.204316367336772 0.294833697488082 -0.123163296590386 0.0115336020793748 -0.223588905167751 -0.175076621742533
-0.0311664153320959 -0.484830046894482 -0.462380102990036 -0.0640952999303871 0.386421641657377 0.531467599127664 -0.27046198020593 0.425763246514082 -0.14701275968212 -0.13375126741256
0.14688780505364 -0.213263080920645 -0.436217126484555 -0.140544518565947 0.372724543733105 0.293681706403945 -0.120222416111531 0.134246512073921 -0.299642675331832 -0.287958358926731
0.111315556578808 -0.220882822681629 -0.502729813333515 -0.151424541898054 0.454258293902468 0.368428779085205 -0.200687149482487 0.207950186682899 -0.304101959429562 -0.417933286199551
-0.0804620769701633 -0.414004495183734 -0.477272859424717 -0.0822496329797105 0.342933933276954 0.569311576291713 -0.266746488580969 0.438123681696218 -0.118791333185999 -0.16086809842481
0.239512811937243 -0.383530808290224 -0.564918493074455 0.0370888374761857 0.338946009703037 0.283593495606721 -0.0995493246100412 0.349707055406314 -0.360671532481206 0.226370029081106
-0.13809018677808 -0.326664635919099 -0.634524360277829 -0.0321748939172284 0.219201618133538 0.329487277793149 -0.157202859055211 0.327573209324266 -0.0926566965064021 -0.367888626488714
0.0541030649591771 -0.352548689605309 -0.231637289657188 -0.0849913334752784 0.247118002423799 0.295171649861022 -0.235557473267385 0.200055725989073 -0.196888710500137 -0.209089012684034
0.255971218623756 -0.353628783362579 -0.610795120682792 -0.0197762731950948 0.405898590043147 0.298526763154888 -0.168007315700681 0.315729692513878 -0.133954744383778 0.0723133982542358
0.00933789816237707 -0.422863391826068 -0.375667607712663 -0.0280134886915488 0.408544437216678 0.47886839272847 -0.297968921897979 0.409855271830901 -0.196004614297303 -0.0650794952408821
-0.131040188567341 -0.344900955576117 -0.662906799177111 -0.0536279998072014 0.228894646368352 0.339281759262068 -0.15772574053126 0.299854961374554 -0.138810156477871 -0.355464333166892
0.293815564860888 -0.388874578266583 -0.583896421812184 0.00408669855878846 0.427327315517613 0.401344819559791 -0.180588520982275 0.29760572584984 -0.149536238343204 0.0840297178828341
-0.152119996124313 0.134777615731673 0.436560662857348 -0.0567216190241014 -0.02324839038387 -0.384283266676761 0.0795200827900454 0.308234551489772 -0.153121545404176 0.0486830418739433
0.168351508107586 -0.116641667348578 -0.444402333335759 -0.168882346653102 0.317735846648293 0.402737492964848 -0.0879909005757688 0.139129492940437 -0.204794267573973 -0.276667451259251
0.233590783141931 -0.219073999667499 -0.407360233661101 -0.243528208429216 0.483021704261126 0.381854087684276 -0.161712230445018 0.241203457363867 -0.290751974560441 -0.278205546274575
0.285088976667055 -0.262333377496585 -0.416953607427462 -0.216973229223017 0.404666447118786 0.397514253510077 -0.149989764715341 0.175583383830025 -0.280408585955357 -0.262376224963436
-0.0372174384097875 -0.488348318706768 -0.442639082816022 -0.0520568709112207 0.406574274713933 0.537361035835292 -0.254179321245953 0.422286734195705 -0.141627663583508 -0.116968428025235
0.0135635840715818 -0.452134326408727 -0.34276999996405 -0.126972132721204 0.236056430974095 0.331276434958848 -0.241319687662738 0.201233488267482 -0.186133511376498 -0.214082078517251
0.170491462596103 -0.260187710949921 -0.436753733107928 -0.235541372806348 0.412947193953428 0.2606012587587 -0.151976349041262 0.193101617105657 -0.305035212737078 -0.321193852228581
0.104357676077996 -0.520100832118788 -0.227221555343278 -0.101083610336565 0.210355558278674 0.251345872392032 -0.294989915680862 0.147863156396916 -0.235102575597687 -0.225359239563773
-0.0485216696688654 -0.283689683942121 -0.376068075539985 -0.0506561943099678 0.318792302843434 0.509362163241243 -0.235261838317178 0.400793867212445 -0.127474954400476 0.00321935022326639
0.199142296129969 -0.22592298523564 -0.576131283600156 -0.363597737359138 0.188843010255828 0.291122093546681 -0.126359584871084 0.00241417194286207 -0.214038243954516 -0.172291339487328
-0.0331019244034868 -0.292992768135487 -0.390444870650383 -0.0482845237936162 0.309583252260928 0.510305379359396 -0.253213246845813 0.387406711818893 -0.129897598592422 -0.00387403033430975
0.348069250178369 -0.458332248304182 -0.534677515256031 -0.0779690776304209 0.466447888774117 0.351737416087639 -0.171789928153349 0.204580589456896 -0.331403148466892 -0.000676849837523925
-0.0169629455710168 -0.248158218617042 -0.452819992280811 -0.121963460352356 0.478508828671292 0.332803594197398 -0.0217606140809912 0.0981113926347429 -0.0964164792219666 -0.12636638038788
0.196210785813059 -0.436267926504145 -0.585245767847254 0.109236673320947 0.374971525486326 0.559348032628007 -0.188484629100874 0.253148560924529 -0.240825939486593 0.030471101253609
0.154854728446939 -0.428487701722013 -0.533431313289492 -0.0174304962918818 0.455608522610876 0.45096285101713 -0.0558101893912182 0.145065983852512 -0.37464070733864 -0.0597478902325579
0.211777568203044 -0.48726448185903 -0.455639076435621 0.00849199002498688 0.547128951726744 0.402436820652735 -0.105050563412844 0.424682779964091 -0.305019161974139 0.114904004693492
0.105605619431828 -0.399310616920676 -0.517394431871335 -0.020392364383167 0.540867421566838 0.302979175549871 -0.144047661889983 0.318405140774092 -0.203572065229493 0.0767686086800781
0.148472925589574 -0.445226601233371 -0.594762894673268 -0.0223935036588766 0.412017216476506 0.373377457928982 -0.166677424624285 0.31492141806546 -0.247698007196363 0.135251509021621
-0.0148440581586109 -0.305184372904836 -0.515182298448164 -0.20395203056168 0.496791842634138 0.218808256267511 -0.0725676272085772 0.144836071365515 -0.160162517467446 -0.185394999403117
0.279211999456754 -0.431050291452531 -0.622621259640708 0.0390422596470071 0.473147235757319 0.220832349288394 0.00641301461995084 0.285471949233961 -0.270181311887922 0.0463472927697082
0.282252641303075 -0.384702599278272 -0.536996823861451 -0.00198459847679811 0.431066465923816 0.217469940360676 -0.139953553213332 0.34423577195193 -0.322418589424932 -0.0336214389168182
0.00145336849488634 -0.306595093033406 -0.500669207292873 -0.243916744363419 0.410989811801274 0.154798909189267 -0.138671121720988 -0.0467508091401439 -0.134635755492162 -0.144088521570299
-0.00899591443266382 0.0127814398657892 0.551642047883987 -0.0637559839709953 -0.0250770390452945 -0.187604050703519 -0.0724723410948226 0.251631157110694 -0.0397232792759185 0.000503222026611926
0.27337211382057 -0.509338410509536 -0.588536290366025 -0.0498009476298956 0.433995243826317 0.404331347644947 -0.23815191736443 0.222572958505722 -0.378619764451154 0.0432197309980738
0.241703001575925 -0.400758983831228 -0.563129680578566 0.0370922602094859 0.422355702814332 0.206518490600404 -0.139235974652303 0.285744544581439 -0.302092188962254 -0.0389458840178942
0.00292475881997887 -0.288908558590529 -0.473530509374905 -0.189262486995166 0.509986576816756 0.144530484084516 -0.135497164398287 0.00142273725934016 -0.118769521893447 -0.081514947782883
-0.128329841056921 0.0506679710039667 0.347849517517501 -0.100407330792016 -0.00627161529026134 -0.34146048698626 -0.0264885078131956 0.336081767941157 -0.0578664282121518 0.220545109116409
0.245803901934446 -0.417850747336332 -0.609673475986677 0.0480707999776085 0.344568356629317 0.276959672358107 -0.0860109697968942 0.361333288689006 -0.39422392110254 0.227813891387752
0.196384466141422 -0.260500785740893 -0.387701016532337 -0.202164882589121 0.426613259756986 0.245232416687943 -0.130278815020142 0.262655131192573 -0.359249895101118 -0.335016275761589
0.142074238735611 -0.169449853294818 -0.375306004060556 -0.255986604634156 0.473667129792638 0.331476395553439 -0.174462288541051 0.210877913750947 -0.268000519613069 -0.29047770045697
0.133160888256589 -0.262038533456197 -0.409960348645074 -0.212363126869304 0.36439247623126 0.271141948960258 -0.133745951170523 0.215852875105599 -0.34196718796611 -0.342575298627656
0.196098800302601 -0.224014314324595 -0.558212944858922 -0.429974139673569 0.273367742268494 0.294978944392716 -0.0997046593975818 -0.0618726896594905 -0.219948009923926 -0.11695433910534
0.201344644858328 -0.182610688398281 -0.355741989514054 -0.287841075208652 0.505972223782688 0.320939179568903 -0.199559467509308 0.206054632423747 -0.290624254850025 -0.319638733330647
0.101760375071178 -0.217810749673265 -0.40934069328023 -0.13517276863243 0.425780537538921 0.316544111298454 -0.136077868540133 0.102049962214409 -0.340036513116754 -0.252242110384311
-0.0860152840615726 0.125159049002876 0.437617176736885 0.0264537665360967 -0.166670920958426 -0.380034370371664 -0.0118687086923423 0.39382303510369 -0.100980706723263 0.0684299073204854
0.310714270998051 -0.316291577216494 -0.689341660573919 0.0885134424891281 0.432037584097981 0.487385263339714 -0.0924367165164114 0.168744342702713 -0.347404463150321 -0.108661008675468
0.17730639834423 -0.250799723961277 -0.551513887446512 -0.373638280426294 0.209690459064082 0.280998758958399 -0.115781680009134 0.0147092053502687 -0.235420746168408 -0.182386629856961
-0.127167262373208 -0.361049110322795 -0.647390830869445 -0.0550978619612894 0.237113231704549 0.358777661866022 -0.157621377029834 0.313826890825603 -0.131216791681546 -0.364295876017004
0.28455588771468 -0.422796601634142 -0.594907770755884 -0.0281953677421033 0.433298934359794 0.375436628852082 -0.176823166927242 0.299215286291398 -0.152359301844515 0.0432564203346638
0.160939534629377 -0.229283858094499 -0.414893253234981 -0.111332299079239 0.443642931041122 0.293396527455366 -0.226782321492852 0.156597171407668 -0.311205823873831 -0.299150026742988
-0.115301395135415 -0.368093348742557 -0.6508353436424 -0.0512562540836718 0.209729214966967 0.360657072849651 -0.175880701087335 0.323765864708914 -0.0976165156697551 -0.338192221559367
0.248327963854052 -0.396915922448156 -0.524468687911378 0.0423498595074006 0.335794672038514 0.225037518690296 -0.0972855383477603 0.385571675245865 -0.332185120192201 0.24227534955896
0.183950399178048 -0.374113843281507 -0.572051043191394 -0.0113160749630027 0.419741891681628 0.284486804197149 -0.163397237705855 0.46866706871969 -0.199982147673774 -0.0113102334638545
