0.317642515545003 -0.466459565926367 0.436304458988181 0.372516146870059 -0.122289914732048 -0.355165726878653 0.091606548442793 0.0320147970288416 0.0181561347848067 0.225229797679655
0.310159655965904 -0.443228664570326 0.43056448010783 0.322250618461478 -0.170713526695473 -0.363409834967954 -0.00639410494119704 -0.000377563963246355 -0.0284215640947345 0.214688262843909
0.131801832738135 -0.231087166408326 0.257866127437958 0.352603592323345 0.138214325736193 -0.429535966528322 0.176369753256975 0.0633187436655938 0.27479281126971 0.134912126225277
0.157023428149547 -0.314874340624955 0.242793711441273 0.265959046901585 0.146776749711172 -0.340066998703174 0.18103478909305 0.150852390615897 0.297332927032853 0.111582227127132
0.473700300332781 -0.223436608532454 0.232894051555555 0.27932283990827 -0.270605901143072 -0.345894664236616 0.309696279184529 -0.109995463527742 0.177287152032335 0.172362847083443
0.526600774277757 -0.24984716096487 0.22561351937936 0.360855255436443 -0.337410649832275 -0.250196093824353 0.371875399353831 -0.0698890245725362 0.177893069970346 0.17474348259272
0.513963918267886 -0.241802932403734 0.219506714394764 0.31429814978709 -0.284477900655699 -0.316072344058334 0.315438645398183 -0.116717897892813 0.19872868078517 0.15729352753023
0.0660896179049447 -0.331748275581523 0.237840889757119 0.314552885832705 0.138112694360429 -0.325854243043911 0.22930275661885 0.122058160470838 0.351942700498403 0.167344607658664
0.199367975817187 -0.51719025191511 0.696396598511464 0.396524533736931 0.288443253020504 -0.395736921906733 0.189423623896306 0.223253496453943 0.272328105425108 0.101373109521094
-0.112784264907417 0.0118424975269389 0.0570998889844323 -0.473235748424758 0.196147602902534 -0.0826135818363602 -0.0460645970143529 0.175928636276514 0.238493972574807 0.250244365688763
0.306680834025982 -0.419044645979089 0.533478288239388 0.347462132400995 -0.158395377359517 -0.319507309365307 0.0827032491739925 -0.0194259144493068 -0.0514180955375849 0.211614367912441
0.231831842617623 -0.179718345825081 -0.106394085926211 -0.489440990632096 0.236313034760078 -0.179792169944441 -0.179375041848824 0.173893682111366 0.288763489030127 0.128978819343078
0.153320573441078 0.0920491887550497 -0.196338687709772 -0.590795027871591 0.189245578894669 -0.0156826999430105 -0.0466698641921798 0.143291502801193 0.209080183967495 0.237985232182771
0.0842097036415377 0.00639596814496597 -0.170176920253748 -0.473852410152913 0.197406014160308 -0.0498678257748811 -0.0397590973734549 0.268278373779444 0.133026149996659 0.234417094812447
0.134280352247304 -0.247997828675301 -0.154656264104856 -0.508504311949509 0.193016954695044 -0.0542519548091344 -0.184273837065563 0.252703291424141 0.262382592315705 0.156073922125502
-0.137107231800196 -0.00337329112230028 0.0413063578515565 -0.466294314871695 0.190420058539118 -0.118678164930716 -0.0777788590748206 0.140022183918742 0.254756212061844 0.257663550075184
-0.197564677190084 -0.0302760323722601 -0.00711364865733453 0.266442972724526 0.174344867009855 0.339047048358033 -0.0474711980095116 0.118031272343614 0.2336500438289 -0.228081995333894
0.0639535712648987 -0.015486382095499 -0.171484439913626 -0.546370559005212 0.189983784750486 -0.0349226360278522 -0.0999575478278959 0.0967071998535983 0.279088370977121 0.393941997099271
-0.0318869306855665 0.00169065806079482 -0.0546289302637886 -0.550784233679021 0.165571129100182 -0.00790341069527427 -0.113183791736652 0.11229976414011 0.215482012983777 0.261538250751819
0.289519599039673 -0.453435864344348 0.526666657787607 0.340060931296075 -0.127674448844503 -0.342982170753541 0.0292917580993056 -0.0181676488727509 -0.0459321362195274 0.179370760710538
0.223156093557135 -0.308135837950459 0.521351062749145 0.34631592187934 0.0343642891585689 -0.234415892604339 0.153957230190803 0.01360915364629 0.0658788638806112 0.100915843280276
0.245727124949115 -0.182452936746577 -0.257458584407912 -0.536501397369936 0.153838638922864 -0.13172711154675 -0.13228623250251 0.19590081401595 0.193195306856546 0.1350782228974
0.233128229310848 -0.15441585667873 -0.247213725082975 -0.528135335330512 0.173896149373669 -0.177016298003706 -0.123581273291853 0.215400612064232 0.154274904980392 0.13680079775496
-0.178066413465633 -0.0171522188766315 -0.0747264022124601 0.287012936187416 0.262281933224655 0.29202766877865 -0.049608953951069 0.155658676635969 0.271723084237707 -0.235869631828593
0.211398220987625 -0.193327955701272 -0.170267247623207 -0.54913497576973 0.169545482594897 -0.204406248314793 -0.176079635046984 0.226349901984753 0.293019376674953 0.0943823529232159
-0.048054538559693 0.0149732644502123 -0.00112021043929142 -0.381696340648307 0.134362448226371 -0.0629371687550722 -0.130849902350813 0.128098688349591 0.303131814225558 0.16157527888765
0.286702551302655 -0.454147840400924 0.571173772466905 0.357036119048021 -0.142156216046929 -0.357401010240575 0.0891549501188759 -0.0303815216490002 -0.0681393811098728 0.228917633514276
0.175699870707252 -0.0333400903259074 -0.0394444222605973 -0.398034245886345 0.218663981614537 0.0432170611711774 -0.081655950078982 0.140532656539619 0.308587959963698 0.129595435155334
0.451598239828045 -0.110314091762514 0.639936958497314 0.286866851670765 -0.0325511493400732 -0.250519946969449 0.253823998929857 0.160559775097682 -0.0574862916340975 0.299638871489289
0.210066186323345 -0.225026461961095 -0.198693864739617 -0.543037248278388 0.152711981436723 -0.189825966749435 -0.138004367592189 0.21517375150766 0.146550304972904 0.112839170372444
0.22438447535002 -0.510849611243499 0.710933605450793 0.299353984820419 0.399109463622012 -0.520991398425053 0.194540168414217 0.307459819964044 0.0969301705472645 0.214630931921782
0.281174861604127 -0.386768676897085 0.740272517016026 0.45569470709562 0.344804028934986 -0.609844102773083 0.324924540580623 0.423864398976864 0.114776810762013 0.0704464344751121
0.253600433597431 -0.15959935969461 -0.248272644854171 -0.525515372871859 0.173693392455323 -0.126341561712864 -0.115721966044 0.191729880759118 0.160522353671345 0.101373634004247
0.354883994236025 -0.479923334627034 0.463975905794991 0.289865621973922 -0.119718180061591 -0.305373914867728 -0.00357942874007212 0.011124044492657 0.0128243739696817 0.230395574179745
0.171707476027706 -0.422379817483952 0.741567943169597 0.259169752669058 0.304124683633455 -0.427128071283082 0.282818089165844 0.235193534176476 0.204420416952621 0.146131216515942
0.284037083314883 -0.480534560982573 0.48396669787554 0.388085780120709 -0.0899146892283562 -0.349749027197668 0.0330031705354696 0.0144971247854237 -0.0617419412052596 0.230675331906032
0.195964116126501 -0.525699718960886 0.704016145682555 0.405338846873505 0.263477530036634 -0.437758989836347 0.213218530192668 0.228281813165473 0.28488500206974 0.0981637085582402
-0.0122227265276966 0.03820135520264 -0.0169569182596825 -0.447926942221081 0.184632089478879 -0.058180579662567 -0.0978213788784756 0.156311519260176 0.230176607876994 0.288143106495498
0.266245816607663 -0.482586765127195 0.475691594273651 0.417297609140449 -0.0842942168795758 -0.369125743120046 0.0226945805112663 0.0104169220603449 -0.0704618186198704 0.218785003543311
0.235394533551792 -0.450600268219519 0.215416305456132 0.28589496123027 -0.158458791225552 -0.372904328022804 0.0805680461734474 0.148580882139328 0.00718283720805162 0.382786524148098
0.00326160960746151 0.018468125541929 0.00469332912837169 -0.449419310714836 0.210351711041805 -0.0799114878034824 -0.119169091026696 0.163265522939128 0.177394130663042 0.243103453076989
-0.0158891734389876 0.0238797189077691 -0.0475600717269294 -0.466281236196126 0.166584209897028 -0.029621731873033 -0.10922232678284 0.179346806012579 0.211255423199268 0.34801983362154
0.167879585387251 -0.388753806946699 0.601500362892165 0.205030009172225 0.313886823077182 -0.336127707512098 0.201347442691384 0.173520331458349 0.173443436966587 0.0660399091911984
-0.180315232933684 0.200086725705953 -0.0072544048468007 0.163056172679064 0.335742326799368 0.206987627212627 0.0141846148190499 0.152208210372249 0.0985711533378813 -0.198899326342327
0.270919183552751 -0.467609215990516 0.551861830934289 0.341771605945893 -0.145917703271674 -0.353024294193292 0.0836527978095123 -0.0255335871313019 -0.0474927376192892 0.24274069723163
0.4266887182597 -0.067009855079302 0.661543819424099 0.294719890348973 -0.0382820720119254 -0.308087075532193 0.222684201629047 0.21118554367759 -0.0454106785473161 0.322699034293418
-0.196626147759165 -0.0483983492085792 -0.0543707082013716 0.298764685821645 0.275916831256154 0.325221017546603 -0.0646719119915438 0.132433389346618 0.262180231336816 -0.215480219067242
0.278482075799293 -0.385299245173011 0.696975980629251 0.292257640622547 0.363994224808335 -0.41084014629087 0.264366704093729 0.179798654540264 0.197215905175544 -0.0064252893089242
-0.0106348153034775 0.0137881732150546 -0.000240567612146051 -0.414028176799085 0.200752408222382 -0.0514454836546088 -0.121616691747195 0.158483657088216 0.214951253844058 0.317664077220978
0.236360894645331 -0.43493538309166 0.673880128602166 0.375953369114159 0.300655548483274 -0.379180356456559 0.178331202750072 0.226660567120268 0.245016672963168 0.148383902285013
-0.0444156420548768 0.018485704062612 -0.0109735627516358 -0.396788867821786 0.132529931353198 -0.0623565188163543 -0.13956069054496 0.119880330965058 0.295768096820247 0.162957285526977
0.217084502598672 -0.362265427970395 0.527365686806486 0.384614531913088 0.0509891718928557 -0.256098889517843 0.176246831185506 0.030140780306244 0.0656961607142111 0.128132461074301
0.159213747416525 -0.418351988493374 0.747679246901353 0.266400105018209 0.298760557740215 -0.411182291803694 0.26864338223283 0.235894358887068 0.209444219304563 0.145781270015292
0.288631230134364 -0.449790256320919 0.527290250839818 0.408292106370075 -0.0994430984220283 -0.424867132883573 -0.0107170862859491 -0.00883120825903607 -0.0820950519268224 0.177283295861065
-0.161539339969396 0.142735123824007 -0.0766087315630405 0.282836144185261 0.216376419385133 0.200851828676982 -0.0829476109984392 0.199305661968987 0.252427138848037 -0.220749211267397
0.221264497381056 -0.415348298807082 0.217256460641972 0.282726697902938 -0.268411169683074 -0.360306590439566 0.073818835728174 0.063862885715716 0.0191837038710084 0.242008907348054
-0.0488565222759661 -0.0809184003785853 -0.0300247882976336 -0.360423138772696 0.246515368470568 -0.18073460212463 -0.134118639299033 0.0596768958260296 0.282845185981204 0.193657432678544
0.262524823088378 -0.152394719600661 -0.269821814020053 -0.547825121437249 0.129561936834645 -0.140806548988042 -0.109970676231436 0.193500859928472 0.19488420509675 0.0761795937049439
0.412022565220034 -0.174037618802613 0.694809281152026 0.242507115595315 -0.0576056382808707 -0.302131680573324 0.273934208272159 0.197762752993074 -0.0285921768570392 0.305674387422812
-0.187782970904495 0.185765297852249 -0.00545211597674129 0.16516383098988 0.329022438709824 0.210817893879767 -0.00845237039334977 0.150968846035396 0.115043700845743 -0.22458197660338
0.213337735783081 -0.165283727929933 -0.193020793869935 -0.526774236119525 0.137231896057897 -0.122649820589754 -0.120558982873525 0.239242221920259 0.186965024938058 0.13661264457874
0.187082044002069 -0.434676088548919 0.623043174267252 0.23704151839981 0.299024514550747 -0.290905536057718 0.210530091049554 0.153280839336714 0.148672850424012 0.032559872399539
-0.0833611504476052 0.0703180490412303 0.0152055279200146 0.360521797024577 0.201003724170658 0.176203482571685 -0.135953756992135 0.164733446781182 0.22113651534468 -0.276204142343329
0.250473256213779 -0.465261968988367 0.481460216363208 0.390265524717514 -0.132191764501775 -0.373099163573036 0.0873896197860375 0.0116284619386359 -0.0399369334083927 0.221627855530397
0.267279315827924 -0.471418577690889 0.476251809051086 0.405782960174534 -0.0936076122593411 -0.358365529690226 0.0384809674705614 0.0193877881499752 -0.0552999562075928 0.226151026669504
0.272556743626391 -0.163793220212762 -0.259535620961363 -0.544366109187545 0.141279649808736 -0.141573513294813 -0.0845714008295982 0.202096761418641 0.204591674774884 0.0916251363124531
0.130353327350973 -0.229026877102724 -0.161297699189664 -0.479419177041814 0.191579243910459 -0.0569152844987584 -0.182228097684799 0.243461607703492 0.273297657198889 0.156466802994481
-0.182280541387839 -0.0184621217320375 -0.109066043219934 0.290316704867156 0.247134354892558 0.291325382927653 -0.0508560687068201 0.157868146101226 0.284453173308311 -0.268909736666445
-0.207041358317452 -0.000762134153042762 -0.0968022629710343 0.283708524613776 0.24108578331209 0.29052163366604 -0.0952428319707933 0.17078145638738 0.291087358842695 -0.267354865083996
0.333541436001993 -0.526717414065442 0.477123926796946 0.402342370548464 -0.187521452834884 -0.292199880811933 0.00628261790245103 -0.0868224704402565 -0.0162097419626085 0.141388271122385
0.17166527461683 -0.379478829183445 0.173483770536647 0.272980117803131 -0.0846786406482308 -0.385366643912131 0.0323855404652766 0.0311878943773337 0.0131371486464317 0.240689241900793
0.246090979535 -0.165140617578213 -0.237457730311689 -0.509909053689061 0.153233526949072 -0.103911337728786 -0.0967437455180261 0.173863206549339 0.168440680864309 0.0874113185335702
0.264529226561111 -0.455288520561552 0.538834805916915 0.345529096851236 -0.125663186533091 -0.361700412692578 0.0812708059886636 -0.00611542679256502 -0.0708831842225299 0.212079657384846
0.185666887642099 -0.182009269435714 -0.248434637834065 -0.57609882110084 0.165919487920433 -0.137926287155008 -0.0979643485701363 0.223809765608951 0.211975988512499 0.109627433536581
0.211890235096257 -0.183297343446199 -0.144522000327466 -0.523355457574903 0.216839239155824 -0.199247960178747 -0.15046788716648 0.196539792066169 0.294252794548367 0.114502087032405
0.152201874663136 -0.392883064082884 0.213227487100954 0.253500471593635 -0.0960202294334439 -0.384448720859586 0.0960514580479271 0.0442726696933292 -0.00852666884754753 0.216795513444458
0.270979873078708 -0.445870396039869 0.551156182646408 0.367864355931859 -0.12061389436382 -0.355037721144327 0.063035276107415 0.00530031085133884 -0.0525712844730918 0.170146754222373
0.427707188891818 -0.0946343432759179 0.652293226062459 0.171972246274308 -0.0562309852516936 -0.212990598713945 0.254988324300339 0.204435529630865 -0.0771467793483028 0.322706756058747
0.205177558647939 -0.369621356404277 0.517059207146044 0.40501827202597 0.0555910333006064 -0.260391182086385 0.185240278996056 0.0422722836052028 0.096001786498708 0.103742125742444
0.256279252741202 -0.500044069595587 0.438536998549208 0.367765023013307 -0.113525072889664 -0.367144174234711 0.0455494156794838 -0.00121690363522743 -0.0308955087959568 0.25797416010851
0.113306598188958 -0.0446200549955217 -0.108577652772885 -0.426009876203255 0.180074771844532 0.0288571793665678 -0.0871763779389667 0.176135215437832 0.302921726820969 0.208683259973129
0.448874411523446 -0.152600894064422 0.670946102824163 0.274137046994284 -0.0679928871446499 -0.307946002210303 0.304084131930589 0.160041104733141 -0.0218570870172873 0.304911781504129
0.284726067720425 -0.48119496624023 0.471521596432985 0.374902159057051 -0.135736243387253 -0.395091458311953 0.00449453697704745 0.00334294434855321 -0.0711857397663668 0.243307789588955
0.149269319901989 0.0726417178751091 -0.159647751904161 -0.575389764647801 0.202476368594289 -0.0223711510348329 -0.0578833272738519 0.178423936259931 0.208449311058697 0.231362414884504
0.426186931558619 -0.176021602345845 0.69845228521705 0.247971555811943 -0.0612839018692462 -0.274385328226265 0.280966563680844 0.189550972563481 -0.0522436729474905 0.31254830582589
0.103784144725868 -0.421428423213804 0.765839726910023 0.282415555755236 0.280572752886699 -0.45271032862678 0.259952209023157 0.279113994464288 0.231635668117954 0.159701628683795
-0.00919868792347477 0.0208942716974927 -0.00710127776012296 -0.441572210049954 0.21171581756255 -0.0539159882175806 -0.118571772769656 0.16506409358771 0.224793232640894 0.307812764390009
0.218289264260151 -0.157405544432194 -0.211175265149468 -0.515076657165274 0.142908903727314 -0.120687696122695 -0.0994358779569419 0.228696225290778 0.219110051892542 0.122252601749664
-0.198854267044847 0.0117744486148804 -0.0732152621953359 0.306052851966215 0.231465635240023 0.259927522480741 -0.0725665990959335 0.142215651535385 0.263805515463463 -0.307053789044868
0.255849918569368 -0.144765276109166 -0.24050682995396 -0.559497970651419 0.109700456293704 -0.0877963178790751 -0.1479545751753 0.207237742673403 0.209581033910156 0.127061202946647
0.245137660330372 -0.422286377836892 0.620840490002437 0.319036583612896 0.393391796594727 -0.322872328910106 0.197577677505045 0.157967787674636 0.186465074209789 -0.0285635880197438
0.265522850011433 -0.504886093437945 0.474109430989302 0.383449317792178 -0.143284554762962 -0.390447519620374 0.0365287420432743 0.00667988129524827 -0.0570832866795428 0.231819325893766
0.227654132423202 -0.198843538200625 -0.103656764780916 -0.485115485645138 0.16862580485444 -0.124867114306704 -0.24661225258897 0.256139675533876 0.255415398548617 0.144324352427607
0.303043519987042 -0.516666580281439 0.365675175842816 0.264408894810427 -0.107168064915241 -0.346866235643117 0.0606129262304082 0.121334736894371 -0.0137008531092196 0.232723802927828
0.270939190835945 -0.467133141443941 0.526865493363481 0.395811746091875 -0.1009814769457 -0.403588821287172 0.00890399152923965 -0.0152137521327168 -0.0817211442825084 0.19871676826335
0.235682841239123 -0.439108521684426 0.250622611385552 0.2563208292797 -0.154791539385782 -0.425892745928982 0.104252386211249 0.156106566983116 -0.020428408922848 0.424257143467377
0.125527003170936 -0.0340417039656764 -0.101801759266643 -0.436292498770737 0.166330711045483 0.0495404231569532 -0.0979495312713798 0.199997214283766 0.30173949313999 0.180043769028941
0.439181947306216 -0.150665364704616 0.661622500536805 0.291681619686987 -0.0373673210482623 -0.286541345270323 0.266594959085929 0.200297514636991 -0.0452052872272966 0.328750609276358
0.162111013151947 -0.142116100792835 -0.146869674264892 -0.51281988064149 0.245666881690547 -0.230695027808795 -0.178782462548228 0.20460220638563 0.294608196531478 0.127879771102574
0.178081065109904 -0.0352646719708276 -0.109994294527682 -0.392421524413713 0.197606801231669 0.0365531434423778 -0.0844777196947588 0.198946710961177 0.302594327444656 0.110517449137167
0.155947750922394 -0.00898487552978822 -0.0856294021305017 -0.448165969422374 0.202281431420369 0.0493266634175219 -0.0439193744044711 0.195409304765471 0.312356659230459 0.146815892920619
-0.120903590097318 0.024182069888269 0.0137256498760924 -0.475915483830306 0.117518890679249 -0.0494830805921627 -0.0580937181090561 0.147615318628587 0.361834790115337 0.28268097018621
0.299087095353373 -0.473741829774637 0.505252115329359 0.426361858730082 -0.162039774240147 -0.351998097471937 0.0230508402565886 -0.0268363036471152 -0.00110283716546988 0.181141869585865
0.163114853792411 -0.410548595646118 0.418815075797116 0.493238388667624 -0.0042545154924325 -0.308821763354356 0.13349288219682 -0.0104100354356072 0.124757141937949 -4.63245658703371e-05
0.253408188962503 -0.206682193630157 -0.0941170413019529 -0.507102776876362 0.215785273920995 -0.169363770358968 -0.166479078114602 0.182320952647044 0.297246603508784 0.127400757987458
0.267069759066391 -0.470852977930903 0.622097332022484 0.328903375285799 0.383170978906441 -0.321690543345728 0.20758812899282 0.17561481624151 0.200308207139963 -0.0080678962252587
0.226092463994954 -0.154302974362857 -0.265183356227751 -0.526142843576728 0.160934999825563 -0.139262681837982 -0.115363392984119 0.201610347533212 0.165569501887717 0.115281978566248
-0.0305620997972256 -0.00236315464081202 -0.0113543653681288 0.355150368373503 0.198348492272779 0.179955005792606 -0.171982444061366 0.219041255302124 0.226460150469781 -0.228069815961638
0.208374786471722 -0.357138555202285 0.540635327451648 0.38565434019812 0.0403822322038458 -0.273696676701007 0.146373084332384 0.029115268795929 0.0682649447776255 0.134034813910295
0.113479844092267 -0.442029592095033 0.74806360891853 0.300279938712261 0.260663046629472 -0.47503040416499 0.261487047363375 0.309954948438676 0.235218093777775 0.239141054842165
0.294414208956382 -0.522512810448488 0.486089217780995 0.431268808775729 -0.227595859657806 -0.293654712332387 -0.0336375100180559 -0.0595608703401545 -0.0780475511025873 0.147196391318125
0.198607920291234 -0.0513188917921319 -0.0733901828313846 -0.392829397827076 0.198533659254954 0.0306642540748506 -0.0529846050110302 0.182364072966233 0.301214837431712 0.122145394732292
0.291051519072812 -0.348414157594665 0.781397225721554 0.429949685287882 0.34409800320408 -0.509649739130558 0.237057392601353 0.303516388167199 0.126768407707828 0.0461497323266918
0.00477038116720939 -0.0660155198365733 -0.024211074375241 -0.389091807708504 0.190292538964646 -0.0468224697666383 -0.058043409421783 0.0549868730887998 0.209765040928833 0.233883303882596
0.226241213351837 -0.524883317460596 0.651091439201631 0.462510176844102 0.268458521355754 -0.448121061456588 0.236458472073885 0.208153353109829 0.299038043565762 0.135581987675978
0.198607920291234 -0.0513188917921319 -0.0733901828313846 -0.392829397827076 0.198533659254954 0.0306642540748506 -0.0529846050110302 0.182364072966233 0.301214837431712 0.122145394732292
0.444568871259356 -0.106116186471977 0.683381268827175 0.229610848866861 0.0449422515361612 -0.297086529939109 0.256716942526932 0.211626058485077 -0.0834682072220223 0.335985214554193
0.159711061522059 -0.13401848958545 -0.146941313028052 -0.514783450142677 0.250104888460912 -0.24273383387621 -0.178726043668462 0.227336611786275 0.277971339731468 0.122312252217919
0.429001728610128 -0.083750066282359 0.663203962503248 0.279026498658987 -0.0421082113883501 -0.295712015629546 0.222551197033264 0.182010439103419 -0.0575794929895143 0.306267493430293
-0.127997229286219 0.0312121639018017 0.0465171446039641 -0.445303789611233 0.164659757370324 -0.0939272504217221 -0.0674167796530009 0.18333672521847 0.276273216684623 0.256859802696522
0.277554902453698 -0.470067844644023 0.510583917942872 0.380260525740609 -0.118669361867868 -0.432661783280311 -0.0129989623321671 -0.0134838943553993 -0.103980595665666 0.185096159448975
0.15970038491439 -0.201741962082552 -0.155872844530916 -0.460450013821392 0.199572585728326 -0.236115843394082 -0.149883208973231 0.159895953027622 0.238737588853346 0.0783417174684986
0.15836347866381 -0.422260306865037 0.585386486553847 0.215583227554598 0.281606845820754 -0.327350261076834 0.211701111079651 0.164640215760216 0.170915847463172 0.01062729461013
0.20824918477826 -0.450812875279644 0.232581585670726 0.254040181644911 -0.15338571985383 -0.416982498143632 0.0924574415123522 0.168166249967367 0.00141511936562697 0.415959882585287
0.213277564502214 -0.417322918939065 0.175221077010385 0.270452020234074 -0.270571457591802 -0.350083407827414 0.0309795804823722 0.106999991610226 0.033461863579012 0.261893180916077
0.22463543295872 -0.188979783175889 -0.221174834199894 -0.567824711686277 0.160861780378643 -0.190495057130037 -0.138306883228519 0.209983244567148 0.132918099441849 0.107521979189025
-0.0336863008053061 -0.0393740675543876 -0.0264680389159379 -0.367608558170284 0.149447535421914 -0.0584502984342614 -0.0650309763127619 0.0787535253085303 0.218096909415451 0.229596298070564
0.262525642189307 -0.486900719296844 0.452511878232242 0.410981006974526 -0.15187392365452 -0.356511752160376 0.0892043176487408 -0.0414695409182115 -0.00660738785307307 0.250404598076362
0.501592396691687 -0.245656116545018 0.222736541597005 0.306940322625707 -0.304610454800522 -0.32281240275746 0.320137982337867 -0.125516816818941 0.184241951802634 0.187806975952575
-0.0152699028817425 -0.0947744763515163 -0.00465287964464218 -0.488696243571385 0.151863785313202 0.0200590412777751 -0.0805597007452543 0.0969574549530762 0.231056340438056 0.329900160022971
0.302558927412886 -0.472614952290081 0.453011238201702 0.359509513352109 -0.161142886540576 -0.355993683077749 0.115709568637154 0.0222585514457047 0.000128083601428772 0.251223739058434
0.305387902263677 -0.463714590270141 0.445314797921552 0.356163914387613 -0.1500995002743 -0.359273222941189 0.103641882682756 0.0340449318517353 0.0148134095668772 0.256643512797984
0.355025968499976 -0.411492097569746 0.317997090370242 0.367968332844922 -0.198047848856037 -0.433610213255876 0.0992640403741007 -0.0345986405935308 -0.163081967553118 0.316631686319903
0.157262927059516 -0.42447072591658 0.746735201502167 0.389328032529076 0.371908543384789 -0.493773413103281 0.169316495418219 0.166763938349077 0.251460108700143 0.108461154883907
0.122849712859446 -0.166972981018301 -0.186709542833115 -0.534017115028288 0.202585263597388 -0.16015774433154 -0.177576980658588 0.333893512992039 0.355146764876957 0.13277378084447
0.470960637601465 -0.0792425053803966 0.667517371416298 0.229144393293509 -0.126712827833229 -0.223787004866242 0.250064424301601 0.165262691535106 0.00486439993094642 0.308964880521565
0.175291298694002 -0.0554689143000978 -0.0875763150399983 -0.387232652762159 0.177386302598701 0.0842164605739581 -0.0869156010430458 0.162308632019203 0.325097015290198 0.100468870093025
0.227044418685801 -0.188822516292452 -0.113796534601977 -0.526402577859148 0.167092917687708 -0.116122379843274 -0.251003489104058 0.264923419300587 0.270608768560398 0.143442914276137
0.290894588154062 -0.461348565981053 0.450650078649146 0.397599053113527 -0.0999573866904515 -0.357301274525072 0.00614195928031627 0.0507242012716183 -0.0411279520935407 0.24065320407765
0.0947907015724261 -0.431514357874507 0.713793438338456 0.314952122723096 0.275642177031857 -0.479637714183508 0.276580760045094 0.300679283120347 0.218843057008054 0.15067794986373
0.314099985488141 -0.511872967733613 0.494069612268551 0.409056968005235 -0.20293222478757 -0.341974750263907 0.0238765682594595 -0.0507003619549299 -0.0840181593576909 0.124878514074732
0.293161539674073 -0.474453868258696 0.456177934825237 0.386086261976673 -0.101285127488221 -0.344840873213783 0.0118250666850087 0.0542924340474433 -0.0573035317011393 0.238290600341561
0.264529226561111 -0.455288520561552 0.538834805916915 0.345529096851236 -0.125663186533091 -0.361700412692578 0.0812708059886636 -0.00611542679256502 -0.0708831842225299 0.212079657384846
0.238577491340917 -0.180496060190788 -0.226189581333326 -0.516472564753787 0.157426438580336 -0.131140453057495 -0.0877263642133196 0.203056855421628 0.166370767567098 0.0815321036505337
0.291406881007975 -0.489925546266148 0.462347189472992 0.389131967851297 -0.129443741856518 -0.390578601389348 0.0253452515401793 0.0143501434653668 -0.0637659809204027 0.236417906245743
0.247158121966595 -0.454571353471356 0.220866487967099 0.293069981635727 -0.147942267430965 -0.388220589322883 0.0929216966597421 0.15232404524729 0.00545178587452624 0.401237863535919
0.297903492757186 -0.459219542718291 0.502962338553683 0.33412926925982 -0.109898780819557 -0.334077929187755 0.0801110075997135 -0.0139332162824102 -0.0785021076670503 0.196745188090024
-0.169248765344865 -0.0106721949339703 -0.118566725173658 0.311265457248929 0.277373382861278 0.249360381654863 -0.0661837678958672 0.160834460942987 0.271734401154399 -0.259026983668281
0.167508493664106 -0.446758852484403 0.622106505334302 0.249099936723568 0.291437792065549 -0.308641216251729 0.226745470353123 0.16049553076913 0.21857618708679 0.0492704800118128
0.247595859665254 -0.42453113454258 0.176574270140092 0.264294935600238 -0.308297015746368 -0.350525772704472 0.0721632702472911 0.144739362065328 0.0352435988971577 0.357328647042276
0.427272492156357 -0.186056288282693 0.675379242906864 0.251649986235709 -0.0568285920195661 -0.323922000170405 0.298228346255438 0.205802121661369 -0.0450284799509785 0.290688509739148
-0.0023896797211483 0.0184398926092468 -0.0238889025532984 -0.451751413987164 0.22173535653781 -0.0887647999515221 -0.0985165751870168 0.181264723493489 0.180270841723189 0.252373853716938
0.232764050429574 -0.209655674905377 -0.122545771194155 -0.502222161412697 0.185287900046242 -0.155384113943106 -0.237429893556038 0.294362289365322 0.28702728557061 0.122218281843695
0.257938770673636 -0.403636401304938 0.667119260145742 0.312956308175083 0.328205650931392 -0.391161231841399 0.257156798362098 0.1542474789107 0.175356644669249 0.0154816542635243
-0.17174211852755 0.151716701366211 0.013672578139943 0.207343684718094 0.286129088806392 0.233845082488922 -0.125770335149253 0.158695528808613 0.164212932369822 -0.252163749927002
0.281735932460724 -0.444549190054685 0.509200959055618 0.357756649503531 -0.162261264171718 -0.361403748900235 0.076844624575835 -0.0169169121942455 -0.0483728278289206 0.201322421366548
-0.197484105056818 0.00783768854380678 -0.0834411550473147 0.299236738528121 0.23138642095479 0.277418376109431 -0.0605392567932107 0.13835319687438 0.257198432795123 -0.295881504615606
0.23511076243642 -0.170203818082852 -0.202776139566694 -0.546484196327254 0.18816064734918 -0.142149511681449 -0.130579975910239 0.270936875398625 0.200102826028194 0.10954046331229
0.246709056859915 -0.511933054657257 0.476056505326016 0.36087574795022 -0.178739722548692 -0.361569265171098 0.0555679702323317 -0.00241879030831572 -0.0249305920973835 0.221788792192437
-0.173701180893515 0.157992754256576 0.0300738185079801 0.204478654135549 0.273250259611502 0.252004077527335 -0.138481166441376 0.167288051860925 0.173188366037493 -0.258472447664102
0.223106950137981 -0.140110115642541 -0.150353630002837 -0.547842302044147 0.105858503484732 -0.120713778368805 -0.158386669508027 0.239342013684023 0.213601326416531 0.119873989339239
0.268654454267791 -0.465791727774615 0.47699423322103 0.372770523520073 -0.127019693926106 -0.366926526362045 0.0364010601463626 0.0063865065302851 -0.0226919066547147 0.211069587675017
0.175611440118943 -0.256749362751788 -0.0864872497806636 -0.470551298392757 0.202805313236702 -0.131962127558643 -0.185992334370001 0.207002594456679 0.200095549056284 0.0757835665801851
0.225359733595007 -0.445607957004646 0.234116502307763 0.264997826280437 -0.142726377384719 -0.396046308430537 0.0807485611496299 0.152459703790909 0.00389322177430074 0.42767145079995
0.281439212210454 -0.421867831919899 0.499898448234924 0.347103119892485 -0.110705716815784 -0.407563846561001 0.00395561274472195 0.0180086146957557 -0.0521421186503086 0.206561380052719
0.270280745955632 -0.476026271782867 0.457144306278759 0.377879330824739 -0.136262247452208 -0.399361791549086 0.0290231928532148 0.00900273136000844 -0.0676717855729529 0.240652821182795
-0.223511968056568 0.166721865631984 0.0195054843051333 0.216291037142178 0.295710919983983 0.215089781776848 -0.0830804765686888 0.155434311818788 0.20200758602668 -0.270697262032467
0.297763081016601 -0.459523548818863 0.64830570705811 0.302610770809333 0.343026748587825 -0.33291952911098 0.242423503111465 0.191371240538185 0.207014546230612 -0.00181386082523927
0.160475978245506 -0.439716112927686 0.743158970483568 0.269238022351598 0.292509291463976 -0.422858116645858 0.252431614138143 0.278839520192601 0.223171451894436 0.185539253289796
0.243307253961417 -0.455275757639436 0.498522226934819 0.399784778319645 -0.0591121179602978 -0.366961837832304 -0.0262635238229803 -0.0333347568825015 0.00292932481421021 0.206080225866396
0.255849918569368 -0.144765276109166 -0.24050682995396 -0.559497970651419 0.109700456293704 -0.0877963178790751 -0.1479545751753 0.207237742673403 0.209581033910156 0.127061202946647
0.441456648222001 -0.180656328872677 0.684992266821272 0.234261958401589 -0.0519326443413331 -0.288544117680289 0.268107603629154 0.181926670179956 -0.0645047920401388 0.283490008043021
0.342370450131928 -0.485891189296104 0.470688346266013 0.285228705090856 -0.104289982107154 -0.296425231129692 -0.0215503094264145 -0.000995951992422669 0.0228219534251263 0.206273027308555
0.44510053769086 -0.161393398194935 0.659891222484428 0.278420277360811 -0.0419993388770405 -0.265685313425228 0.277338065288268 0.188011917970753 -0.0330274055462849 0.321296454561728
-0.105060810368196 -0.00650100493868456 0.0112039504463621 -0.46779300910714 0.132022637141454 -0.0562726581571636 -0.0855112111786976 0.180994391220401 0.379994729022219 0.317238021535183
0.175611440118943 -0.256749362751788 -0.0864872497806636 -0.470551298392757 0.202805313236702 -0.131962127558643 -0.185992334370001 0.207002594456679 0.200095549056284 0.0757835665801851
0.220152347971137 -0.427372775571191 0.193697091664666 0.258453949060222 -0.260303401044406 -0.383661191234691 0.0529606333901054 0.081452347324935 0.0311278207806873 0.25859124726186
0.234586647985675 -0.149975271117271 -0.21498323250007 -0.515326433980959 0.133274190406321 -0.129116755212683 -0.140156670454775 0.258619769180886 0.205658106466323 0.116888974453648
0.444114738270115 -0.178057344483058 0.657048118831341 0.285840860490495 -0.0519441574355755 -0.307113048152392 0.307038544616435 0.202277725678343 -0.0408651255383184 0.287921554430837
-0.12222526641853 -0.00645709226592783 -0.0147748350607282 -0.493986715352535 0.126703949496457 -0.0699949336934369 -0.0594297773863323 0.155604542880497 0.341062470210533 0.269691592039429
0.14682524270138 -0.231633291937046 -0.151784220341623 -0.48684205561178 0.212054491697471 -0.0700146617931848 -0.168216652539418 0.240224724862876 0.250624338734402 0.130640789479837
-0.209680593099547 0.0054312352947536 -0.0739524696484789 0.30208011368885 0.241342631775077 0.263551780407654 -0.0646679640187774 0.153981995966688 0.260919532234362 -0.29426050844022
0.220568292731825 -0.0672047413744524 -0.112034517137693 -0.395082329893275 0.180929738132372 0.0327699213068768 -0.0937849324867246 0.156727079968348 0.342485850901436 0.131668040363072
0.395942499607679 -0.0902399954918306 0.614271496555377 0.203572126669544 -0.00956624648054184 -0.235293730467407 0.2666889476627 0.173642306902105 -0.0752622903489102 0.306207182964883
-0.147862951736859 0.106464012295272 -0.0433983052274145 0.228920484067621 0.358669635340725 0.192368650989757 -0.10818859229797 0.16335618080011 0.193962280578275 -0.240547023459552
-0.108373648410107 0.0125377772675654 -0.0346327164923906 0.259018027584761 0.342135099832585 0.242494089894103 -0.114108440447427 0.225527039291034 0.131656546218147 -0.152911449402138
-0.0664270983190808 0.0457655699920424 -0.0234965162612564 0.325745989313642 0.358187639083971 0.204428688909436 -0.0739805559968547 0.276328523466762 0.138141288775437 -0.292487325336399
0.347532492457347 -0.504569024779099 0.475475805220171 0.420812519569552 -0.110974553196401 -0.352105102139199 0.0750423460041294 0.0717063873509245 -0.0394532459882212 0.200390668965245
0.133382277250293 -0.290902548371313 0.266381033410117 0.348218611936705 0.0832157221276788 -0.367970873425035 0.247988508223569 0.0376517153673276 0.248380603477291 0.128100597663737
0.101344564040528 -0.179492064236016 -0.179669055275717 -0.525464566146772 0.193238424062627 -0.201449441658771 -0.16342345558629 0.286168930793623 0.355993095564621 0.150128136578678
0.289841480322102 -0.581704368366857 0.489982734045063 0.306477989358174 -0.0425958445802995 -0.329364513525638 0.065111114934062 -0.0154809992195903 0.00541990282775588 0.201835983194141
0.103502212174979 -0.353892169696675 0.278711642176208 0.315131561770194 0.118478934087739 -0.339577625091142 0.172014279832206 0.0842240643432195 0.258522122066591 0.157603502311317
0.379898171947267 -0.520521032801859 0.436849583619101 0.359328408545037 -0.0959786481889221 -0.383259134962394 -0.0162105277748791 0.0326829195164898 0.0437203083480091 0.231205777120486
0.632984461973571 -0.215803933592622 0.310040304491251 0.238153868344629 -0.217234133330258 -0.39742042756888 0.325853802906673 -0.0918838444108764 0.152765220511935 0.193784565305783
-0.0355418466201873 -0.00723996977902294 -0.00876276478031967 0.268396180287161 0.28283896771171 0.215287644708055 -0.0589366274997977 0.210718043965206 0.10044634549813 -0.183865751823172
-0.0309243145495169 -0.386941060166817 0.161925206442626 0.432554736397882 0.134387779660068 -0.353696213479983 0.23750535444682 0.0375271529188826 0.332751272170151 0.102488404236393
-0.118683245321637 0.0827902862813653 -0.0513340488679335 0.265267172407623 0.347682799815654 0.152219456912792 -0.108597786233115 0.164302250383857 0.192406237582237 -0.248172873647895
0.132340130817482 0.0708503984073384 -0.0945110877959731 -0.590419335303567 0.127343091144898 -0.129905136628797 0.0566553070193017 0.141889441048701 0.280494875861545 0.239823788971805
0.0930695643378806 -0.36479039783745 0.254535309134396 0.344880965299497 0.191066306269468 -0.363113392431777 0.127778922660355 0.105491691519168 0.284028713881203 0.195312377845984
0.257338484059918 -0.468684162769952 0.165487580637547 0.262416001306999 -0.153448500713113 -0.392267702432326 0.141188718557787 -0.0649377203647504 -0.0318374210832377 0.448238985276389
-0.193790614212758 -0.0010689075022095 -0.0901422420201041 0.295240732755104 0.239636861577548 0.269798265266662 -0.0468717901775403 0.132005895807811 0.259248256867684 -0.299823427351679
0.277509708789375 -0.48433883748751 0.511267164128236 0.346703012232431 -0.150233669002696 -0.334859466300386 0.0591724957448101 0.0138410207417629 -0.0527718743878912 0.198431997490313
0.206636456146901 -0.185773742310524 -0.131905531947588 -0.529352395224849 0.195360525333028 -0.127679143666087 -0.176808933189842 0.193395979384371 0.289725767961803 0.1799696096723
0.267558241548507 -0.451974527509538 0.552530556511209 0.350589892546146 -0.138244180465867 -0.331815213149042 0.0373990767000461 -0.0280332306779753 -0.0579460298152953 0.239895998540455
0.266298972593756 -0.448685603792185 0.480511367246225 0.371654832693755 -0.0896964430178125 -0.428556307626462 -0.0320393350578253 -0.0164806828605203 -0.0924722724545511 0.189427059815989
0.2700336493413 -0.136268534218887 -0.211141746329634 -0.540627168651113 0.132614685000965 -0.116689913983405 -0.0926532531858479 0.222266955013343 0.19731217308825 0.0836695865308698
0.282287724106395 -0.380769969794671 0.769516562294709 0.518918386927425 0.360834036085597 -0.494776109324571 0.223128810773323 0.315560258210828 0.151064678353447 0.0634649223940416
-0.201680224346119 0.166036067137091 0.0159049466072901 0.232811202995652 0.307481757477175 0.239662437088284 -0.0654736912322188 0.10630400325778 0.159558658120864 -0.201249507451774
0.201148607737558 -0.191493433676278 -0.169386623512738 -0.56293839822036 0.165152232370535 -0.20485245386652 -0.194641697485565 0.230275446922236 0.299197086436265 0.0963365681507082
0.279511446854216 -0.490091209193086 0.499287500715381 0.439851599109597 -0.2171531973162 -0.30377931433052 -0.014810218321248 -0.0723512744531976 -0.061021530695698 0.168926032450688
0.310272741944017 -0.47834510479302 0.471583999977209 0.406062737327065 -0.126554051533494 -0.372612779230341 0.0130350474231529 0.00453190465162095 -0.0701963065142897 0.224268034804294
0.311877252937221 -0.43286787192256 0.541259075934853 0.364724731222614 -0.185524394358018 -0.352453423983108 0.0498627022076855 -0.0216872179192263 -0.0427003395541218 0.191979817523951
0.457597994405715 -0.164695450878553 0.646875347820476 0.228966098378179 -0.0632856792270886 -0.333137236965072 0.27780999521049 0.20338182308455 -0.0233336191810649 0.330941847833949
0.254643636593843 -0.208749508315369 0.392300175413254 0.21327003078488 -0.0319437792755456 -0.301624196712089 0.131975486120129 -0.131494711405841 -0.0225225739471084 0.157015344416605
0.269980541265767 -0.456012617444695 0.537845727825734 0.337967864623427 -0.138500281156294 -0.331542754870193 0.0376047717492315 -0.0180855205606138 -0.0568432582159671 0.186214000470041
0.281004571433613 -0.471659378851849 0.450220567241497 0.387896066493176 -0.103944756713705 -0.379510052592116 0.0494112671701297 -0.000139207376209709 -0.0663001521208759 0.234792602837424
