-0.0329274278576768 -0.200691121742449 -0.144019068794081 0.134002021324322 -0.291771309139602 -0.0906262232792342 0.212562811042643 -0.0420550169621421 0.334518126816425 -0.180120952762501
-0.109993421711011 0.0287005183630034 0.219086310649662 -0.0741526004210268 0.247497678697779 -0.198389135444142 -0.0377726783784525 -0.248300134453229 -0.0746436633741643 0.0582872598692827
-0.108466331184772 0.0714953218788508 0.00643902992475121 -0.0759591278371319 0.15282073969677 -0.0917968049946705 0.0135512191987065 -0.176029560606387 0.0971717680924131 -0.0372610011221113
0.0139205166497689 0.358167691689934 -0.0290251646838846 0.191330612306664 -0.0862269343192528 -0.169207688065385 0.181470415947593 -0.214033955316566 0.12907946693487 0.0992393511207305
0.0695368490978331 0.173531514323877 0.140041061734864 0.148814830244756 0.174640015627598 -0.267613449528808 -0.162500709628649 0.0614527532605414 0.195528703462051 -0.0604536756702861
0.190304523084954 -0.208264259934859 -0.0536051027662156 -0.0542463279061819 -0.370925140721771 -0.0106633323115834 0.286574758174655 -0.102204463528934 0.439875685027602 -0.0497388716072327
-0.164188427697776 0.023003632949104 0.241491166908835 -0.108787439556347 0.215093894656153 -0.237978250748415 -0.0129638514736924 -0.27651386554341 -0.116889837288355 0.0143463463750264
-0.160681728481495 0.0124493777683981 0.182727414269098 -0.0974893346025626 0.275967244582539 -0.188541518450883 -0.0408698185660454 -0.235090480934822 -0.114280504754281 0.0768136813480429
-0.181892256840138 0.0399512395896309 0.175256778116164 -0.279498595317931 0.200760911010314 -0.140794932378907 -0.0333419026501921 -0.201638970712477 -0.0856983030714229 0.0258449147645262
0.115414215656895 0.219110931428823 0.160681857840819 -0.120242364732399 0.161687786704593 -0.250003652539541 -0.0165309927486621 -0.20339425698204 -0.024322130220279 0.0968543789166492
-0.0904980439625955 -0.038790564667633 0.0657976269046394 -0.160557801768218 0.0511343940614542 -0.0501408654596475 0.0754554392629359 -0.0745580916545598 0.0200025474843022 -0.0686630668384042
-0.13608800444725 0.00824803783964961 -0.0378918776067711 -0.123069417677217 -0.0028761963934499 -0.0994925517010019 0.0414065983584242 -0.153173129703784 0.0495714529235348 -0.109106161606253
0.0499857377337519 0.429518870418768 -0.184060360301467 0.315184877277038 -0.131345022599962 -0.169939253521774 0.274430975370629 -0.20293671368083 0.298498491610232 -0.146445066954334
-0.120068457207942 0.0943014409319856 -0.0255455772682032 -0.0767564987025893 0.18738845853046 -0.0282063127912687 0.00450344948691458 -0.132629886787888 -0.0418516769087003 0.0705254594205455
0.0951718457081508 0.394744301106685 -0.171855143976374 0.320952262790934 -0.103195405691654 -0.137280469900576 0.272219286907156 -0.256498774465497 0.26062437903737 -0.159851144067673
0.098690431696814 0.404935106697019 -0.18986344016831 0.341044504800435 -0.141254632343497 -0.215319906306757 0.23464496447296 -0.266636950429003 0.34656119932146 -0.132274451162884
0.0390145126972035 0.25863433681353 0.0800180590827203 0.151514067122832 0.243501696575046 -0.32279287190475 -0.137202519479023 0.0446378738470533 0.208119680486879 0.0251048296110771
0.0635105190541672 0.241762970012923 0.196647418646269 -0.0267731711622567 0.207819230519724 -0.282399316473817 -0.0655087775059699 -0.178655287452621 -0.028390611516754 0.0632503350088396
-0.0323201845811868 0.0191692283655768 0.129938334451124 -0.19787688172199 -0.252906821443878 -0.197171215933828 -0.219696603880355 -0.251964671948691 0.445101407964461 0.326960377565964
0.0796640199960123 0.413616449616937 -0.181081087386998 0.323824095760877 -0.130951732497159 -0.176255909957718 0.280461743358363 -0.223007299652557 0.311453911838232 -0.166829909112077
-0.0251631312883918 0.139883830782623 -0.0143893939424362 -0.341399870919478 -0.220822670113995 -0.049302879084564 -0.180350962100295 -0.192556884777806 0.558851099914684 0.0506275496788047
0.121616592963131 0.226638862577992 0.0968463365533266 -0.0392486909162401 0.135859670698465 -0.183781645468115 0.038605473074879 -0.149880302135296 -0.0875908969517832 0.0198560687920766
-0.146469051704079 0.013398476435725 0.144369429501319 -0.297604449503941 0.194826285391139 -0.123255056955542 -0.0775530998241324 -0.203390376449483 -0.0653682324710772 0.0153379371114379
0.0803165606066653 0.0748522233329289 0.113640701550587 0.123369676100499 0.250815919294878 -0.402075716574887 -0.134923239708326 -0.00161666425348357 0.258337916218118 -0.0299521894939649
-0.0662228147819711 0.0212855217519378 0.273103871359141 -0.105674397411819 0.214556343496971 -0.134446225311648 -0.0473903941614427 -0.390528319257731 -0.0531386589467409 0.0676814618282716
-0.0819984979499316 0.177855674155396 0.293464548958545 -0.10493270759615 0.149951621143658 -0.107153348633389 -0.0829791520637395 -0.262883085890297 -0.00543458141254689 -0.0323535152511341
0.0545235897215039 0.168100839044337 0.151355977972948 -0.0716243808221456 0.120662841769479 -0.0681734832120978 -0.0554316905502547 -0.201315069155161 -0.145006208186205 -0.0905248013536802
-0.145830947255231 -0.0772193169234165 0.225539385155756 -0.137278299533066 0.132601051025246 -0.20164015017976 0.0178460451642739 -0.213083973455185 -0.18036093038503 -0.000127261976769758
-0.0840880455880427 0.0126712417921155 0.258255331712458 -0.0870601198930469 0.210481530831539 -0.208430553596178 -0.0309528050764875 -0.243264319668652 -0.0246923412776891 0.0468088628581584
-0.0372686507308689 -0.117995735305682 -0.149052290413692 0.261966287784962 -0.307894126019193 -0.1479720547636 0.0992298205934041 -0.0164517977930503 0.416813842310474 -0.0535326865529043
-0.0518607140202484 -0.0881535532772183 -0.0921770503138743 0.213145861823721 -0.281957395248274 -0.115140929624051 0.133077636649099 -0.0474526425925974 0.42610530417655 -0.0472950529062843
-0.0189236259831417 -0.261788966604566 -0.147498621315111 0.117037715057517 -0.323535303616485 -0.145605076901472 0.188121739917975 -0.00952617287734493 0.34291166005051 -0.211216263229766
-0.150916359400953 -0.0236145491880583 0.0372606746235327 -0.0801810428263158 0.00555344834161797 -0.0930210271711922 -0.110904572723467 -0.180912785582315 -0.000137961949047062 -0.0753019695593459
0.14937939832717 -0.19199312768306 -0.104159878759311 0.142475166597762 -0.114361126627884 -0.0100494541781331 0.11673302455683 -0.0210480751872963 0.258013699558319 -0.153362007841397
-0.0377761825493011 0.138415886672456 -0.019342999423045 -0.0553586593213815 0.0368972719048246 -0.157698722959426 0.112685570230796 -0.107413076136525 -0.0212995317881196 -0.0453949300955321
-0.0928447386939425 -0.0120897200217378 0.0957690556322471 -0.103434324267459 -0.032431726410632 -0.114891517355174 -0.019863975377588 -0.14892205510687 -0.0953033570753677 -0.0671853075756423
-0.0242908223286548 0.19521624023502 0.315417021705183 -0.106755926248149 0.142027553967427 -0.137151979684033 -0.0830619868522672 -0.301655543757219 -0.0297506143233037 -0.0115105196038956
-0.156688330277564 0.00528722107580841 0.0580022693897802 -0.136987492844068 0.026083594954606 -0.112341189643393 -0.0836911964046915 -0.177435440077126 -0.00605432947913068 -0.0996120275467414
-0.036616746151254 -0.292063503554983 -0.141737519505697 0.236552754304687 -0.2257457269345 -0.0869937141755068 0.137433442491642 -0.01695574073659 0.389060295963151 -0.203711009939368
-0.122815214209414 0.334991054154611 0.0453814922443698 0.125059456052521 -0.0999178625150656 -0.2081380020852 0.0897986384657227 -0.198947603088556 0.0715398856007339 -0.120064844410323
-0.0602871602117591 0.0126376741048889 0.221051610003893 -0.0735965500992471 0.225990151787751 -0.22583047508381 -0.0349774232456994 -0.250686496217701 -0.0449129913803373 0.0643173753225895
0.119424704197021 0.189091043327725 0.0966655141921651 0.121433657702118 0.284766349080076 -0.281378430697904 -0.0438302261147008 0.104331610040799 0.191909821154069 -0.129692359145733
-0.0731753476583404 0.0651521314276478 0.228868184779151 -0.0966303341062558 0.215727044499614 -0.135175672001463 0.0276784510199942 -0.27285130789135 -0.0324937337488631 0.0485572347082925
-0.112014517606378 0.359660508464221 0.0546941404508901 0.132567219175174 -0.108064818339869 -0.248238572358841 0.040705147681988 -0.162038660512231 0.114564040823601 -0.143867257096497
-0.145147247634574 -0.00800518796527706 0.0350254159191088 -0.098580258229 0.0143371124899087 -0.0851550192959483 -0.02231350054113 -0.17177769656216 0.0277788588179842 -0.101631149291197
0.117393153523524 0.178884620326035 0.0980819606739654 0.133596910919343 0.329801408613485 -0.256971972574613 -0.0122954286958522 0.0627459536503062 0.23184214671302 -0.0555908802085899
0.128870883769342 -0.218647062469531 -0.0950530350959786 0.121003776285302 -0.0866637726817504 0.0245200643392643 0.106423274975363 -0.0383174921877085 0.294056048906781 -0.0977951223280389
-0.118935819296056 0.324290512976988 0.0573829295553939 0.118451642565433 -0.100700819825964 -0.218593914404109 0.0941306333803882 -0.172017528990003 0.0853599010714774 -0.120633328172296
-0.157706067515842 0.276817721163973 0.0242989445772192 0.0791049097348901 -0.127068951523667 -0.23415593098409 0.0660030791046656 -0.19854371040123 0.0949053199157071 -0.153660730177662
-0.0949735604082736 -0.0634992985391037 0.210983398161989 -0.145517406067233 0.1418271947795 -0.223404462177174 0.0378500256951994 -0.262227016230201 -0.200209239582771 -0.0164695325815287
-0.0365209312420012 0.171649702249591 0.290329025100311 -0.0435469835961022 0.122894143642311 -0.152129760130046 -0.0488920035035574 -0.261302249619948 -0.00113246252028276 0.0480301353763707
0.158898422501904 -0.118034885354199 -0.129134862551315 -0.0429618157871248 -0.280337817715462 -0.032423267714473 0.316960487400734 -0.110370473503079 0.388301923990034 -0.0544682443910361
-0.129792358540021 0.339437398926485 -0.031283685395839 0.200238251635864 0.000896679652770405 -0.250841884942955 0.0965097856519001 -0.124947587871334 0.158978373349215 -0.120787461231903
0.186529429331325 -0.210033813151887 -0.116568292118107 0.154011727405395 -0.120085343726157 0.0184290197090131 0.0338907398959136 -0.00413981253619868 0.302387705092356 -0.129036837905888
-0.0102357108411929 0.209547459647949 0.296945170853536 -0.093537295569143 0.10279496842084 -0.0967637887326139 -0.0143861744616784 -0.290649505458685 -0.0119295187349318 -0.0204990071365275
-0.0459319137352009 -0.0770108635992169 -0.0120745653565104 -0.0470546588024116 0.0710672234822587 -0.130648288964924 0.0176952046278273 -0.18937779166424 -0.00123886494111493 -0.156762081441113
0.0899475062104654 -0.221500886308287 -0.115514815043851 0.109736001079943 -0.174584052391872 -0.0205158127597214 0.081931552092352 -0.053838684519138 0.230666302228637 -0.0967134725931864
-0.131668852426417 0.342453715119849 0.0267373499416578 0.129517206652954 -0.0829994439272695 -0.226824683979504 0.0828097428802907 -0.186339473131709 0.122950663488752 -0.152133503525835
-0.118143026860831 0.00228125820447999 0.0121240920826417 -0.0361923534454615 0.0499942218786108 -0.071742119823238 -0.0164086147181694 -0.212181486883207 -0.0817708718209855 -0.0708053013586104
0.142671182436781 -0.220691031220571 -0.256164494395832 0.237726618134087 -0.233929442462306 -0.122320007699359 0.19059391820949 -0.070008868785086 0.365792641507431 -0.30935724691857
-0.0886124789090525 0.0180313517170133 -0.0119159337567047 -0.126304410353994 -0.0514949682566191 -0.150797901163869 -0.0345956387952426 -0.131534268524202 -0.0216819208965223 -0.0869933498690481
-0.0256418098571872 0.0490362129683955 0.297685970889721 -0.123000701128437 0.206892777681467 -0.222438105186637 -0.0465316450105461 -0.318609409818561 -0.016858719562869 0.0356723828336468
-0.0638025724964935 -0.0970724295734963 -0.0843500286096414 0.205955749844795 -0.28532548595194 -0.135458657627021 0.161375889830245 -0.0215799685716048 0.434093108889526 -0.0714680460231234
-0.0696490067420321 0.0510085972859529 0.274950545282755 -0.0661956512836302 0.189157156057966 -0.14053166708633 -0.0680420582021122 -0.295464355264119 -0.042498636473084 0.0206668457137453
-0.067372832676613 -0.0130265295720219 0.0659988534409368 -0.0981390206034172 -0.00915570348930663 -0.110559970651032 -0.0436242952818915 -0.133332048164425 -0.0758977992862509 -0.0960696335930482
-0.0727629953614306 0.0203924721816408 0.0310723345771971 -0.132071573053643 -0.0517296194603742 -0.128987175208404 -0.0547080112339816 -0.142540541928742 -0.0388085918115249 -0.0815066330382487
0.238653363444503 -0.138475696830548 -0.0901423218175321 -0.0606465561778176 -0.292157563979978 0.0206776384547121 0.306299390425824 -0.125488985243225 0.419987312527918 -0.0383858512735574
-0.0633108355638892 -0.0986658497646319 -0.0624544241815803 0.277693530257505 -0.322390527528356 -0.104900366430439 0.098045419238245 -0.0127810271821179 0.466806954351537 -0.0793317755061181
-0.0310807868283484 0.130888911860173 -0.0338197935423927 -0.0424463456861626 0.0581035641010115 -0.16246062630611 0.117101637948493 -0.106403500463203 -0.0338819404148537 -0.0587159624214682
-0.117773351316087 -0.0622847499474718 0.0361362052252022 -0.0890869087555114 0.0835555933737273 -0.0525513529756847 -0.0507773769026838 -0.23548639745623 -0.0873835975698153 -0.0441392850721998
0.143589119242727 -0.228241786604851 -0.263472991380632 0.231466156087421 -0.249017957958949 -0.0890195969506293 0.209608605104418 -0.0877644328907054 0.347983454853988 -0.285808828165513
0.0475023357035908 0.174263604437208 0.164265039566113 0.193682251873046 0.196361802184174 -0.204119191359136 -0.14983440904414 -0.00100245010588123 0.189203525096106 -0.100933381462422
0.156765859242974 -0.158079445146201 -0.120037103039662 0.137056870211181 -0.11376690162151 0.0168268429521811 0.0493237747214478 -0.0689089044046205 0.241117852505608 -0.188995937388885
-0.187715030521389 0.00890979226176798 -0.0652579812445492 -0.0823657931804661 0.23839628233386 -0.0272076981631875 0.0426497159562762 -0.0425268338269408 -0.153649513067427 0.015456599364567
-0.0799082000301443 0.0487346021810471 0.00784004348175195 -0.0820157627971908 0.164069896170544 -0.113377367386723 0.0363600156816169 -0.11966454496844 0.087445470513077 -0.0504284726288876
0.120021105326123 0.190813517358522 0.0989622313617622 0.0906226372771609 0.292261207797238 -0.250238584163269 -0.0656455373007778 0.0708829914747837 0.238959602003647 -0.103627898033077
-0.0319454548739184 -0.191881622519866 -0.126992486570567 0.222517710156183 -0.28979094265869 -0.10408394567456 0.209720959598892 -0.0609802455192652 0.366778477714516 -0.228285007731569
0.185139055770603 -0.191040987133392 -0.166203096886465 -0.0643567273154571 -0.34989667031721 -0.0317064829723721 0.255485964723683 -0.164298658017707 0.424510435056248 -0.0540189231159003
-0.128477742073759 -0.0382951235313868 0.219095619481986 -0.0936307102137084 0.223615969620089 -0.196558712160629 -0.0651445122635141 -0.321329214544631 -0.00627573334081927 0.00182119088446225
-0.0603459820525114 0.0441223364956176 0.246899279378583 -0.0798192281569846 0.217868147219995 -0.12061654796596 0.0345154535412902 -0.288933376658505 -0.0579873377512554 0.0127679039920483
0.143358228590726 0.255596775537102 0.161866572371016 -0.122673983407919 0.0676203619835501 -0.127273508587704 -0.0429586158013684 -0.206231074314375 -0.0646123418528863 -0.0695143871490371
0.156649653617124 -0.0559877838419243 -0.211341097376194 -0.0643748830198518 -0.305713054844912 0.0511394060975788 0.231410017365553 -0.12798313539451 0.255913387633653 -0.0718378176984373
0.194590644793901 0.246917395834258 0.0717893694573831 0.143333045547676 0.28677088276678 -0.221313389484867 -0.0673769015813346 0.083293843469793 0.236125927631685 -0.112320727823228
0.0270014379631632 0.332183755639075 -0.0529914795733944 0.176911687684592 -0.130397242917162 -0.279223921870299 0.172043152552841 -0.113243863118196 0.17948238009759 0.0562555496728814
-0.0622678438059801 -0.0422311048026838 0.0043224075485983 -0.118246401941696 0.0202367772533906 -0.117682817008091 0.0746562753161064 -0.169510709643614 -0.0342182785047804 0.0384623068618204
0.158668180338532 -0.207492256345662 -0.178841185079804 0.185383060290842 -0.234756892444262 -0.172906522301579 0.138080041511385 -0.0701387829719477 0.285565359749359 -0.285128287653611
-0.0279474943663408 -0.234174341186145 -0.116740038062636 0.125556886541189 -0.335210922747252 -0.11269348321659 0.19099891767397 -0.0286022751281038 0.327190401979689 -0.207055336220152
0.189256417561649 -0.16682007037107 -0.0326674139874951 -0.136135241694019 -0.29754394252784 -0.0375264189095509 0.306529138454612 -0.102437893067377 0.434634648109214 -0.0480746857837186
-0.0866768731672151 -0.0245841819306805 0.217523517967656 -0.0822093895582415 0.204105251638908 -0.154129202952252 -0.0142367871259428 -0.223524722258293 -0.038552717355553 -0.0361232376076195
0.0485728255277967 0.321494459322581 -0.100301606393053 0.162541435597368 -0.0499031405113154 -0.212137778469904 0.125006704473802 -0.142325417524815 0.157515687004546 0.0094212906435043
0.138177029880705 0.244090207058362 0.0746174479022035 -0.118084909776157 0.198575678734161 -0.0825705253990343 -0.0724025488770351 -0.164341678840696 -0.0803616831644611 -0.0949322567950668
0.105960127700877 -0.164848680861407 -0.156715307330441 0.12123484217871 -0.135670055379248 -0.0142300960784633 0.0304943186359167 -0.00252178643652073 0.294421470324547 -0.126579712493139
0.0130787226370116 0.322353079305505 0.0472576066220495 0.136046968155871 -0.117342166052115 -0.188690002766151 0.204127599270575 -0.188135689235998 0.159642482771559 0.0864823834417559
0.00876464754944776 0.0571393340670656 -0.0260589779350339 -0.131528305570388 0.0350109137663231 -0.0914408930768338 0.0727956075073961 -0.115643783623661 0.039900788744685 0.033214319670024
0.0779092155566564 0.238091470091759 0.154006624716759 -0.109953314913259 0.107855213516065 -0.106235685061421 -0.0151743179659057 -0.223679572107512 -0.0548062228556623 -0.0586125059078442
0.162905297706585 -0.12500980878537 -0.184484656587602 0.0172423637965662 -0.287337647097244 0.075910570361429 0.271212821869931 -0.133704098172049 0.217762423565934 -0.127186127047087
0.0240938061319361 0.380614391325431 0.0116734182211124 0.178887294890873 -0.0777005130429985 -0.192360706028147 0.0820240894144364 -0.141270181111202 0.154567134515696 0.0486776737632809
0.0302978589065721 0.32571694785036 -0.0231327794262777 0.220560496202861 -0.129572074050422 -0.207639995974812 0.160840406588534 -0.164918384810713 0.22512213506908 0.00844896284084953
-0.0220836775393974 -0.231969142052765 -0.125542298939962 0.140571163828549 -0.340614047910512 -0.0780410580915491 0.169205037052139 -0.0138933647149388 0.346216887415614 -0.207716537829249
-0.160136036686627 0.27501152688389 0.00462486626044917 0.100261230101755 -0.12635518573662 -0.243379234700528 0.0656532397974212 -0.146514943644057 0.0865307648247955 -0.171795459594617
0.245130691223474 -0.196061494768563 -0.188014425690032 0.193884651460293 -0.214952676771441 -0.149925236462076 0.163633416173789 -4.37480154138921e-05 0.471216365525123 -0.186067766073233
0.0905749769791007 -0.292408708400091 -0.125793006909059 0.231327936390714 -0.117906963960097 -0.0642406153904179 0.0891535275162302 -0.00950405934746585 0.327156944536428 -0.133678700908665
0.0694125332721682 0.325503493410963 -0.0154703916215761 0.194649637210324 -0.0729802751799408 -0.172479314227866 0.14912189082877 -0.196454429297247 0.183797036516921 0.0993240582017814
0.00251430622994593 -0.234992315936514 -0.16775323042477 0.198864627516325 -0.308708046469282 -0.147285864526161 0.16641329055558 0.0161547383132217 0.408329557420594 -0.19831391271689
0.188869916842114 -0.160140592823992 -0.241780393269429 -0.100091979416879 -0.310091812414941 0.0188555391470347 0.280258934051037 -0.0921073469868471 0.390662757611172 -0.0905066490680187
0.0378118465424982 0.101910616394666 0.0467646728955018 -0.0869293543197295 -0.213742273838488 -0.160959241334457 -0.0468663081259282 -0.193652627879288 0.351163315765225 0.201263792901248
-0.117130318551221 0.0813701034180222 0.0245584323572836 -0.186591277876409 0.0341075028616078 -0.120524249736185 -0.0393389874842633 -0.124454552147618 -0.0356800297270191 -0.0968126956810079
0.117967030793568 -0.2712885111918 -0.175902075578361 0.162907241770237 -0.143843497697621 -0.0599153960421975 0.10096510725396 -0.0907616850389442 0.321469488914739 -0.109682163382918
0.248859462574756 -0.210175356141056 -0.193303637136766 0.189494586443402 -0.205583630579503 -0.180340814023528 0.178333155852609 -0.0365296625029456 0.430340404996794 -0.200218331048664
0.0466085040807493 0.247201610931534 0.0580909354420861 0.135062710395205 0.23362125981338 -0.33964436538848 0.0238686925758619 0.0113515169870917 0.205390088812478 -0.0852188430300913
-0.114266225639569 0.392735419253532 0.0802092576050306 0.237030346199797 -0.0210949921285924 -0.158737668843341 0.0906846323185485 -0.263065965426441 0.164813299136982 -0.109674048278399
0.187691515697431 -0.157717011211851 -0.128642377847394 -0.0651772194977469 -0.404605703873453 -0.0286088693615523 0.339867753674981 -0.172815959259304 0.371239282937554 -0.0865431434107578
-0.0997272739016857 0.0392383974067215 0.0173594316926753 -0.173161998618289 0.0443623544678108 -0.14098761123756 -0.0368568442126721 -0.129762784012736 -0.0188263586224511 -0.0828216945317153
-0.0203762174208011 0.0924836756176151 0.0826580215761612 -0.104514373236982 -0.182759963721184 -0.106638111646919 -0.0894619140535799 -0.257100875055953 0.385688910197328 0.219470864191921
0.0103198733838588 0.0715626955419584 0.0851832250876646 -0.107758966876649 -0.198357007917213 -0.1309020768838 -0.0475454590421186 -0.257506924156712 0.365781907645229 0.198346329146995
0.00420834587913192 -0.229529997497739 -0.131470183931224 0.193667382133116 -0.353792333540601 -0.166998535637421 0.140873901973915 -0.0621653425396701 0.379615604164901 -0.206135644859998
-0.0207257206116273 -0.260105445854953 -0.0928926876211196 0.199091830746307 -0.349923868737162 -0.182860890551831 0.167490099290714 -0.0421782836779635 0.376757729815013 -0.213687582297635
-0.0920389369229859 -0.0017622441771628 0.244893139294619 -0.0956136965971192 0.192625989876302 -0.147942771677178 -0.0142390288426115 -0.284738339550913 -0.0441021001125193 0.0241886483578874
-0.153262438386374 0.0825565357314742 0.016035919866147 -0.170080622310324 0.0587909436787153 -0.079329386754606 -0.063586366545613 -0.0789446563262491 -0.0177769389713002 -0.0627703765123263
0.0114986013286377 0.308417475773148 -0.0716503108274687 0.181642064742316 -0.0470247115787497 -0.182280468895678 0.128602674138389 -0.179951553873243 0.188846550261928 0.0471918676931982
0.0547992481173319 0.0649984581487134 -0.0173243395261809 -0.163466193922983 0.0321161403519717 -0.136370605639075 0.0136003805244573 -0.130844544587399 0.10408582723605 0.0334264559738786
0.0144794176877581 0.182583107817799 0.108272545985404 -0.15607033278075 -0.299605539974971 -0.126792151878017 -0.105794386741328 -0.194851759785141 0.518631843085582 0.188061970040464
-0.00585097384536622 0.140346966622577 0.124956254428303 -0.180468809456551 -0.292008473344301 -0.0979452468341013 -0.12301509814332 -0.202562377982242 0.492809247204689 0.186950204407466
-0.0428404327859528 0.0171837431372283 0.2444280083893 -0.0915586760055505 0.227990364202001 -0.145759334461114 0.0108371068438186 -0.318135169654417 -0.0431999115455426 0.00125665947277729
0.131969625247372 0.148858258784926 0.049028054997559 0.0794962917406989 0.255339494492856 -0.266752187325296 -0.0343154224500458 0.0909827715122801 0.206542824611374 -0.119611883255255
0.193883168362799 -0.290366665035842 -0.120776588751698 0.134328212241164 -0.135333980489089 -0.0837111526745526 0.0266950235040279 -0.0467395248220438 0.252538406238991 -0.140999366352307
-0.0477769617491248 -0.013877673217268 0.249282556029595 -0.0911491586732775 0.230468259443375 -0.238963748556835 -0.0297829045315275 -0.31556395337419 -0.0850480999300752 0.0378318833715617
0.175617175304262 -0.167474621112337 -0.133415464627106 -0.0618295492069646 -0.361347902060993 -0.0083572968690726 0.2340321483894 -0.161607467373615 0.428121958355406 -0.0552839755111659
0.151856591492561 -0.260258748383651 -0.15023158575585 0.170356510182765 -0.148810341603634 -0.0660386897688022 0.0205258458493052 0.00794131365884786 0.26231534648552 -0.109405898009186
-0.087105056126158 -0.0121185069433235 0.26308893945426 -0.0870546715032771 0.17317142212832 -0.220798390088092 -0.0505179728080924 -0.340395754318402 -0.0678161626169752 0.0144948183158378
0.0990949286123624 0.163645166513493 0.113224098257102 0.153783518855634 0.255456493081363 -0.273537343345479 -0.0474926247447323 0.0527558233462484 0.200623587179958 -0.098205296688065
0.0542665921134389 0.159660900908797 0.13616672293254 0.148683059490507 0.300662667400599 -0.257875778158423 -0.00364578921320794 0.00637996945831572 0.132330807707337 -0.0430883887937429
0.0381013341079225 0.147842314702333 0.0522625503910982 -0.105271302519684 -0.278807490726195 -0.13399101189205 -0.142991901563799 -0.157938625550262 0.432453816275429 0.170300305530676
-0.0847877096912778 -0.0212559258528533 -0.00297002434192044 -0.180782375241109 -0.0139727051767639 -0.102738630010877 -0.0414652624607551 -0.165341692008671 -0.0220762491849146 -0.07407471156056
-0.00635232536925376 0.187165111984882 0.242767394464947 -0.0910020975313477 0.159480594914766 -0.135475253643857 -0.0224807295460507 -0.247988560618197 -0.0622159367052043 -0.0237598085593029
0.0920271239173507 0.144741263639982 0.167460403114679 0.160239610500285 0.272736947680783 -0.298391407712331 0.0151804447967718 -0.0730845614589789 0.134988780765656 -0.047939637583882
0.134996534341808 -0.112754500701275 -0.164311100341647 -0.0583776677157069 -0.308089355108415 0.0237799180956592 0.254607197322331 -0.112096143180194 0.321343427034988 -0.122174509822375
-0.0473358600782551 0.0210293455140256 0.260691427043415 -0.0875593357206765 0.217502682469846 -0.125232424550462 0.0195297573727592 -0.304027755794039 -0.0450765577036794 0.000646980608206197
0.175410157359054 -0.277904811869249 -0.136564689426795 0.145061151865403 -0.135541779549983 -0.0829797582231008 0.0377216984003123 -0.0390932082473046 0.260065088448333 -0.141844853540507
0.19969853116515 -0.194414143024502 -0.116753103267841 0.155553084549466 -0.176007271704484 -0.0214680394991616 0.0176600884857341 -0.0348404181711696 0.354059155077108 -0.101615411849602
-0.0235088807356914 0.0128588510896219 0.21532124495495 -0.0629379525174368 0.223345266794516 -0.240973438006102 -0.068107989340636 -0.307276555853926 -0.102780070475153 0.0400089305007879
0.190348876051601 0.15466054890638 0.231151120485235 -0.0682479567766024 0.0890308419153077 -0.049118999020996 -0.0528504597351308 -0.210950305078604 -0.172649080498937 -0.050852501904181
0.206057853833167 -0.196706430718521 -0.0603593115444451 -0.100728080416985 -0.387067771810957 -0.0213589898046775 0.246847883414944 -0.108967500129242 0.427065784947503 0.012664491819459
0.096943703561616 0.203464898763584 0.0753938290201632 0.0806312067450983 0.272947676912048 -0.302464672581946 -0.0525057037820395 0.0828354961924422 0.240146405048082 -0.0831687255448795
-0.0693077489754224 0.0296167806053519 0.060942567448362 -0.0878163305739839 -0.00349987369201021 -0.120577524730553 -0.019668100725637 -0.107384885423949 -0.0362154568824769 -0.0491070957310549
-0.0352889285997745 -0.283939041274457 -0.150590346212993 0.225892344442237 -0.240829320174081 -0.0714418525871218 0.147622340886271 -0.0205918205902629 0.363041057039838 -0.179954061799474
0.159788793597841 -0.217939352136144 -0.111614306805192 0.146399312633408 -0.137622170454056 -0.00326318716501133 0.0721594322112725 -0.0845814379465782 0.297430265310593 -0.136065826621694
0.13605785727195 -0.212557499965356 -0.0804810239488354 0.122493365179278 -0.0869388429504035 0.0335862026466815 0.11382089465719 -0.0239629665260376 0.286528727009424 -0.101528065827218
0.185566923108141 -0.155896982651151 -0.110167920046409 0.169887614717889 -0.119258575419292 -0.0307696607073046 0.0510977782151345 0.0362879376779643 0.308274026805836 -0.161250602760375
-0.0338795404058659 0.194145119091843 0.295129935781087 -0.124128272869062 0.16586182794611 -0.1458209625551 -0.0613322268157811 -0.320420492829011 -0.0411589981829946 -0.0529988921060089
-0.0847790236772926 0.0140163166369003 0.193385339085347 -0.119032125919327 0.191994499366996 -0.178155282753405 0.0160831319203896 -0.320767167413573 -0.0981575091261114 0.104105475206745
-0.0689782806624326 0.0150946856744826 0.0650185565205016 -0.089503579848192 -0.0335655391707773 -0.125542207057212 -0.0146705067876181 -0.13102567022162 -0.0188109421349541 -0.10269713831097
0.16716182654568 -0.206611758134142 -0.247153758139296 0.23886757352755 -0.281843932348268 -0.098772239811152 0.219348562262059 -0.09908407053831 0.334399491033054 -0.301586071646491
-0.0566753544239013 -0.105677673752996 -0.0619187986439518 0.241184837759551 -0.305922100948724 -0.101978293464601 0.120979993756691 -0.025758759682473 0.464087903079714 -0.0767110487041142
-0.0375961662256194 0.0185881049787762 0.0397500044241776 -0.120507686174824 -0.049488748726791 -0.145769101665182 0.00271907831409748 -0.141563723695707 0.00171043450708515 -0.0853977445880456
0.103960936357505 0.156153878689612 0.153125292464232 -0.0164001480439541 0.0332475568067229 -0.0798169989969603 -0.006487690767994 -0.242717564996828 -0.0802979028974913 -0.117010509391133
0.0425604222697538 0.213387230142475 -0.0335944447016334 0.106509263636948 -0.0564245076780639 -0.228195994202384 0.19910473553822 -0.180174890489194 0.174249683074991 -0.109285823848739
-0.0626474541806253 0.204823485495637 0.263732716722697 -0.0798413678312333 0.128564918537212 -0.167485957475768 -0.0666940896065644 -0.296674389734893 -0.0236015216902228 0.0151252439209251
-0.0615438937482258 0.183636353186447 0.274057746980676 -0.0668894466019924 0.137084778768713 -0.122371707108758 -0.0587955191808998 -0.308762399447664 -0.0114777682546575 0.0202884683311285
-0.164831676525055 0.00940057828480199 0.0659896298508431 -0.104540674643978 0.0333439999508198 -0.0627922203085608 -0.0982031821287008 -0.182799509320253 0.000279451001013157 -0.0918118654285721
-0.0241461963522484 -0.172480055439052 -0.192038139653351 0.15953414020861 -0.361080944896768 -0.108733214387461 0.184705038598295 -0.0230500783851411 0.387503099450165 -0.21597960248661
-0.12135937989226 0.0218116271717271 0.0289669819563664 -0.121278403169347 0.000368911480664568 -0.113566274816873 -0.0445677684783803 -0.194385997890686 0.040438763003951 -0.0784357213868894
-0.0434924347967422 -0.00190247359343496 0.0645580539037366 -0.125061975889057 -0.0365500131441669 -0.160126536718512 -0.0351184792539753 -0.138469949514415 -0.0217009864332944 -0.099587969965858
-0.0434924347967422 -0.00190247359343496 0.0645580539037366 -0.125061975889057 -0.0365500131441669 -0.160126536718512 -0.0351184792539753 -0.138469949514415 -0.0217009864332944 -0.099587969965858
-0.101294619048133 -0.0370300134372839 0.0327272779040862 -0.0778302129033331 -0.000225035412739145 -0.10547903519292 -0.0545348484901581 -0.178585364662957 0.0238632800119892 -0.0860166998486147
0.201902066079116 -0.179170794735834 -0.0837925455299144 0.156506544902502 -0.14700022836405 -0.0280140206014424 0.0375979046729886 -0.0417378449109272 0.343655201382574 -0.0761192061553599
-0.0708288757146919 -0.105977790297949 -0.067347350719447 0.237539659323856 -0.298221363023185 -0.0959022281644719 0.118643067309968 -0.0163970559253943 0.463746974405198 -0.0580753155523695
-0.118487826182171 0.291103908916312 -0.0202845422397269 0.0643003676240139 -0.101290565395279 -0.265378960223277 0.111412224448721 -0.16293175740097 0.0627606098806088 -0.172021809585591
-0.144982786400067 0.266632224618615 -0.00777085351186386 0.136574986516239 -0.105014003497546 -0.232753389861246 0.0369809863010806 -0.163357752312617 0.123196301079094 -0.17860962785798
-0.0175095419185533 0.111032111420651 0.0077634095781841 -0.05654741836194 -0.306281957509867 -0.126871300126083 -0.187728194770483 -0.191858945684777 0.382224286222736 0.260598993416802
0.17843540796087 0.233757130052298 0.0678995232781131 0.182823158113945 0.28812125373058 -0.255328495426367 -0.0325896010016889 0.0970393988330449 0.22907580389921 -0.139216203327894
0.0590990640968025 -0.117886778758992 -0.17644285181086 0.199429770585476 -0.205668634974525 -0.0321960388852628 0.202133388403623 -0.147469198396646 0.327875456187532 -0.164380590081631
0.143546529427692 -0.253518367582941 -0.204199749686957 0.0978078878213967 -0.108800667314148 -0.0514215527884364 0.0453520711679698 0.0129491731207459 0.316720086667707 -0.0869995388768599
-0.122841058859427 0.259304690837259 -0.0185300399283128 0.098814503189203 -0.0921230065410832 -0.189632553532025 0.005430515330366 -0.146671966219211 0.113889157521336 -0.111999559966645
-0.0423681346253627 0.0546778645107426 -0.02216773790288 -0.0667446663035748 0.0706774137214263 -0.110566195399915 0.052075590279495 -0.145590783921416 0.0903084863609705 0.0133348267751115
0.131057734603405 -0.269800394478149 -0.116428239885807 0.20924689891781 -0.14002930009465 -0.0807698265295071 0.0818204951362024 -0.0250225609740195 0.324986278336353 -0.14850466518802
0.0659619114728889 0.348757131627794 -0.0798334809076815 0.159392365615937 -0.00877824734128688 -0.212236036803037 0.167745839567513 -0.155929514685338 0.151442115039916 -0.0150601140057446
0.110854256131052 0.24643905032919 0.179800031684739 -0.111578397673665 0.101645134685442 -0.0808204549033115 -0.047022780966825 -0.23383830607157 -0.0543672040914517 -0.0790641481134736
0.228263802643567 -0.148985834530825 -0.161257963498346 -0.0172952778280632 -0.362917416642828 -0.0689589436435731 0.27786979850055 -0.209423018945105 0.415863120953625 -0.0438741635821454
0.0285887495798793 0.0964751692320465 0.0800894794297172 -0.0846903323822875 -0.181252125651277 -0.0948807554693553 -0.0462027556366385 -0.278234192350651 0.355480680637023 0.210157620569923
0.105952573770765 0.159392693319346 0.0864579611962004 0.188126507347484 0.330101662733848 -0.267624732031494 -0.0332965579814098 -0.0112228873454609 0.19168336994973 -0.0304892609494653
0.126300602933471 0.213982279995826 0.0598515412481912 -0.101788019486242 0.166891238347854 -0.151727357720412 -0.0859101197401361 -0.166303172711326 -0.0843562414624346 -0.0470076518704398
0.0921945443496932 0.266427217994307 0.0835271340403247 0.0945854339861737 0.239156583812475 -0.345416072395386 -0.0971984560885584 0.0743722110939739 0.16025284938942 -0.12970866959583
0.0240938061319361 0.380614391325431 0.0116734182211124 0.178887294890873 -0.0777005130429985 -0.192360706028147 0.0820240894144364 -0.141270181111202 0.154567134515696 0.0486776737632809
0.155505598480678 -0.210569917636813 -0.111969335983931 0.171424397557136 -0.132138931749401 -0.0076738287696703 0.0407722669471912 -0.0613521007843562 0.277065334530549 -0.157962335504437
0.133418095511265 0.174249423977616 0.0931700556052032 0.0959950501568891 0.290102004487813 -0.291476840011274 -0.0649348795819716 0.0899062518941563 0.212531584079505 -0.113345403239229
0.187032387197826 -0.179693181396503 -0.0808469505099843 0.115007266815533 -0.138535753502881 -0.0366549174085982 0.0930521936289203 0.00658132762406361 0.241314486276611 -0.119060760238508
-0.158192377789193 0.0205219807021442 0.236040545548612 -0.102443178424558 0.1877332991469 -0.230786850594972 0.021073555064555 -0.251620371191683 -0.135699740084939 -0.0099395552460031
-0.00727705866728646 0.0329905632244459 0.220003648050554 -0.0524305731227817 0.175943163544869 -0.233623476281922 -0.0564099396695769 -0.303871871531104 -0.0506964377559339 -0.0138411690075302
0.0218601799003961 0.159987140009493 0.0530822039603692 -0.112593559182847 -0.289690884104051 -0.140382358292761 -0.146125098511517 -0.160092637360858 0.440071144107347 0.1909140896866
-0.0449238717723781 -0.188432255244533 -0.126233956486957 0.210104579617926 -0.257607498983838 -0.116016784087546 0.220921270778528 -0.0956232629363812 0.355261407873209 -0.247781394691588
-0.178934985610007 -0.0182701982661716 0.209358808824175 -0.087551542028865 0.208274810363217 -0.219777418953577 -0.00659092549856901 -0.295624999705086 -0.0723850954319671 0.0387043213985815
0.187329057335989 -0.225893587298917 -0.144414529910709 0.0781929698713441 -0.254520712597166 -0.112747793388737 0.202957974003611 -0.132404912392589 0.305445361753909 -0.214759678909147
-0.0529702096981106 0.100125070608009 0.0666376289069883 -0.0386902258992067 -0.226504036530653 -0.0964537053755416 -0.0610064532732703 -0.214616868354586 0.327408751636094 0.192383846846752
0.187759896665199 -0.144538676919513 -0.139017093873494 0.151252283042034 -0.0707057576734545 -0.178248915705592 0.0965504888390002 -0.107758203407953 0.340251835977584 -0.259862464489801
-0.0673363782344371 -0.241998629226144 -0.132977995803153 0.140924391635584 -0.311296289512132 -0.114708363166724 0.122999373737497 -0.061422140568693 0.313220096551686 -0.207592515396599
-0.0031149236227345 -0.212240685793706 -0.118201474506175 0.202970768691986 -0.219917178154506 -0.099904386345979 0.189262726638524 -0.0713222645660734 0.365090644647861 -0.268002163178585
0.20353649825363 -0.17344018129176 -0.16632281581671 0.199509481366526 -0.220398641661079 -0.147207584940637 0.134948396022324 -0.0781255983806749 0.324058752428605 -0.2446821124957
0.0899075905618475 0.141919358324616 0.0552248043833691 0.164845768001983 0.273851265520412 -0.371189965755515 -0.046790868616768 0.0871569791286026 0.224448996141204 -0.10196323158461
-0.0842609263116378 -0.0527495733032745 0.274595693550232 -0.0895266670104894 0.220095692376681 -0.167650323108523 -0.0942087866834334 -0.319560070950332 -0.0149358775554934 -0.00995068860154574
0.144588153960883 -0.218683271275482 -0.0873940165533296 0.149314697427088 -0.0617637690270787 0.0322177636673325 0.0725905061345682 -0.0352589100112599 0.299733760118582 -0.148629599986093
-0.00421285180073275 0.142825052885725 0.123237283291279 0.176089576220207 0.225403567287271 -0.317202945885377 0.0879555885014239 0.000268995869085428 0.125016739259015 -0.03221981010664
0.0422710466193556 0.135923525145319 0.13896773701899 0.121035001632115 0.289143164768334 -0.264022883137185 0.0145284269591041 -0.0155402670076406 0.149963737952372 -0.0791363540537332
-0.103963279448602 -0.0461463050995668 0.275223519198484 -0.115721272897074 0.21740632659092 -0.156389566357489 -0.111026607372531 -0.334213863483006 -0.025889184399483 -0.0130614248484489
-0.0560962686172273 0.0160716337088618 0.237451397847239 -0.0491987708909258 0.23634200926953 -0.214890099385442 -0.0383329217759888 -0.328755353658698 -0.09924244644906 0.0107578908330603
-0.014821655344792 -0.30841550584392 -0.0956213403899766 0.139648101882096 -0.250268320042653 -0.0787258057969855 0.21017530883974 0.0250015595158252 0.348371483939201 -0.203495980692197
0.0225826237659034 -0.221065882144134 -0.149618666894105 0.0939356765409095 -0.258206754497958 -0.0943867200644019 0.174616362843821 -0.0255573099604274 0.331253087934749 -0.184064963196731
0.0174140097539113 0.11640685702938 0.105759804764426 -0.142539321248902 -0.29707681844326 -0.0486267217213043 -0.155526256500702 -0.205419117538075 0.479771238938693 0.141188087882148
0.129311766502895 -0.29161260463025 -0.127185763907633 0.238326270016503 -0.162332819825105 -0.117421262521085 0.073237411244673 -0.0128403605536703 0.304261427353182 -0.125352319213517
0.116731633213338 0.224358896217216 0.0796589572267064 0.137103530186105 0.336956645418939 -0.287654541938981 -0.0633903151341451 0.0822910681676652 0.212928442755253 -0.108674893040105
0.0640890908614667 0.304767144620431 -0.0486081528023208 0.207706096721858 -0.0645991930514543 -0.185798994627294 0.133175113941606 -0.168208105968868 0.193631129953214 -0.0105581642714577
0.202426495867835 -0.185759082974484 -0.183851256829344 0.19087913199671 -0.24086718754458 -0.178723103936609 0.163127075846697 -0.0173915792520621 0.315722536431024 -0.192172644726745
0.145621540945041 -0.302783970346652 -0.123926805249671 0.20566904607353 -0.136450413563848 -0.0728543302655817 0.0767095336242784 0.0261798044156399 0.298860380028747 -0.15228839744401
0.0996112592066141 0.216906415317996 0.169363961416469 -0.12980642147087 0.0603770029927376 -0.115563886812471 -0.00505146084041164 -0.204465995263125 -0.126377970249586 -0.0643200527932336
0.177286719806471 0.213679218983111 0.11172259399622 0.196717888728532 0.306014802452012 -0.298832415136101 -0.082920712331868 0.102855180801648 0.181446317779023 -0.0718518406541529
0.18746296139146 -0.101333364457438 -0.172348774089081 -0.07172041883441 -0.28358679001824 0.0909492646317812 0.231397279877279 -0.107752394142928 0.290285576899892 -0.142295958478338
