-0.09603498953344 0.27062537156453 -0.00852482118905966 0.383061775184587 -0.14671341403863 -0.145679130578075 0.297754353553966 0.183955102376975 -0.236077152603563 0.151831088907268
-0.282488401092974 0.0436692739368617 0.0693535250474959 0.489324955320137 -0.261933311020424 -0.0141228567582339 0.313137363889042 0.268985388911698 -0.19267766064871 -0.136911841207973
-0.20846633296174 0.0334553687426664 -0.0164179082397935 0.499230448418445 -0.271202751432287 -0.144200613018929 0.30300905670998 0.277718943387211 -0.2418688972503 -0.0523518399392595
-0.236093071198751 0.0857863120091318 0.0288328192856915 0.494423469472264 -0.278025236719085 -0.0899911771207055 0.256243155766921 0.2958083784481 -0.212119459771341 -0.0759119665551753
-0.476189106582067 -0.231254955457013 -0.227695306005486 -0.0511500522492258 0.248153867529013 0.122715086612058 -0.520774346290341 0.400705183323588 0.510961096787947 -0.0088797687553342
-0.316484742301755 0.327213230394827 -0.062848834716968 0.318945576055057 -0.145224973578369 -0.0657555794490178 0.256919961600741 0.145298071260398 -0.220068096745675 -0.061496370962337
-0.222843381261879 0.020562924257836 0.059432630842577 0.422020830062632 -0.312090603342565 0.0088998306577032 0.148645241395193 0.195657980086929 -0.21334018146575 -0.16888246369244
-0.216995453249309 0.278898147073643 0.0393519625193197 0.586283183284645 -0.146684232866083 -0.183378728157969 0.340735723005555 0.307226985251274 -0.421228822124921 0.0699909009085438
-0.300452943912739 -0.236087372250731 -0.152026695606549 -0.143940749525835 0.102142181100028 0.104013055682205 -0.389837315722383 0.443475252233225 0.380938509675482 0.109414734142478
-0.221269579877448 0.390223921269395 -0.00270438440289983 0.51136844706894 -0.222948394494031 -0.262782635915793 0.28837966254038 0.260582200211837 -0.273070343886452 0.0437082313041425
-0.25398601160869 0.304310784781222 0.0519520090980675 0.367732365844652 -0.233435628881357 -0.214872895897933 0.39008196405158 0.284976941933527 -0.26836217394453 -0.0750395663590804
-0.170985294168468 0.406151903090499 -0.00630985516176783 0.511858838672694 -0.197639939142551 -0.285769728072598 0.235724304777065 0.220245997684209 -0.270318409398971 -0.00902523562794076
-0.285927529679866 -0.206819890960124 -0.176871579860573 -0.132644892906779 0.0804562452618525 0.0482700537740588 -0.379891519790527 0.444542038906683 0.312555547585492 0.136715622429763
-0.294485764251097 -0.216064150487458 -0.136497968079445 -0.118058898647568 0.26711722865628 0.0810151186945562 -0.399270231770571 0.175855338469759 0.276433700999027 -0.160487724208475
-0.340853587394197 -0.254198318429069 -0.159820974426806 0.134370529313931 0.151406792969185 0.269898290338268 -0.249992045867254 0.33127242448336 0.236807686358387 -0.182915838131026
-0.294421369759944 -0.239946115359313 -0.173630237351354 -0.118299004749502 0.0751346266215473 0.100976605810986 -0.38478935814385 0.453262193448832 0.373415181649545 0.12358436066343
-0.408842178887864 -0.282095004145549 -0.107407007005199 -0.0287739605138224 0.280046120433876 0.00376284232752026 -0.407332174964471 0.1311701342067 0.434542634281773 -0.102607154944495
-0.37877743406232 -0.25761487508119 -0.110084115062184 0.144117431113147 0.0989955311494396 0.198240482025611 -0.2221933901838 0.294773381939691 0.293196465483593 -0.0947967663357817
-0.296763130209054 -0.269436416213268 -0.1764932271485 -0.10428036908335 0.0658536082981787 0.101794538027703 -0.420295113753867 0.407089233061844 0.372054137208121 0.138258414258377
-0.22260700988028 0.40866807020867 -0.019794925087152 0.484369777684491 -0.171216399962899 -0.248527516764548 0.307245243843633 0.269885577561134 -0.232335004512401 0.00374302829836517
-0.26002079349599 -0.233014540805858 -0.154142516239296 -0.100958018640789 0.254610555662052 0.102892095163283 -0.396626299918005 0.139358303791817 0.268882881867972 -0.128096161257836
-0.288378028424724 0.283400789171145 -0.0654482595270693 0.454850865330102 -0.32942998779788 -0.215633416892104 0.425458876055088 0.433015756601685 -0.18374598252288 -0.106002554621204
-0.178650605439217 0.443156524046941 -0.0329201739662709 0.501692189306376 -0.196897485889956 -0.203696093175877 0.255899217031512 0.237391791549327 -0.252241615722186 0.089192875567037
-0.11196429539364 0.145379918910343 -0.11307620245476 0.395084966839347 -0.124083212946921 -0.0890921959755013 0.417599965904927 0.338718387507096 -0.154324506542425 -0.0520740660816482
-0.301165325283927 -0.246853492139453 -0.211602050821265 -0.00985062673746709 0.287571758823466 -0.0512009183627349 -0.274264507026912 0.330424885026349 0.333429861036328 -0.280187340466265
-0.238062148011804 -0.007684250320019 0.119994257804391 0.528120198144665 -0.424076519900256 0.0111010462523693 0.299296221139967 0.219179237350588 -0.236194449851656 -0.111401304634471
-0.0180829779129259 0.0551343765278192 0.0520662316862767 0.260278058237549 -0.0527126903288944 -0.449406581573389 0.496348042787866 -0.137429198957133 0.203974116221535 0.002645361411574
-0.156798829001923 0.0221737251248559 0.009028421350736 0.518799443627079 -0.411259794812733 -0.0705090136738584 0.281256439211889 0.221081768705236 -0.184192431089915 -0.186150529577392
-0.00840944059284274 0.0662717702770567 0.0206296840165644 0.19694626915473 -0.0131123542761467 -0.413701328856355 0.523454734977909 -0.0830957940087643 0.238443893305551 -0.0443164841493881
-0.166848324537795 0.382952428201954 0.0215308032516168 0.422145646794198 -0.0740581306675484 -0.124089578176948 0.373665306544499 0.424526768715886 -0.466761973604313 0.0744312549053041
-0.350446100174622 0.222453245039811 -0.10845562277211 0.421121295044767 0.0449726178831128 -0.230764612881517 0.47482010059187 0.410315952561204 -0.400448772727889 0.0100804688758829
-0.140060932057906 0.223871418119698 0.0133898499045582 0.353920868816793 0.0253876905645183 -0.141476037153221 0.423441769029403 0.418679984837761 -0.320319384281273 -0.100084335775514
-0.300195764185582 0.348071580525117 -0.0139278255285117 0.365143004583427 -0.163497225047694 -0.240674926904083 0.246551997320567 0.255310169948344 -0.169986526197529 -0.00175006564925507
0.120814376779138 -0.00730286770841268 0.0218921745655669 0.112298480713802 0.0145214649839765 -0.280161394645408 0.482002080084845 0.00643614837041695 0.0886334381816282 0.0422847030258057
-0.28700569536545 0.0889679505238292 0.0835763483858529 0.278588713056412 0.114041257239317 -0.27007088650746 0.500253615815684 0.526849999560984 -0.343309116605045 0.0672536475937976
-0.211849180180029 0.405010602982547 0.0404252047255548 0.427701594998338 -0.113675522223786 -0.103323378092922 0.417306687763273 0.425685478756146 -0.461568277547272 0.0678743642778846
-0.0393614923231078 0.0325274721261103 0.0288329720664142 0.251334786653526 -0.0539112109698178 -0.437192437668316 0.493967361867019 -0.142903083593259 0.25702560242379 -0.0560007977351474
0.0329899260832345 0.0164444708774077 -0.0799673059136553 0.212296087135459 0.0906838741624419 -0.425160497731762 0.481794057838158 -0.0134887854070646 0.0451945014232645 0.039776414902999
-0.258452466355389 0.328302618731448 0.032077294665869 0.380539788261288 -0.263347553859756 -0.140981298197166 0.287380650210494 0.290507083304233 -0.187477017784385 0.0526657221441735
-0.329556366958151 -0.0834125158140581 -0.189597358851892 0.0181891240554672 0.219656063289526 -0.0442436050523569 -0.344645848281606 0.452563304076199 0.342371337678645 -0.326587548548413
-0.038794867987033 0.0529912443043017 0.0139089641496354 0.154243719821819 0.110407854004151 -0.506062733555886 0.443827076706603 -0.0327178866012785 0.0697102472841691 0.0712243232881952
-0.305411405675058 0.293045989339987 -0.0202798518838014 0.453756477199921 -0.244667793707681 -0.127671692248353 0.244681703663149 0.344338967473887 -0.150961163746883 0.0341586599478693
0.101129215855457 -0.0516066339347455 -0.106307646073347 0.190783211546633 0.214307258152604 -0.486296516952947 0.414125559158204 0.034323302344571 0.0854268421325048 0.0446975823673209
0.0179434278473898 0.0766119965789295 -0.0284468583043485 0.226373066263344 -0.0719175910635697 -0.433746414531096 0.556155987169844 -0.120932512025506 0.212019937630995 -0.0339404521537014
-0.257107826671728 -0.100504575560129 -0.182613319430314 0.0605160209175625 0.339042058440189 0.0463575202197512 -0.452890389947863 0.224272904921429 0.377909318287928 -0.00817186940667289
-0.261743036106254 0.367715921055158 -0.0600776314683993 0.473945012855809 -0.177448464564509 -0.144124371952663 0.254240056158 0.305708575429863 -0.137035270759262 -0.0622325874099586
-0.280275204273365 -0.196069946287997 -0.249042364741722 0.00334944289829242 0.248209574950296 -0.0200186061252453 -0.2924107068924 0.400131729852825 0.339302042427458 -0.265192809829013
-0.241217548049321 0.0695971344099098 0.0390491311608105 0.294593221025239 -0.0560368950292604 -0.238674239780045 0.4577259408762 0.454357529138238 -0.355078943682301 0.0670912815126146
-0.288655401749835 -0.207478903515358 -0.111736627783337 -0.153458305547853 0.208369399728266 0.065987498526463 -0.262169162145883 0.453373583388045 0.371967492356565 -0.12018223007298
0.124328213475641 0.0349759439823787 0.080919240441229 0.142318617278795 0.00109802928445843 -0.323189666468372 0.523830720326683 -0.0581118165867805 0.105484732414695 0.0551500079282951
-0.484026614355508 -0.192516599333655 -0.224462511921981 0.084767384478119 0.260092971268718 0.207235057406721 -0.460903431144188 0.230891605284839 0.4814687662207 0.114254918849424
-0.315021313757434 -0.220872609258027 -0.113359687677875 -0.166498113770721 0.215825344615513 0.0906790306501884 -0.234737864303247 0.437382323257682 0.432010876139111 -0.150712381123301
-0.240821641478582 0.380644538225242 -0.0144261779924346 0.381057099776146 -0.185394587740721 -0.233731695770478 0.389680999038973 0.247631006018908 -0.203100262505401 -0.00174246471458492
0.0253304474900629 0.0714699755391345 0.0527656075355374 0.224275430949092 -0.0414274624373118 -0.384272796818495 0.492351473208738 -0.165124698753313 0.214941939013234 -0.0704177918640207
-0.309161893221594 -0.241270982530836 -0.125571456511013 -0.138407527811334 0.213493222924036 0.0704463559751803 -0.230383182774194 0.457863837171982 0.462599874029898 -0.126237376165163
-0.243539569550778 0.0664659082475838 0.0164380834376579 0.312299185576639 -0.0377718176389356 -0.239267659129378 0.444353519155979 0.449720059911874 -0.361096824253443 0.0782428785534735
-0.288655401749835 -0.207478903515358 -0.111736627783337 -0.153458305547853 0.208369399728266 0.065987498526463 -0.262169162145883 0.453373583388045 0.371967492356565 -0.12018223007298
-0.196062694208706 0.0461309902132801 0.135605986923383 0.502303105661956 -0.432838848218433 0.000810618354382696 0.329763625738573 0.26191549351103 -0.26233867840911 -0.121237375613643
-0.331124265132041 -0.202872768237756 -0.137397957168213 -0.150653103263608 0.228269820032816 0.064518952244993 -0.225684288172097 0.460096791821921 0.451894959312572 -0.15260418808548
-0.316342171265331 0.222459670517835 -0.0517859278549406 0.450540956867841 0.0435543763431398 -0.295442011889062 0.484087403489318 0.377926933433273 -0.406295668289078 0.0644456602675565
0.0246776534051825 0.0547850484088982 0.00575295859101796 0.243265784365236 -0.0575562011880008 -0.416983111552126 0.46224194306385 -0.118622930180834 0.213660232814237 -0.0394922926864252
-0.19790835196524 0.190026065420826 0.0284782707464078 0.384465326370642 0.0286919664159815 -0.171251904087358 0.423864739856666 0.431361592644205 -0.391173693650915 -0.0494194166353954
-0.243553245024385 -0.0105155003960851 0.099970918994015 0.52191318937443 -0.401817352627251 0.00420363265167308 0.270407984734849 0.244596424507805 -0.248471550852748 -0.115338968144344
-0.179572156911378 0.213177869130362 0.0113417612085199 0.375091255509514 0.0385799660931377 -0.149706580467379 0.437364579945609 0.42368252475511 -0.366425828918864 -0.0668521305855337
-0.314596829087922 -0.222911396426552 -0.116237268424548 -0.134408526527422 0.244740049071825 0.0716802304303928 -0.213950866468138 0.410859285519893 0.411740187735759 -0.176530117976826
-0.293442060379086 -0.242020855208502 -0.144397676549416 -0.169208277935877 0.097845316289823 -0.00298054799223092 -0.336630066222442 0.444700462796664 0.413960347449139 -0.0727468608445226
-0.28314062914858 0.103637407095547 0.0607466970691745 0.327652963312741 0.0964198576344569 -0.242639635788933 0.492096808653272 0.508597067237502 -0.328948564430137 0.10741887092728
-0.283804641085832 -0.050922882746131 0.0326573563085089 0.453630197718873 -0.346810771666994 -0.157932809263643 0.199878559067598 0.230590045658125 -0.166357196528261 -0.107248394169426
-0.197587129432375 0.239622611043257 -0.0370904892164703 0.364749101084799 -0.00155824466041643 -0.227599169618797 0.431357703664788 0.420637786045077 -0.323116658825872 -0.0541667694570495
0.0972188282054037 0.0372004800021015 -0.00521897840147066 0.186045402607711 -0.00904888724704981 -0.377172259274878 0.404690591310419 -0.00473917671479789 0.0664804224940832 0.089370379437287
-0.248863978426811 0.334868283370713 -0.0231306258447673 0.466944056687365 -0.198887229748634 -0.175545594277566 0.227728254486257 0.243202089595119 -0.180295845863379 -0.0878956424822743
-0.261743036106254 0.367715921055158 -0.0600776314683993 0.473945012855809 -0.177448464564509 -0.144124371952663 0.254240056158 0.305708575429863 -0.137035270759262 -0.0622325874099586
-0.252147077357215 0.346368840317536 -0.0657533887130208 0.316743476254706 -0.146137244614336 -0.0057484466882533 0.196984952201645 0.190396403453538 -0.262073250790788 -0.0719022897962249
-0.385624628952133 -0.15796451978584 -0.302415622002169 0.0451072212148756 0.169622910956535 0.0331764368425207 -0.321870079937883 0.337224668066618 0.392611630973656 -0.217584768112499
-0.192354855597189 0.351230157515278 0.0275645086951967 0.61418548032302 0.0234949534892101 -0.150789261957177 0.316150880605943 0.367060807911421 -0.431758646134925 0.123063841617566
-0.237900144909895 0.36253363254779 -0.055138112952827 0.395107129191185 -0.0903604128009836 -0.0840637338401673 0.305251131224863 0.206477869005298 -0.25721280037488 -0.0781819479494622
-0.328338877897107 0.341305485373701 -0.0139596777541193 0.344637830438332 -0.127489352301259 -0.03754585441675 0.26137978099133 0.129655185660029 -0.238959561743602 -0.0575096713307627
0.0712424208011591 0.0896229238575662 0.0347503421701263 0.158327965925938 0.0917831761199601 -0.262370936948932 0.525953761059801 -0.097254332762189 0.0895645581896456 -0.0246260259619707
-0.276858879248867 0.251131258233956 0.00195848171150311 0.271151730331707 0.0624516624862636 -0.227163726192446 0.448977877442183 0.40501520592266 -0.265995720959363 0.128433470807354
0.110997155433231 0.024235652604796 -0.0492318152735156 0.164156698204377 0.100012721755033 -0.417507331165105 0.546844964232187 -0.141405149342724 0.108178738961199 -0.0711485092636534
0.0830555438145072 0.106100325104474 -0.076007761513048 0.196621843010232 0.0176943245102248 -0.475378645121175 0.456596844413092 -0.00672197649091477 0.184340225681121 0.0848577345485519
-0.239391671655946 0.332606082707401 -0.0271886683476716 0.443398977297774 -0.0840237125864146 -0.0418004123359394 0.298568606760361 0.338046284951041 -0.333211441379915 0.00567985980060692
-0.143868166789672 0.307143203371466 0.0709701758162879 0.476025307629837 -0.119485219558164 -0.0338080249272704 0.364620048882686 0.368897957149465 -0.238513734351667 0.073518011054748
-0.26879788600181 0.0354330047504511 0.110739528683702 0.46776233916399 -0.285415145656779 -0.102714689007933 0.278548464288498 0.311647921935011 -0.264725334960864 -0.224259534873555
-0.257136557443537 -0.17010609980259 -0.203973142555308 0.0805910922341439 0.30305150155496 0.210891687963317 -0.448608478714199 0.303933420378568 0.519389185704169 -0.0802997842926905
-0.173338442540942 0.300620209524496 0.0453527410580088 0.439264837542234 -0.0998359411462837 -0.0578559925771616 0.338815582596177 0.357995626772085 -0.297326179584585 0.121371747046674
0.0391567009104685 0.0742419501350907 0.041600832909373 0.0953277674298075 0.0963535647757898 -0.443381452448649 0.484608278731745 -0.241445776301649 0.188712636898655 -0.0950958057409426
-0.146221080367099 0.388978445028819 0.0314120900944727 0.337541751600832 -0.109033939713208 -0.21018440187323 0.294256023726284 0.259356236683461 -0.211207095758349 0.0749739010994419
-0.0795619983401288 0.383968301636953 0.0482999139362504 0.409051653020934 -0.0270589036077863 -0.1278844746733 0.255569869639419 0.230085780770969 -0.243219013881817 0.0131838491373753
-0.106190056757976 0.477468258099575 0.0831151148754868 0.332223184290601 -0.067269905780532 -0.148811250772611 0.242712991836751 0.339760198782286 -0.328625411703713 0.0719102779112584
-0.343108159379084 -0.250406087171002 -0.205812476827124 -0.0589922848541328 0.249547902712212 0.148441841059738 -0.326583972186781 0.235093620531366 0.473581862263546 -0.0410592262409434
-0.0841404408362774 0.390035815238865 0.0503773780593886 0.339451399717508 -0.12957159204919 -0.126210162679731 0.289779908169357 0.250665430881496 -0.232836343630485 0.057608657281254
-0.174440225247394 0.299803455409287 0.0382878297078623 0.471340496081011 -0.147062528963663 -0.066965092667982 0.340156326753708 0.363138187855036 -0.291073899006572 0.12546772223567
-0.0141141179185488 0.023012261919125 0.0354849335756718 0.0715823156620227 0.0893553509688749 -0.460650531754791 0.510423916088703 -0.224996479105772 0.154271313792626 -0.0675984835251865
-0.145867524423855 0.324692830755966 0.0378830161292576 0.530302069944913 -0.136961377792718 -0.148951373483237 0.191485174728266 0.374014344703122 -0.308529541793995 0.0540894965500304
-0.305300934542153 -0.227949730955308 -0.175469056787259 0.0552452240547597 0.204673881036987 0.201515322245239 -0.275659875782246 0.228153190827511 0.429673416302395 -0.0271530359598083
-0.11590158165509 0.387480092893547 0.0505594292214953 0.407759766914185 -0.0638739608891428 -0.183801290729603 0.265718261075265 0.249284867274878 -0.234648075262961 0.0143704263900527
0.054858503984661 0.0306669949445725 -0.0823469287174818 0.293039250582059 0.00769372490075145 -0.466985756544251 0.365352720186981 -0.00238283018908034 0.0893663167280424 -0.0596700895984936
-0.150296079938501 0.330559455362821 0.0481623200734744 0.534465498228498 -0.0713370930775643 -0.0714235845616917 0.225197128689047 0.360356439864739 -0.329694105852038 0.0638472875191068
-0.32835670343888 -0.156125920107723 -0.163789515116066 -0.032795578111494 0.204571148324002 0.175474078288414 -0.295687455142169 0.229952802902571 0.389864069305948 -0.0412515706053619
-0.365037479074303 -0.272443349823026 -0.169903288734159 -0.00197741291351184 0.0707070963636616 0.155931624724412 -0.357681044037377 0.180388217435237 0.41146987854477 -0.103280332504432
-0.205350579957297 0.358235000418917 -0.240796973119506 0.472061227579144 -0.172229594480151 -0.138747612517197 0.441358676658958 0.280464522986046 -0.246751392546508 -0.0687774587607523
-0.172106294266553 0.303545215020101 0.020756418885686 0.534195914619794 -0.0970230760635094 -0.111174814658435 0.264298618013616 0.393286867507731 -0.306611728702636 0.0795112782270115
-0.48785570077667 -0.261747154869391 -0.202545928882345 0.186393121972951 0.164964126061747 0.174516736783966 -0.307929824364096 0.366289280076217 0.400975692509776 -0.126961632323464
-0.18940370453655 -0.0375199806877532 0.105353236477751 0.451271909252581 -0.396852835401568 -0.0963662392815341 0.24364097013502 0.201481554216476 -0.10628421033545 -0.184670044522991
0.0111866169701547 0.10499909211381 0.0236031501237925 0.236265699013801 0.0303505811884772 -0.450969985618925 0.521315660790024 -0.193520771656185 0.182186615733336 -0.125606670716534
-0.231494182395876 -0.0756730557561507 -0.126030807201295 -0.0248638500425106 0.205370377070042 -0.000295942850732752 -0.371959369715043 0.317798586023104 0.35534011721284 -0.187323474567666
-0.310009304041594 -0.200490797762544 -0.246658394694566 -0.0763921586731194 0.265764949236431 0.16429923516371 -0.300868933342501 0.237282684627555 0.431894085210507 -0.0207946079853991
-0.0402254671280543 -0.0566928020606393 0.0609013186391002 0.149997287665924 0.117063685418693 -0.444712759064808 0.536360866838345 -0.147131154708323 0.263276449972743 -0.0824785375074331
-0.152565669882741 0.406528989632797 -0.0145403583819291 0.451788960008123 -0.0492330783991433 -0.148916294581079 0.323738541943008 0.308145101519997 -0.404565377409563 0.113261667746956
0.0419872579879657 0.0464081753113528 -0.0230203243478101 0.245701525797097 0.130741913267046 -0.416426069580792 0.414770136363902 -0.0131599740217248 0.195651426204719 -0.072457846621994
-0.0982973666805433 0.376918276838629 0.0398720226556351 0.429539030232649 -0.0225553165357451 -0.140720799233289 0.258466201733777 0.218131944297732 -0.234602171861658 0.00952491983740449
-0.0982973666805433 0.376918276838629 0.0398720226556351 0.429539030232649 -0.0225553165357451 -0.140720799233289 0.258466201733777 0.218131944297732 -0.234602171861658 0.00952491983740449
-0.306836807085043 -0.210114148879574 -0.222829777153547 -0.101243736394888 0.288441905546412 0.161278872718546 -0.348516598828841 0.227276312104639 0.452952961282483 -0.069429226021727
-0.132635354249375 0.376187950307991 0.0279232532732221 0.329969974366865 -0.115118645939439 -0.209954839614013 0.296661046832435 0.26131387802896 -0.215737399293605 0.0762153716327403
-0.512731684440916 -0.244885443285645 -0.268874248420115 0.19430914122478 0.201300381965899 0.126818830890842 -0.385237101216039 0.395546249765526 0.396228554502612 -0.0867545171423398
-0.469180499298098 -0.324976217209262 -0.255068774312408 0.220362405769538 0.174447696668657 0.163524349422643 -0.409059308178325 0.383259446332652 0.4035516818554 -0.079301816171425
0.0385608684134008 0.102668246587396 -0.0708578764641998 0.21489651600346 0.0458348555480589 -0.454062807078354 0.447145397209124 -0.00909412737190809 0.203544793401179 0.0603640636976327
-0.163651447457356 0.38383697314147 -0.00338410189557722 0.332268757949886 -0.124784809412062 -0.183228970531476 0.311785729906905 0.282595988979913 -0.242675675234426 0.0356646399715929
-0.120647287855494 0.340095002873834 -0.0201210836657595 0.340456134887935 -0.195511134791178 -0.144286764201575 0.249993076954085 0.26475739188465 -0.351379523683838 -0.0386727393351867
-0.218995591804285 0.0985100109593772 0.0523895180480232 0.448249069728442 -0.276669209327029 -0.111929550249466 0.263337295441873 0.221202381213058 -0.27494135589301 -0.0988329413848686
0.102914209265105 -0.00385423998381655 -0.100811041918704 0.182379165562561 0.117068841174903 -0.398947753485831 0.529972528885208 -0.193829577533526 0.155968992262548 -0.0958062257119179
-0.541386143717343 -0.255108160967548 -0.156821035810631 -0.00455815250877498 0.293574234443289 0.178363798878761 -0.489078743360841 0.222561096395303 0.479534860296311 0.0232877860403285
-0.315192177468579 -0.196418001060677 -0.218623023705834 -0.0500228178420945 0.207360419475973 -0.0050555856446408 -0.362033418957615 0.36536041205743 0.407338752851992 -0.164243329829623
-0.350328897482684 0.293700635309487 0.0415013907470019 0.409261370252477 0.00433220889466542 -0.266381444906969 0.490429916660231 0.338489608859789 -0.320650567965224 0.0750185053558033
0.164997152461885 0.0720673909734335 -0.0888666225240286 0.224157636798296 0.0406679304878242 -0.450205923188836 0.59780662527315 -0.0910050083988048 0.180396864622429 -0.0875054417905412
-0.154802999825863 0.302740212124823 -0.0408493017392303 0.367722314146242 -0.165761249150757 -0.191939673620379 0.284841261309871 0.235179712658381 -0.231095191725732 0.157778474551858
-0.304210855812391 0.353430225894615 -0.0596894635856162 0.344731746942051 -0.125028510470856 -0.0425442454074011 0.227097220546351 0.1534105650458 -0.196990946211661 -0.0597303764736282
-0.258332037352211 0.0105053783215149 0.10534258667417 0.437229892395855 -0.233534883552571 -0.0836065790527104 0.208733026319979 0.317975036976326 -0.182308343714603 -0.142233587280689
-0.288653505134895 0.370593779125491 0.0919131731306956 0.50927193232644 -0.0342993711592612 -0.0693664647460118 0.494145385280642 0.299271854825707 -0.40594235231619 0.16127413200877
-0.307074141427542 0.303233628832835 0.0491725870527663 0.48124498370438 -0.148165703955202 -0.184659897844222 0.349421773270216 0.383414145280872 -0.387166175153393 0.133295123861401
-0.532377519619886 -0.301966066177392 -0.159260032055068 -0.0201169734177835 0.391749256032401 0.144650597661699 -0.427271846891026 0.263201931249817 0.51142937395567 0.020595298604936
-0.260518452163262 0.0894159075710075 0.0352859341280158 0.448144271235087 -0.253948812070568 -0.0826696879776982 0.24902689129292 0.18237514387146 -0.294457948929246 -0.0881393222763291
-0.314178674354405 0.338808391845285 0.0513552193990034 0.559505971898561 -0.0567482084801492 -0.0544833414490053 0.475668301797372 0.303195988832662 -0.421458907075326 0.188705694983581
-0.133310652136758 0.307373482120454 -0.0153375806389139 0.370596931112056 -0.128494663561002 -0.149934258052191 0.276119373241877 0.286149379132686 -0.28297056688061 0.11207869034648
-0.522875972348698 -0.213817033540463 -0.262099494811526 0.0149055537461619 0.27906266801785 0.107824261402301 -0.382128419622409 0.246204585421111 0.56182000695873 0.0276385214834522
-0.321357871971796 0.281139155205243 0.0635466492248016 0.468331839192412 -0.158904713743074 -0.19069988305202 0.374907594221435 0.343848039670532 -0.400793027939168 0.103954126470303
-0.140693525473725 0.30818016664079 -0.0156619921309301 0.345278292611359 -0.175874475057906 -0.166338501828727 0.305184694807554 0.227556700828703 -0.234281679289998 0.157957839444428
-0.25338705797669 0.351677497742086 -0.0466936196960653 0.397536449877391 -0.0931100967264383 -0.0181378216202648 0.23603017647801 0.173393974219385 -0.261684843484806 -0.0668150394842661
-0.191401504619959 -0.0316414534900566 -0.00292467509331657 0.496436967847596 -0.365158357179114 -0.0494137387655458 0.281016454875548 0.2640725997448 -0.222607319687858 -0.107638753413081
-0.535722528851639 -0.217454293983532 -0.28106509261723 -0.00545387836669031 0.259215592689122 0.112604744833408 -0.42105928584956 0.299877566926856 0.595633065241953 0.0256423643984339
-0.123090311718106 0.286545642319927 -0.0190614575018588 0.370330787308462 -0.106074284258701 -0.130333116834037 0.265728197282449 0.291958022476573 -0.284267486864377 0.142117640780382
-0.192966475076232 0.301244321424162 0.0507635390133681 0.528695749102077 -0.113854657876891 -0.153094713125444 0.29624748562103 0.267273179560961 -0.428955850312463 0.116651565558416
-0.319468788441575 0.00365232522516742 -0.00799457578012628 0.395104413370102 -0.248989778436745 -0.0561603169335707 0.259573175855792 0.263650390775821 -0.260000763065378 -0.103469210421776
-0.247947784036124 0.191033341987964 -0.037002777861859 0.396876980384954 -0.00327053042665786 -0.237470566043775 0.456212528407511 0.415447069294457 -0.34378754408913 -0.0574766037442324
0.0816732172748115 0.0855776420898928 -0.0944144232517271 0.172532229623794 0.151318489337615 -0.486886799397194 0.384955173534393 -0.0027486392259668 0.11830455735803 0.0743848975425602
-0.318499368333454 0.300459419531486 -0.0140119765243863 0.417858869256456 -0.226798769056841 -0.129224644653192 0.253407800546661 0.343941135067094 -0.14322377562877 0.00211464228777274
0.00881533545780902 0.0611404659084062 0.0035900868787456 0.18351993131142 0.0163085466019219 -0.408296134716687 0.48440601652868 -0.0771353191514975 0.241588861003063 -0.0553223328526197
-0.311271550625903 -0.252999808043034 -0.209087604044239 -0.0142050429074017 0.298718020738342 -0.042115715563815 -0.272852974592461 0.32116035989407 0.331095799072806 -0.275947997526917
-0.269657106847534 0.333371508683825 -0.0154947727052378 0.346165000486496 -0.1497804784182 -0.176748765325397 0.391132565139147 0.232279944594085 -0.180378634149259 -0.00513493526742773
-0.26193618019729 -0.187774327257372 -0.240068125558403 0.00742746885506951 0.226510845494051 -0.0539253187679485 -0.32568514227967 0.439719456052015 0.380419045022941 -0.288586873227015
0.05933065332359 0.015278463128363 -0.105931537213462 0.216433170509452 0.0632931551926328 -0.447478779910159 0.499981853252449 -0.0224193042575912 0.0707581939715555 0.0658720709580348
0.0352899782337523 0.0344729489450037 0.0594811902142212 0.228492573667422 -0.0674217980773024 -0.431001214364658 0.487048710854425 -0.128397980616542 0.240040594968995 -0.0484085577998399
-0.244743847421811 0.347622961941924 -0.00708239390114591 0.406170610512861 -0.207733495872483 -0.161298980821087 0.366966617881593 0.240886922006718 -0.232568782498544 0.0267875363882961
0.0176008999435833 0.0192075797885156 -0.0714861003688382 0.22575974104056 0.0874329869814682 -0.422370655506733 0.475968072463308 -0.0122588370907584 0.0585338704219866 0.058872294127542
-0.247320083426923 0.0638466578767399 0.0204630266298927 0.293380188121634 -0.0472043541471468 -0.227112105584265 0.428019035571742 0.472573814140556 -0.362672026938528 0.0657005198040454
-0.227302997464242 0.409792101858859 0.032206466181386 0.435281850582662 -0.108151377159994 -0.101089374199585 0.403756143006894 0.420792549219306 -0.461219404654033 0.0743823338858627
-0.224652557385529 -0.135095437719651 -0.19888123569287 0.0607608712387648 0.323498863993831 0.0966966829760647 -0.436317222765877 0.185852540395937 0.412643434107151 0.0230720468572399
-0.248457463445133 0.339580449311639 0.0608550848927735 0.384817241799171 -0.257791415523946 -0.132215508881155 0.291128859630832 0.271060517433555 -0.168437920233299 0.0776591498276838
0.0153120752357124 0.0466202321612262 -0.00500389812723356 0.228364451760675 -0.0605346863780495 -0.413375846559225 0.453122147614142 -0.112294656524886 0.207256562353409 -0.0487733658370519
-0.290841282004187 -0.166319354514492 -0.155428633447361 -0.22452499495735 0.174104518670754 -0.0300540933173669 -0.252093987072295 0.396722741321085 0.432150436791642 -0.0988964193388083
-0.305233570615504 0.348884585738024 -0.0392299326111964 0.443677390336617 -0.205449194420728 -0.237294870378031 0.220541150169239 0.236296950758995 -0.177937999797338 0.0600981032766761
0.0540988798016622 -0.00336279229975741 -0.118783979890083 0.220453366142867 0.190009963326602 -0.539210724246308 0.457182772736281 -0.015364123663132 0.088528841927673 0.0579120456177363
-0.119338697998035 0.296214519756111 -0.104384616814382 0.420392909863329 -0.229833666959441 -0.146007362439366 0.200492220221439 0.219241573600689 -0.287399383469371 0.0612422354661536
-0.163696568647902 0.216411096921857 -0.00842543998867372 0.361067070461362 0.0252231278094014 -0.202334932990195 0.443940364345474 0.433113128620201 -0.369484751621483 -0.0321110249355479
-0.166638562498267 0.427688804869247 -0.00379673120312081 0.450812041337276 -0.130178234410589 -0.108868674568287 0.373712991703256 0.369505040276515 -0.419688419587816 0.108505481138462
-0.262702471504935 0.0720510580590131 0.0277474037138369 0.295718085802634 -0.0549226604363998 -0.238143224429239 0.464080126317868 0.467822339129284 -0.351999528513113 0.0717554811096091
-0.295473189947874 -0.172909968157258 -0.0264999808886097 -0.00733009132082181 0.223325644914712 0.0559861513794577 -0.244712782353899 0.161418277044545 0.430548797506137 -0.143559904060035
-0.330528627368364 -0.146651081886867 -0.168048415755884 0.00265759257075805 0.204070537068717 0.185068609184698 -0.326493685367616 0.216083846470968 0.362532415700569 -0.0255544610642462
-0.244046167309116 0.387461332135432 -0.184325152237436 0.468161143388932 -0.140224965249637 -0.152771845587377 0.408560440882436 0.306230469245376 -0.276889357688794 -0.0388401808520747
-0.0554594682231874 0.3531205907492 0.0141084777881822 0.353065297669362 -0.096013460372128 -0.141580673301918 0.233104064819912 0.358966141705469 -0.400459089376046 0.0729049904723432
0.0858356421683905 -0.0251363147792623 -0.0891131101303594 0.210197892040675 0.036530662030671 -0.257963188009467 0.418246089098652 -0.0165257621172753 0.0692959601594207 0.0559788543018483
-0.216603969931677 0.331436144908233 -0.15112312646995 0.485593881273897 -0.149779964896793 -0.12774063074603 0.308748895733688 0.274917831494359 -0.248557550775727 -0.0356214718767871
0.0531853403287623 0.100580923202384 -0.068262515441464 0.18926797056933 0.0602394409798069 -0.441931090296452 0.443364460527031 -0.00557383677945891 0.211020644758464 0.0745719890777418
0.0910488209537546 0.0794473934190289 0.0477632741536078 0.128796320393438 -0.0176748157173901 -0.442457145308874 0.496145814726661 0.0325136472790557 0.20035584362154 0.0461864528369573
-0.0563780615279354 0.239543276500254 -0.0100600641535789 0.484033147523045 -0.0606626364420599 -0.14340237527608 0.322814659301226 0.289526277054876 -0.373112911291137 0.0541925948812287
-0.130797917217968 0.301518575887404 0.0185080070111143 0.55541574950641 -0.0919066497986901 -0.115475460984958 0.218690933999426 0.416260853271298 -0.286714193269117 0.085706381563049
0.0326120619146818 0.0184857786727229 0.0458612236198666 0.233405103973182 0.0435978461177527 -0.518402446623098 0.362015926097145 0.0260863636004328 0.156974378480275 -0.0508097021730852
-0.0793343801628704 0.381205009977517 0.0568431797380304 0.44329690791991 -0.0314031472743065 -0.137746308884761 0.26299268855752 0.21287656473211 -0.245090494468203 0.0325745457072416
-0.114159749442075 0.386713183971382 0.0869157309533936 0.353594061253091 -0.0600732870270946 -0.154352493539923 0.237693424202271 0.22774986755492 -0.23255200243518 0.0249462375418991
-0.157997330809575 0.477399904092976 0.0987294177909752 0.337709777463647 0.0023431552428099 -0.181368659897702 0.256247792737453 0.354869943772805 -0.384183622853308 0.0865950436076114
-0.265808383110944 -0.154923761630914 -0.201301148581088 0.0815222461056267 0.298848473687804 0.185783545243514 -0.446338340195449 0.274556492725679 0.454038302899047 -0.0668569972390586
-0.219865245613854 -0.17765341827562 -0.197274702852478 0.0853313765150976 0.291457940473208 0.237321502737162 -0.479571595280364 0.295317558199138 0.494246960452423 -0.104345924899504
-0.129994965163823 0.241525567745251 0.0283718181322338 0.479981210195273 -0.158001966931201 -0.133556973679575 0.33619187234731 0.296624619990419 -0.344219265247625 0.0168200218236108
-0.256097566388793 0.288209136050467 0.0629305400595672 0.493105098742707 -0.114438171426624 -0.202851320123265 0.382669369171108 0.352912813119034 -0.428851197859721 0.118465617133987
-0.332771725609045 0.344070941136187 -0.0174526255144248 0.31616749322208 -0.138435666256757 -0.0719101650717976 0.276845768268045 0.139133241133317 -0.213683968744603 -0.0587427529834324
-0.328220986679494 -0.173875278328494 -0.248282559570653 -0.015288086128097 0.216501545316115 0.0539711578885123 -0.394398913648496 0.324725921089992 0.401889908665823 -0.206804477291857
-0.272009798629853 0.350000291481598 -0.109454336996561 0.275853862648584 -0.114665102939888 -0.0215984177053662 0.240907939927412 0.213305988988713 -0.223069034140969 -0.0867394373603021
-0.206989091202882 -0.182108378352384 -0.175736665234595 -0.107097437020985 0.236734320493896 -0.00946284094018 -0.285616983878385 0.326851018167434 0.460102160750769 -0.158097921680659
-0.269401349061015 0.0815355400559653 0.0176463804455066 0.50679443283734 -0.235322687440168 -0.0996843210374096 0.26830200481567 0.210300817131203 -0.236690627936279 -0.0860838475099201
-0.231049723518896 0.0837264761640406 0.0488652629292136 0.456925367758865 -0.284614767074229 -0.0862137845167657 0.233794038600022 0.187327658326082 -0.293237638116017 -0.0870033596879121
-0.324367589166168 0.32663685375521 -0.0711956706798085 0.334626186671181 -0.137019154372964 -0.0716767753444479 0.266778623062366 0.142234890796048 -0.221292808727131 -0.0538291300465156
-0.225665765133465 0.319114209572543 0.0366674494810752 0.527167386312728 -0.132963728191709 -0.184372566393293 0.281429100893676 0.314623662793266 -0.389654147006364 0.120229688867701
-0.317168796369509 0.357270231088509 -0.109292822405311 0.292481513171456 -0.150067722525575 -0.0327406716951791 0.214295728296425 0.193241737101759 -0.243165511718228 -0.0821595256836816
-0.25130130364966 0.0675542288498222 -0.0181640518020444 0.520623905507441 -0.244022937713676 -0.0747739328579322 0.236382542616897 0.293017685218021 -0.15815727870357 -0.112082587959795
-0.299157976435667 0.252118615493023 0.0600003987196814 0.473437426593519 -0.166666065011777 -0.206026065600461 0.372418859032778 0.37201131827238 -0.44759372132128 0.143634408460046
-0.184914629621175 0.0642074326006143 0.0206589476045961 0.530114491982717 -0.281215460366267 -0.0589987542080033 0.297787823872186 0.284453251362756 -0.175274622627239 -0.0789476915653225
0.103862620386615 0.00282212852820301 -0.0902956986503277 0.153447876304574 0.0971371006370512 -0.354788223868709 0.584237142625767 -0.113553192335334 0.165952528546074 -0.100955310112515
-0.0881580954678288 0.266636375077691 0.0262270872297928 0.40928187449564 -0.119778563459638 -0.256969692006968 0.345480929286771 0.269316694157971 -0.346521200944961 0.124571852983383
-0.290767293737392 0.244651942474837 0.0751291766312556 0.444793035922356 -0.133330141256969 -0.17554883981991 0.427785944071205 0.390117705523712 -0.357722366646669 0.105044884444963
-0.302795118347333 -0.0295550094390969 -0.00502055024532357 0.464847717242428 -0.377866811451801 -0.0617174757972104 0.201175947982608 0.309936891624808 -0.207361737748258 -0.158317666833267
-0.134579532674806 0.292573323361198 -0.0274112092971115 0.340977898207011 -0.166022626417144 -0.176247223211393 0.290506757750117 0.231840790971896 -0.204254176049458 0.136301246492955
-0.236226898028173 0.0935297344008517 0.039175827443068 0.459482937837622 -0.262601155340966 -0.087092536597929 0.258420491172105 0.201356784671114 -0.28162127463632 -0.0839189424394555
-0.0352093523311225 0.297329527977667 -0.00841133834846135 0.371321915379087 -0.136286530836428 -0.177960946600165 0.355606535743667 0.298779163028001 -0.325422076227083 0.170412422838745
-0.239228472070862 -0.148319954786332 -0.235783301535293 -0.0606514443969504 0.237939738610157 -0.0494386821241267 -0.426510208507295 0.288571744628921 0.351688298287662 -0.161780788013437
-0.409111962874182 0.290768516395892 0.0687213442110456 0.394333233907265 -0.0083219290824008 -0.259755745047231 0.433297222346789 0.363464758784832 -0.407059443070501 0.032402346261979
-0.319587030013053 0.216438160540786 0.00754721380011621 0.462649058040226 0.0764640172140292 -0.277947525541917 0.347423555110924 0.381013852990333 -0.33477143729654 0.129541193784188
-0.113921089343339 0.267625309612497 0.0208104840842608 0.406539396940745 -0.131552849110201 -0.272449871804591 0.3848973557841 0.221441110901936 -0.407507240772399 0.159548889548012
-0.159523703884846 0.333272700470954 0.00539930479990153 0.529985194960271 -0.078183230164721 -0.140587140917637 0.293033000557387 0.338777108896964 -0.349406172287672 0.0318940743620754
-0.207556213571525 -0.123598344128094 -0.150819643056247 -0.00581797052170724 0.261948631293076 0.00749973264316481 -0.327888135563612 0.320392734577434 0.340874903126284 -0.182152598801546
-0.194025815067507 0.31995902574427 -0.13292308337487 0.526199900135094 -0.212834532003507 -0.0887101225616155 0.364628281061927 0.318539443832551 -0.210852005811322 -0.0846646073899921
-0.196965152501021 0.330962329400554 0.057030494089515 0.534533171331688 -0.0595095377013525 -0.0471381398165332 0.331567414006099 0.273018103059414 -0.357467837559036 0.0967234333054982
-0.0841404408362774 0.390035815238865 0.0503773780593886 0.339451399717508 -0.12957159204919 -0.126210162679731 0.289779908169357 0.250665430881496 -0.232836343630485 0.057608657281254
-0.227751290880334 0.443779386753774 -0.0112752146897464 0.389429138015041 -0.0717856451798643 -0.230763157293043 0.315806851023499 0.223082411274324 -0.332469950164835 0.162383320427217
-0.3186116654796 -0.233293193992784 -0.185229536462032 0.0440330657183891 0.226482065562248 0.189330258446655 -0.278170137038718 0.208797861512853 0.419777105862201 -0.0344462173475058
-0.00510715064887077 0.0479017046473473 -0.0226619654361642 0.202983729405743 0.0697130647201197 -0.505085876387722 0.435383886713027 -0.125974545027025 0.234453428983121 -0.110252743030226
