-0.068423751904069 0.478769510129665 -0.483495048671731 0.552102464532031 -0.38892367346475 0.304485990291036 0.535255078676751 -0.0742921848120912 -0.0419401155939948 -0.127300057534887
-0.178930647636666 0.54824680495027 -0.328649634305649 0.451261237467576 -0.409013968414277 0.205706563512871 0.532484609619733 0.000578607977998514 0.0121304683085554 -0.258669931525797
0.10302322962606 0.461825885698959 -0.333616904156505 0.542470977482929 -0.626430277028846 0.237093026169925 0.591491376304855 -0.164325327582727 -0.0776377394219051 -0.104334566558055
-0.15735523021618 0.422847391102057 -0.588131991488983 0.415153527231252 -0.242745951086918 0.153937932621502 0.103972281563357 -0.242978616911345 -0.0822152914341091 0.0482142137207528
-0.218250692568009 0.565378967604619 -0.336710230643521 0.358217916412039 -0.434647456247092 0.143726644966654 0.516759229343478 -0.00961985519813835 0.013206582131111 -0.285457441173857
-0.113403181563532 0.566640578337286 -0.189923442677392 0.514524246815958 -0.469303344542962 0.156032278324834 0.520495506270013 -0.358573458397421 -0.106296572837706 -0.182644016323018
0.0951209005643444 0.482120085747198 -0.319674048185163 0.557692385780024 -0.659390500116209 0.256663307593988 0.601096832147002 -0.151103939303477 -0.0409617616301342 -0.11564811598184
-0.233744027505778 0.621007511503345 -0.490573535777023 0.407803540896493 0.00668797723150587 -0.0796421192351116 0.497208523370067 -0.218794338192395 0.116997681209456 -0.357586570063077
-0.06699705484036 0.672466258298123 -0.221347869406404 0.052073155573062 -0.139456371615679 0.0390409591461555 0.360824799101947 -0.0918658253099174 0.154779797386132 -0.287062755158034
-0.099699435845976 0.649599697550713 -0.279416375109064 0.0461010329511393 -0.159400511394858 0.0451973862236649 0.315817676220622 -0.106877465636362 0.117050330860759 -0.313052998266969
0.0207527585522821 0.642966725281485 -0.150469012469849 0.0368301144960656 -0.145261345774146 0.0224595201194497 0.295685230945208 -0.10089429511379 0.158858486136485 -0.164562797801741
-0.119454651070975 0.388823308116159 -0.401432085154862 0.338246845570385 0.205074340839189 0.140248628636134 0.170315275975267 -0.107183127041768 0.0615369082478296 -0.201726185259508
-0.0697099379847109 0.695186840141079 -0.265790952429273 0.0435702466946831 -0.138618943783446 0.0464061863897754 0.339963254026171 -0.0800634607892128 0.163006144902667 -0.249782544046951
-0.0803012889038743 0.753110647100207 -0.217006602798493 0.107749095319685 -0.150335425206494 -0.00232594459184768 0.199022071114527 -0.0948170782544431 0.116417982666791 -0.19565794788843
-0.118651543167489 0.712666681430582 -0.266587068760666 0.0630229205287615 -0.149898340073883 0.0110542130835611 0.232818376928111 -0.126503263333953 0.152539577962236 -0.235513713437177
-0.14689043395944 0.289912007809694 -0.609279749091849 0.239152043799811 -0.12779220836375 0.0502679362382374 0.214411003700465 -0.250649468799263 -0.196816945798187 -0.0870304140677872
0.0623252074710234 0.44525113745677 -0.858147815254402 0.635546036848962 -0.472662193367597 -0.116459010650003 0.303782999500523 -0.21557258129961 0.0139236804530547 0.100680233732925
-0.106862256626167 0.421177018114547 -0.829392830912034 0.580657495148007 -0.435205935703526 -0.0106402769686764 0.256110926719468 -0.229528651463748 0.170720251537667 0.195105999177905
-0.094401323193307 0.680429624014043 -0.250467077984772 0.0152224713949935 -0.190131947644006 0.0313765970871651 0.32583858528394 -0.090176141686717 0.151511203873496 -0.323907978196585
-0.103076312617443 0.362187657661831 -0.481923450818041 0.32890171418024 0.262334476897076 0.0523012185129234 0.443264651205897 -0.131421030940626 0.127403142380161 -0.337251953670188
-0.101498416558235 0.730941375121439 -0.307368348181673 0.0816471321847155 -0.194269423469174 0.0440857887291008 0.193281332620406 -0.13099320093295 0.160068973648778 -0.279796391523949
-0.0956118579196085 0.686058766300596 -0.291644886184489 0.0535259988378591 -0.141636912077537 0.0102734556761767 0.214372926205448 -0.0758473033312745 0.167447638952494 -0.253021379565236
-0.147407638412115 0.543859309162291 -0.81589538197596 0.654632523147771 -0.457677915405697 -0.103929029076166 0.203377945383601 -0.0895086879626481 0.0802798074552017 0.141646224522697
-0.0660584684548346 0.708697130773082 -0.299551675680695 0.0433984123070201 -0.126913469514146 0.0137577023484407 0.198595782164635 -0.0877769660984369 0.171800754964791 -0.219956768541164
-0.49602661354663 -0.477784228085724 -0.199227067635876 0.377218961818188 0.0373845551853522 -0.953000193052272 -0.393658452453094 0.499053451548323 0.172558583397479 -0.361704783875495
-0.146644128245826 0.546187498379328 -0.274909599097906 0.417553062898319 -0.333760367450378 0.133653420653647 0.531406289189493 0.0556545508627522 0.042461589133187 -0.35481870985706
-0.0704959705525733 0.574391871222695 -0.187754942163203 0.480635098122741 -0.488973199667182 0.174129118217285 0.580622470034787 -0.385096940062932 -0.0304859226067094 -0.238527477374453
-0.137293169202729 0.584909846492824 -0.217830062372712 0.498551880923684 -0.384583290725038 0.173425121651531 0.660875740068811 -0.375331077674536 -0.0304882137155873 -0.145395486226632
0.155591041513141 0.630758386604831 -0.338302460977342 0.378599822480811 -0.48204169049293 0.177053180905715 0.653563632871437 -0.367263656974698 -0.0218040645437085 -0.200778334291829
-0.164101647664801 0.556659800970796 -0.605809729573742 0.566823040998258 0.046532573080875 0.103566966212617 0.402861164938278 -0.188011401480185 0.0843513852367478 -0.223297758380861
-0.0780674120491945 0.390324101338181 -0.426116608921945 0.371261528890642 -0.172880483397161 0.222860173380147 0.153304014796843 -0.348071687084902 -0.0838109442861059 -0.0435489369136763
-0.21383135266491 0.496761316505712 -0.547790434185858 0.48101767648064 -0.224497077633343 0.162830779463759 0.39141787109859 -0.226484903574698 0.240920365878718 -0.111223266790873
-0.423238330484165 0.664505414478794 -0.424498225197025 0.36128752881163 0.222864771547538 0.242647078969447 0.436773381028365 -0.065857939552714 -0.0270742578481153 -0.33578009725389
-0.000191481498232784 0.5489760729838 -0.28847821079529 0.36741136264436 -0.414276805779509 0.245059777974856 0.658499082457493 -0.43293632728637 -0.0699170765529301 -0.267079813464047
-0.397628228265241 0.578253358665257 -0.451718540763096 0.285868671296354 0.222507926182208 0.33077580892505 0.162076547472034 -0.234236425913919 0.102565513684716 -0.247896640962966
0.15007265209598 0.606097440498091 -0.338563738176317 0.375542907526212 -0.461265737728075 0.181510345836199 0.6485002451008 -0.366579332592449 -0.0338830184044682 -0.204246051037439
-0.050624903473554 0.328412609674751 -0.386834323147934 0.310444242532844 -0.13408126857611 0.209779553057729 0.163175764135437 -0.276810246609138 -0.127963678498542 -0.0885773891864537
0.00669619884540404 0.524749251888441 -0.26516230698294 0.398493980295531 -0.385002634921585 0.240467339260425 0.619080172211955 -0.420333806700467 -0.0721969572681324 -0.260206365686549
-0.158398591086577 0.561266851761303 -0.310221455292667 0.298565271278203 -0.465863490835033 0.077863680303389 0.553889346879926 0.0424455715345573 -0.0263815668046978 -0.26888829718655
-0.51281092891125 -0.470351713648634 -0.15735368886247 0.375539469109083 0.0267181056570805 -1.01551143993215 -0.434267675849516 0.512811770999705 0.186250530196094 -0.331726201380313
-0.0905968222680568 0.531501368250255 -0.219412898501341 0.46463465441902 -0.432359911585839 0.189602496347401 0.645709134786093 -0.376509238719385 -0.0213827149591907 -0.178497224491713
-0.407765115062122 0.67324951811046 -0.440481382514084 0.35420650946721 0.210286696995742 0.254235634031246 0.446567211096799 -0.0574496331425326 -0.0147064547210155 -0.343843944087019
-0.100009285092946 0.522780330954781 -0.236312784777221 0.465391311502766 -0.436901819102906 0.187562166332608 0.654083384473894 -0.364724227434163 -0.021149777848312 -0.187896301380206
-0.201091003022164 0.49412041767707 -0.485933816059722 0.510265508751748 -0.223429620241143 0.151906226101655 0.358808758457678 -0.240474650110344 0.250309534727406 -0.135899512711226
-0.183948670575354 0.583643554516776 -0.218643296648552 0.486813014973703 -0.473491397910196 0.234727398768769 0.481054482432078 -0.102379541933257 0.0222807555996888 -0.292039682852512
-0.176453593597959 0.549107261050817 -0.210287281061335 0.487219874605089 -0.437443693165823 0.220913141409189 0.570379238775344 -0.103269887012677 0.115852928902525 -0.405355003234771
-0.275017549687697 0.547671402439425 -0.523547728118096 0.442952440836192 -0.0934073675112078 0.10811636356791 0.422424619773054 -0.183067801236272 0.141254940675804 -0.131659322656929
-0.37540329231862 0.562740572756764 -0.470195839923835 0.238821946017549 0.225989219363447 0.343830161337705 0.147705411711457 -0.225909487344659 0.124397666648008 -0.230309594419743
-0.202370416144948 0.663567893225398 -0.616863313992495 0.38058826548867 0.233222200575299 0.247451991554783 0.405641227061066 -0.1180224278756 -0.00517395315589327 -0.366432576915481
-0.00723357694872731 0.552953855725102 -0.139181722303844 0.601644878732551 -0.47456476136159 0.331820633039425 0.502249731994606 -0.191748498045097 -0.0295781384109494 -0.108168223027937
-0.045953196691234 0.574697285596474 -0.250668497013541 0.522523218893434 -0.488909694321884 0.170629859004681 0.573049830309189 -0.369977390582979 -0.0390944219137261 -0.218083414297728
-0.0183309379270982 0.606035215384103 -0.320427179864135 0.371815361000991 -0.454901346846226 0.195808416108679 0.690943340307569 -0.394294270017457 -0.0186327743764619 -0.20188532818047
-0.0911819492902635 0.548708624748613 -0.231719223017639 0.46820119718895 -0.429480998851901 0.178012269016333 0.657297095905143 -0.363082498546339 -0.0180904098874481 -0.184869637238881
-0.15789337723305 0.56151418069657 -0.36997584221671 0.404467959613656 -0.424279949466422 0.273570124599234 0.704300661889543 -0.2243294336976 0.0171587012805256 -0.183037182771319
-0.388546393385123 0.605742991994525 -0.443197843658893 0.248170763419929 0.242213776715873 0.364593424379804 0.147977753316178 -0.232386150720363 0.0977421819499174 -0.24690175967475
-0.345973161970891 0.648924804961633 -0.469142473992074 0.329187985452494 0.200448291730908 0.272696363204476 0.460736278807829 -0.0892411846487474 0.0448403074828342 -0.265273079119589
-0.232556257716184 0.512267931833591 -0.575821374185973 0.316682254833238 0.153455761003271 0.410822376131468 0.208758964204152 -0.227947800157493 0.137496448548423 -0.276326111277031
-0.101733914716264 0.538158609575515 -0.213405299543403 0.459750803541721 -0.427619832229578 0.197711930332208 0.647259119060728 -0.362858533572613 0.00021688823260849 -0.191866019281629
-0.207853791102995 0.578526429848174 -0.205060640710971 0.494793962791363 -0.448130600810171 0.230219277348923 0.539047869320304 -0.104998957431468 0.0999570771365908 -0.409201002022905
-0.194455603746807 0.413837979477564 -0.485486429110482 0.109561825511074 0.0344204166897493 0.127021851639641 0.172713333546799 -0.203656853764641 0.0356387765112408 -0.113558030900312
-0.251249473787018 0.478991718482257 -0.620852796471599 0.46280461687959 -0.154369846373621 0.117149403423937 0.451004013087863 -0.24290325270303 0.0365462094365256 -0.139047078412734
-0.168924861336137 0.490173531629572 -0.485886144423712 0.471848615117016 -0.223203690169689 0.148450719763345 0.384581435765174 -0.236032141089518 0.26914282340682 -0.117401374879722
-0.559641758576428 -0.500499363398594 -0.218352609370162 0.33844794817034 0.0778560631908692 -0.973389044234247 -0.346534151891738 0.541505337098787 0.195009249038689 -0.44013597414108
-0.2506567557702 0.344482034818611 -0.481118795784562 0.177795687062508 0.0262795647830469 0.168857528438747 0.260200913682083 -0.051421520098753 -0.0219177261695936 -0.16351723650015
-0.064058575223538 0.59513530853261 -0.192098147927385 0.506150158069638 -0.467544428296853 0.172810471847551 0.596891630361738 -0.409195793783193 -0.0464747625267289 -0.259959705571471
-0.252832244528656 0.517582971186663 -0.569958560063551 0.321771929104482 0.177647987004537 0.428804283939033 0.147851105810176 -0.183527265021604 0.0840710249559634 -0.304384500474888
-0.281634832001406 0.725776792599925 -0.554224701098415 0.302042498202052 0.248747857577081 0.216907180014969 0.46377225827808 -0.100810045478155 0.190548809570426 -0.36498418464305
-0.0288420123692204 0.552264058520105 -0.193876824563759 0.475191683202868 -0.546375349397445 0.375340776909916 0.478149670972434 -0.170640216234864 -0.0994087011344215 -0.147389450590112
-0.590529639605383 -0.487838028547368 -0.154684500684645 0.365877016770702 0.103126177034552 -0.951749302896057 -0.371248583963214 0.489193262608248 0.200807471826919 -0.359138615484533
-0.110374510733109 0.554179875003545 -0.225929726856472 0.466627613003358 -0.44117541530369 0.185546222396914 0.64968681648052 -0.35983510644095 0.00078716745211504 -0.187714094754878
-0.24067592638074 0.534827332822019 -0.585685484156242 0.249351440478337 0.16476643680736 0.413370524256326 0.16691081416707 -0.185872849285079 0.0860365780809272 -0.289166622930675
-0.142512619531484 0.550732160640505 -0.198222184577411 0.578841145274706 -0.477506790064328 0.111343452745099 0.550429588722467 -0.316128328791768 0.0294080321341928 -0.286315291994801
-0.215569750337218 0.586674818987375 -0.480633957376238 0.412744479790063 0.0140428162069087 0.0207765842654617 0.529713779471379 -0.138241596868371 0.132507469663927 -0.393112317563107
-0.107027814652184 0.258183889412026 -0.762958591307163 0.316233109055902 -0.326707923060562 0.0182233839790778 0.300122829510867 -0.0421736748128486 -0.0772464467859737 -0.233995779103413
-0.0319758683499256 0.685310168992641 -0.216038853839219 0.483405870236437 -0.553320536193243 0.166264225470933 0.554484167198425 -0.465466441565202 -0.0951346999855056 -0.247689108383355
-0.061281257977363 0.677316332611761 -0.303910887923793 0.583243173465058 -0.53485022715362 0.168215862570135 0.666655890413973 -0.400484351518286 -0.063233273826078 -0.271264511441798
-0.21962448531359 0.542301705904077 -0.2861907160995 0.429008987805083 -0.392529555018327 0.228948993608548 0.550423980344529 0.0508778254318927 0.0346749211486994 -0.299338832651816
-0.0405733740550203 0.418686237104336 -0.406556883072428 0.449521162709314 -0.277993610377232 0.266754758737132 0.587748885913848 -0.18443282849403 0.0437553377853701 -0.148657175917734
-0.118388776269746 0.729887570281337 -0.262802128954742 0.062550284618337 -0.0550417411805516 0.0487027754988961 0.164368593236121 -0.162413833537346 0.0658818679051396 -0.222293401075263
-0.199963306476763 0.594074612390974 -0.544169369551493 0.49160205921905 -0.0272805785386864 0.0280133753811712 0.230877824757519 -0.189842393509664 0.235469244918333 -0.208684157086983
-0.00698011651455568 0.402952722110448 -0.55494600133896 0.296005861131493 -0.137027342405744 0.0497963024985386 0.200485005103813 -0.153671731503442 -0.114975456913959 0.0440308910563025
-0.0879043571836948 0.645322917004213 -0.253713920486084 0.187945191422904 -0.0149240384020202 0.0750526493349145 0.147891696012174 -0.381191820299272 0.0486071290163817 -0.31628757314677
-0.0862200417160273 0.412139087810284 -0.611521563770866 0.228797127644648 -0.261100306117148 0.0753533861521413 0.365564541385831 -0.0699145047097886 -0.0937717015749154 0.017425961645841
-0.00163877806970194 0.704665618962687 -0.469882988614673 0.301810827248097 -0.089169696175103 0.023874124574744 0.0571818963206984 -0.0491259759345969 0.0799519584079703 -0.355818399818116
-0.0714120315629788 0.53634775821567 -0.425965465344639 0.361288519134447 0.178942163058677 0.354089734912451 0.286627072589814 -0.117759376412316 -0.0512593699738175 -0.291091051975042
-0.12544173333848 0.209286064088898 -0.638322034213401 0.343629420570607 -0.279498806355048 -0.0271554105032007 0.294407122746587 -0.132363638645367 -0.102916914258852 -0.223380633170215
-0.21163311475994 0.314325887747464 -0.633556254380736 0.227973047719589 -0.212628809069167 -0.0130806095698651 0.360729706493796 -0.168042349105816 -0.100522820973465 -0.345066139818911
-0.145086459581175 0.408834982649887 -0.556742394579032 0.490476531238895 -0.130187687559091 0.0500219241356659 0.237294897091958 -0.0953193761752579 -0.0261263809903768 -0.0769393386232989
-0.104263889487822 0.614671219690853 -0.30756539404221 0.269164008350014 -0.0462062002054453 -0.122821149589355 0.0348677108442077 -0.176864316064206 0.140919896148508 -0.273679559666813
-0.0604944106411621 0.517684795331574 -0.171064120539499 0.196601048408424 -0.0830760471691342 0.0629807183874618 0.16299996596242 -0.325793301191382 0.125130820434753 -0.368969608403333
0.0311484115685105 0.559952894001938 -0.243383049218332 0.14654856490345 -0.0454872219913218 0.0609400218274935 0.171037824878683 -0.340770134649611 0.0745739046347426 -0.320707572176815
-0.290142865333198 0.468002592215465 -0.511670895655249 0.366469615623837 0.22218225401898 0.283466541955504 0.321897156928271 -0.0414518514906489 0.0443258586585313 -0.359258973774836
-0.120973993532141 0.30672214131982 -0.680157122253366 0.428240132671753 -0.125941709017674 0.122963573583023 0.228791811924366 -0.130380045705086 -0.0844499754045524 -0.039958738506827
-0.0486436533292367 0.345886205977875 -0.627199034194351 0.354450431942319 -0.0868640948759164 0.105485305254823 0.154505671877089 -0.104207687144363 -0.140119158641235 -0.0882279775426992
-0.276876452581091 0.445738229930334 -0.495570229950067 0.320401967837142 0.242383914354681 0.247131261479226 0.310879143643389 -0.0888365810412293 0.0372263933263191 -0.283189493922389
-0.248366285311719 0.268514518252918 -0.322760547747769 0.402692721392621 -0.107507145167404 0.212007999249965 0.404695535566222 -0.0365912640465212 0.0151313508727159 -0.0950407665080162
-0.0762529561112386 0.442236350155433 -0.628516194825484 0.364377390176655 -0.15466509086371 0.158704452310942 0.285991335364734 -0.07514078202552 0.0010919646718922 0.111303303252055
-0.0375940462592527 0.491423293790422 -0.173007312773972 0.172056661368769 -0.106553134402563 0.0548132604710338 0.189792438740379 -0.342078213580718 0.0851227168113633 -0.354377288256974
-0.0272500964203449 0.528592204367959 -0.125735953362616 0.208710151488039 -0.0793865068386791 0.00433672619207836 0.164517310147639 -0.331297746417601 0.113642577688606 -0.304917990173593
-0.14470115277552 0.210303647792712 -0.68712543332354 0.293306513336222 -0.270780130197708 -0.0200433002223615 0.344719833629466 -0.085376654205455 -0.0874286964163527 -0.217916909592338
-0.0766823100809211 0.671861044434727 -0.234728657313427 0.156316748610327 -0.0222206728768422 0.094066054245759 0.135058119309547 -0.388666420872938 0.0259007476597543 -0.320474751909423
-0.262999042936401 0.264796215936133 -0.666869042810665 0.237990634759543 -0.201582985104726 -0.0572194163773494 0.35769690605952 -0.185204075882045 -0.0745278734178323 -0.3516330708817
-0.260537204400503 0.338837299152907 -0.369524359887725 0.424211668836259 -0.149070563193741 0.208764164097713 0.332694559469221 -0.0100703430508904 0.0285028346071162 -0.161284296877967
-0.0320850587610636 0.702582758085976 -0.465096968683293 0.294794048902146 -0.0335519156515057 -0.00989861345402502 0.0187134198603464 -0.0383117683583007 0.0892218036214944 -0.329409841433183
-0.268300936154297 0.464615060924497 -0.500462563067136 0.333324319158173 0.221442552593252 0.224132992183547 0.310323520347117 -0.0626415096916628 0.0419898374665528 -0.30735240794199
-0.141775543563419 0.168298110312332 -0.672328876867201 0.394634041372306 -0.151029251019007 -0.0317389949715727 0.262106370842828 -0.0386689942765656 -0.079428256618704 0.113678988164449
-0.0222514624592455 0.717193072729479 -0.477677685289381 0.309851271526202 -0.0465336463144482 0.00599938775633971 0.0521658262700123 -0.0427931218224071 0.0761496604812673 -0.317646694813245
-0.0502698730318023 0.355689120681784 -0.636950651703219 0.350477695893701 -0.09408638003659 0.112977710084539 0.17731250436049 -0.13059186755444 -0.129900534463059 -0.0843222286377817
-0.0484576786853563 0.496717467901791 -0.490260911929445 0.296854829773667 0.129868879680028 0.46954383632249 0.281639459153916 -0.178594039457397 0.150480459963078 -0.267675029609216
-0.243074109891504 0.330431042346409 -0.696199952559443 0.270787324443863 -0.266057791054684 -0.0216012439780911 0.293517016266903 -0.101452694575163 -0.112377924176683 -0.207732180306173
-0.111518380640926 0.449332507583533 -0.556284916695179 0.428636244119977 -0.155428101847707 -0.0477782177287344 0.237705018925681 -0.145745742329814 -0.0323441150222479 -0.0144186857435292
-0.186428022040031 0.244004304483768 -0.688289299064975 0.219251824278901 -0.306153910432754 0.00351789639120908 0.231754793603201 -0.12224580012337 -0.109411732637697 -0.127749703646264
-0.0692530230290319 0.428385611291684 -0.630682420425845 0.302442795690623 -0.246686094288067 0.00890659144521029 0.314159591833856 -0.163468870936676 -0.0997219362019154 -0.00706471009357359
-0.303912898902878 0.276526128899317 -0.316084028348503 0.421389727317869 -0.107727907131277 0.215470122830206 0.478411579952261 -0.0139190052507258 0.0127572410775317 -0.136492796890799
-0.289155790051495 0.366052027329725 -0.341960078580233 0.41544329381773 -0.107837668741273 0.298671219774435 0.416366953664555 -0.0548759964826603 0.0782552200029046 -0.282997869407738
-0.238604723467316 0.288508742838451 -0.69072125091717 0.234990699906256 -0.227837924133636 -0.0494172039655055 0.374039444776784 -0.210840753601799 -0.0152308816063074 -0.348105171935249
-0.270203241968673 0.285284942464259 -0.302763600939538 0.425296031500948 -0.0978941273196885 0.218891763921664 0.471887166108821 -0.0182401761073693 0.0499549240446592 -0.13881822856244
-0.0909262916673506 0.529698718685444 -0.388701128902871 0.375452083605796 0.210564377122381 0.369433758332438 0.321576374391807 -0.12459487995047 -0.0331271672122201 -0.279296002224801
-0.259818945718436 0.268179142011141 -0.456943480602683 0.418966412048893 -0.17486677579144 0.193736869097233 0.391807263216516 0.0107395212527441 0.0011758889599467 -0.149490646518633
-0.265472195852147 0.433972538954448 -0.480524873428477 0.369632203208082 0.209312529587825 0.281183342923719 0.330200937146863 -0.0191936999059544 0.0675228619850046 -0.366073701896531
-0.202677783646656 0.594044957642478 -0.340249024176737 0.363069094030856 -0.417598763210119 0.159154950757177 0.506012726268461 -0.0216141955838603 -0.000904078331868638 -0.29118561282038
-0.192813905332707 0.541868211822416 -0.58501565645021 0.445754708862585 -0.0616758547250398 0.0262738848174179 0.217804878163454 -0.205452138031051 0.19752686156266 -0.192828025347867
-0.0122278145826013 0.544638728713264 -0.20195560358454 0.530617766283018 -0.558218395057699 0.285097179584434 0.500976787189593 -0.214671963927665 -0.0589957136066069 -0.158967056883078
-0.0775806928654135 0.526108987494905 -0.39584812275664 0.380822953327908 -0.431588596629295 0.315873357433109 0.626582177090409 -0.234360134708466 -0.068473688958123 -0.155951012319482
-0.102591578615393 0.738565668800358 -0.236557384861968 0.0480410508432603 -0.0403626552494916 0.0600307053966079 0.145191538174559 -0.179810476764872 0.0313628771989577 -0.209717323494072
-0.189832437082111 0.308370908593476 -0.428702568935692 0.251832948338792 0.0489652265440841 0.306877198310933 0.235674174168776 -0.11908230788636 -0.0253853313464712 -0.232761536501142
-0.0651997307993929 0.681539831027526 -0.287699197064434 0.591050509277666 -0.538881683178399 0.175096412181155 0.653363468686933 -0.411639000308854 -0.0665707130081875 -0.25802712090515
-0.185288561623271 0.556190652211886 -0.23692452056889 0.325158570768469 -0.431580548598811 0.100641527175887 0.400984733341693 -0.0177129400000734 0.0981293109051256 -0.323816567706709
-0.184455714967368 0.492743051722127 -0.26603012630114 0.328628258289261 -0.415405315659262 0.126798915308436 0.411438566722916 0.000497936534721513 0.103597277213283 -0.286530983171386
-0.0100429247804269 0.467881921186224 -0.485505378712912 0.409688916720165 -0.42135549874866 0.244664649280276 0.543146033146525 -0.101316164141588 -0.106194267064438 -0.228343046548301
-0.0910148900840252 0.364919453294602 -0.41142257680947 0.234034957973811 0.0175595771658908 0.29219096573512 0.297642634565682 -0.129847130445343 -0.0243880394475362 -0.22914243457558
-0.0678075353417879 0.60928398697926 -0.236555772523001 0.4560697491438 -0.497243595530728 0.1231479040658 0.572138290908624 -0.329956475345658 0.0268530363622648 -0.206664376706978
-0.318791864357291 0.603479462320734 -0.493248396708393 0.398228930928082 0.244740246707291 0.167722517293788 0.470739364925559 -0.0865511793901955 0.0896711124488893 -0.405595691276389
-0.189796505263013 0.577443281787957 -0.532748354236002 0.506892177253496 -0.0357169583490408 -0.00218515986644843 0.251558030688222 -0.234466814469314 0.177550360698656 -0.255028605895443
-0.0364294603643014 0.565041151266843 -0.168722495447274 0.534472761574141 -0.592572381805065 0.297247299431993 0.511205114074319 -0.219465427483704 -0.0723269685945736 -0.15027174815218
-0.211735644344273 0.56806901368365 -0.322954736238395 0.370618659789391 -0.431659880722308 0.162529672903808 0.512794776367331 -0.00904079548408194 -0.00120055622697718 -0.285897070331891
0.0908795540031752 0.507908644478755 -0.343474390220541 0.499873869371637 -0.644605346076582 0.259197818665561 0.576333224930806 -0.167694749112617 -0.0536478244190436 -0.135733045347971
-0.0272218438341783 0.408014420403773 -0.38649358301997 0.450496604535896 -0.277500897467252 0.249218373571493 0.637068597802271 -0.202607775320042 -0.00681279103201331 -0.164005038542115
-0.231501824752737 0.616615903846889 -0.560900238533414 0.50194611732903 -0.0246228916015381 0.0219353387286842 0.232251087771528 -0.210598409489537 0.177057859674131 -0.252370116791505
-0.296321558988568 0.628841354516537 -0.452652659144906 0.407251464771402 0.00214902381689212 -0.0317607931408925 0.502860398735848 -0.188875870390661 0.119983333255857 -0.330377786078625
-0.107003188452489 0.522383373615404 -0.400866871815417 0.40168937733513 -0.426004297133628 0.325390831859476 0.633811629166626 -0.255960472799467 -0.0519994181072911 -0.161737428518414
-0.0924599110575473 0.566421998435048 -0.224228896215972 0.495384831432545 -0.501599820586771 0.14972529453705 0.510367924372132 -0.329731274576986 -0.102328760251411 -0.198880210693444
-0.00184962970057526 0.410760974951083 -0.409160815035641 0.470447946303668 -0.285487742462071 0.244650459591823 0.634556133252057 -0.184254342373221 -0.0247263686982172 -0.162887007735779
-0.258930705360297 0.62782426455703 -0.289656440661577 0.404734478188586 -0.382691612548788 0.172822424579496 0.5567743242784 -0.0498575962729901 0.0542408888063762 -0.285508792238797
-0.488256790328295 -0.49210539902511 -0.095495339192038 0.396549822365816 0.0413949627000991 -0.982838197464274 -0.471675648565107 0.516950060740484 0.255861408076023 -0.330164077735194
-0.102752425820308 0.525548649167478 -0.237924542157831 0.468821410789001 -0.421647626570892 0.181205652608473 0.671251833441155 -0.355767647104833 -0.0232212109249072 -0.190993750746008
-0.23623290049728 0.506111321313697 -0.576634639116159 0.303123646696557 0.16287408520075 0.414985698982266 0.203738528117781 -0.20567307858774 0.137124455636776 -0.28370349376169
-0.24264954753267 0.699948297537514 -0.521076078106389 0.337387541750563 0.203840244456007 0.280912037468088 0.519538923398652 -0.130600246993191 0.0349796703790993 -0.33605398475484
-0.261999387656083 0.646982243785838 -0.478013849382047 0.412056410143939 0.148939476811021 0.178899173574848 0.434693561316747 -0.17869426212113 0.0839893469241237 -0.387753578412094
-0.515599390154927 -0.529138120709484 -0.193322649104569 0.361157506458555 0.102420399454147 -0.987720900470785 -0.363676865189933 0.504020921545741 0.172506603358607 -0.426939868687919
-0.155435139908344 0.57854176257418 -0.207292032174362 0.516975439722853 -0.452346645288921 0.227501042604686 0.539684490419751 -0.120621215754334 0.107808414993724 -0.388178893142044
-0.361694070113792 0.664300910042827 -0.442188129235786 0.329434109210301 0.209086380115856 0.268438111490782 0.445776450605804 -0.0855940648463152 0.0219390011748115 -0.274892719897869
-0.0600074977831218 0.591579706503314 -0.177724773721277 0.537282522417858 -0.499058259713233 0.17816527104184 0.592537516248262 -0.421168666047325 -0.0520070575780082 -0.226020343755205
-0.330535638778176 0.521827355304171 -0.525274379933623 0.427463994903019 -0.0459130497038146 0.114488158069549 0.400253170208433 -0.183825185830248 0.180449280539165 -0.126824214035655
-0.269140332606045 0.735852021681424 -0.498680608836606 0.342121324655428 0.194646205567842 0.296354256298517 0.466408703374491 -0.113298065216942 0.0296650392377274 -0.330858429886216
-0.0861578898049173 0.389257743476269 -0.409505498731409 0.345489772850783 -0.0775256418905033 0.231539415447968 0.136058924384492 -0.273050688767346 -0.0952453752990141 -0.117559907662879
-0.24056563549883 0.543198042744646 -0.61487100100819 0.471954221721281 -0.158850871776664 0.104353220264829 0.389222417560071 -0.24935813512477 0.0184250967904187 -0.0852746727283454
-0.265492150119289 0.542188535245821 -0.547634319820029 0.293455962104971 0.161147353976246 0.392812256727112 0.126886640902751 -0.188706073719466 0.107142400777384 -0.2814528769743
-0.0250825695663549 0.58180329454344 -0.178686980185178 0.486442254933076 -0.533583214792967 0.323981160682834 0.470327700690853 -0.141491067889446 -0.0885796986349415 -0.176445985939418
-0.345509400807845 0.651144675722698 -0.46378118551592 0.331426613013131 0.221546929936377 0.290568427228799 0.446375190960027 -0.0996273957812958 0.0181193659804521 -0.284346054932788
-0.23848628406818 0.712447855443005 -0.53132459157339 0.371321157750583 0.191414035865245 0.280549317224408 0.531299224268214 -0.151697309842051 0.0427978829255383 -0.322893861416926
-0.509306170383381 -0.512314221990737 -0.158476896335124 0.370296424321052 0.0827820251529309 -0.962803793503941 -0.367701271712035 0.523210884389809 0.174088841931685 -0.419832472803832
-0.230382411042359 0.371849946460807 -0.549720190468953 0.177934535687006 0.0266623657774553 0.168937011162711 0.259774166836971 -0.0474109838108232 -0.0644222257717044 -0.182323461900798
0.135672853206966 0.555002753926031 -0.291173208646808 0.407976846108496 -0.499503267905121 0.170496166164565 0.660156118899503 -0.370953191952828 0.01461324695743 -0.254374482095319
-0.125196043707579 0.496418562078592 -0.564360530655935 0.517294007906907 0.0602462285698167 0.18535950549756 0.357232070892304 -0.232326887116519 0.124215320273715 -0.205993446584555
-0.149347645033838 0.490402492977874 -0.497728668964168 0.488884005491343 -0.222236803583388 0.15594220773717 0.366601339348561 -0.270035985183833 0.26887831821694 -0.123528283179748
-0.282198169705189 0.557479797902648 -0.547253432545846 0.293845445271147 0.159146489390622 0.387587479621118 0.134912937798584 -0.173390524133405 0.0956034454715225 -0.289967582330035
-0.134411770996836 0.534373493230246 -0.306494428190839 0.412993427326465 -0.320223148863094 0.115364542931632 0.515308325440123 0.0580262928782891 0.0325467480940118 -0.367566130134965
-0.201197311834908 0.43513990539435 -0.487427864673763 0.335947087151437 0.322400129207108 0.270093422484189 0.250054489135756 -0.0413577807247064 0.032506339377244 -0.325357586314312
-0.0641072741274269 0.637824463859579 -0.103375870156404 0.21353762680621 -0.0756755096384121 0.0775628674698223 0.185283472487734 -0.365742042566524 0.106061470976097 -0.228497674505468
-0.0154236016409386 0.732952119487383 -0.425028598172822 0.328550903638778 -0.0638174161077101 0.0130609371549556 0.0813655073530676 -0.0210606778620672 0.0517103833516838 -0.305036388371051
-0.167479081859567 0.52785948851986 -0.433119171591317 0.345937788900189 0.160650028115686 0.130991428893305 0.200151648182992 -0.0965173664515977 -0.0835393095119066 -0.0889577125333888
-0.172548567661782 0.510229912934851 -0.600075242932005 0.286331011940732 0.203438338450337 0.260713760949307 0.240466975350111 -0.12513729213455 -0.00128899557777781 -0.227105174704439
-0.0926619754641076 0.304376885238894 -0.657785646227814 0.391726542665548 -0.195742894043533 0.0835670396524602 0.224787177637734 -0.167892718557063 -0.0778580385185439 -0.0617255585968181
-0.239816673925875 0.341277844338953 -0.328893778559747 0.489816147941534 -0.132527573428409 0.337327179458398 0.380054896223911 -0.0391194530401986 0.0673636791916044 -0.25605775208347
-0.157074316954132 0.535134762878625 -0.45925038993931 0.372448096685644 0.183945123892445 0.142199176053861 0.202812815020489 -0.0930064952891235 -0.105250209499435 -0.0973505299881553
-0.223410251972733 0.291869452558077 -0.685312465964774 0.221534263940636 -0.193068405441146 -0.0799829464209803 0.39304941861003 -0.194738605758294 -0.037596607503241 -0.322989443455683
-0.050602954720491 0.481937624177193 -0.637980583497595 0.333317938340951 -0.305469457534066 0.0179529684852267 0.352745904698667 -0.164390862356157 -0.0857688408283278 0.00803263349717307
-0.113615141101914 0.316458776585837 -0.650202503691607 0.397750943451464 -0.115098561022817 0.0990333270797286 0.250968043582511 -0.118538244713547 -0.0691192676380176 -0.0352741684298458
-0.0653902987038437 0.695140213548659 -0.1999369124675 0.161030709816477 -0.0595794346961213 0.0821033633740169 0.140638726848522 -0.423790467070473 0.0601179063821303 -0.321991466288567
-0.0510240552767297 0.381020226926566 -0.545840718938216 0.323353587886218 -0.14362100463682 0.0663154933268004 0.203485327777517 -0.173137107986664 -0.133747319072908 0.00858914598644613
-0.271033022126338 0.45441338529923 -0.495912799468066 0.324512886675336 0.256923489698668 0.249945644573105 0.312435315743248 -0.0956877933440517 0.0284866929586948 -0.285092525771956
-0.135650805938373 0.394410374086068 -0.55942523141592 0.486526332413772 -0.121542279116601 0.0516571889540862 0.231234898417908 -0.106539332884322 -0.0347274244139649 -0.074750573939408
-0.0764653458701042 0.45599091664648 -0.102995740793087 0.214640856871367 -0.0799441203734337 0.0877838571296787 0.171169623125042 -0.296678253410066 0.114077647065727 -0.330576060591836
-0.154407193232519 0.398508037953366 -0.541535622580246 0.408233451504107 -0.203391450677758 0.27972733322879 0.195526050963066 -0.23493749496337 -0.0872456094311843 0.0854739108351424
-0.293158686939453 0.475418648622633 -0.678217294394093 0.323751534858314 0.215217195519828 0.366556794519539 0.399160297529345 -0.117232625587036 0.0231558480849759 -0.330864136275985
-0.170289346760263 0.547576614254974 -0.276679302840956 0.380874181582665 -0.428807750802691 0.0750357960766345 0.452714788346818 -0.00676392066235217 0.0558754741428595 -0.311164276522675
-0.193859629670253 0.431141172980972 -0.534910396092274 0.461870334778852 -0.15789104833887 0.0607534956817219 0.406257226215381 -0.183193476894471 0.298226849932692 -0.179319021176848
-0.224384517344261 0.562361302948779 -0.556696444318687 0.515517293368256 -0.0960881468407355 -0.0211042499094764 0.181682230267253 -0.216767750208481 0.224453321333627 -0.223791126101465
-0.209922154400369 0.564610416977023 -0.350109082932086 0.354451567127404 -0.424324710401773 0.160085257304465 0.525742425863233 0.00068579980769228 0.0104247409592575 -0.288328548202997
-0.112133036259705 0.388913622849724 -0.568272332292382 0.427674638353321 -0.186409714254092 0.180592243359689 0.146064799471816 -0.202204275373953 -0.0767639330382896 0.0720968637225878
-0.181287280000926 0.572014794083176 -0.556673210610293 0.499085075256108 -0.0540733493602615 -0.0521305667070141 0.283176647449419 -0.237941502760921 0.18643383763209 -0.224224972158357
0.0234387227003052 0.436873107417113 -0.488680256326927 0.437199176821352 -0.378204486910474 0.242430288296173 0.588150215399072 -0.131080456383928 -0.0794297396116698 -0.27444075785106
-0.327112779893752 0.599946097958445 -0.445426225791931 0.33311786309457 0.232230982827359 0.194524701946998 0.458600651268414 -0.0396214463905258 0.0647967178321952 -0.260407087010257
-0.0672698522549484 0.606622117720889 -0.233974497088092 0.453914830162979 -0.488754000091597 0.131245465223082 0.571482485535335 -0.330761342812458 0.0353908547979228 -0.217290839395287
-0.154594007885012 0.593519457614299 -0.260176935640589 0.304513460407351 -0.40113253341673 0.13096823730225 0.514890083934752 0.05310121638922 0.0483679914677583 -0.221960936230934
-0.189442528268288 0.626542522380461 -0.59129222106498 0.551089886057225 -0.0711178339636112 0.0276204670336742 0.241160850619621 -0.218522680292246 0.193098972198201 -0.22207229108123
-0.016123618973209 0.431659291829394 -0.472923213428785 0.447068354405682 -0.298126153395856 0.236211660495567 0.640811116327394 -0.178219688095419 -0.00543306826211247 -0.165989388889179
-0.365045741304624 0.631127167143107 -0.427811452427568 0.345730761890829 0.202333328628674 0.210331075267881 0.441037573162201 -0.0342160305025337 0.116372951563916 -0.309557347882214
0.0234387227003052 0.436873107417113 -0.488680256326927 0.437199176821352 -0.378204486910474 0.242430288296173 0.588150215399072 -0.131080456383928 -0.0794297396116698 -0.27444075785106
-0.260813368977984 0.521550526873078 -0.531132021671798 0.279822105009321 0.182473614861531 0.357349762914631 0.208217429026682 -0.280644571815999 0.0760791510519666 -0.195312622540353
-0.0405103636241695 0.423595533780394 -0.496760056910501 0.528567661584147 -0.411742054794024 0.175539851867075 0.610472998372248 -0.0804495849566761 -0.0302864945164765 -0.262953380446807
-0.187071985730704 0.546626060626339 -0.270159520716098 0.299401459607739 -0.42113030187634 0.124116421587449 0.546773574047115 -0.0156582590911779 0.0716622705565252 -0.347866950175385
-0.239850994199618 0.520245397125985 -0.568616934605535 0.478985608880502 -0.0437265826165631 -0.0041174965248759 0.17329405940177 -0.201769766176668 0.177997799532261 -0.249861579510312
-0.0166248585443042 0.367197328446758 -0.415250162356587 0.473170797801877 -0.267069251102594 0.220130500107256 0.60817822632517 -0.161368341480006 -0.00650007122752749 -0.174627485433311
-0.0488621016725537 0.652529380725976 -0.222961501153269 0.43711763675909 -0.464821405219099 0.204051723576241 0.52834895225911 -0.492148972036479 -0.101306715579412 -0.142096883609174
-0.100177961366785 0.342215461332188 -0.613929413340253 0.417948637665466 -0.188627118248846 0.245798474703028 0.172927106636594 -0.222949704329587 -0.129145628489066 -0.000721162601905613
-0.168515719822819 0.327660655465816 -0.428397461757543 0.232230599689465 0.0711665884494185 0.330400129073467 0.231114031950333 -0.114134587592448 -0.0335554483821763 -0.238197112012205
0.0466245568315668 0.554837438081403 -0.232961075759948 0.145020845926678 -0.0186470217796465 0.037850911796902 0.164756346503897 -0.32915631252202 0.0899906587161171 -0.316547274369237
-0.421154433048595 0.391274353769029 -0.392678527176402 0.384939285961282 -0.294450589046454 0.26607318381931 0.507433195386467 -0.111775525480525 0.106473498444058 -0.215849956960146
-0.152171581016453 0.22637675678508 -0.675193171266899 0.298430853973649 -0.287622845561103 -0.000784700944889392 0.323947764455833 -0.0847184302584055 -0.0335827770958228 -0.244817330840267
-0.23736222840651 0.576007958114717 -0.327410219093025 0.300955153313279 -0.437676731486131 0.34408456264829 0.477847380307363 -0.0314908229743349 -0.113406255772824 -0.277631880997817
-0.229118914606357 0.244139949992752 -0.419414780851595 0.384635517564973 -0.152358785550626 0.235017313805533 0.36499830895611 0.00798768993024593 -0.02450723706743 -0.157907708235694
-0.286898790119394 0.184137958637041 -0.344620575711843 0.424675101475574 -0.0904319459446062 0.220501104616329 0.340629519092513 -0.0416604111256263 -0.0446018971074448 -0.141485264174554
-0.0141802013508015 0.506885731821698 -0.263496096023322 0.229147110152856 -0.073383037407407 0.120676007450362 0.178385444757297 -0.334030624957801 0.0443444012241709 -0.290434518199733
-0.0815004601704164 0.457079908519508 -0.582732559445121 0.323764084795356 -0.264429870422702 -0.0193940693588274 0.306821358976431 -0.150372662193398 -0.103773305112111 0.0189830852084773
