-0.132303470767021 0.381126377486402 -0.148898213369326 0.643240755927292 0.2445749253408 0.0614087034624025 -0.178222381009715 -0.556952196788631 0.201275366481281 -0.0944789626815345
0.0269493348580758 0.309906568678487 -0.123292940511718 0.262261764664585 0.123106081882067 0.0668667877238154 0.0330335169221224 -0.451105680553127 -0.0316032587176749 0.103187172826909
-0.0202174230489028 0.300911323575039 -0.082558982823247 0.34002743966981 -0.0850859990577899 -0.053746794014179 0.202745972290366 -0.556973721242388 -0.0455464870734748 0.0272853552231093
-0.0837172207366547 0.317428884196073 -0.291916202818497 0.37324288449036 -0.15701008198752 -0.0469242428456322 0.0236365034724495 -0.640435021565648 -0.0852880227336212 0.0231034100351755
-0.159596563752455 0.0676289221813437 -0.0331471016905007 0.310285638238068 0.137634808320269 -0.348839039038914 -0.0192246387073859 -0.208043261343664 -0.170468491739357 0.0834726644221594
0.161853662712909 0.193623020611303 -0.0314405837244063 -0.246153333069063 0.0887187120774737 -0.0649890110659073 -0.271905913294448 0.0766041352198666 -0.281685918768512 0.00756709189718105
0.0256678595119378 0.318518307222007 -0.298970146856203 0.256278472004244 -0.163139355947342 -0.0594786541859331 -0.104514893258246 -0.605857083409706 -0.0445866286483093 0.0613752704962391
0.328302107664348 0.106447161580636 0.0617382625201347 -0.228329389016235 0.184699922662789 -0.0122737294505271 -0.197620685433537 0.0926942412185062 -0.204562302413193 -0.0624881698137423
0.304677555019729 0.266087052026144 0.0465803880579457 -0.207187731646364 0.161094813040396 0.139628502247007 -0.196096233840556 0.0878127567622637 -0.239322249578498 -0.129049084857327
0.269086968750982 0.249207326895367 0.13653060546469 -0.267177295247756 0.164748154050046 0.121219427490072 -0.290392883736528 0.0947204762227518 -0.180200588156675 -0.0570654310842626
-0.225813444015668 0.380840745674295 -0.0788623215731354 0.621869172070548 0.226352444534812 0.196057912201155 -0.119943588594513 -0.542682421874298 0.0634162288441971 -0.28326429526584
-0.198755282077473 0.418459253621625 -0.0693987009156479 0.545532982361416 0.30945299696892 0.152650877506141 -0.152924439653579 -0.545391313148647 0.146367570614893 -0.294587381126792
-0.047777007529088 0.258722482231907 -0.272583407906124 0.323962648534258 -0.13384481988112 -0.108199452973057 -0.172890952436434 -0.620435815170243 -0.258082319632434 0.133783803370459
-0.259881107164394 0.420246620400635 -0.0533877307801119 0.554289194839785 0.245024897911436 0.187308342477149 -0.101623234035319 -0.586540807256368 0.0883547935552366 -0.22404697996054
-0.238853929872254 0.0651493125710895 0.104350510161363 0.301439336738166 0.106037719203807 -0.206212605848677 -0.0180509185730096 -0.158288916874969 -0.0740770957612549 0.0953681623711456
-0.246300435606859 0.416773131645559 -0.0604321839509459 0.601421924542179 0.254806368001383 0.22225001681742 -0.129504421922796 -0.508102491579447 0.0738960232848013 -0.239167066506574
-0.248978153127645 0.380942340348775 -0.0835530547079477 0.614289170797682 0.219403776577202 0.196280651430838 -0.114897279477656 -0.542162361541597 0.0662196383765661 -0.264273595809248
0.358118397523229 0.222924990312929 0.0601824933658333 -0.304997273095536 0.0131632153190818 0.0766124599121644 -0.103947569254196 0.0463732521138039 -0.267968720945482 -0.10486759817038
-0.082565489623352 0.478710002174442 -0.35938882242911 0.502105778583518 -0.189658399635822 -0.12920452138364 -0.0975599699429476 -0.647767599339343 -0.202405607200665 0.0141415320015349
-0.252378312185706 0.370860440370452 -0.0620412336931111 0.638658008729367 0.301315216284452 0.183074166935215 -0.0484207752064542 -0.59948436212849 0.0595454416989031 -0.296819495108134
-0.294518081648829 0.340185778305813 -0.0716300087796809 0.511466326069228 0.307904112860913 0.0711691945842887 -0.167805828323612 -0.56330490432775 0.118410573505185 -0.180558570102091
-0.15293498683805 0.38566479834367 -0.227336970018962 0.350854225988676 -0.0263035254200476 0.120363505287877 -0.101625482373742 -0.76783438855275 -0.248197126813022 0.0422198444575936
0.339125368453348 0.229427379682598 -0.00776729483563907 -0.277232922095786 0.102875016233101 0.115796569860144 -0.143082736881966 0.105379916028106 -0.255559802795775 -0.131821963578437
0.270236984029019 0.162636010370515 0.0558026390173986 -0.250921295889218 0.197964653643426 -0.0307750035044104 -0.180601459572246 0.0505259175105283 -0.19870536233913 -0.0506228423699903
-0.170452448571655 0.0931374339198781 0.086456170829611 0.309181636767434 0.241617324343634 -0.203559489228889 0.0927920317617912 -0.199742903060643 -0.258320013497602 0.0105370378925699
-0.114347984779684 0.318010551598481 -0.205735177624061 0.36092457373107 -0.188756196702183 -0.0354855242250425 -0.300459817603858 -0.731849827996269 -0.113883290889085 0.0942717906374924
0.0119439342665869 0.194386086552736 0.00983318385650163 -0.234317440287042 0.0630213009150903 0.117706610817411 -0.261086247575663 0.107872070670163 -0.0373841989914359 -0.163878219886573
0.0335253839924324 0.162163356953557 -0.0766875360650122 -0.413182521458868 0.110375385467301 0.0390750303151149 -0.248013263184602 0.104180488985677 -0.0503993583921074 -0.139871825210517
-0.180241320643691 0.132670993751448 0.000188097505502507 0.347816302673006 0.0840962073653835 -0.280993980578443 0.0579139448841291 -0.27627690038559 -0.23220379667385 0.170530880726095
-0.0338437615359417 0.360252415950897 0.0184890617841208 0.211760866852826 -0.038481709461507 -0.0269394929199624 0.272635570625644 -0.562975264827355 0.136365312533915 0.0987195760044685
0.118285417881646 0.418473196629264 -0.103855734306112 0.356349110565735 -0.12613764410612 -0.16081704953554 0.195614207262839 -0.489133926357521 -0.160842634332295 -0.0126326136152401
0.00187376806807898 0.41343654769236 -0.304701795856647 0.326778835570914 -0.226007724180605 -0.0907606707936155 -0.108642071346367 -0.544815366190792 -0.171878635884568 -0.0173271653526265
0.108646582021417 0.392436743198812 -0.0653341889708419 0.374730296241641 -0.112881224546887 -0.174485761998073 0.190561893184615 -0.462530743031938 -0.12842516700867 -0.0253400179439744
-0.275464718950772 0.375201078821348 -0.302779846846126 0.339974941647911 -0.0674711551738173 -0.0355881377016806 0.0637244908454694 -0.751395530955782 -0.190295529650067 0.0595700311111394
-0.102027756853197 0.355644028892397 0.0405691163626677 0.170156325155006 -0.0805151389616864 0.0138842900623219 0.341980573381714 -0.546069394347127 0.0706023798259729 0.0536301359490075
0.0536466450750346 0.347605185587473 -0.056701442084916 -0.292876450096253 -0.0404623425967374 0.159542590018484 -0.0679667470515912 0.0551733796507314 -0.0882107105816735 -0.251898392728752
-0.0258985596420072 0.290225860586254 -0.0712896604766622 0.420979644132099 -0.0271502885929816 -0.0591912394762825 0.318686023863244 -0.459012800529296 -0.124187904685857 0.13688228344261
0.00147537464146245 0.358912043699508 -0.0122407613800534 0.216583025415151 -0.0554502096372098 -0.0244086954752323 0.275135499266845 -0.561502144433771 0.158012033033786 0.090384194777709
-0.179334184079634 0.100726308724704 -0.131620852869886 0.415031133233267 0.0630606475062778 -0.392381595067971 -0.0986892307727359 -0.151861200302088 -0.187218195685225 0.0590421652070508
0.105717132985954 0.349264480842871 -0.00884122590457514 0.28267373397612 -0.102535148807578 -0.132375255676057 0.183893693108355 -0.468691030766257 -0.153642210765461 0.0254485935289259
0.057446993980213 0.269405932773453 0.030390746047734 -0.272421084698369 0.0109684426981614 0.14322760566099 -0.145206971662017 0.0351539810460049 -0.159527397963825 -0.15123218425012
-0.0567272612933739 0.372870179075646 0.0676938719430467 0.121194251187747 0.00415339360907296 0.00648523702424484 0.316489883301926 -0.546389433751222 0.0667319617766931 0.182430561819803
0.077850894368631 0.306101112948335 0.0160244421803165 -0.271072380522794 0.00385425045641838 0.113234235362031 -0.184917278872614 0.0827510241689869 -0.120330398742874 -0.148837215795389
0.134209925343227 0.304050811825054 0.0468637336738599 0.279119051143308 -0.147977577253241 -0.194530252642245 0.106830326493317 -0.454373978055667 -0.0586298590283881 -0.0244946608645389
-0.0107412720775155 0.368320816125446 -0.307874403748075 0.331937690280031 -0.190178472730256 -0.0257567902077059 -0.129139777535875 -0.603356745522051 -0.123660008427375 0.00378923426416262
-0.00862445648171953 0.306759142939785 -0.110794688480634 0.263901061681326 0.151709048466634 0.00159665103456128 0.0735005486447485 -0.458342757773635 -0.0375324017350678 0.0849063373920916
0.0381594253428178 0.231345418171918 0.00414681837463867 -0.239576406507337 0.0827181723214257 0.159219288839399 -0.24702711343826 0.0787419459501533 -0.0740937438618104 -0.143731213006587
-0.053115580393037 0.160859786354302 -0.0735974583338157 0.0781429839845945 0.18911305883742 0.0345331149083416 0.0237967059418446 -0.542037682590783 0.0108738440190684 0.0596879057135376
-0.0155611578920084 0.298533236665809 0.0335549938293373 0.181549220876294 -0.0888624659691869 -0.000175125212667125 0.311738707243082 -0.513859402820615 0.136692218715442 0.0919487988213838
0.116190069927162 0.207609149529873 0.0402838808886835 -0.346194575802838 0.106020827776348 0.0560199846396134 -0.302779642996834 0.110727534789918 -0.0698741135432016 -0.119184837091587
-0.0659213061273101 0.168482672757291 0.0455349194109762 0.309264291230449 0.135053458139327 -0.23309929612369 0.0801392751595459 -0.156127713549631 -0.225971435689641 -0.0180533509127372
-0.000684863922750148 0.220748574108029 -0.0882898248389722 0.145582150569156 0.137313236712666 0.0244500487292802 0.0626652633723529 -0.489087797562095 0.00720682176593541 0.036959823947866
-0.121829566312877 0.397393025587379 -0.0892672762433162 0.655696946750544 0.292631203132637 0.165842781234454 -0.184796621294568 -0.537318062619052 0.201496983694576 -0.151940470228036
0.104002416201981 0.314097293949943 -0.0179662985274659 -0.293453508587157 -0.0722692897457684 0.0996789983806207 -0.258690164913054 0.141124535575192 -0.127146763740248 -0.175605873841736
0.136842004239049 0.313613898861256 0.00580147241334785 -0.331265270254795 -0.0568018387035886 0.020976552990006 -0.262089453171563 0.131742477084973 -0.169849444091244 -0.201539552489072
0.0324671662510576 0.214716701299443 -0.0563046678235651 0.143993820303096 -0.0991514450236274 -0.0643397623449628 0.314764367284677 -0.439798694066883 -0.0985143186496751 0.112609671675543
-0.0330889033662431 0.272938699925567 0.0668913508897211 0.131989929817476 -0.146674527018965 -0.0268303475904002 0.27632616888304 -0.493663168719827 0.00743175280928435 0.0695325344478822
-0.0498334027377405 0.24204198636984 -0.0812806895039352 0.172888726545596 0.140735358096383 -0.0126270849173299 0.0243801140618166 -0.479476639714794 -0.0626046720202082 0.0099131959534773
0.0366139337843494 0.353900220248208 -0.279998898698497 0.311301114114219 -0.176257960516883 -0.0380619219731124 -0.117989507400827 -0.591739218503132 -0.138506167416467 0.0278834906133541
0.0401846314709204 0.222122516728737 -0.0570926080506129 0.131060923869751 -0.0951866811260156 -0.0618318257159675 0.31128817174744 -0.444365226787695 -0.108967620951141 0.113925943729471
0.256248646247276 0.25913669719898 0.0640279856046451 -0.291567745088516 0.0518412918665794 0.0216049346315189 -0.197915723944446 0.0774260528950672 -0.174760980125527 -0.0889420809413974
0.0504446577668894 0.344934512020439 -0.287240873356814 0.313819240012401 -0.101466615945571 -0.082562161665792 -0.162067609603763 -0.578068248662351 -0.124988241729574 0.0728895214445614
0.0303839535257419 0.358693143356025 -0.314889784652426 0.336714311288652 -0.152052885566391 -0.0541511023536847 -0.118914078782708 -0.591504385655453 -0.13190007730819 0.0522331879798589
0.0677310045204396 0.376648329637394 -0.0124848491324614 0.358066027700926 -0.0704056052206002 -0.131074606336402 0.139579860834322 -0.50861663680285 -0.110209155549871 -0.00264984450760591
-0.159443821216355 0.144621959097622 -0.122058681831571 0.357487719115496 0.0735990416981835 -0.374783588142204 -0.135857908743834 -0.166589000135687 -0.154961533750631 0.112365130270063
0.254670103380189 0.257824202616185 0.0709692696707639 -0.30803128260226 0.0273877966613566 0.00457608675463991 -0.211521879614963 0.0744650084071141 -0.183229939849911 -0.0904433516781821
-0.241071600518526 0.117917597517619 -0.150039845714033 0.397112221839823 0.0657050146804894 -0.337925184835142 -0.133736277184788 -0.200905054327512 -0.163580708332695 0.101983465245009
0.0328477759198513 0.22892697599816 0.00460542977978773 -0.344688753972522 0.098646450794915 0.0621446477293512 -0.255680696730619 0.094378961498483 -0.0658739731317168 -0.0967848060518201
-0.21363775326158 0.108386094781419 -0.165711294519936 0.408246691349619 0.0836866615211494 -0.359344763162859 -0.122697725449583 -0.196143263741556 -0.201891762705518 0.107682968507972
-0.193966539194422 0.089758085574438 0.129549001833152 0.326759718644846 0.266562370252518 -0.204132693119892 0.0575511343811087 -0.242646748350661 -0.239025636075533 0.000555113848441039
-0.0325425108054807 0.131649309722813 -0.0127921912178863 0.00779266565522843 0.1020308247501 0.0988817844609826 0.00431761220969927 -0.537423624535394 0.0107835338444863 0.0281976379529107
0.0368063707682998 0.227326019548052 -0.018741411412384 -0.357402046006739 0.0921825822067781 0.0690436758801634 -0.252438585514476 0.0775859736650373 -0.0607659243300956 -0.0865493658518861
-0.104047304928715 0.327308388466721 -0.216349961752948 0.42944181127978 -0.171289716560951 -0.0660806628863199 -0.277365030783115 -0.712721434517774 -0.181841675437689 0.130421171107928
-0.0459387947441075 0.28869787863858 -0.0675297022752902 0.374346113793873 -0.108807838276025 -0.0638138129218426 0.178900479701597 -0.486076970558002 -0.0467148959524054 0.0181227683118278
-0.114622856922246 0.0184698511996546 0.0821040090227119 0.338997780750577 0.183134653208959 -0.235729174516898 -0.0285009433642601 -0.0922820495129394 -0.0901256485132627 0.0961097886235628
0.111377106159115 0.227184271547742 -0.0442264418905623 -0.26702904150114 0.168419238453664 -0.12380665313296 -0.29819513099509 0.07785240811837 -0.258279635517961 -0.0616570606868217
0.287785438693722 0.199431594549298 0.0593631251986638 -0.19760241547472 0.208676368509515 -0.0625953220946944 -0.201145576908017 -0.0127634082138227 -0.268625837318721 -0.115345501122513
-0.0674818127993623 0.226257012735953 0.0176497219518383 0.320535997447866 0.207836591627287 -0.256456905098571 0.0796628500459946 -0.24786653434555 -0.175674774150447 -0.0159982135304465
0.0517105217232025 0.209836636329 -0.065742646020557 -0.214789655429406 0.131359440293362 0.0801436593151459 -0.220593238421267 0.10432302043815 -0.108626365261548 -0.149179573547187
-0.2740683121278 0.0349188949801964 0.100374230821996 0.29326444165413 0.200869817810863 -0.101694813899304 -0.0859042273445838 -0.234319293489887 -0.0982339506017358 0.0863532249768729
0.179892188270452 0.088319403939242 -0.0693795420983266 -0.272597849953725 0.0889100113052284 -0.028307812983077 -0.17924693617349 0.0744810091834459 -0.237577856660124 -0.081967144363321
-0.255648459879668 0.113979849431964 0.0421746498940958 0.171050761805932 0.0706155284390184 -0.390017120519659 0.0617154747894367 -0.334981668793759 -0.127358058712149 0.00702889518889954
0.345263347005974 0.308383503426067 -0.0132632596405342 -0.281863555243139 0.123962557462452 0.0399175732110664 -0.227498999904052 0.121671134086352 -0.298234141523684 -0.0603543194017753
0.344294313512064 0.341369282517266 -0.000938277292983392 -0.319470965247996 0.0909901899849605 0.0359864394669845 -0.245183301205552 0.0987357742710261 -0.297707694984108 -0.121470440345986
-0.255242568826747 0.227294413938341 0.164230514096655 0.267139516921795 0.14560292636903 -0.271076259883566 0.0521581684804272 -0.258380716208639 -0.0716392057225604 0.166504234028004
-0.0140408234719337 0.314348773663312 -0.155609460483573 0.359621418543893 -0.173836932913963 -0.0627275020291617 -0.0984566682624823 -0.564661040111607 -0.140343180169894 0.0663031563325854
0.19300030330135 0.381061911709844 0.113157948439641 0.223496527810866 -0.135482144209563 -0.136094161317614 0.282401586238457 -0.470317589978404 -0.0456464463945486 0.0853233504605932
-0.145307941676599 0.0767834462543786 -0.0639624583776901 0.333878829706845 0.177623391361024 -0.335681910080699 -0.0460248319956299 -0.135576234056046 -0.119071354282483 0.0645142216594947
-0.118617746327503 0.262788195172957 -0.201116902250642 0.343950793899145 -0.233210458743222 -0.0272323485058682 -0.236171320862167 -0.768022322080246 -0.13006121534221 0.135760064414248
0.0973324900109546 0.308531253533965 0.0101443755661713 0.171096687531626 -0.162631762181814 -0.208684389387947 0.162746661083471 -0.454350131925612 -0.12138193241311 0.0732581191463734
0.39110939899425 0.367518058105763 -0.000362221836043211 -0.36233822118024 0.155454757839851 -0.194146345528124 -0.418596604658512 0.170801225868684 -0.122940164998081 -0.120013703341495
-0.0455421059242445 0.193585383984172 0.13723630357739 0.340867402841482 0.196178125737437 -0.194322863610187 0.0603897642881294 -0.168522864944233 -0.165831450646779 0.0693569562308928
0.437825489917406 0.257477105788131 -0.0213537330709515 -0.328133816842931 0.0516482658623538 0.0196789361309392 -0.121926894465409 0.0503447331551559 -0.264662930923477 -0.0959224744806213
-0.131956816397797 0.00374958444339425 0.0368153780507898 0.240092547507859 0.121445457836341 -0.256076586306109 0.0243654445282092 -0.253348045524262 -0.201243515662901 0.0968263186647824
-0.0289065125334957 0.401279085635774 -0.316143796777995 0.312548182079963 -0.16846265144776 -0.0651575306092874 -0.126967275406803 -0.495348154360799 -0.0978168000924674 0.000499189652262323
0.389606530953491 0.322833454766479 0.0192421147523506 -0.345353875025601 0.0486849122442494 0.0227093029238927 -0.117143396412323 0.0519428473076265 -0.323796903651154 -0.103595780170121
-0.0849465883526179 0.0833731913411031 -0.0518658703234426 0.334979193213363 0.170222275329833 -0.313536761685295 0.0123646213027156 -0.0889645899474692 -0.133004331841371 0.101111659247299
-0.150893709128956 0.224435307494197 -0.0595411008097081 0.353467372193987 0.219409629629006 -0.28525552879332 0.160454820866101 -0.167750039318354 -0.0760560113171208 -0.0826239545944202
0.0157507971618531 0.415781950083837 -0.270088482691313 0.382758965620249 -0.210696426346423 -0.149905808307118 -0.169186329364568 -0.55293607378874 -0.0883027759806831 -0.0034092825102281
-0.0943766578919405 0.278427167186866 -0.108659344728192 0.376116762120794 -0.22218615855863 -0.114210671026135 -0.205671202075476 -0.726392002470216 -0.180899939259892 0.0599365752568478
-0.0374334262948298 0.304027303587626 -0.215479803127238 0.38287040298393 -0.174027671905794 -0.0912929763783143 -0.11507415091493 -0.545883005638422 -0.139123732149922 0.108846375320733
-0.244016119672866 0.283677469137285 -0.220018062295552 0.565994640933483 -0.102470278877555 0.095257346719518 -0.0073193842221476 -0.695574781937076 -0.160868777653896 0.0925950666095536
-0.146988992987678 0.110361884126306 0.0575655260634007 0.269760375356321 0.0412060069592611 -0.360446491601546 -0.0278882793608914 -0.334165905949947 -0.165907051613802 0.0985535283025075
-0.18066464565608 0.175179326748801 -0.130674458860946 0.425699649687325 0.104479481528133 -0.289595846765979 -0.178731610262131 -0.225406965993223 -0.229230011440668 0.100385601876912
-0.18820869588074 0.345987903873121 0.239642657591646 0.279044003315259 0.129546187609709 -0.15965406936286 0.00777506357006211 -0.21341120945529 -0.0498334823259716 0.0586361881463657
-0.0155643015814486 0.267636352980395 -0.284359813892882 0.387512175600206 -0.142717805838105 -0.0651998238251241 -0.0832792253986722 -0.665418081002764 -0.122606357364801 0.0587030856948749
-0.216874765696762 0.310191503054493 -0.227217142224222 0.42618339865733 -0.149382701183843 0.173251384909594 -0.115968077277954 -0.785728271825998 -0.231114661222251 0.0941235395787409
0.391701588911192 0.326613875369206 -0.0391457385424888 -0.419278138327366 0.156502255709917 -0.190849721533309 -0.439682855235087 0.195414203076008 -0.130153645358899 -0.0327165237884272
-0.0608613171230242 0.144929621785132 0.117151782115784 0.288825612741019 0.219379426973323 -0.178717055081771 0.0698261500802121 -0.18093787428246 -0.20047453236095 0.134688520830408
-0.133722815892029 0.115460175727033 7.18476710153074e-05 0.330181323906391 0.0634920715300115 -0.355735663479694 -0.00375410468281575 -0.184416003145629 -0.183884348942594 0.0844254676943198
0.404299575418521 0.303355617995526 -0.0218917600945993 -0.399487941465129 0.182666055291231 -0.216872164883449 -0.412171659794284 0.239783789286048 -0.17479015143912 -0.0851831364868326
0.207203896464267 0.108114647073041 -0.0485588553598072 -0.254663831757593 0.063775645133263 -0.041409116462647 -0.202414354316475 0.0949566635088296 -0.258693140288652 -0.163378898146449
-0.0848528103759609 0.387495378432698 -0.29313424182539 0.346499572573341 -0.170582823961882 -0.0173119741874078 -0.051551584641378 -0.531924540529598 -0.0353575188802717 0.0148106696524832
-0.230986684806625 0.295006359911147 0.227839342728451 0.234281327109823 0.149998576362961 -0.219844104457784 -0.00867041575639083 -0.156266269031221 -0.0120470619119816 0.0422382018667748
-0.219644580965744 0.319285275139347 -0.230955669959796 0.435602476976049 -0.173155505435469 0.229924731218483 -0.0660429848891211 -0.790955827413308 -0.210855404824789 0.0506744567022394
0.207966663834914 0.126174402562829 -0.033474861982446 -0.260397285431307 0.0823259609800546 -0.0221487743854725 -0.198764264593691 0.0910204873876795 -0.266437784150693 -0.158363962142007
-0.0204987476019896 0.264666404755308 -0.274612096988392 0.406334357635836 -0.137610487211151 -0.0640494488822879 -0.0878878163429417 -0.647093970043679 -0.13651419240992 0.0461473143657131
-0.208024992721231 0.353835707623094 0.306476073288522 0.236464534208161 0.110279516622094 -0.177713261505272 -0.0292366703475916 -0.212151553583962 -0.0258755452746176 0.0739347114932047
-0.205868456165888 0.152697573787278 -0.0587607076510163 0.382747147066675 0.146732256643245 -0.252102692404307 -0.138115310621232 -0.193218538805943 -0.137226412141025 0.163080112199872
-0.136462134559431 0.174266302105915 -0.0553793352545956 0.338167468146511 0.105965895247223 -0.324513475761402 -0.172894322044757 -0.17397965872582 -0.136652575694333 0.125423391446324
-0.0348852581573325 0.38338875959365 -0.088634623768854 0.385746680419687 0.0487563925893328 -0.109791989116198 0.264644287659501 -0.424866781893946 -0.0382789546238993 0.0897379515627555
-0.218129534034381 0.299615765370689 -0.296998122084991 0.388878071538336 -0.0952736572667311 0.0499456165366253 -0.0333406042090069 -0.659991795931584 -0.189387779191599 0.0320325701371564
-0.228933160139964 0.310514850107121 -0.287620726370204 0.403897230495414 -0.102835050711895 0.0304969214583008 -0.0319146917848426 -0.627947021908039 -0.204298270306189 0.0338470398153906
0.153117464724057 0.184602140885733 -0.0140189490109476 -0.227492787127563 0.0864302123770131 -0.0790934597029967 -0.24894729900775 0.146760077165229 -0.327512230855666 -0.0842508029537748
0.323158845695416 0.0682787697352091 0.0503232889488029 -0.240625206722779 0.14996730526455 0.0263527101177273 -0.18079801596403 0.075730727222059 -0.20968331436442 -0.0593968089706063
-0.124356008956938 0.333439652305009 -0.240062865165174 0.406961111207825 -0.155063717051657 -0.0657712719979254 -0.28076060806147 -0.709286604311518 -0.159850139535068 0.111786127393831
-0.155541611161402 0.207722691574782 -0.0807615523442155 0.326383377061791 0.107908966536611 -0.364025799712371 -0.0739407754222236 -0.0966754910484368 -0.129247997325334 0.0728743951116295
-0.0599878501117281 0.160389378504067 0.10021396716798 0.255047794193269 0.170919382614894 -0.303324055987197 0.118315377265375 -0.135556989994606 -0.208348217234611 -0.0778107896905375
0.148986483712429 0.341203913232724 0.0273744014667707 0.20051619947936 0.0343747200897864 -0.192892877976469 0.163234927901291 -0.554861172733657 0.0253295552845949 0.050354376881764
0.282310283939217 0.12866208183221 0.0106959275239129 -0.25294490969036 0.17681085259522 -0.0250000394614775 -0.158528246302253 0.0777377858930541 -0.288115977360694 -0.129192968053707
-0.18146493141907 0.0586974474019382 0.132213852209873 0.398069323065891 0.232661346323829 -0.187940363989332 -0.0496145730364931 -0.277652559477258 -0.0355612111304324 0.0654046363368058
0.053926914526791 0.23888915496282 0.0168428772605987 -0.298164472420032 -0.071241088236505 0.00979961615891149 -0.135499825444384 0.118009611879507 -0.134195865028443 -0.0846860873044274
-0.107181642583467 0.0630868016022104 -0.0598544922919804 0.289430780086292 0.0871074778269668 -0.395123809672362 0.0311852560966351 -0.251262324566704 -0.146103727377052 0.115887434362452
-0.199809324580251 0.322771541106925 -0.287058373290432 0.438806081886555 -0.031927477791092 0.0780661172441481 -0.00751863787850785 -0.694485238374822 -0.215186694696732 0.03370554419881
0.469123124364916 0.218781891123132 0.169768609222558 -0.243453886537066 0.159634754120924 0.0212412281162079 -0.244565399280786 0.131461707311724 -0.138217722452623 0.0885249478860148
-0.173617159432751 0.22501968365741 0.15558444319542 0.341685049636783 0.159755191009646 -0.223007176210531 0.112213742525915 -0.246929417266696 -0.174451159191196 -0.000482391304345055
0.17103556136407 0.407576144547332 -0.00772985617171051 0.114700127984143 -0.0928478869553973 -0.17416693584319 0.137290209932849 -0.492206327342162 -0.000482247017955996 0.120952861009862
0.05687327837514 0.215096063183945 -0.0668114247492983 -0.235602799855403 0.0860474134386353 0.0827404813485344 -0.269305918256686 0.109062310158529 -0.0752982193237205 -0.213876813057099
0.00899613846510309 0.193297275239299 -0.0417993200120605 -0.294294352080075 0.122536685667311 0.0802233352121187 -0.252353478313669 0.089267364718342 -0.0771044903756845 -0.15380607044759
-0.0209049841253082 0.331854200138859 -0.0532574726283022 0.293636921335923 -0.124443116801268 -0.0520528557927582 0.284597232965813 -0.504957434383777 -0.0643210096332459 0.0513502426827923
-0.1839901890743 0.236578389118675 -0.0743957518219763 0.319896206734104 0.135242378772876 -0.290783779305751 -0.0232638562355154 -0.30488173450421 -0.0896229643743513 0.114286186186665
-0.00237103885260141 0.354518091838406 -0.0215320823837849 0.177175081203485 -0.0477077943041731 -0.0221036374286472 0.326817746599276 -0.426271318878853 0.10527453661438 0.103119961166255
-0.167735122087871 0.358587389884818 -0.259280591143857 0.407643740554083 -0.000749811134259058 0.04120505694877 0.00605560090947926 -0.715056513041367 -0.274891924472707 0.0943811233961407
0.292569593738044 0.197484296928199 0.0552612750160799 -0.177906502497377 0.204710202710155 -0.060741427760955 -0.203319464515488 -0.0217704711547382 -0.273172143701525 -0.123431848162054
-0.1626147148111 0.0693566558399995 -0.130775885446618 0.367037769946237 0.0995961618139358 -0.283601735329208 -0.165453743324018 -0.225922713878112 -0.154771329313687 0.0210989840500886
-0.167678394465068 0.145256105308466 0.0565556918721492 0.276336964369581 0.170453731950245 -0.213510714119604 0.130484896572216 -0.275609762277086 -0.19559951593393 0.020014343048533
-0.0635273595408915 0.336860989711708 -0.0168491550750241 0.171261502767617 -0.0757365099036968 -0.00757163874034752 0.253865299512156 -0.538758755263242 0.0503847192085176 0.100207059409913
-0.0852707211523945 0.191741580215962 0.00291878555611099 0.343971774427588 0.178886488055535 -0.254782669003923 0.101976545959882 -0.150075276544546 -0.224241738607015 0.0257058427601189
0.0316118388343265 0.383086632125742 -0.0542841514331252 0.279164993195734 -0.0452066836896174 -0.107808806928683 0.151649983611168 -0.470680444574826 -0.100094892513288 -0.00998231950281468
0.316614404200267 0.108746042572232 -0.00970344375817019 -0.0998392290585857 0.11611544601777 0.0251608667177914 -0.197594423951787 0.0123896609057562 -0.191361611914605 -0.0811036137292056
0.0485804535424155 0.332292618964705 -0.0504482244217465 0.217689008989325 -0.0763119786362537 -0.101882852273414 0.158431072223562 -0.465249490355532 -0.0975766343449144 -0.00497335823746283
0.0408745919578243 0.160980808954006 -0.0419241981633567 -0.235807286973088 0.0383232827841165 0.135387419903818 -0.276901237146797 0.135172362529827 -0.0428638495951909 -0.135457252759562
0.00132756477623024 0.17281866765951 -0.0357867231861103 0.176311902131148 -0.113551614607758 -0.0484322639506717 0.227343479012425 -0.446515888429177 -0.0883776461585378 0.115643222088428
-0.109116319005031 0.126553242879395 0.0734844201425197 0.28257936913529 0.15474808761013 -0.281745141679566 0.0698871208784832 -0.275525694456709 -0.15000549408187 0.191848646109038
0.0326747128448269 0.181363540503104 0.0185745028447388 -0.312724048094922 0.079441572855063 0.128128216309109 -0.293820618601465 0.101600994181131 -0.0289907269079705 -0.182552223024816
-0.241468540232028 0.136252119866551 -0.0176728658698552 0.320340013596025 0.103968494242341 -0.214033828916256 -0.00235826520758209 -0.236064219781708 -0.167322833592845 0.125277495467591
0.0542026213548719 0.183715119209819 0.062556706819595 -0.280255656619888 0.0129104069306069 0.121918956233515 -0.271418555329383 0.0784498761854563 -0.134436742862513 -0.144942818391645
-0.225883732232262 0.101844989821244 0.0735997418588984 0.389063624794608 0.260214271916518 -0.141746147677747 -0.0197164937237658 -0.14198402719443 0.00165864900483181 0.0168471452815341
0.000925068322843172 0.168210602601663 -0.056439272848081 0.178803975024015 -0.0870412382133808 -0.0440689772528089 0.24028694890911 -0.454593394386113 -0.0540779079887029 0.104324930263396
0.0685421227305768 0.296300989192022 0.01333772785531 0.262823114487671 -0.171498367455236 -0.231133303560738 0.213206144446761 -0.434392978911962 -0.0498281280111663 -0.0975148079274383
0.106338053948065 0.421272310035158 -0.114273827423251 0.306471733999135 -0.0841248680255848 -0.177835427462221 0.184399770571455 -0.49255568365679 -0.149467022158483 -0.00106956427710589
0.00246714369858107 0.324888190403191 -0.0222120639788463 -0.33335193065982 -0.0393288746263279 0.141390184177467 -0.079710652548503 0.0378419659108091 -0.118576672650347 -0.227396302199891
0.114090571371539 0.220040330115574 0.0110968032819117 -0.381713282288794 -0.0254921995200878 0.0703769767416471 -0.164208863872675 0.12420910802836 -0.124913528355054 -0.129984598011838
-0.266767132049133 0.35574285937806 -0.222685689708762 0.352432906618952 0.0442206641679894 0.00759072483795278 0.0570981136602131 -0.711833135376729 -0.209271359883585 0.0429733587954058
0.398228147332825 0.221748792839986 0.00630812862504935 -0.299664059559531 0.137796741748996 0.0309748243927588 -0.16161433083204 0.127094909225864 -0.157191699234642 -0.166054184258664
0.105879992326257 0.420748636205135 -0.104427143328371 0.322688806884385 -0.0961021949666539 -0.159908974626935 0.150339232629872 -0.4935078012751 -0.153330983487281 0.00388637447555319
-0.0980625326753718 0.206195195989201 0.0180461083039517 0.527036888576098 0.169173360812292 -0.0108563272961196 0.189317881972703 -0.374642017095665 0.0488409961304594 -0.111153164151247
-0.163250630558416 0.124251242313293 0.153765723004848 0.349482060586118 0.280560687052096 -0.193825389046177 0.115102042782291 -0.162884984349609 -0.200286295422577 0.0169564948433669
-0.245375697245119 0.133740745432656 0.168407444863262 0.310785272820923 0.216188725086426 -0.0883573733541032 -0.0603961649935211 -0.187387452743171 -0.118974729413822 0.0101616833524336
-0.0937460745428018 0.122751078242661 -0.119751412248841 0.297487278098609 0.165772725050534 -0.254724388151821 0.00621749452722575 -0.198885785295515 -0.164028237907838 0.136080288375038
0.313587029201021 0.189143425318535 0.00569964490891849 -0.285794894845255 0.142362903130339 0.0599319744479569 -0.153979784016704 0.0367204288000261 -0.226488740293965 -0.0993107423408055
-0.12015421032151 0.110494875772652 0.0414766650666821 0.257655409801246 0.102609490568906 -0.269422112714985 0.0253540902767538 -0.216662747166574 -0.110768544400475 0.130274130573953
0.352833026262268 0.283414471271001 0.00579232497986987 -0.257381955620159 0.1031173179808 0.000825042851618475 -0.172065498565543 0.0415313261000496 -0.23995659535749 -0.0798875259938526
0.325123115606294 0.307160539610854 0.023975966596938 -0.32196605834545 0.137633152031647 0.0843191905397494 -0.259946644351532 0.0379487864035019 -0.218451391912017 -0.0683855474502416
-0.12483954543345 0.129466234483526 0.031952193209643 0.272366536523381 0.123495934610365 -0.281199788458449 0.0367843858225477 -0.214548474704727 -0.106177857556794 0.138930507764487
-0.262547341207136 0.213988748915217 0.172786069612567 0.260968651254544 0.0775724138051902 -0.201197060711969 0.0171020013826053 -0.220808184910152 -0.0375911217491948 0.115787996339877
-0.165344958560487 0.0876705194258545 0.128836957558826 0.318416491573058 0.151753109291798 -0.106501172321153 -0.00746041285249165 -0.152508734291529 -0.0989432031557478 0.139199645126396
0.41243250945925 0.282773143546856 0.00106962931622178 -0.262057395045417 0.112724026973136 0.0726682879972924 -0.139474606120868 0.0719117092263201 -0.215622600779806 -0.096853750253909
0.115013272057562 0.410077176859072 0.0707563523849131 0.265371127180379 -0.0183982885876362 -0.216340075025573 0.188840626025465 -0.463672106571542 -0.0321059784541479 0.0980353085523128
-0.332285057147922 0.254721931316272 -0.269514169644401 0.524588857708248 -0.067272291366004 0.117295442025179 -0.0558251111942844 -0.742665765546156 -0.179208750307185 0.109209845537099
0.0259914199237482 0.171969861155563 0.186035694673958 0.385467936545522 0.1772288790273 -0.0763637840177961 -0.0533404316577133 -0.198571044093901 -0.190015148956193 0.048853483077274
-0.203274595456362 0.0844272816645674 0.133424483395421 0.359911279777641 0.294997328400831 -0.153189691888466 -0.0892025586255817 -0.175902388824502 -0.104989743783525 0.0558068752376975
-0.117740075884225 0.136272371640531 -0.130043082215152 0.302905387958831 0.179390057141947 -0.24104269456121 0.00789832198817212 -0.19291667321724 -0.141836457114964 0.118152548324246
0.377126589091924 0.259751379908676 0.00122574168254692 -0.284546813194436 0.110307419956456 0.102350193206391 -0.167755578600353 0.0979197666931542 -0.224247809879772 -0.104935770727658
-0.15262300356964 0.209893820655181 0.0603905390658095 0.349658064596879 0.121761645046389 -0.226358841547668 0.0990075410779548 -0.19708094357009 -0.255062959555849 0.0158427314657984
-0.144815366327944 0.22704072787129 -0.315521953815267 0.402765019522025 -0.256336566567904 -0.102342273822148 -0.195561031890574 -0.69608504167286 -0.166934055172495 0.196845001155951
-0.149412201366666 0.331579010177507 0.0830073276467427 0.156002931339573 -0.119744554969542 -0.08191207035456 0.332845296631288 -0.439833775504487 0.0583588110784945 0.114255662018916
-0.203598535500917 0.102103880892502 -0.00650487020388359 0.293442290498169 0.216580289911927 -0.379538895695125 0.0300706087788874 -0.188508893550265 -0.21874344420925 0.0681441581211425
-0.141994323729138 0.397690180477904 -0.153094821858115 0.635839492498219 0.281027096252415 0.0491454068784289 -0.144117393759383 -0.557944235332879 0.234620405746349 -0.106875371101892
0.0376210898828259 0.312326242286794 0.0214728760214649 0.208748842502739 -0.128724720606523 -0.0423673080375703 0.349333371137378 -0.519637527283371 0.0353533616387909 0.0810008144076876
0.0720822327990695 0.30826872894083 0.00507211888637917 0.236983574429345 -0.155299564506978 -0.0844938590461284 0.308442812158481 -0.534147762618311 0.036903221711665 0.032538135907054
-0.104060080206146 0.243620507732212 -0.218737413065518 0.431860528622889 -0.196820841522932 -0.0971504975426113 -0.218904747480589 -0.743939214893752 -0.204418618753667 0.191532392458857
0.311257582907753 0.0336711710056711 0.0153646129656544 -0.203916060324563 0.071847454785506 0.0783905485959886 -0.198927689905567 0.0873041758886119 -0.240516745983113 -0.0731939322072865
-0.028785585894316 0.299639512038874 -0.138120599555416 0.358213549930132 0.00685796001460918 -0.12188707885157 0.280290142202572 -0.543050814161818 -0.0555880453595304 0.0475297095274437
-0.237200341635757 0.374408524911012 0.254958231453856 0.167659616704634 0.0626948282803813 -0.208077211764063 0.0522356470197114 -0.237017163411306 -0.0553165015908733 0.106619155664373
-0.245255123599486 0.410103800873791 0.227636522975013 0.150086803285491 0.0859602454248378 -0.209698895439156 0.0415839989510214 -0.235922664779104 -0.0336353835679714 0.0858053286972887
-0.0466521562168398 0.262635034398385 -0.00109888276901147 0.520537922100297 0.0261556591451179 -0.0471805942398589 0.167535142968913 -0.341106099931254 0.0587388918915334 -0.0241373895780746
-0.0265524590661355 0.132267981020724 -0.101803118167481 0.263982026990994 0.110894291790428 0.0895904020237428 0.0947044983612816 -0.497808571202304 -0.0236302555143562 0.0870410662963299
-0.155979147548429 0.0855016560234673 -0.00424681738264726 0.370348316971237 0.172072838034572 -0.136229402927817 -0.0669000182197672 -0.148721818452333 -0.142768631738444 0.0935517213395406
-0.0397224214208376 0.32203068662413 -0.0168890975622416 0.343158410875556 -0.0765575288509086 -0.0622586031321362 0.175874047324731 -0.469338691468301 -0.074483406559182 0.0131488686000659
-0.201678174045595 0.0802094739925206 0.0933969779673934 0.307629138812394 0.293435084616079 -0.165087891265094 -0.0355580119778041 -0.221928199482609 -0.159220417887171 -0.028501256779695
-0.0640763931807573 0.46831298584701 -0.115725423961909 0.593826942619816 0.296048436548951 0.101588852140384 -0.142519198512121 -0.514366011932068 0.164103113220722 -0.0648042201108714
-0.0248476439260901 0.16008224293653 0.0153013535855005 0.623941319298623 0.0765738527196826 -0.0439254933436353 0.183944031497518 -0.414668167953116 0.0135502033072503 -0.06274635933311
-0.133795510660313 0.0573441015631508 -0.0101930668952678 0.280775850500898 0.177089113145238 -0.409819480557152 0.0347756403812496 -0.200116248538536 -0.195746329636163 0.11543333270727
-0.0636808583476113 0.409693456656492 -0.186743628842678 0.376777450940916 -0.111958759503974 -0.0339604703008785 -0.312626269838489 -0.84751579175907 -0.131209529783713 0.0832052165776894
-0.109557163133335 0.111255190995974 0.00851670303860225 0.325909338639464 0.189812228741651 -0.337919552770828 -0.00848832674870575 -0.299126326338688 -0.241377446778144 0.12412342994459
0.118700220248927 0.395661862619645 -0.11681060244132 0.314122080305139 -0.0276845045604499 -0.150895839901577 0.195363785906131 -0.406243616052781 -0.109838720398215 0.078102664453523
0.00135265775582919 0.153180311866217 -0.112663299091766 0.246492901317399 0.118636395113152 0.122458676889396 0.086978348258172 -0.475893847849224 -0.015987511662301 0.0471154311003616
-0.276792257668928 0.080814756753765 0.100402005268499 0.194779977373344 0.0850013182415963 -0.364184707438271 0.0421329277399345 -0.272164752365323 -0.153586319883722 0.000704566075544387
-0.124320330695672 0.195412823181884 -0.101461039954171 0.387580531871014 0.169301705223032 -0.314768109544391 -0.190940910032515 -0.193233041090824 -0.181726898966188 0.152949505748393
0.300931547780337 0.269745666137846 0.0327169686358137 -0.347958029549331 0.0999482991094262 0.0716182615259117 -0.213930589100926 0.0852729263130087 -0.237476120860748 -0.102060821913796
-0.170458324692983 0.0483146132673544 -0.0181370597204077 0.235080435961546 0.159749938997461 -0.30305331155097 -0.0277998828585405 -0.265212663937487 -0.151650914334514 0.140719662421627
-0.260356649153443 0.349516544445055 0.271118644549354 0.249918767321768 0.10918103677198 -0.178161496142526 -0.0222859701037352 -0.204377940619958 -0.0506605446967612 0.00356980632102731
-0.106544114231423 0.061441298518544 0.13820686040924 0.197423772429198 0.207687978389981 -0.222239318469111 0.127874159821822 -0.119837102841322 -0.227730578961518 0.0711966525157657
-0.192560032386683 0.220216811765513 -0.217572906703604 0.328514830944458 -0.264029366736107 -0.00781821688787289 -0.121057635266738 -0.749457558361506 -0.11249300457526 0.0180717197255263
-0.187750210258286 0.194115342241478 -0.0387850208351667 0.336408638928377 0.216141856664814 -0.267507819478429 0.109785678422554 -0.16603280931036 -0.0649188890887728 -0.0831639039497283
