-0.0507749122940131 -0.318698521712302 0.113663923446083 -0.120613898454969 -0.0622698000601919 -0.278082803103644 -0.00958718930542973 -0.122092672808394 -0.138807259961619 -0.269839720414829
-0.0889333873239051 0.164704743830581 0.547599269366887 -0.54051812407614 -0.138381428131066 0.0179709535933232 -0.125633764930583 0.0755724445756706 -0.0176541572681207 -0.116871808866032
0.121600930451684 0.0148107354007083 0.181632440510588 0.278306659576591 0.214969385002335 -0.496702139794211 -0.221680585401912 -0.0484108322425245 -0.158814993182199 -0.3943988585248
-0.221147734317204 0.28021968504407 0.0304881262904721 -0.0537427807025997 0.269194558314029 -0.221184763068696 0.0506884925277166 -0.175172171547399 -0.22817466829392 -0.143646466301985
-0.153814412957006 0.0507292400634198 0.286569772648922 -0.263939296298035 -0.0606711243297677 0.256791596751462 0.0374852507949475 0.244452559807931 -0.295557548610014 -0.315534512702457
0.0345963227047269 -0.057930121787308 0.0392463763351993 -0.16867522370112 0.155269124987603 -0.303626019904211 -0.223135913043098 -0.149658758029222 -0.137410727160219 -0.358983950357489
-0.0446494988131917 -0.266409585001034 0.0969905209920515 -0.140895930799585 -0.0598935177364374 -0.278360219686606 -0.0347875475992965 -0.151724745550311 -0.168536417322488 -0.278694166198954
-0.190149624401812 0.0198187018908605 0.379315798701931 -0.335501366794866 -0.0196094722374449 0.19412449352454 -0.147611998175481 0.260154406573924 -0.248943012832069 -0.231779639208931
-0.103537602006734 -0.150348940973511 0.118034514148953 -0.147456187429425 -0.124996828420384 -0.371566045211668 -0.214418212439833 -0.0701669231788475 -0.158775752777236 -0.113855101497519
-0.0929725460650331 -0.138046197368392 0.0255182918185502 -0.285775259987408 -0.10366470669689 -0.332068164338913 0.0791304458578946 -0.415074953667839 -0.290099647356987 -0.258613474635499
-0.175090906218763 -0.060909596064052 0.419520511316746 -0.25387497894563 -0.00661432522493679 0.153436707748729 -0.21490895354128 0.256906559969039 -0.25289858313528 -0.272091329954819
-0.10380286270414 -0.189691572995293 0.130269568720848 -0.163135918214675 -0.105042140274163 -0.379206533095944 -0.154328929927519 -0.0178405435390827 -0.0693270440261567 -0.182906384504443
-0.0769051219823074 -0.130140033020391 0.0820850673320391 -0.347763226428257 -0.177404105386047 -0.235834469053985 -0.00525695372386211 -0.447928807392129 -0.274220375801827 -0.292310500049012
-0.178257626444966 -0.196401516436377 -0.00214261883272899 -0.249562342483136 -0.151337133494987 -0.236542064755985 0.0769174511119834 -0.367220220555304 -0.241695111121461 -0.276650587469382
0.137102595531437 -0.206013573675199 0.0818070773065719 -0.170403521950467 -0.105316059696355 -0.417348152949909 -0.0100320521980752 -0.267427127580268 -0.211430473749947 -0.369903741444814
0.219287601133517 -0.0254901065139157 0.169961198017338 -0.139155868327507 0.0115294895526374 0.00232356207813744 -0.223461037949187 -0.219394063225308 -0.322412725132925 -0.31513796201239
-0.258904661237891 0.00409753432524768 0.382153520452868 -0.225889727433195 0.0595369640789966 0.137507880366242 -0.219075706479644 0.259524654315671 -0.321799300605588 -0.239321906659659
-0.178033408976611 0.221666643555154 -0.077651283162646 -0.0768807129667827 0.087472524654026 -0.196252071884106 0.108639725850632 -0.157980790044475 -0.11989588079506 -0.0140377209056872
-0.0436689178155542 0.0761146205466693 0.306033406192184 -0.348010227170868 -0.0403982306661035 0.397291154727199 0.0178837637416018 0.303331318350628 -0.368097694995218 -0.344669850953045
-0.0499644196248908 -0.0699397557420735 0.0619050629875857 -0.175794824603418 0.0612699310202069 -0.366086670370789 0.0669644206291889 -0.295392770699487 -0.301091019343712 -0.0643707251972284
-0.0838211214080822 0.0558437015472195 0.317432355819315 -0.3415014351568 -0.0361256142251292 0.385634074133363 -0.0488559895383416 0.292740950149544 -0.3184845089925 -0.372219014167224
0.115852754617829 -0.27387154066589 0.0997516446315887 -0.109563983304057 -0.219819073770096 -0.461529170423138 0.00853742744119229 -0.247246424568248 -0.119298502794074 -0.351991649261646
-0.0809623073711905 -0.154052717917423 0.143741611462439 -0.144373014812711 -0.112227674983264 -0.39386819252073 -0.0943967827544459 -0.0317637302612722 -0.0922861883868034 -0.16703533112964
0.0828616985356324 -0.0649334828395816 0.206776158851545 0.204471240644537 0.279341525645868 -0.452066798010638 -0.0983249092029024 -0.0522564643671561 -0.131863851382747 -0.397260535635447
0.069628927189308 -0.224585289982307 0.0533572657613302 -0.0593839928146241 0.0788048781225755 -0.269299464055307 -0.00881604042949232 -0.219690064237628 -0.272673703689893 -0.281444801309113
-0.202381406898678 -0.0346045488951217 0.407989122008742 -0.255511971010771 -0.0984602106009027 0.234459460631382 -0.117104623219744 0.158283377144653 -0.2458511513866 -0.232823650113946
-0.118442296054729 0.0372247348030684 0.294554016571283 -0.273541121436815 0.00338230006441265 0.21671408942136 0.0347189388317407 0.255539630080132 -0.396085017930603 -0.265976329803894
-0.111705843753324 0.302892388287897 0.0702639699828778 -0.0492691681660712 0.249741878549184 -0.243848556622246 0.0712784519095904 -0.210372046612107 -0.166799897811763 -0.11430738242852
-0.152432441103379 -0.119002324227408 -0.000211238587409766 -0.248863893582268 -0.171522694793519 -0.251309627647268 0.0752280715308398 -0.402390813129823 -0.229825069665616 -0.193848672387967
-0.0269395900621984 -0.234702582351441 0.0543806176475747 -0.22127461288565 -0.0916831801512235 -0.310825469763149 -0.089375864398261 -0.0763581276844015 -0.1966000255826 -0.203444001686535
-0.0876205244811562 -0.099003968545413 -0.000834227166958214 -0.27214598232615 -0.177445340814581 -0.188353941563098 0.041163910471562 -0.347848998401648 -0.24848521850023 -0.174839774999506
0.0383883221417332 -0.17163504324276 0.118382145249754 -0.128744499696213 0.015410794811274 -0.393300760755125 0.0145475748786678 -0.16602368836769 -0.206901994938612 -0.0801031745996927
-0.19259841056733 -0.0380048437923279 0.246491629694555 -0.283656701670992 0.0532793344747937 0.241312126449286 0.0111330130089309 0.1588160564514 -0.357723496367477 -0.38022561160442
-0.284494104657767 0.0363809435829317 0.304035997522683 -0.293723248574754 -0.0848531345539204 0.272262917210653 0.0238187128346826 0.244019351398292 -0.336035880180754 -0.319552825299403
-0.252959761096972 -0.0929469528464334 0.42892927238524 -0.254066017161969 -0.0332399272037393 0.0941039922419359 -0.0765036516306631 0.167693638473213 -0.178606664344003 -0.261482557606779
-0.168021450429577 0.00985654985480868 0.260932654283438 -0.197138563840423 0.0303529246281336 0.235785198223978 0.0524990137668618 0.188243625910979 -0.326350661737421 -0.282182839372993
-0.203630944045213 -0.0145787973786541 0.250229733905328 -0.254171166471324 -0.00608429920133852 0.249741021212273 0.0610599329997999 0.201431511343665 -0.35675541985109 -0.212448017278781
-0.129577969961208 -0.116466415261895 0.0497639812577142 -0.263814956732297 -0.145496600772863 -0.18874288939585 0.0450574224893198 -0.381273424121779 -0.258974800912965 -0.186682770570314
0.0448153812719247 -0.115253839696581 0.155772085369381 -0.213783895068409 0.156098320595912 -0.267471906138127 -0.150390220143597 -0.111874051528716 -0.0995103231487655 -0.329601437636061
-0.0857403760918006 -0.119034294065197 0.115291148226771 -0.194313577974956 -0.0438623388562202 -0.391245019291096 0.0177344153380117 -0.183047865465877 -0.313300961528796 -0.185797189636971
-0.0160154612599238 -0.112306029379611 0.016288957361589 -0.29659155967127 -0.172820359566333 -0.163187512956738 -0.0433716826163953 -0.341583231898473 -0.295769528161864 -0.264235485277594
-0.0236492014989942 -0.0953176410961922 0.0709798247722716 -0.202080146923094 -0.0802363847094234 -0.460411092021787 0.0251133819427612 -0.208166106019433 -0.218600824041083 -0.206892686174488
0.0915419424275481 -0.0525922946314223 -0.015844701638303 -0.0356064202161507 0.150025657476684 -0.13718973891134 -0.0353819666127975 -0.120493836265642 -0.186557719165405 -0.312096279205527
-0.143446864919771 -0.0985219312341924 -0.0148619072451942 -0.274686864983414 -0.18796665895501 -0.262490567592654 0.0644806680521034 -0.400621890551508 -0.234160238982805 -0.199674339865159
-0.141054593501395 0.179398312644327 0.577756843723063 -0.574186836392779 -0.0777590494783841 0.0535387346560223 -0.133420016190956 0.0660187535610463 -0.0936544891467335 -0.050908152619957
-0.171321971353376 -0.0497898374844453 0.218526743410057 -0.267233429107182 0.0141167925363831 0.22724442022613 0.0117143293481451 0.195922529660123 -0.362202315946287 -0.364658476975647
-0.142246769506982 0.318481475934113 0.0984955298321653 -0.00033003033099803 0.235402557529276 -0.239276760556882 0.033412903018079 -0.254713101676348 -0.213557655691243 -0.111040144295733
-0.093861430134569 0.322876296926755 0.0332437537936389 -0.0490266567272163 0.303156756656514 -0.229917885518789 0.0674078943191209 -0.195825764645317 -0.185359856804184 -0.0640716972949711
-0.200729011506645 -0.0526827114202405 0.428359106390058 -0.264587008113511 -0.102065762085737 0.215891321209649 -0.166592377022333 0.173480343865098 -0.278209194574187 -0.247933377396362
0.166726820925233 -0.00909897844476701 0.0408384974054997 -0.0948249573153435 0.0702092506829702 -0.180208669999352 -0.0587146465512742 -0.230311678067572 -0.113900224181646 -0.314494991775959
0.14121165963689 -0.0600594861906815 -0.00605034754811317 -0.0799550208148632 0.155097391880148 -0.211096909949451 -0.111332600784745 -0.135730524030209 -0.207553410546071 -0.268363854400417
-0.0480582039623497 0.046020849779012 0.5358116813166 -0.537009023116347 -0.0267947366295625 -0.0397392850741426 -0.0791891211748729 0.038363493762426 -0.153201977402249 -0.170604153528026
0.0233650764362302 -0.109748882379337 0.0424378396049245 -0.191509335102967 -0.0208990525296481 -0.460964246302103 0.0355963786699057 -0.238511282881354 -0.236817577305963 -0.257008076491662
-0.0906291139227808 -0.117473085697972 0.0752340599428018 -0.167868491695672 0.0505705330981876 -0.399251244930604 -0.0225591530679016 -0.297050285377663 -0.182797911532215 -0.184123345161846
-0.218202217441062 -0.0802149065930635 0.4045547064991 -0.220230765596099 -0.0983159131130667 0.12241888514088 -0.106391108682402 0.191762886081118 -0.132604420564251 -0.238023909649655
-0.151956525575135 0.267671212832318 0.0693724883798317 -0.00558558880439019 0.26153938215208 -0.246807396538087 0.0676110750203848 -0.255545553319571 -0.168645163338048 -0.0748797546135816
-0.111908140056487 -0.0916249598728966 0.00381247902032247 -0.28151743994504 -0.180337221120677 -0.243944133377492 0.115839044275623 -0.415241842897851 -0.157409955698472 -0.246240771335917
-0.0699580245596802 -0.0709921231654099 0.0784474724026986 -0.221706376239412 -0.17610867368074 -0.189595069837502 -0.0411523199609805 -0.363405287804222 -0.250314374472607 -0.180817727275199
-0.2203966378197 0.013577733314669 0.292825794852245 -0.250891062774969 -0.0267149216905286 0.212485728888265 0.033276122032952 0.15980410164508 -0.372553109855814 -0.307865818853572
0.0476800991782821 -0.0924473179031241 -0.0254581808246948 -0.184601424497009 -0.0575087881494847 -0.357768385215539 -0.10641415071881 -0.280721196978504 -0.242280298217969 -0.276262333692003
-0.13282690428054 0.034792921937604 0.338463689551181 -0.363358794602928 0.0655041622949005 0.302164978069264 0.0475622827726871 0.259171452253236 -0.34738402964311 -0.259988873233115
-0.23105796151937 -0.117353057686508 0.418686085703567 -0.257862172863618 -0.0523427864542409 0.124401616988066 -0.092189570921455 0.17709473973739 -0.15585872485899 -0.215686400370985
-0.262694031221919 4.41937486912354e-05 0.40452549993554 -0.243269251155958 -0.00982186617599553 0.187191342471913 -0.152655533763637 0.22236912020882 -0.211927636810395 -0.217762466079704
0.0540061416844424 -0.113199400983981 -0.0420635585981981 -0.1941746491594 -0.121816594994161 -0.363443359703588 -0.110545954719327 -0.27042524673823 -0.290622492322329 -0.268810632918079
-0.0914376952664497 -0.0743128647864 -0.00127629194866759 -0.181046442723194 -0.0323282990498414 -0.323879886104085 -0.0123524466863244 -0.378183183490823 -0.187113856639749 -0.249473198614636
-0.0690567048806523 -0.0787632368577428 0.0786389379848391 -0.237187523758492 -0.182057532168024 -0.188867590468563 -0.0373991006323876 -0.347572090698523 -0.241453909900614 -0.176555877510597
0.098560865432699 -0.190799405851611 0.0859948197926997 -0.10959894162175 0.0990203902089317 -0.213475232256981 -0.0443406012745828 -0.257350044162242 -0.223960899287644 -0.276399616248851
0.0890211616474289 -0.112881964897152 0.0162433154656059 -0.0347704725617856 0.103416384091916 -0.165610134731506 -0.0229709942024685 -0.061213636849548 -0.190509098698911 -0.361309339958091
0.164692233723362 -0.0098104141934557 0.0332690047682908 -0.101137744539169 0.0633275067253627 -0.210040545655244 -0.0615422554573064 -0.209398925486194 -0.0344381506979258 -0.34843085829822
-0.234393385824636 0.0182839107620907 0.42291917809803 -0.260769402123054 -0.0673355727788857 0.170620666815038 -0.149664840958483 0.2166122383153 -0.239441590653286 -0.293796380737148
0.0288004492351881 -0.0441665726279936 0.499426302738795 -0.556545940646603 0.11283566508314 0.0368216375422538 -0.0708635132690659 -0.0236952942403252 -0.208657430904206 -0.00943914113303789
-0.175640428111482 -0.116975344138957 -0.0144758263638829 -0.196524895240903 -0.249959163755192 -0.189491961695308 -0.043348309416456 -0.321117481962271 -0.287317968147581 -0.297115195702551
0.0916912400865136 0.0267604757329573 0.0699855905296541 -0.0994214283874084 0.0114260096493467 -0.173427956229424 -0.0930064060783673 -0.208221197555149 -0.0871860736842165 -0.28264352302357
-0.25035335952223 -0.0102191392648394 0.388903617048471 -0.25282526225015 -0.0501156212035243 0.194999172906312 -0.166514243383929 0.204183815254261 -0.229792007026256 -0.206841976062195
0.0707036062286756 -0.0937744394014234 0.077097598654229 -0.171253184309336 0.197610972080949 -0.277418559436752 -0.122375693246002 -0.112361244841276 -0.0966359879826871 -0.313477628496087
-0.144151555424866 0.317368175106797 0.0254737055907841 -0.0491445028221784 0.319963962805217 -0.2599309167476 0.0460354379108568 -0.203614913144794 -0.20564450813077 -0.15866630153539
0.136206169715806 0.0287163709059788 0.0662808612772779 -0.0498234812672799 -0.0058684616501915 -0.20294921630776 -0.0437818251662654 -0.251549144222038 -0.0664547822128614 -0.298615710706486
0.060655877745627 -0.0832215971230999 0.0772471318753642 -0.155929074987689 0.194184876910038 -0.276944486417299 -0.125134592000394 -0.0973818435859901 -0.102886377374899 -0.337120615723589
0.0593521020203721 -0.0837306093497566 0.0221931921904391 -0.179000978389859 0.152346215284544 -0.315042350308395 -0.193659877037988 -0.135363928016306 -0.0746768539331415 -0.356750206916036
0.140349296733659 0.0215226581358404 0.0600721897875124 -0.0576213426904442 0.000439874239695081 -0.198978652657655 -0.057406092948839 -0.256521200038191 -0.0662885626988913 -0.310124643037568
0.291919651372944 -0.0638069605147601 0.108059023261728 -0.232143680020967 0.0253565843842666 -0.0323677559282422 -0.184573517210095 -0.280492090140307 -0.44465339225518 -0.322575156622639
-0.206378137059324 -0.017377696832012 0.300060670757183 -0.236984098331521 0.013458401843488 0.178177678251025 -0.00326117087661741 0.225086385805114 -0.284473653913497 -0.275099032306622
-0.245892677968114 0.0467447255347094 0.446530579796559 -0.36834426450415 0.0436382545665776 0.148116568356594 -0.1809954272284 0.207850747589657 -0.270126196275484 -0.282095392522134
0.0549463239104207 -0.0762480320559082 0.162697048789073 0.292270079135616 0.21356844632806 -0.389476303179421 -0.201380963785795 -0.0542528557081239 -0.224075507171808 -0.394532203244999
-0.128009574507858 -0.0123439012122432 0.457071579276928 -0.278740495562012 0.0223230665201798 0.233679877269064 -0.172215924203388 0.226596641515286 -0.213383857492417 -0.307066221444553
-0.0273270809892195 0.0572984066832653 0.4363717480228 -0.575162878689588 -0.0507786178404731 -0.00688582426392543 -0.110956892195071 0.0516962009169482 -0.0789154527821483 -0.033390129420612
0.115381311769488 0.00375638832903055 0.123779499338312 0.308451064383724 0.147193093544053 -0.440553883979519 -0.218852427765607 -0.0625064609520233 -0.160869173705214 -0.41299035883081
-0.16397859379402 0.19901205088198 0.049286534983004 -0.116333202491943 0.226209572296416 -0.378502885983894 0.210915351458126 -0.145927760669934 -0.242075349756383 -0.0590205617173308
0.042455902309388 -0.0619028488235354 0.0287462934243352 -0.143608368404562 -0.0501402210231426 -0.235753917371389 -0.031403919398086 -0.265631287598376 -0.260964725594069 -0.240373605947502
-0.202277905749686 0.00686455932383898 0.481140107598664 -0.394114106049238 -0.0227698582200366 0.21352172011005 -0.177459178262496 0.170293055125657 -0.252816703056863 -0.265320361354136
-0.0761873687101529 0.0982751248058243 0.449865189649036 -0.632999776496749 -0.0770096959880172 -0.00464725018246282 -0.103179898610348 0.00422388171212583 -0.121156854567071 0.00150320163428636
0.0643207848849869 -0.165106419722773 0.0598150589782729 0.00319529717604511 0.184019127588156 -0.229081243043951 -0.0721911279159387 -0.151015026462633 -0.269019316375116 -0.282341370969805
0.103916535755265 0.052136297029848 0.0929932660589539 -0.144682432715578 0.0912374891521396 -0.227883284221013 -0.117439850026984 -0.165993017193667 -0.109950498553662 -0.332444409250013
-0.208238058997763 0.0213697675342433 0.255887922299428 -0.226355078473905 0.000367156822475109 0.24202774319383 -0.0224659959320871 0.228904250396166 -0.267157914835159 -0.303262434311037
0.0922891979755269 -0.135689230688524 -0.00127533886725188 -0.147225710665428 -0.0435891635089686 -0.214172540999568 -0.0320394202609207 -0.222808327449479 -0.261668769014275 -0.168307707544506
0.283390957080192 -0.0651060134246292 0.0832441263386896 -0.257407201986983 0.0491094631671782 -0.0172386815464843 -0.182348145112671 -0.269803168848986 -0.464159044852812 -0.280560154366678
0.278244895255197 -0.0494641556437033 0.136787104661351 -0.17228924873509 0.066613838064052 -0.0790568686191227 -0.198698073672015 -0.30878625188801 -0.435494040906945 -0.286366588193018
0.103151070111032 -0.0713135132307063 0.0656160481634919 -0.130031252449412 0.0431519279493403 -0.390524881103188 -0.0384832281794029 -0.328721977893461 -0.30667989833213 -0.145840696921622
0.042138250467429 -0.117566036234566 0.160822643329941 -0.254464357641084 0.188174221297985 -0.304684822023554 -0.256969995333358 -0.10382403293813 -0.124514251060219 -0.356716509177434
0.12578832690913 0.0209817625556889 0.100263063937153 -0.103502975727187 0.0536105969695127 -0.203296390319372 -0.0856409780918243 -0.180668916647175 -0.0716095715807235 -0.339575027942565
0.0619741501222826 -0.0556848287099651 0.145688353010295 0.26481304398211 0.193461409034807 -0.412056559552419 -0.200261662053322 0.0288361823388779 -0.202477273065172 -0.436628535725613
-0.210609539885553 -0.00833770186897609 0.244494845752552 -0.231048979062154 -0.018687594584712 0.189172648698412 0.00825205359206059 0.24676712896763 -0.288148034511157 -0.267691760479397
0.105875648240742 -0.108571589637557 -0.00253816634315481 -0.193282758581531 -0.103053677549267 -0.255271047902502 -0.0578455215577266 -0.197061674792434 -0.200103379347045 -0.226394397686902
-0.108063937632326 0.231939016193287 0.0755156552559427 -0.0898638135264983 0.2554242794609 -0.206717751324988 0.0637152431767642 -0.172223857954512 -0.208821025355165 -0.046437202491267
0.00178367385038974 0.0997186261921767 -0.101299820859025 -0.167894591132717 0.0227075356091554 -0.234858526739545 -0.227637699999045 -0.179397472129912 -0.250210773654169 -0.187921188105237
-0.0338531638634587 -0.139393879834774 -0.00101661484203809 -0.0594845566889874 0.060196625141241 -0.269748733106992 -0.108786210647377 -0.254816213277816 -0.18418819000566 -0.324586567053742
0.0566148467909395 -0.00272975252232484 0.0616144923885346 -0.100109427904702 0.0548610599157425 -0.347595052150896 -0.0815726813811908 -0.307144615697868 -0.273880846691381 -0.126331430866812
-0.179731727590989 -0.00551532931975222 0.274082967921809 -0.232596078838401 0.0489094422243646 0.209848485341036 0.0357084798383723 0.289190557093314 -0.287710918714406 -0.238179172012921
-0.179956068652092 -0.152012663522594 0.0462999474205536 -0.213961277786621 -0.180662175390918 -0.163540880417894 -0.0273852190235075 -0.327210535413933 -0.296279453937466 -0.183171117605007
-0.180299987921761 0.0195195890725888 0.262225664474001 -0.237371993588878 -0.0129677564095123 0.19457972484155 -0.0106778954778234 0.269669453549449 -0.305505703203504 -0.216049495422181
-0.0915049507723258 0.169589441762278 0.529404296953143 -0.49781937315957 -0.068403125115728 0.0982300717850242 -0.221395831566508 0.0623918273181495 0.0446342440413047 -0.0876039033210965
-0.187140852248398 -0.003327951965376 0.348008352521262 -0.331889115944214 0.112795833317659 0.219712791895897 -0.177644276678792 0.158967985876644 -0.185934903404129 -0.226771919800292
-0.0258010309997615 -0.0710515965704852 0.138668816066069 -0.192326898520728 -0.0672821000656103 -0.359743428670675 0.03130923024141 -0.249945262027202 -0.246103859648106 -0.226106009331474
0.108851212219476 -0.0332501876412547 0.24289804486931 0.22664076545244 0.324651139879877 -0.425359782313764 -0.200536620688291 0.0233076704846554 -0.137423095883294 -0.412649770927341
0.0474256451955813 -0.122340978691991 -0.00360877040234093 -0.0641455355868684 0.132389791172325 -0.235708974422769 -0.0300163527944274 -0.165763558613771 -0.2500090377492 -0.264505344240596
0.147244408080352 -0.031202112651935 0.0674193007615625 -0.0646591135994573 0.0375753036449721 -0.19115859576064 -0.106308697264798 -0.166902781276301 -0.0832743547899139 -0.266138733616244
0.115652774575068 -0.0534009065517292 0.0544011500004265 -0.12788980371235 0.203692818893568 -0.299892651005034 -0.117924514018885 -0.124455219733528 -0.149114735052078 -0.299521704682456
-0.077332077092007 0.156993802350119 0.227443252533391 -0.326349801324108 -0.0215835074795307 0.341349800436315 4.93523023380321e-05 0.332766210701484 -0.281322157179753 -0.230228063342188
0.0609082902387296 -0.0621557715843388 0.0635735144979542 -0.139351028730279 0.00771958441058554 -0.3830862892455 -0.0583236059534653 -0.237029558705995 -0.265979579987084 -0.103353345786658
-0.279636865007959 0.0438226226178673 0.369018769373524 -0.290770927861583 0.026413616414581 0.234067288439684 -0.244303735611188 0.177996874222796 -0.202700301439 -0.272550338110416
-0.102510939036478 0.026567687559327 0.307275427218379 -0.544860867066269 -0.0473126750380407 0.366886409219195 0.0604485176533927 0.324202818238967 -0.371101640685782 -0.245669843080615
0.115767373946516 0.0883759682725745 0.0357556408022342 -0.0748964142145989 0.0401540121626716 -0.13965689165141 -0.0201589320618527 -0.154974734186706 -0.0530996495557709 -0.279704969124457
-0.0517235373751046 -0.027984176307278 -0.0206258984697791 -0.202931983543159 -0.0794120071431847 -0.360770032804528 -0.00192201995104109 -0.346880852336176 -0.224888175004505 -0.211884191360273
0.106191725295883 0.0741486684951902 0.0309580129194667 -0.0436036625746328 0.0317818054194172 -0.157255206023516 -0.0422999978388571 -0.196621146573814 -0.0216418725035891 -0.296512528856721
0.120866766510884 -0.00643847271795572 0.0619958768968574 -0.0435592991248053 0.0862578670567663 -0.145448550861966 -0.0556047368911288 -0.192198046716578 -0.071514810383593 -0.300925696279758
-0.165794817876645 -0.156196343872852 -0.0262213429124426 -0.147378703552729 -0.234245420317061 -0.14043307843005 -0.0367104779893336 -0.327325842662229 -0.241475309644534 -0.277967920595476
0.19452395957 -0.0164129428523545 0.218872956313886 0.287298741770765 0.190286436487157 -0.408747885692753 -0.208827841325889 -0.040149352904593 -0.226624645790659 -0.440251355532252
-0.039239198770029 0.044543486004183 0.459878260966402 -0.598566547941674 0.0206993475118972 0.0664625781233366 -0.0757930872012573 0.0799183880053418 -0.211297218852674 -0.0834296148915426
-0.0744671206516358 0.248840898516867 0.553409433244272 -0.59757597722404 -0.0955535533605977 0.0479622629298239 -0.126606177649748 0.0445651132725123 -0.107909875011676 -0.0871431103656729
-0.0988545515690969 -0.0784383683687792 0.0495176991234675 -0.217496448750264 -0.277337271976033 -0.176730865937093 -0.0234108193479047 -0.350629537404326 -0.209802396525332 -0.300842872022801
0.144296601809797 -0.00674433384248882 0.187383071650684 0.264448979789747 0.211675887200558 -0.366394379186902 -0.199325281388858 -0.0234370176114463 -0.19368948518588 -0.377111564208765
-0.228347265547372 0.0250542565020559 0.390485250419941 -0.29770385274862 -0.0380029200794306 0.162909327855121 -0.110579034584693 0.290579041749236 -0.245416296175695 -0.263658505253523
-0.214620911219465 0.0113195068130834 0.373454208081457 -0.311900656713791 0.000594290104339885 0.166770282511451 -0.139952266296093 0.230177028907636 -0.18927098434152 -0.240126181192487
0.128911193403489 -0.0401932805984928 0.0232470965102048 -0.0285621428200906 0.118629000117288 -0.188076036267808 0.0070015443156627 -0.0686325636587918 -0.22976609283496 -0.364842796887212
-0.184928792328005 -0.0799556811677965 0.305389684913841 -0.324086378603738 -0.101489093086216 0.287351129650837 0.0164535952413073 0.264034662509391 -0.353812405255149 -0.335278722636057
-0.245150016438686 -0.0174277775082169 0.223430229204835 -0.328534724149723 -0.110464577954325 0.205789192865016 -0.0379478880976582 0.212357558087132 -0.378505176752797 -0.328592784445248
-0.243108926553498 -0.0357173350261734 0.336005294359111 -0.275769198815762 -0.0259128888959934 0.306287515746801 0.0117225606574338 0.186443301209 -0.332816578599659 -0.322726926694857
0.082609046778284 0.0867015811399744 0.0244692217195097 -0.0932432567407006 0.0598415715303132 -0.148751101202469 -0.114510425416394 -0.199629410726515 -0.0984053617797366 -0.312527561026981
-0.241392968442573 -0.0390548297554125 0.319845292219024 -0.283854439295674 -0.072639359999138 0.280172778931285 0.000346087638906284 0.181923422922554 -0.342932883604923 -0.326286429683595
-0.0847029962741304 0.194574047577104 0.542526105771701 -0.565833029086595 -0.124774704992145 0.0543555351430817 -0.172406410616572 0.0527038441101221 -0.0726159999886063 -0.0745952902713833
-0.135828145147283 0.200304550319756 0.615248376277422 -0.607601194050125 -0.145995117703352 0.084953413184963 -0.184832333860322 0.101349274617964 -0.0800384855384278 -0.0649015667615907
0.0296421010541649 -0.0893656441908468 0.0822015216951062 -0.210897823330702 0.154536496365856 -0.252863720341091 -0.194289169072578 -0.147573537685833 -0.118097209727373 -0.347326905368357
-0.0664924834197315 0.0112055884270877 0.00850307004970008 -0.175861652014119 0.000521546944450311 -0.355113636104869 -0.00577675756214213 -0.332527176809585 -0.168019649853229 -0.236230792426171
-0.202822918145074 0.0332207402279722 0.279178155625245 -0.432178607773537 -0.0145911834629309 0.334311266762701 -0.0148999085700421 0.338863807164552 -0.296340005838734 -0.251810591904137
0.0683346713035403 -0.147261530944426 0.146447461680669 -0.201150396286468 0.148428911402632 -0.273073344537802 -0.103061283623765 -0.10879997392833 -0.127565772988832 -0.364183229047128
-0.179891799397699 0.0291740937398196 0.317462845372884 -0.361619452724598 0.0715376537494476 0.297327531061866 0.0629086858873326 0.297623004029053 -0.351782700398222 -0.293544230815116
0.0169949981973971 -0.0315070018740881 0.495240510226591 -0.552174247359597 0.106447931463292 0.0310172361584524 -0.0981459758699128 -0.00275205974723891 -0.171147265038452 -0.0334067102661857
-0.0198479204370196 -0.0909210523426748 0.395313257015869 -0.544188415114245 -0.0400260798140117 -0.0203558529400314 -0.115562900584325 0.0196102029227257 -0.243037334146642 0.0178779046194252
-0.19360761561474 0.184518092337861 -0.039388367621899 -0.0685764697807641 0.267110420771993 -0.173732898626381 0.00509618295563565 -0.117204492385383 -0.121652594995881 -0.048657892030487
-0.137900072674171 -0.0550108221366725 0.304607927634857 -0.186561231933914 -0.022028386936367 0.170493792904229 -0.0834061357759866 0.132572373407962 -0.362196112099931 -0.281288101819855
-0.133400170857246 -0.0962861991552698 0.0284298717008234 -0.242520191723157 -0.221963875665196 -0.20201923625742 0.0226555694493152 -0.332488475971583 -0.220779943350561 -0.216651573313463
-0.154058995106888 0.188309884471623 -0.0304259831129141 -0.0711521278975017 0.266613305932486 -0.177615799736645 -0.0378766475330248 -0.14605654047568 -0.135036191616028 -0.0463625994889828
-0.194728119869106 0.304856177533577 0.0832861341319964 -0.0705218237195206 0.270290710561222 -0.26042108792779 0.0685160890034146 -0.289833920584703 -0.247065051174126 -0.109958506041072
0.023448307738209 -0.147691324149077 0.129070682608157 -0.1075312584002 -0.018366439554762 -0.36653867094558 0.0455299744989432 -0.195613547332408 -0.210128635717933 -0.12022795351261
-0.201755600286019 0.27085470246708 0.102068847055721 0.0216443687075919 0.245708033262062 -0.215658136704647 0.162739543161723 -0.25145287766399 -0.19782655492243 -0.0547029923740661
-0.0408270097058223 -0.0579691135541079 0.550339118479404 -0.648726036018733 0.000501273111570078 0.0183112251368395 -0.100659669072487 0.084947304408209 -0.181093860638941 -0.161255294629454
0.0332689115040299 -0.0999926590857534 -0.0522913485859012 -0.19887941683644 -0.0765648217551017 -0.350427280146963 -0.0997588948626283 -0.312914304286418 -0.261154043533078 -0.284510424127824
0.0465677117368337 -0.0585422590355465 0.109290176286578 -0.14021305487437 0.135296902713938 -0.278994946267802 -0.141628583835198 -0.175644838584477 -0.146845217367942 -0.323474802521912
-0.119948616763509 -0.0630435156340244 0.00588704304341714 -0.284592874980699 -0.170814752574235 -0.250993050545688 0.114784035040365 -0.437975212165631 -0.242349333879975 -0.191295292761353
-0.131748555773677 0.0137063080622349 0.446670681385041 -0.324632917628434 0.0297530139564116 0.229369695359599 -0.183886503170527 0.230367090163054 -0.280888176069192 -0.335379034813765
-0.179885600438216 0.094595477639101 0.273472814689561 -0.346980861974113 0.0608774660001128 0.333658104260668 0.0284580346662441 0.240444977375577 -0.382121488941058 -0.276777728041482
-8.67457493734444e-06 -0.170477484385469 0.149223098830442 -0.117906880041322 -0.027213145104153 -0.401477070346003 0.0273419293863895 -0.174735916734266 -0.192964454608223 -0.106989936832113
-0.159943007455341 0.246129455239233 0.0216369181180887 -0.0400974954322743 0.268983851542511 -0.25417616846707 0.0294668981623438 -0.265149591872197 -0.233702830287857 -0.116424992199307
0.0805343655051128 -0.116397941529947 0.0472395842829517 -0.0701110077323304 0.134633809823064 -0.177624829015905 -0.0301509617776868 -0.0667215591111392 -0.159493921936701 -0.320370209472237
-0.168665066735465 -0.109501588958173 0.0695808788328234 -0.250204961261648 -0.190193811505667 -0.290192300421725 -0.0168336703472484 -0.287971438371082 -0.172927407384391 -0.226566003144399
0.0303892050878876 -0.160892818267074 0.104748038026077 -0.136395567679746 -0.00319165524583968 -0.381596665727939 0.0423165217629143 -0.168934119586303 -0.214346674142011 -0.110125471219672
0.105586268560108 -0.0576032829763886 0.00566462306760897 -0.0528376232808402 0.139688441970611 -0.151291039388101 -0.0463652228431194 -0.118931570589053 -0.152050366368314 -0.324422834128754
0.0383350618190179 -0.0971254819430773 -0.0466414191356325 -0.192644499080363 -0.0515420154824961 -0.321840818429257 -0.0870658053459465 -0.297328067235752 -0.268104699680384 -0.276586865366295
0.151792522059166 -0.0583063653023798 0.0414633878950192 -0.220308721755219 0.195185286605892 -0.280642594654413 -0.18574873309039 -0.0691729563480949 -0.215408714560061 -0.336680097165325
0.144412054528106 -0.0619812456627495 0.0345382265405953 -0.225825429461327 0.210171276878249 -0.281897755546376 -0.182211942027211 -0.0691963045304056 -0.212330732617221 -0.321974417878184
0.0234666010275041 0.103551634895625 0.402705584169927 -0.643468190403714 -0.0877727324715878 0.00797524722267563 -0.126392916919469 0.0490564129299053 -0.181065116401603 -0.0411376187882941
-0.203608411061179 0.199966794373498 -0.0248980513684539 -0.0631312128846048 0.247328030611153 -0.236299872555652 0.0546927596046059 -0.0806400148555315 -0.171151163441598 -0.0797135536231691
0.304163129211326 -0.0558843322121497 0.0973567850291185 -0.220966772972373 0.0383309109707759 -0.0489827804448541 -0.179062650916855 -0.270020213264032 -0.377910443383322 -0.312120736644353
-0.194984976938422 -0.0121392120518812 0.271784327944924 -0.227537191085011 0.0240775063457128 0.160697866417864 -0.0192205533608455 0.189100025612784 -0.247517651349014 -0.269038133808681
0.149809481651936 -0.0478833923399878 0.0264324705979457 -0.210940499203224 0.219991560746211 -0.325800104828159 -0.138591906938756 -0.0946459188855744 -0.167842253993473 -0.337103716696168
0.160252323426154 -0.0780172984464745 0.0593996221685937 -0.165721315129184 0.177366190894513 -0.293722835143335 -0.184415326767187 -0.114245413992554 -0.154711638305924 -0.288487706592399
-0.0286740680173785 0.0577076011454982 0.453825503140522 -0.618067005810814 -0.118017253057871 -0.0398466955684064 -0.101366471193656 -0.00652921560218202 -0.151206885351679 -0.121634002957828
0.112800196530898 0.0473594908779491 0.0871281721975548 -0.118425988651713 0.0965554203557617 -0.20124644163766 -0.114729362019227 -0.175200091907335 -0.0735666910011183 -0.325959080162788
0.110600676602443 0.00115420771257616 0.193045317623065 0.283128682528986 0.273990607611927 -0.357180282164719 -0.179252800598488 -0.0725853311375342 -0.190701720916937 -0.392958619130048
0.161106954098465 -0.0398346486201975 0.0206891323576593 -0.227679723385721 0.218855872019114 -0.322753328642704 -0.150289895066742 -0.0838581786526458 -0.163619660480942 -0.335771919218572
0.0746485661011541 -0.0689335376246379 0.186881269737962 0.296729876619992 0.137829539929604 -0.414907070979093 -0.227172713693348 0.0489742391910346 -0.224290207980944 -0.395060755995302
-0.0903264036150748 0.150584300362179 0.231744217909725 -0.347840423416409 -0.0289827125123202 0.372029701285497 0.00482169614370753 0.31877285772271 -0.299425155379808 -0.228815535807097
0.104349414431247 -0.0573069016914044 0.0396038415216666 -0.118308243718518 0.0761108706031348 -0.375672566079752 -0.0961889748705579 -0.307212898164019 -0.308833711899532 -0.169468009052264
-0.110068251212853 0.0236641128835695 0.492949837783126 -0.298335086964316 0.0556361521525721 0.218148318522605 -0.129542906824376 0.171771934946285 -0.280478747202002 -0.332131479838513
0.0102780054121397 0.00368357861196993 0.571294476004041 -0.567751994636241 0.0898135008971653 0.0258463291458334 -0.196907119825923 0.00553756434729767 -0.189499577497123 -0.058475073712417
-0.19467013977419 -0.00902716235787353 0.450874505328261 -0.261992773083846 -0.00360586690044716 0.172182067583276 -0.167250135387571 0.236790371811886 -0.245721621290285 -0.330720554953677
-0.178347954119627 -0.00100120052273176 0.279164327471282 -0.296061855540349 -0.100756961335841 0.178012718732723 -0.0206593427143452 0.177927161791573 -0.344625928088767 -0.33742137786359
-0.0387709443819906 0.0336767817530561 0.436226124224888 -0.553760849966104 0.0484090936589461 -0.0153996199760854 -0.0793846375223282 0.0934594944761882 -0.185306187805366 -0.111001777974281
0.0707292787613611 -0.10420786408354 0.0466393301034882 -0.206358388736432 0.242121259751404 -0.298181394426063 -0.18620827777944 -0.201673336269904 -0.0981508342309082 -0.343697693807259
-0.142656425428365 0.0332755156517024 0.301823892452599 -0.396525958098439 -0.0401350651793387 0.342786974613273 0.0131488790415833 0.288000005353121 -0.347535361723845 -0.260867645556249
-0.0136215170805467 0.0358483925761471 0.558411071249794 -0.540792100009137 0.0886065374343294 0.0517262979002327 -0.179037776463818 0.0265953149029279 -0.184134405796593 -0.0379326806627865
-0.214654404106527 -0.019915049740817 0.239384829647149 -0.26581490588531 -0.106893168638477 0.221649001875752 -0.0250394338506939 0.161069514792576 -0.303825010882009 -0.326555868797859
-0.240106740880978 -0.0120305737345019 0.395451836333332 -0.339705261737326 -0.02676541725994 0.183870422240988 -0.143942917662227 0.220943388508215 -0.266333798974459 -0.224000766521614
-0.100996960557462 0.169881327850717 0.544015298317112 -0.558140868698385 -0.135099797475382 0.0261935567077822 -0.142877446656727 0.106391818527859 -0.057577171327398 -0.096412381345996
-0.263874080296421 -0.022337036933953 0.277916001681258 -0.304026314285016 -0.127181329533861 0.239414584891103 -0.0257467951112555 0.184797517070451 -0.352472082685361 -0.349184684460343
0.136343295123266 -0.0191697460836704 0.216456733812982 0.282961499780054 0.185704847458547 -0.433631995339178 -0.161261950376499 -0.0717720653964359 -0.190931657567423 -0.419020757806
-0.0681719856532808 -0.23740234558792 0.00502416071831836 -0.203876634885997 -0.14569223551807 -0.368625827174336 0.0387854346402206 -0.0959861256620484 -0.274232504867411 -0.265682652903568
-0.0451231442647448 0.0472564650984358 0.509612798838259 -0.620873957099462 0.053657279217545 0.00284384862402888 -0.0784897038909444 0.089884185393721 -0.202990748941044 -0.0803724215048833
-0.190423545040469 -0.00172574065336497 0.259457658015517 -0.25644407361166 -0.0355861123308215 0.200104049606364 0.0235009011263854 0.246850870073489 -0.272767583778641 -0.286251318499511
-0.172388264959886 -0.166620786891081 0.0699928708166903 -0.22541476586722 -0.127914915969879 -0.281160007973692 0.00608899881381173 -0.301986805225562 -0.214171211412396 -0.294137264149554
0.213906940398288 -0.0454036780015806 0.226292050131527 0.296215748847323 0.247031248643997 -0.395135053100352 -0.180373182050517 -0.0406907804214876 -0.177097307755594 -0.423266645061031
-0.109669690011744 -0.107688052772179 0.0546568525080112 -0.236219277335575 -0.255994625922205 -0.177974807985443 -0.0764962010530247 -0.365127630078763 -0.170573310618514 -0.316382707226111
0.0258061534390894 -0.119563552502673 0.0811868426663681 -0.184111008685379 0.142720892061879 -0.296247850935673 -0.165198312618931 -0.128390510768469 -0.150741675567104 -0.309919172300552
-0.0748750883584149 0.155663967318249 0.553898857055585 -0.556638081771245 -0.169325805856887 0.0336216662246612 -0.136466071094091 0.105024721251031 -0.030896763381033 -0.0952083184862825
0.145280476605225 -0.0522155698173115 0.232351692019095 0.261126262260806 0.185699199566417 -0.447516891389887 -0.191751816534087 -0.0600906623986266 -0.203749254410592 -0.405090107953052
0.0127493261658753 -0.00427591626017638 0.525977822995423 -0.546808414170654 0.0803466186857164 -0.00779224477945293 -0.104153760502476 -0.0591516472168521 -0.157604216338001 -0.0562167840785422
-0.197906430265342 -0.0268598400029459 0.476509338123922 -0.25786414520966 -0.0175977599667746 0.219504238789654 -0.187595236921769 0.241553767021359 -0.25813780582852 -0.269611626832559
-0.173405988634782 -0.0725652129758686 0.25929506760214 -0.268800044638954 -0.0282980282864996 0.187059135619787 9.41633870891489e-05 0.251539588484103 -0.274200267693393 -0.282646768921465
-0.0994682318771581 0.239601055939872 0.0885116149869261 -0.0942901562311635 0.252843359962463 -0.18997334047809 0.0426971084148176 -0.11627766428354 -0.215884492887569 -0.0511473593050845
-0.0155453014533071 0.066024666389432 0.457837567491118 -0.537066627694854 -0.0905201745614117 0.00798522130500186 -0.135097052659696 0.019472499652375 -0.108977624130793 -0.0462706815138423
-0.121718968324365 0.224088546960463 0.0692694993146449 -0.086930355703755 0.268124233003768 -0.197692005680812 0.0472039458417241 -0.148939053368894 -0.21704952263113 -0.039952857261754
-0.188333775236056 0.0244555231590753 0.246148287278564 -0.260551430572084 0.0307329807034386 0.186678709965226 -0.0187092229941302 0.3026410857584 -0.320925591377393 -0.297558065562067
0.00774484039188808 -0.159064573708784 0.0487086938256816 0.0245861930519049 0.107325746334424 -0.192548885873514 -0.0823202384647298 -0.166328028537363 -0.240276919233072 -0.306589757126878
-0.0939552408033133 0.0955846558483811 0.253082833746769 -0.422168972699232 0.0920853528280439 0.380834157607619 0.00819120176151082 0.320671851104621 -0.367406381792317 -0.276933730669323
0.181853078350396 -0.0520385875572916 0.0406739510059107 -0.227115728974787 0.232924557575364 -0.315327580813338 -0.134443662469191 -0.0741841301594245 -0.172825681698445 -0.349428487732406
-0.107371267412291 -0.038207516907316 0.455466683562521 -0.284498236590671 0.0715487172420559 0.253399636550176 -0.213582729894459 0.232286144252056 -0.2674131806979 -0.321373421674299
