-0.296564990864931 -0.152636778893742 0.184199659691957 0.248417780251092 -0.253823020277143 -0.0417804368351341 0.0763046607218636 -0.00559957537551829 -0.0457840646116298 0.183637079005373
0.484251954581837 0.315630696155479 0.125305249248968 -0.119985856092338 0.420544719577878 -0.110686275252969 -0.0841049130242557 -0.0683153630003362 0.220114863230191 -0.423020489771378
-0.32467360499457 -0.129717857637209 0.191014439531983 0.247063506863582 -0.244747702764968 0.00477106713595837 0.0947907874670171 -0.0696529091427636 -0.0888891914740866 0.185142253645634
-0.361141945496088 -0.352430105141583 0.149683811151472 0.322295227125029 -0.323041572897837 0.0398842593043541 0.291904214020972 -0.0583224795524255 0.0325794000984605 0.0527822353022984
-0.0669675151902882 -0.0424044048750039 -0.169105582653814 0.376542179139376 -0.453513763589589 -0.0876157161566186 0.0815100627931799 0.095706138891214 -0.106303989498238 0.212031088571054
0.255123252147627 0.281508736823542 -0.220641225922875 -0.0557207907372007 0.0970615705574011 -0.138018460192492 -0.200229634522933 -0.164018021302671 -0.00307866127985343 -0.45175449175324
-0.329261066203643 -0.301428964719635 0.049812562665541 0.260336062148439 -0.0249768282878802 0.182102507520932 0.121845032701959 -0.120843342953352 -0.0922672484189613 -0.0220563968148383
0.393478628275152 0.289734340594777 -0.152074192619356 -0.16275499882144 0.133501578761925 -0.227281916732635 -0.246029759381131 -0.0387627841490076 -0.0037732179969379 -0.229433999588179
-0.102925503034953 0.00277595140830358 0.175725592739332 0.140443660830992 -0.324517728031294 0.18674165029261 0.157105333689692 0.0671615480824183 0.0848176346152532 0.00365778426200192
-0.247875539116073 -0.291242951733427 0.220814242362713 0.0585207684268703 -0.255945067259598 0.234361738223702 0.0672149909833562 -0.0457284703869213 0.151781997652315 0.238303904728976
-0.0668912374935814 0.104551271497486 0.188913368475281 0.235144775702706 -0.29297727070128 0.0565509648435171 0.181933847686956 0.0193302902329132 0.134690473807179 0.0639838984797613
-0.213745878313702 -0.271746336770948 -0.0429835512221991 0.198892125536871 -0.209415910964231 0.153048803592212 -0.00574336496741242 0.0458157638319494 0.0996263178600335 0.186268734267857
-0.0691380347914216 -0.160377482764053 0.108862753741725 0.201438387444082 -0.210377208461895 0.297289769763636 0.15204823122144 0.134974021974626 0.103308463836943 0.00641154826220109
-0.0314517597327636 -0.130421737048906 0.0486788449278507 0.17462985390603 -0.318738258746826 0.255457446996685 0.0583316289432601 0.162230204982885 0.183282788150598 0.00159308050377715
-0.180307443039289 -0.216324129097211 0.260980229785722 0.058291849315231 -0.243908906353629 0.212151273011113 0.0492463572090625 0.0425785313996471 0.247356247936187 0.333436987048872
-0.021853186777531 -0.138742528083622 0.0720146725277986 0.168253983773734 -0.304043215316881 0.34507097863973 0.046078743126115 0.163121840588961 0.167177561547049 0.021260099603689
0.0183254532598743 -0.132400090269682 0.0688288810893297 0.181202111165127 -0.341073681668613 0.326873496962355 0.0638593839487132 0.191970937113356 0.175141926508949 -0.00442190843282069
-0.27989475321855 -0.301904890604504 -0.0404426144737173 0.179016912605481 -0.24453737922523 0.151279051417863 -0.0105736134258131 0.138260220757318 0.0653719493108119 0.121380762219713
-0.0811312060822397 -0.171027400231642 0.0912158284161149 0.241228873514627 -0.217903304129739 0.256098640428724 0.130821213636784 0.141041427385496 0.112214587336343 0.0267103358478687
-0.0984192513615235 0.0868904906703985 0.192278582095581 0.2687707671395 -0.257904099253245 0.0523837910914359 0.140457539595047 -0.00305826843608359 0.0740562968120279 0.11722695764837
-0.0178167155649686 0.0814331715620506 0.0998409524130054 0.204997614325715 -0.304919127499686 0.190014982463548 -0.119471716638162 0.0282214213134127 0.0770118935047938 0.00014998063665897
-0.00102067202364268 -0.0295804815577332 -0.039141403648808 0.21681774094045 -0.40084537802756 -0.0158456113313975 0.110859306621658 -0.117335864668421 0.115784783245892 -0.00242026929016592
0.0125815053722189 -0.03978307547263 0.0419537439149895 0.352221734103205 -0.37535653945424 -0.027845540405679 0.147050357877374 -0.116734338124936 0.13768720374756 0.0719165824396841
-0.0246740355040405 -0.135150519982411 0.0533935094823684 0.18436492756887 -0.297768778660925 0.329443328334593 0.0582269380041891 0.183148675710212 0.157590844398941 0.0208612083937745
0.297016160939066 0.348242322308445 0.0834312126598768 -0.0490218678290085 0.329136568070652 -0.091334455889518 -0.269373873797503 -0.275044953566534 0.139289437774928 -0.312092611416177
0.355627890875371 0.102809220940598 -0.0777270729718368 -0.0958015908299365 0.432483360835721 -0.096859722179842 -0.119119014250234 0.0664650201968179 0.152554827712496 -0.306480154774142
0.0504109075404785 0.125911350566318 0.0264572170777578 0.114080919854133 -0.286574910574542 -0.175562969078822 -0.0221868243330197 -0.0775671713810747 0.206173273915738 0.0138562838793312
-0.124526257707528 -0.275641259854721 0.095163852220752 0.286398040504765 -0.212823883710449 -0.0473459733418712 0.0209011973474677 -0.0574894843093333 0.0861207082120584 0.196626298794365
-0.236277998240279 0.136362469439794 0.353698371228956 0.223016941307774 -0.223499310937861 -0.0601561241326987 0.104684764904325 -0.296353550394084 0.401345959664956 0.084314075020204
0.0989956489986963 -0.0520255168596446 0.133121950708974 0.133006369518241 -0.45103169315513 0.129280435133176 0.0492338657998763 -0.00293498314128147 0.140052884558751 0.119605818670558
0.453431054446924 0.193751412972462 -0.118183207922876 -0.345780367152739 0.477986885430208 -0.247106533045079 -0.273917275761341 -0.182961359153907 0.292034316248358 -0.382463666927982
0.373206272055336 0.0579927918689688 -0.0944194639404407 -0.0890777510062463 0.458562059530137 -0.0794494857758942 -0.127396573970095 0.0158696062101055 0.140422532949566 -0.327042584978993
0.313767425508098 0.072004924852543 -0.0208176549540581 -0.400477374232835 0.280961896307334 -0.341249871745624 -0.331263465614755 -0.191840543382583 0.20383694636351 -0.192317835681811
-0.00667255171507081 -0.0448674529521356 -0.0119933779673408 0.183205622471957 -0.375858351680384 0.163498977824907 -0.0117675746119982 -0.0498753437438529 0.395134211951492 -0.108740195487503
-0.223552218727472 -0.289990709232925 0.0866883991958186 0.344477050269602 -0.18366838903376 0.0128263799123567 0.0307092685805552 -0.0767729411369168 0.0164947204971192 0.139734419391452
-0.288379671290053 0.1375854591102 0.331502894179248 0.231591534177987 -0.227502123864587 -0.139043439323816 0.00312101388697129 -0.248359547289207 0.377380697291061 0.0824674163151042
0.440012313197654 0.182847637375243 -0.117622781458776 -0.314263395634076 0.429890515078585 -0.196643394142253 -0.241176280650605 -0.178162453291346 0.337178078533832 -0.435636891806511
0.0930201727412363 -0.144705183768351 0.0485381453762732 0.0562318322683631 -0.473899179729838 0.0404387663144294 -0.0338551106681761 0.00208903670537942 0.346857697992444 -0.0330068130519705
-0.423467095983841 -0.00380172238387731 0.0553163008568118 0.401838588235417 -0.238971628939978 0.256979815964966 0.202809502321358 -0.0732923474730132 0.239964494289937 0.00056589976777198
-0.162594033296474 -0.302355499901191 0.095309096363707 0.314702510606069 -0.22534349404442 -0.0057350019111311 0.112704287861375 -0.0568368972464591 0.0456334691648346 0.236543188197093
0.227562384586092 0.150727243577666 -0.0917093064623117 -0.14516148723536 0.0676068407069771 -0.232267894338252 -0.205042885845554 -0.0638281164846961 0.00472637747207813 -0.530298981558418
-0.376176208860977 -0.296875867423273 0.0033215603616346 0.350594591414669 -0.087635586741566 0.280417961860261 -0.200773384347362 0.0683192113284065 -0.145728902129211 0.059922150819473
-0.303193176878993 -0.347725557543611 -0.0410094527953387 0.0856017608993105 -0.107098237384348 0.147006238552868 -0.0197818954004723 -0.0606123248446223 0.0123364589982134 -0.0868577367194293
0.427564359230905 0.118790753524791 -0.0420142160855763 -0.114259350755935 0.439333143610603 -0.181488163282195 -0.156223078475228 0.192573698482818 0.135386379151488 -0.282098226646656
-0.294691612385275 -0.14938023833274 0.0738568595706305 0.367782367414372 -0.154854940189714 0.245553228981751 -0.0891126310697933 0.0833572067565849 -0.113707225951492 0.28144970505536
-0.376176208860977 -0.296875867423273 0.0033215603616346 0.350594591414669 -0.087635586741566 0.280417961860261 -0.200773384347362 0.0683192113284065 -0.145728902129211 0.059922150819473
-0.0238661011954525 0.036864761578102 0.0983812675587455 0.140552884390042 -0.385134227484764 0.0459730172074242 0.00703805462140071 -0.0943280313985875 0.332523489551691 -0.0484584414082523
-0.301259065885201 -0.141299402132417 0.0843452953803727 0.35918678803045 -0.186628495691698 0.253658331160194 -0.074677028423345 0.0727341073474966 -0.117411086019953 0.266020203852028
-0.315060345012631 -0.184971755676434 0.0767161766754496 0.292787736022786 -0.142471986809619 0.285746717139079 -0.0751217972078864 0.0598805811541081 -0.0701244208665651 0.256555951365803
-0.312446585133783 -0.338410613745109 -0.0408500919554757 0.108189104408394 -0.0963815863002553 0.148217201042309 -0.0948854577048852 -0.0219395774900635 -0.0319098192012177 -0.0522199314084535
0.324719125448076 0.180725331136957 -0.111364903565093 -0.363049680490924 0.336397489662492 -0.17836364226966 -0.305413180982145 -0.210813012788763 0.201083242963616 -0.39730725644632
0.293242948102267 0.288312929019826 -0.0690882447829895 -0.204786914848326 0.303718407198418 -0.188854805009772 -0.295023199026232 -0.279028221549401 0.242737687179775 -0.421446279963717
-0.35482281949264 -0.444067956776032 0.00458560382832742 0.126322754716598 -0.0631037455252843 0.0382835398400719 0.167798571111842 0.00405221585629567 -0.0998068165246825 -0.049920104667931
-0.280146659760424 -0.373581829254393 -0.0585700838384234 0.0520737941091524 -0.0973809441611126 0.0704181122056446 -0.0696739717628923 -0.0704883601485087 -0.0451039755684615 -0.0579018891936077
0.446105429734955 0.162520172715042 0.000421201942235555 -0.0375045719894797 0.298881199146243 -0.315124973341638 -0.0885892181537833 -0.18398237518891 0.0422130807836882 -0.46839025814867
0.347579095073813 0.27228439661098 -0.0457091036423427 -0.220354207084517 0.298371656357129 -0.200799753405014 -0.288183822159145 -0.253000312567427 0.265532913148977 -0.440720392161657
-0.280586884931952 -0.309347609859327 0.054894673211005 0.344825183812549 -0.0522708125465378 0.278553630689233 -0.261808721989589 0.108630788597739 -0.160566469953414 0.0786260015299294
0.4221025765799 0.204061838348713 -0.0967679910373388 -0.147780195058229 0.369542463916189 -0.155114710096264 -0.304101226419276 -0.222749115903868 0.285783365307127 -0.378716080424541
-0.0815693678927922 0.00385245523930058 0.0642354453319775 0.0762256445007671 -0.471041772497177 -0.0220235015905776 -0.175419339585901 0.0216486979670765 0.13497512423822 -0.12557945875669
0.367313567688993 0.214892223904595 -0.161778525778791 -0.323644378498956 0.388542020660772 -0.0857561663780671 -0.248164256744649 -0.311173381526347 0.305447732961514 -0.345015260355343
0.00848477904845005 -0.00542565765807164 0.0698915502618228 0.0274879088993802 -0.306244706730967 -0.126392646947334 -0.0532023549222095 -0.0560541564248861 0.303071576792855 -0.101721887867839
0.41391005227781 0.189240705817632 -0.0252386242086897 -0.00695086511542987 0.309517775996292 -0.2807298681767 -0.0519111029999741 -0.176357046615366 0.00430161680976025 -0.458649667840462
0.320527494541895 0.280215156707503 -0.0838694563307458 -0.325391066959354 0.395871497317691 -0.0800665028129366 -0.0572846405905202 0.131821678975014 0.0894950852721218 -0.329191718616268
0.286288466129834 0.22518134636818 -0.0338238628546879 -0.341833994548746 0.26085345267367 -0.131598276075439 -0.391915468726503 -0.232073214294631 0.23475793441027 -0.345573814445281
0.205893582337771 0.155845397712153 -0.0895148157490498 -0.0877626295791473 0.0782312438299998 -0.264360451155173 -0.180466395645071 -0.102423224021615 -0.0307727444427498 -0.554313834840308
0.388587085597383 0.180730383409347 -0.000476595649033501 -0.0264511343496876 0.282553909904376 -0.351116419821294 -0.118478888826568 -0.143623587735927 0.021417306457965 -0.47707150328919
-0.348244979716475 -0.228959195891033 0.0632830389034013 0.346410530766917 -0.134108269216757 0.28855161977814 -0.146123517223634 0.0304184227400998 -0.193934972463151 0.0794334955533267
0.342484248488935 0.263891551305349 -0.0666130000470913 -0.193567747154927 0.29985072097539 -0.208297920247131 -0.289466302487012 -0.252392264696848 0.296606003914656 -0.392043748872182
-0.350560421943433 -0.326777949936933 0.142618148199897 0.324203485866794 -0.148698516047614 0.241801995685637 -0.191560905660898 -0.0145171629732757 -0.193790043136302 0.0905008246813586
0.462781146334228 0.160524788205169 -0.00520562250255164 -0.034810598433064 0.283786698570563 -0.309336698254716 -0.122092322051376 -0.175951628099754 0.0514947885176534 -0.453539682991081
0.346079720109217 0.256004081163453 -0.0741084172922037 -0.253531872232338 0.393620696767123 -0.138687163248787 -0.120758558393346 0.0785797467856805 -0.0201928252949214 -0.304127593608652
0.316692345025971 0.260639761889884 -0.0800317285013015 -0.176711837070651 0.332943329664503 -0.186018971206165 -0.318184624197626 -0.230282749380281 0.258243897751911 -0.442477457362381
0.380866957146295 0.269311146351872 -0.0611352237856372 -0.0686353870629793 0.176197886283218 -0.161729764794884 -0.301004209870983 -0.170478719349237 0.134877436497641 -0.365945603386269
-0.071444513454293 -0.113593645664652 -0.0962441087494674 0.336513926468265 -0.377505200574958 0.0925441246232422 0.0612162998789903 0.197630771767896 -0.10535066772227 0.308724117374645
0.249799389786078 0.20688526731882 -0.080950384280818 -0.22978535306128 0.171999353853177 -0.173521877487791 -0.154277070457386 -0.0848704615664268 0.213561796095963 -0.412686673777325
0.396659508177095 0.178360880861349 0.140715294846228 -0.0937281205374712 0.244170439190963 -0.321664738267737 -0.333211309774522 0.0953406193664854 -0.081068896373242 -0.295954988267785
-0.0955830535114341 -0.0898309599434342 -0.0329311469920527 0.380719799450208 -0.394711973999846 0.171979322397097 0.0105415564759776 0.288537511814795 -0.0394514324062176 0.336224996465456
0.368505086352785 0.190412750851646 0.0351069490054556 -0.0152815335156326 0.374441212387759 -0.27804773041563 -0.262186642745303 0.00130552669617133 0.0487059094968346 -0.249739265617045
-0.0693929413036182 -0.132621109837427 -0.0214937841791665 0.375802283073144 -0.439566738909613 0.123280651018633 -0.0365978163342714 0.214498068281784 0.0234130015919852 0.289755795495145
0.00156905459154427 -0.0430056601062636 -0.281249846263984 0.286196049482333 -0.615388038779205 0.194105416301771 0.0168638511811919 0.16533506349479 0.0142051788665571 0.358420608239595
-0.152911032650774 -0.17816758355003 -0.154957031792451 0.224369648469236 -0.275787536353523 -0.300666272497074 0.102331481123092 0.224003038358641 0.0663089250098851 0.244121613764683
0.263272332243746 0.306452664409137 -0.149991781914863 -0.0561583903586714 0.173243138723061 -0.237534147746049 -0.304196783378302 -0.153833741993971 0.138053933595142 -0.336125509713602
0.258488084681239 0.310179299882185 -0.180326918429952 -0.0701684954785926 0.171784697052959 -0.225558577475166 -0.329739383962636 -0.143099452859081 0.113194878325916 -0.357414808361353
0.278279288500067 0.318843878022627 -0.154850050926305 -0.0780999922982556 0.14001678728842 -0.263234389528094 -0.366870196413855 -0.192164965360519 0.0311998561874309 -0.377150925445418
-0.0692315550156849 -0.0259186867324909 -0.143300163188511 0.157375994839175 -0.195671312786648 -0.142129308934952 0.113719113831633 0.25637815072606 -0.0161958067657276 0.108306829297845
-0.131842373886877 0.0657627247736005 0.303065040070151 0.31063258688634 -0.242103544570926 0.116574095901258 -0.0969723968052685 0.158711941590809 0.265696046680611 0.0363326257031034
-0.0724580337034105 -0.00591566139452085 -0.180613361963088 0.207775832811077 -0.267900025543655 -0.22254374614704 0.0991262856739882 0.251107169593432 0.0854852578907208 0.0465520381802603
-0.157199888743352 -0.00214825389433536 0.293843673238223 0.376752496687059 -0.0821869905454452 0.158006321455741 -0.123211971494755 0.233378167108003 0.338541982272858 0.292127888119477
-0.207003924571695 0.0214267168555739 0.311382375042319 0.290205917534098 -0.21954423810991 0.0994294900725816 -0.0628669096354888 0.151916377155781 0.33668184060751 0.272680874460122
-0.244878274927552 -0.0989149357932155 -0.205987588034432 0.151402173930766 -0.211606740324091 -0.177407201601368 0.0519574857205186 0.314435817113511 0.109717750717889 0.0819650492376494
0.285486279865001 0.400522003618618 7.57077034781867e-06 -0.0532790842302214 0.166841985076207 -0.21296832143469 -0.244960675962783 -0.0264494298778164 0.106818035887268 -0.493645013394763
0.304029316532693 0.363133738547597 0.0256934527468105 -0.0106228853000658 0.0215308368416327 -0.213907794323606 -0.226438513694055 -0.150874826212622 0.138897776890911 -0.368291996762438
0.344403256584218 0.224532998216901 -0.0748402653134965 -0.0891077676455649 0.246542230145669 -0.18385587412677 -0.386559239018185 -0.226701841028358 0.114042930589645 -0.300007403723163
-0.11909271736424 0.0275007536958457 0.282168024017156 0.292032249489046 -0.225975456019138 0.0913816681723728 -0.0456329213379512 0.143026640605209 0.303622812616143 0.219649670825177
-0.0633774486073414 -0.00549819798073976 -0.225194107806817 0.187456100293182 -0.168462347800156 -0.200525036844112 0.0972651069577866 0.199050710632107 0.0268552025200847 0.0521956965232184
-0.081371972855119 -0.00856023031377295 -0.144241665003863 0.158641215624464 -0.205765321457299 -0.166567846453005 0.133529953882417 0.260692285950405 -0.00336954705562942 0.0929940600838013
-0.1512707951693 -0.480564804682242 0.240196697050689 0.140174017216734 -0.397529268297772 0.24037035062321 0.102023577415633 0.0792965135574034 -0.0972823843752645 0.231870079636072
-0.0741913426158476 -0.0208538516782561 0.228150639630713 0.270234628290796 -0.335775707436325 0.162952831333137 -0.0347824378605577 0.223674051723264 0.357180729949798 0.109291961541708
-0.362135365239388 -0.180514743869041 0.104597767181704 0.239009725866191 -0.163674396140513 0.0579161403839237 0.171706880246782 0.104925332534936 -0.0153771573183771 0.22045291202304
-0.113651898849681 0.10230013929377 0.274119044677508 0.177250697906961 -0.232438222056261 0.169031894700478 -0.053427191192887 0.208384920305233 0.304626349019115 0.187350542569152
0.109648226540248 0.153444892134587 0.33449226236025 0.11479193420305 -0.346752958270788 0.292049936272153 0.0380765402679987 0.0597679472286469 0.321481836034303 0.0720085238182802
0.417870913506833 0.314079950867782 0.0388619211318275 -0.129278214080484 0.398134560891905 -0.149664638271736 -0.38335297286551 -0.0244128000012421 -0.0290271295018092 -0.105532707389271
-0.360957375738783 -0.168523575163997 0.076566817136563 0.280494340590179 -0.157836681261728 0.0786828365505669 0.142368595564349 0.104616420943595 0.0380149197170465 0.229024469566462
-0.148314030250886 0.0786815263927508 0.260176209849969 0.172378916177553 -0.249932152684542 0.171862608304923 -0.0996935408232184 0.187752436445754 0.291298856066908 0.188085279186648
0.434285215126699 0.321102477954129 -0.0183587242982241 -0.135386141701062 0.408406910373412 -0.233254693708282 -0.208865036353684 0.175395789309246 0.273660932348978 -0.0157196810381444
-0.0990657427405293 -0.0360398906746873 -0.0906825659482173 -0.0468789646938313 -0.189145188920239 -0.0672647097170556 0.158524197196154 0.39784277977477 -0.0291070082169908 -0.048819609582753
0.00724309175147125 -0.243120120936871 -0.0273388632943413 0.373280303346076 -0.235239435976697 -0.128012943310542 0.135582026218206 -0.192997119606525 0.311197262573219 -0.139447778016396
-0.283731524203273 -0.0502716171410294 -0.181558113901231 -0.148037859865929 -0.13685822408122 -0.0612825836368988 0.110140058660075 0.330907306259658 -0.0578756458459514 0.0346609549044507
-0.182463300228385 -0.0811382475510412 -0.0802317656024499 -0.0227219249093289 -0.117129668085178 -0.11506025090007 0.130066703086241 0.437418234886644 -0.0610141300757704 -0.0940834640312828
0.409683250051413 0.449417333912436 -0.211246648526813 -0.0291685465586058 0.215308196881111 -0.193397385656134 -0.280114910250798 -0.321287642417556 0.0139041173271831 -0.374574280396096
-0.391807771407963 -0.155187540904943 0.134296540315055 0.11373749457504 -0.12860165760484 0.144574935314733 0.0426397997067051 0.151375484187219 -0.00742380626056917 0.0576624075728715
-0.0977505639420862 0.0467842776671552 -0.0451748742860967 -0.0266422260155455 -0.0856126160764692 -0.0664372326452332 0.143265936157385 0.40477041392855 -0.0603096037927125 -0.0404179227544584
-0.00862753656434934 0.0871765742743572 0.398150546864801 0.113524334169746 -0.254398690253322 0.178835409010967 -0.0843661985601295 0.0729287530220012 0.189862458967602 0.190615216371306
0.297956588057988 0.356693170405638 -0.213786047080497 -0.121029803560309 0.284369955463204 -0.261637331774926 -0.432756846957546 -0.143236432870851 0.0664300275751667 -0.519651237333443
-0.422133588586412 -0.157479048727234 0.109253861693336 0.0820812149913575 -0.0989033930906651 0.185579230242926 0.065142265391658 0.117758703881533 0.0319315141118738 0.072516597000592
0.431793175750496 0.357745552598157 0.0630344919701565 -0.130250274051515 0.45277167273256 -0.197586169165489 -0.278679181016515 0.0486103374393354 0.172453052176922 -0.0982241435308722
0.0361186067416541 0.0724108317030199 0.456635648098828 0.09619791632675 -0.226550800755779 0.209666264406397 0.0275037728878808 0.0392585197784294 0.206301500590087 0.18718128814108
-0.403115289810527 -0.239553404309119 0.164249699320238 0.117418535323134 -0.104403427964619 0.0790421281272536 0.0204387608639662 0.0928757077012298 -0.0568714685394056 0.117254987162036
-0.231047957124806 0.00142788843781804 -0.265672359960124 -0.0778949856702154 -0.149925430411071 -0.150087368443499 0.200726449067249 0.301788013658712 -0.0455712072578517 -0.000832600972662129
-0.490102479753685 -0.205904431991846 0.160922791158741 0.157960908912074 -0.127222512650145 0.154003004585884 0.0657491841226536 0.146098110199198 -0.0329358757858677 0.086362266495317
0.390710805594846 0.248663586817861 -0.149532081472509 -0.042251718545192 0.131009169424844 -0.162808639378123 -0.239822114829069 -0.0924745914716305 0.214640515731686 -0.347370673542799
0.264923244954479 0.200918535408192 0.149364192362532 -0.109350963205447 0.213349212323947 -0.268734243748859 -0.283019715267806 0.0410292517253067 0.0200375817994397 -0.396934256549535
0.334100047764399 0.258961172978596 -0.136486954687187 -0.0661478687398801 0.148763815694883 -0.115429852714849 -0.217247936650898 -0.0792795176104496 0.201133948526296 -0.361657468631211
-0.0978764080593572 0.00261491032129314 -0.043962684916694 0.352086536569002 -0.568105777835111 0.0708909453430912 -0.0233762301891631 0.265935824099532 -0.112888318874786 0.444167264523177
0.430030083129112 0.333661283257201 0.0424495172492083 -0.00841512683447038 0.398987172868599 -0.312760175402885 -0.427851428106065 -0.075022249304804 0.0829894855074588 -0.392291450936961
-0.380304668436608 -0.442640776343068 -0.0236893672069343 0.38916429161493 -0.298325028082536 0.173766319189513 0.264733782102534 -0.182971895807317 0.0247675951095738 0.134872106812036
-0.156625783061387 -0.107384051992786 -0.277112864169998 0.317241710907196 -0.490778127294559 0.194071451594678 0.0452237933165291 0.195369475280984 -0.129650251376664 0.392755760211301
0.360787840621019 0.22638011088227 0.108658896845899 -0.138714122743537 0.278375052545162 -0.310341914927975 -0.264918165257718 0.0390302207246536 0.0368220706778623 -0.432497190359138
-0.325053388760426 -0.350830848037107 -0.0261142910748744 0.309679330327242 -0.0843928430305935 0.117593589529354 0.121166217114223 -0.0374614164460128 0.0932231603457174 0.123669078137848
-0.0991361300847819 -0.107491594233713 -0.209770885469983 0.11754507151822 -0.356307302174781 0.0883982967308134 0.00557726608809751 0.259224308429276 0.0224727320241639 0.376759303719458
-0.00619811531034134 -0.106491370138316 -0.285356227441319 0.202337377606367 -0.44394368360903 0.107331107144045 -0.0125025171254237 0.367742991398133 0.0764922900836849 0.340414015008586
-0.162932065841987 -0.0600906543453179 -0.225224308748352 0.0733853714294157 -0.323968301795241 0.0821290440305285 -0.0254625056594442 0.179939212743332 -0.00663874965322794 0.277840170647541
-0.12072786179064 -0.0624431442813181 -0.241752133245447 0.073124082232737 -0.38516710363518 0.0789359420968223 -0.0229058131793123 0.150796491106122 0.0318227673894935 0.308138519928863
-0.0253512000676312 -0.0576024863071839 -0.263009268661428 0.260478341311164 -0.355764570508759 0.073737544067364 0.0820698100602791 0.323691310799644 0.0215654185475814 0.318412342505494
0.00648466393381936 -0.0821914971850731 -0.193113336146838 0.195062274969529 -0.39439815824291 0.0989087115101209 -0.0120183954032945 0.355619571397577 0.0971226842402619 0.330571026340406
-0.352827725102603 -0.221147187409016 0.090976141826698 0.377457004158104 -0.26120307578333 0.135278270557556 0.101333448944368 -0.22358100108071 0.0666575762375327 0.0228966464034172
-0.13586082750397 -0.201315221862269 -0.248947020725933 0.333942368738473 -0.476320890374698 0.0752620259727714 0.0213547433286694 0.249279282317146 -0.0198803101305571 0.314332967038116
-0.0948383032481408 -0.10001277767082 -0.0646940565200122 0.385626684046008 -0.427167765349104 0.123897108931734 0.119288569753352 0.400437498495889 -0.0760920164269891 0.280624212729023
0.279296633378013 0.191526223961343 -0.0700391815359077 0.00468342034762898 0.114150953873419 -0.0574704967394597 -0.122462195145152 -0.163297925092215 0.265587899076185 -0.335757548647553
-0.0366784465256054 -0.141581188660423 -0.135065203231697 0.327680196875157 -0.455969682766145 0.147534584567069 -0.0209225624758317 0.244989943637418 -0.11700564580976 0.387823014633485
0.257519375206591 0.216000487949175 -0.0873206809327131 -0.228925916606964 0.171637881909797 -0.196348641841458 -0.169188726926926 -0.0939540522102214 0.198537752120221 -0.379621345868401
-0.392255928073431 -0.422975700190502 0.129908230779502 0.438528167416834 -0.344118169372622 0.0853621870993823 0.197842775736437 -0.104409392789565 -0.0309391136444036 0.0630051012619402
-0.155977837147209 -0.0851201036598678 -0.128471182397835 0.430438659989643 -0.398407290975941 0.0293037442815857 -0.151581984647855 0.222677568872065 0.0247604452692041 0.34726413447365
-0.120125948887351 -0.0724378397373328 -0.135391271361827 0.415219149170608 -0.450142257722251 0.138452965264143 0.0166966751627933 0.291902470547456 -0.0135025614702231 0.319265141804743
-0.28144561898759 -0.284727299809245 0.257665876727192 0.24240592685347 -0.202425186100403 0.233139802087284 0.018947456507161 0.0152390959342142 -0.0762351154468121 0.0802261443845152
0.246381946497761 0.255966547460585 0.0162363474876467 -0.121465684480567 0.340941159308772 -0.166911348019481 -0.234671631869946 -0.31355693196971 0.0736764061318374 -0.219297019292258
-0.278005881123188 -0.343908414052522 -0.0163061020782386 0.203406022283395 -0.217858615212118 0.225193604970477 -0.141211869838582 0.068354125549724 0.0154549904056334 0.0979852674781094
-0.0154363039347162 -0.0677388036807734 0.0832640775748828 0.0154063596715998 -0.311022502446086 0.0225636780993305 0.0222415987278919 -0.00629194371052754 0.258379799497318 0.059960998922916
-0.200084682513398 0.128583481381878 0.36229330573887 0.13239524376054 -0.22970065931416 -0.0973101236574018 0.102664944857045 -0.286552880488886 0.357842748897026 0.0787773040174152
-0.37313533941249 -0.354496833832192 -0.0468261073163361 0.20878611077384 0.0214631196324895 0.235947022121299 0.0282620924574021 -0.0281415591773291 -0.0269781785521099 0.0639777106215042
-0.248739295376077 -0.0214985119797915 0.138688157486206 0.171358417558427 -0.397525713187101 -0.0212764556710167 -0.0746340955966294 -0.135502018560526 0.0645042193878899 0.00353928366059802
0.0315521164487823 -0.0457904244036736 0.00901459756819205 0.0363309931046904 -0.301350067162378 0.023534772973955 0.00646986592130532 -0.058297581331956 0.254921192164046 0.114753564145597
-0.342796147176605 -0.364717981504252 -0.0910816108827912 0.280943742806709 -0.12875961683202 0.167935083594066 0.0303442948783841 0.113816843312103 0.0936175748172915 0.136380107492628
0.390600832172623 0.151293705222629 0.114629084112099 -0.039402272580639 0.288671760105705 -0.351496533615087 -0.216690649065372 -0.303637839613994 0.15333616742112 -0.553589224532099
0.0290097790256548 -0.0339151783656638 0.0255146827692314 -0.00938718086488299 -0.306240533274098 -0.187688051455268 -0.0790637313156432 -0.164017329889471 0.290898750063408 0.0426978047330573
-0.0906309726888071 -0.0862945468489834 -0.0805266201423021 0.221813275065174 -0.189740758533673 -0.206838575110782 0.064276670838392 0.357397371373861 -0.030981301914459 0.262978835074932
-0.0479060177938473 -0.0579621470455134 -0.0856297366318934 0.24766928729373 -0.144615171980067 -0.157171906673385 0.0208455738721087 0.314192117675979 -0.0693557414926584 0.251020543270647
-0.00907311874736727 0.090777065052217 0.325092631517039 0.208958322455047 -0.300555331030992 -0.0724093276384532 0.0871872841379203 -0.275104422799135 0.385543618776025 -0.00521657252907737
-0.0692941998753059 -0.0794182701583316 -0.0754723385776785 0.224840930008805 -0.184924665023612 -0.211020364319099 0.0361515108120273 0.341777263588172 -0.0505021620672853 0.226662012464544
0.422564495442978 0.197649385663756 -0.0480801733304802 -0.251475775324047 0.404457916631428 -0.120581549723175 -0.24823470378879 0.214216460336917 0.149177214947123 -0.408271981828691
-0.342309264515903 -0.409671505081683 0.0253666425309058 0.119843871423498 -0.050579268933362 0.123906226519632 -0.0119504399060606 -0.0513533013794885 0.0917966612794881 0.047503747579703
-0.298750359004928 -0.40822336114355 0.0542453085735206 0.167807247431542 -0.0199529823621912 0.138541249553736 -0.0456120578199516 -0.0210607365721325 0.105178671522738 0.05961116309584
0.0175749730374924 -0.160705970753938 -0.00175169830793312 0.0752546044269248 -0.352072483182772 -0.0657435309097923 -0.00379870531640494 -0.115053242006315 0.238747273992013 0.0663451692366566
-0.0578421445432467 -0.0781866773045897 0.156380436378193 0.0241063502682958 -0.281194596828546 0.00285886405998483 0.0183614196102278 -0.12690923307853 0.192424520335813 0.009353122370433
0.363087118135167 0.256349308101446 0.0492540702620816 -0.160415342849648 0.149475081656475 -0.152068950964586 -0.159469546675536 -0.0934771532945443 0.14633814801186 -0.306345191244662
0.172143652702911 0.251567712361245 -0.0290425123058594 -0.132084207184556 0.0747170384080637 -0.137927642377268 -0.221698043862568 -0.024256298655622 -0.0276839649261352 -0.602896908621893
0.369490999468019 0.184560993964214 -0.073679476782817 -0.158322660591214 0.32395260360614 -0.120306204570686 -0.241087933320487 0.142249341068587 0.0486484636721582 -0.188220676883456
0.353944662942103 0.224555347724348 0.0703365863325606 -0.130460919121226 0.177006961858159 -0.170041307101536 -0.153973313877995 -0.111716473474618 0.183658040011583 -0.279466964119077
-0.221290445055176 -0.10028155258526 -0.18960806008795 0.240343938191599 -0.135058325675429 -0.184274855253903 0.0950732006442747 0.279107890850267 0.0345435718637494 0.0217845877152646
-0.329250478575681 -0.296301613477701 0.119285359555533 0.222671582746109 -0.290488169922627 0.0415108223712107 0.0365088127033661 0.217085553129845 -0.0609383302756782 0.280826330931936
-0.306589742526534 -0.212902670914027 -0.0121964931727253 0.269159619476877 -0.444341989244057 0.276101727031481 -0.05733742328373 -0.0938711949626633 0.0659020972837377 0.00504722233493424
-0.191488253257658 -0.206103422988282 0.210955659378493 0.219970589939567 -0.316493011076366 0.079017025194872 0.0716924279811708 0.0368147682101724 0.00550317939404333 0.329666460593958
-0.156939673217517 -0.0583603510728149 0.24989370216289 0.332740423683727 -0.164485441174748 0.0936416162517141 -0.140500348819512 0.21234079820314 0.468909037502586 0.187492746536636
-0.285273541568659 -0.352578592730808 0.241225854942705 0.207958701004356 -0.226031256446429 0.24895395660692 0.0164830561748526 0.0616595342108158 -0.0132612809344311 0.124458548250176
-0.271384923735394 -0.217141009262424 0.0715790899217377 0.196602776970082 -0.263731384340561 0.169494779545988 0.16394021583698 -0.0105136187450999 -0.0471400776528722 0.195611105589787
-0.189857807734408 -0.26426508971666 0.0977659848396659 0.200552990158452 -0.123665649843363 0.179096857513911 0.172612552610003 0.0187189877543219 -0.0529796209166391 0.139217466206233
0.0695873750387191 0.0810492785638606 0.17177692230945 0.305318410755912 -0.271617685925264 0.270001313241977 -0.0676765932198799 0.167530737276778 0.335853067778204 0.203506101863078
-0.188091608679673 -0.110241188730576 0.245098843956735 0.344871273837717 -0.163791039155032 0.0904338549889525 -0.143526349597143 0.182174633712954 0.442869473742775 0.176430607077579
-0.146117325387626 0.0425880403056559 0.278869287173555 0.300158612064534 -0.427337400642181 0.00804680873513302 0.172290602979898 -0.295873764325059 0.207021756118194 -0.0057330701820552
-0.187901747357068 -0.27121346729314 0.085180974308882 0.200905267213062 -0.108101772059303 0.186157462635399 0.191540812871676 0.0104690810538755 -0.0334127221478131 0.131112650396555
-0.259396239273928 -0.289344278950588 0.146129476565737 0.227435247812855 -0.308241258438548 0.0882020131533547 0.00793064353409019 0.199442591379633 -0.0275209675184631 0.367253793417114
-0.17971619157995 0.0222938388376 0.249180381002766 0.240961499068321 -0.492642347578424 -0.00545384124150427 0.165629013580655 -0.341137757453977 0.220410027136334 -0.038257679890929
-0.136097670965187 0.0131951271413235 0.246765954498538 0.228511024242095 -0.141844473076112 0.225976108302337 0.0710197317833494 0.136409504349046 0.358982460185527 0.170658654521108
-0.221517772848679 -0.134582834239719 0.0778623889710796 0.203944772898656 -0.311038764391468 0.184428019977571 0.120871322152823 -0.0513479348038269 0.00746076598437485 0.153210078322802
-0.229742957570695 -0.274439695914663 0.0130686196877868 0.494278845194741 -0.313694245972567 0.162451896751717 0.149311583966199 0.00642786549674139 0.00612518964539808 -0.0228368376194586
-0.254932116778588 -0.280879940684891 0.0979464045405861 0.405778260049617 -0.315178846742959 0.134676248791864 0.130050577406505 -0.0659462218854881 0.041140412679957 -0.074687159239798
0.292247796195578 0.24351628009776 -0.00588143243098169 -0.0154968401013113 0.140475151395127 -0.163213972075982 -0.148396318580407 -0.13752698407256 0.0906282385913531 -0.286913949800614
-0.220800953685518 -0.30409997924175 0.0457204509362446 0.424159229746231 -0.244645176050028 0.164681817008278 0.160546069944839 -0.0171981831085326 0.0196500090552855 -0.023166703843127
0.289267764447501 0.225550213901654 0.00645779089805019 0.0188756867307916 0.103340685421328 -0.0701687055648263 -0.197312427818187 -0.186682795734927 0.0283028213027317 -0.311143551359211
-0.282012350613724 -0.280604488463696 0.0352953156058642 0.401392994546674 -0.306700440967991 0.17658796092991 0.243084303567663 -0.019935863860457 0.0264061373798364 -0.0603237731929284
0.301461621882094 0.256589950817259 -0.0431471772318692 -0.00268666839330272 0.129753013159401 -0.0979586025987821 -0.215551473764218 -0.146369155443673 0.0645557642322749 -0.343121790941814
-0.217161084552301 -0.211886813847624 0.0680943167644443 0.467165744251113 -0.328989973234246 0.114764792735585 0.150056125726185 -0.218026305810802 0.0646124330150555 -0.0633990159338704
-0.362798534854176 -0.407843216700709 0.211548844422615 0.413863916961835 -0.441178967593866 0.0811485011521577 0.216289543352924 -0.0569858804788834 0.116545370588437 0.0431281425750202
-0.254408312331458 -0.243779112947522 -0.0231407063245718 0.263744067917866 -0.0577542983680587 0.147728843661567 0.107292385386101 -0.0162489339323067 -0.0839088380079483 -0.00759548991487657
-0.282039673667222 -0.43652387720302 0.0715632430490194 0.374839679579093 -0.437381773577649 0.0445346048214178 0.182073099949755 0.0179468991455086 0.0946443622205682 -0.0924327336723098
-0.331547527276468 -0.243531196541291 0.055774665917235 0.476780190244525 -0.271314299118739 0.153731238204241 0.248326428459735 -0.0392735250818873 0.0482782474394906 -0.00556210664107441
-0.307199670730024 -0.165351088728608 0.000153935617628734 0.244725801004254 -0.101206666090394 0.353104500949531 0.0512188773810409 -0.0820210512090581 0.00816063353729587 -0.0408290881008289
-0.275478801317471 -0.386076798568648 0.0678404499070843 0.306194822802885 -0.419812657659859 0.135133513402089 0.186829523653262 -0.0358607742066666 0.0948847599584113 -0.0117667574622792
-0.299542576219329 -0.166909690883663 0.0755806911911531 0.23492909553015 -0.0953871361434475 0.175921186349555 0.113147202385314 -0.0588012169966455 -0.0808694063156998 0.023041327038213
-0.329273612674295 -0.215711834354795 -0.00408745335520778 0.264786221639007 -0.086896344215923 0.180357400105678 0.0777481391953949 -0.0480654789298352 -0.0992493547483245 -0.000876606677425206
0.35046874694383 0.350515713754701 -0.160830719396218 -0.200468113469804 0.114141833166692 -0.231526273128063 -0.33313561024282 -0.160656403271295 -0.0245681899968458 -0.361193607018984
-0.371605265691659 -0.205570026070702 0.000611774687096884 0.195698372534554 -0.0333596874618987 0.267269910268512 0.101742100138365 -0.02750471521992 -0.00569501314903596 -0.0967811944091743
-0.246356285849417 -0.392729530142528 -0.133289921083121 0.23259250771062 -0.0422130459894405 0.00426547438043044 0.0178540553365924 -0.0562482493039818 -0.000484806273841142 0.206959514063795
-0.291190148335696 -0.193450192018965 0.00728098665328981 0.30911740544804 -0.119543448007306 0.208279814690156 0.0940371988127865 -0.0844529488395142 -0.0234945052825171 -0.0159229460716132
0.436093718991232 0.215212566107469 0.152302640689982 -0.0800131801283556 0.259213001542807 -0.193224500101908 -0.221808007671246 -0.220038310055818 0.050206164330511 -0.289207416976768
-0.252766312552525 -0.271927093338895 0.0361739742522972 0.43682448844848 -0.284702505036415 0.230602188184894 0.0984917300385764 -0.108142491232125 0.125549525815982 0.068157067713768
-0.369151913858442 -0.183238081249628 -0.0052556145389564 0.210205033377664 -0.0322278096473743 0.267095482586065 0.106691332338089 -0.012573319485884 0.0107142389342306 -0.0984665563692364
-0.418446698400226 -0.228909334898999 0.0448293089475787 0.293923170487744 -0.239128194094397 0.0532656199612705 0.00585153596573454 -0.0489181997538675 0.0622437592278969 0.135837944078291
0.125330759976285 0.161337933533636 0.359276956841549 0.126169582257706 -0.370700439330458 0.288177342512244 0.146109232015769 0.166683073686213 0.27356879410681 0.208867444528821
-0.26990427221161 -0.138777570503526 -0.164324197904008 0.0919308415758777 -0.278520704689018 -0.018114342105269 0.0654065586250968 0.25421254074336 0.0668424934060683 0.056432861365057
-0.269851931749997 -0.14941628556205 -0.129082316710997 0.110863649462013 -0.259355858718949 -0.0566749948694217 0.0680019409314206 0.28585661301396 0.0816664691638161 0.0643770536742048
0.477789408428863 0.350568371795881 0.13747980479545 -0.229636724603382 0.415593345673172 -0.213314223790122 -0.367471887092393 -0.0571490023433115 0.144026150635785 -0.117731286784293
-0.164610833685921 0.0990499193612246 0.421082483425696 0.228842888005229 -0.553773393834762 -0.0639258425532513 0.16931853044567 -0.216994793214957 0.242021580442243 0.0481577880697946
-0.309250515936088 -0.116177741585896 -0.179942493948442 0.110581288279287 -0.236170724901333 -0.0138493773185022 0.0184851558970883 0.198714925370743 0.123052842156877 0.141116167971329
-0.126567300329458 0.0399653148244684 0.338289195993043 0.302973837896339 -0.568047449698878 -0.0666289222416929 0.200297226568214 -0.257550575731982 0.233724302268038 -0.00186906706852693
0.447167441801559 0.316287035103637 0.107648091585229 -0.221592126472169 0.445289075983216 -0.167781461699966 -0.320370480019801 -0.0547467294623478 0.0742764500516486 -0.140405840689999
