2.31065345883807e-05 -0.388597505101413 -0.155446169777239 -0.179399406728778 -0.0598600246836898 0.174846081266495 0.00635562926053198 0.0472552759877457 0.0224860974701434 -0.308806974052985
0.289204769777461 -0.422188958886813 0.320135966726911 0.00160277301625816 -0.302826061664774 0.467121960520393 -0.0116355188471602 0.183909164334575 -0.168344585439752 0.168158174439793
0.272831111565085 -0.441239037403423 0.248189661065535 -0.0560921709782868 -0.246736586278837 0.491396479378352 0.0636927366627311 0.0111265584900908 -0.156904048714579 0.281176865622485
0.65686154427513 0.0329088661991752 -0.276664911520028 -0.197827373134177 0.016695471785279 0.435541529593651 0.0442186129456673 -0.229224322924377 0.124771897011051 0.66362748588775
0.0716427207965344 -0.400579850355415 -0.202172135129162 -0.117648609200397 -0.153757227607245 0.17803670525632 -0.235027813726876 0.173377333785633 0.149728017507549 -0.0813878649232447
0.0955915048515057 -0.335080448694222 -0.136348610740707 -0.238229318061846 -0.404066125963935 0.324015623791423 -0.0790653618249288 0.196588300611427 -0.127166035006133 -0.341874896862859
0.032285832805965 -0.450506702747003 -0.292559488844534 -0.0796816813502708 0.00836664119138684 0.0427321181657428 0.0281867286191464 0.0358354175245311 0.0363538114839378 0.0758042861440858
0.301691247520017 -0.435724292180212 0.180660676522596 -0.0270133854094465 -0.290354085316021 0.523887287225623 -0.000382653658162695 0.138070461690278 -0.10933398126111 0.34226694869102
0.272077329267034 -0.438180369504403 -0.1708545611652 0.00593578052737313 0.122678067874655 0.154977444615758 0.252772037600466 0.184358812421552 -0.171725040796417 0.413610948977525
0.312789377853537 -0.33962681135128 -0.0667387820806757 0.0198518460795318 0.104103363036138 0.0869438019761368 0.125523436794708 0.253546427755083 -0.138931006453756 0.412381943145379
0.304356504964803 -0.409989010860845 0.052426601492446 0.00731941463738981 -0.139984702930554 0.447563183342655 -0.209131768914859 0.157455587266227 -0.222137202506883 0.278296315308312
0.305195379276804 -0.32828156503062 -0.150705003149325 0.0574450982884226 0.120360814728714 0.228233521661439 0.196329008354857 0.174197208559214 -0.20195788314871 0.359254780447576
0.214245674153026 -0.356866645203797 0.167550802597723 -0.00617726012769 -0.306660417224207 0.466810698479131 -0.0663744278396675 0.210552698128061 -0.165513208710613 0.175575643685734
0.595606153411806 -0.143560345464849 -0.228966771771849 -0.134833259912515 -0.0355934666707358 0.232186227170795 -0.0265318580266348 -0.398808736789615 0.0992091968366422 0.388505283816029
0.250112617161347 -0.342288254625589 0.169180345828827 -0.0182287019813476 -0.296590660692545 0.491896163019849 -0.065437796570067 0.156982868744275 -0.186791408087223 0.224497821216592
0.284649625078419 -0.520498306062645 0.0119127021173219 0.076822149013827 -0.299051544026923 0.364140199119704 -0.0954010380273584 0.088531703239865 -0.155770810755838 0.316783805102164
0.250112617161347 -0.342288254625589 0.169180345828827 -0.0182287019813476 -0.296590660692545 0.491896163019849 -0.065437796570067 0.156982868744275 -0.186791408087223 0.224497821216592
0.263936322934806 -0.405255408102671 -0.139126184034014 0.0357203245794733 0.119725641132397 0.17307797258692 0.191204511292875 0.196894681428294 -0.245166997269204 0.313929041978
0.0177038075325326 -0.339935300871912 -0.315743050171881 0.0685836064271697 0.0124218697360283 -0.057875763545993 0.201482761040414 0.0689908293309569 0.0603441146769057 0.070257970566319
0.921971028666271 -0.106493196877681 -0.255611083626395 -0.0766324183692594 0.0796872095647213 0.279548074417554 0.132619850484247 -0.471747083872072 0.0934089931626217 0.52943348375357
0.252822629134222 -0.354560632904178 0.188466721971095 0.0644859407778769 -0.20095078551842 0.495441448242747 -0.0630118400720173 0.0828396102989722 -0.151908771280806 0.164853054086128
0.219600284738028 -0.467687740289091 0.0488714015489271 0.0865620822122101 -0.303185980868852 0.370830976477313 -0.102644350134274 0.0544193735198945 -0.138605212482688 0.326083614373483
0.236441597195563 -0.40267233322469 -0.174005677389847 0.0245146237888962 0.155135489037575 0.256710491495576 0.203896703678064 0.147191602760773 -0.245545941372946 0.346066263855803
0.282325452928937 -0.410010264388005 0.153028991188908 0.0568059014363244 -0.272228738487845 0.466943524597668 -0.0937156683196391 0.112531662166188 -0.155390883133701 0.231220585383872
0.369716518551844 -0.525165061506853 -0.0100672856371731 0.0341348734034613 0.0438921763844469 0.136836481587869 0.192689378901992 0.171538173628046 -0.0573374295797278 0.365756421920896
0.0250790377209942 -0.374550127209712 -0.140039191391487 -0.240805897983449 -0.0130821206075321 0.21870995881385 -0.0814521137916629 0.0505455072406412 -0.076745088490927 -0.172996809853125
-0.00902880280985774 -0.311760886224854 -0.0227071163611964 -0.174194037162094 -0.116774895364857 0.196056897493709 -0.07947424871106 0.0964341520221739 -0.0846024396704338 -0.134545106143697
0.365456166036574 -0.351792155112803 -0.0142998493004117 -0.0508862272978214 0.1462415446267 0.1793965914512 0.228895950814131 0.154681227976701 -0.0899327549358378 0.257182915651485
0.311395309129751 -0.334311523826738 0.283177211405372 0.0312355987573306 -0.276532571027411 0.503021986258896 0.0388703435079327 0.186765169551952 -0.142592256157791 0.296243879790104
-0.088872073212182 -0.46293752281749 -0.214233353354328 -0.134815363066952 0.153806932138076 -0.00547650106820884 0.171520292226852 0.100071282026832 0.0183307007837686 0.106293445423543
0.330592524745935 -0.46619635748242 0.087686561884634 0.0735349797252341 0.164749214130509 0.128298579643535 0.179601104417255 0.150554395415632 -0.0662123435899784 0.279091579720026
0.230504383025803 -0.342363581806625 0.230474925714976 0.0606564061497327 -0.294009468530817 0.487822653175527 -0.0306565276963152 0.225446776892925 -0.156078339508654 0.273830694998545
0.310360515842909 -0.383695012945008 0.267683376398903 0.0658538610079956 -0.271065220596768 0.506072498979056 -0.0176366968149122 0.221419323231751 -0.145294334955007 0.296295678601701
-0.110330988662424 -0.460841181602689 -0.274524237953704 -0.144165538472947 0.0892488443599843 0.0310581153095943 0.134737082536994 0.115462797569108 0.0118214649408427 0.125296342487912
-0.0182651116996837 -0.371037133823474 -0.258666632954359 -0.125431971774639 0.0322432134366756 -0.0184392810557159 0.0630772105794152 0.0397092154956391 -0.00616090759484045 0.0871310439329055
-0.0480248518218963 -0.454504169394345 -0.233998760921054 -0.101291871910189 0.0685479210989318 0.0173456950601269 0.0835696779832917 0.0701751246645302 0.0202938842783066 0.076356660412618
0.253930967403842 -0.457302458808532 0.219949744492815 0.0179845635848823 -0.273439227453776 0.431652519359594 0.159651411722858 0.103432393401935 -0.160031978614871 0.420341975355847
-0.0557289996158361 -0.371042680307077 -0.305298607654039 -0.132946904604563 -0.0170889206134107 0.0105925752023765 0.0643636916915281 0.110084630026863 0.00524771487752466 0.0994780241127188
0.135765370550439 -0.318662394592336 -0.116142186185046 -0.266556091450185 -0.297453076292621 0.331289740134611 -0.134934330161048 0.197823486376964 -0.0555831724870201 -0.270920625158016
0.388606193562726 -0.361615834993414 0.232229069212848 -0.0197872855451246 -0.273762838192203 0.627845696886344 0.0983340230933788 0.0542204167536502 -0.198812308194033 0.264987732681238
-0.0225843059340254 -0.455194039434028 -0.0848539007862561 -0.218354495328972 -0.176013681929694 0.214217029980519 -0.0401579503846251 0.0480166867430635 -0.0255618519512249 -0.2318775691926
-0.00809405427324178 -0.422351084541534 -0.315335463739889 -0.0712139305822846 0.0209412162161467 0.0655880567429674 0.054003791810951 0.0267553619331128 0.0229000801787348 0.0166506761847993
0.297602051381213 -0.423660429666325 0.251401559533049 -0.0974044921229483 -0.351995530796311 0.547850808150035 0.123503215494209 0.0905245483759288 -0.225234435694766 0.353349806055464
0.368571219156095 -0.469245225285239 0.0637695215545534 0.0623352885620896 0.164695353375957 0.108525624931403 0.194873992425305 0.16570867063315 -0.0153399510645843 0.298091760178468
0.286976715144322 -0.344281016936524 0.00807080471366711 -0.0569217894637159 0.091844808453087 0.168282456979822 0.202158235717005 0.203020014972532 -0.0565022615435228 0.279105597580143
0.266858587880421 -0.413371802231549 0.272216063046425 0.0827926513672507 -0.285413592490035 0.528910187863294 -0.0165914360089039 0.234275313162126 -0.13962154469483 0.30260057269051
0.275069022638934 -0.405452554462138 0.277566090661904 0.099329143058659 -0.288689119100473 0.506900694980206 -0.0110766304562912 0.211667110255913 -0.154989081927392 0.299766201804523
0.363048392845068 -0.410274843723111 0.207305479859591 -0.0335845712071703 -0.335151204469002 0.525137357971571 0.0561323302890951 0.0622276814919472 -0.248400395349992 0.278962851926666
-0.0642128765878135 -0.490471053827153 -0.0561290070277852 -0.215118738974934 -0.119146084522553 0.257653381424021 -0.00902149562803857 -0.00316500561802684 -0.0113252409921364 -0.225106609583856
0.000160378700807998 -0.422161495184825 -0.279197413162059 -0.034285284697841 0.0734420189219764 0.108834188150633 0.101400855164692 0.0363608638468105 0.0189937235975779 0.0459656897427292
0.304340829418242 -0.322388240313792 0.278333272432634 0.0971853312013492 -0.253866225390712 0.497331243954079 0.0146638832353269 0.231969627144389 -0.114876574321462 0.270371992079518
-0.150402063309589 -0.435252822891183 -0.278076228169945 -0.125058538887187 0.0393038538347877 0.0270210300841987 0.146633061984971 0.121068782820338 0.0194025169123775 0.110590511900304
-0.0521299333131539 -0.447510066734174 -0.222173414070359 -0.0590520721336179 -0.00733774585694021 -0.0139732954234624 0.126841719866415 -0.0405581310674702 -0.0211424529740144 0.16679653118847
0.382857483256478 -0.391202139120215 0.220484436809454 0.0185377906352018 -0.288404665879243 0.588061473503083 0.0274285890296867 0.0747834330324569 -0.189059691312833 0.285398552630656
0.363349141859533 -0.508935295892856 -0.00508835783368557 0.0128788801906226 0.0440145911339606 0.156803311954867 0.183354821930341 0.166722256691409 -0.0654415898816286 0.370754376506684
-0.117070166712167 -0.443326245109618 -0.247122484384649 -0.155129399594433 0.140903877398494 -0.0203275430005299 0.120275870075279 0.125325354105629 0.0630062514576613 0.0793506514057247
-0.0340195247760122 -0.374117752602914 -0.269213888278039 -0.0960842666937456 0.0851550148567769 0.0048123062919158 0.0532104793346079 0.064998461967126 0.0352738737044647 0.0996774973301984
0.323021181378449 -0.467832892620091 0.259222977424641 -0.0197969499288911 -0.283985453421021 0.4007138469992 -0.140617035785986 0.171783075020405 -0.128803423754306 0.227048627306322
-0.0598239187126245 -0.455639160149972 -0.196952775083002 -0.184281354575253 0.0156705764985892 -0.034710385109684 0.0584019156980045 0.0673716029278421 0.0379412839475277 0.18528629879336
0.399899703742409 -0.382865711595164 0.237979384650412 -0.0250684365061651 -0.278751221220731 0.614925443742003 0.0889461356302925 0.0444127432849737 -0.222675281035138 0.262964614241751
-0.0710936875947958 -0.455268543984538 -0.225292476160928 -0.151723319522735 -0.0331356656766531 0.00618846751383452 0.0804435098879043 0.0660100716847239 -0.0703841435867624 0.166324678612677
-0.0560655018792756 -0.353553042684628 -0.30067296069755 -0.107289818276042 0.0141025201142833 -0.0163278460855457 0.0558259581218894 0.0365171954743181 -0.0120825728996518 0.0816284717491974
0.381301742410748 -0.477303716155576 0.0131631735546817 -0.00112103673477794 0.0650665776021269 0.166141584120026 0.153834362361453 0.118407349358094 -0.100618435491879 0.357704681549646
0.261339302808027 -0.367503253998179 0.256730915336893 0.0827767916086955 -0.292786686468573 0.484156662337112 0.0276660172877118 0.203340078612477 -0.139570253123015 0.274459246909327
0.253930967403842 -0.457302458808532 0.219949744492815 0.0179845635848823 -0.273439227453776 0.431652519359594 0.159651411722858 0.103432393401935 -0.160031978614871 0.420341975355847
-0.0462184466958407 -0.423063006272318 -0.267819049300958 -0.0993375339215038 0.0840719234145836 -0.0141397132397473 0.0993533424087678 0.0734938891467345 0.01627283392155 0.109753183225864
-0.0318923924617038 -0.481206307463783 -0.196717385941592 -0.143141871713117 -0.020361986814026 0.00190744193588917 0.066377777939926 0.0752859973012798 -0.0655424266114269 0.169376418028103
0.250064407632489 -0.470983327323246 0.257500314018428 -0.0239444847535477 -0.329906975470184 0.533585575226695 0.0466678563107898 0.197537706643975 -0.0946692798403646 0.269182473173488
-0.053623833453102 -0.357855109374376 -0.303075273741024 -0.10664722834028 0.0164900300980818 -0.0402752300353625 0.0598799259155811 0.0639896445274825 -0.0074365950633733 0.0734212753591332
0.127828401064539 -0.348903561470161 -0.149670451767611 -0.210136039334846 -0.333358933236156 0.335299973626862 -0.091247041046889 0.245153473775598 0.0133434020114889 -0.116083840048553
-0.0271127297295703 -0.346623893702039 -0.151458269682659 -0.130507270758798 -0.00830441611434492 -0.097741886547379 0.0683365397678034 0.0529778755530608 0.0670450930172468 0.128413335596566
0.0246338385190011 -0.295260322372987 -0.000576962283789411 -0.192794654544285 -0.0896121352075637 0.195861642305005 -0.090666241033136 0.122570144835224 -0.0609794473867198 -0.133095668065044
-0.022099316870391 -0.42349362179145 -0.318267484652811 -0.0650484383776744 0.045829243814696 0.108896502838438 0.0909043623662728 0.0546704280284663 0.0122827167964352 0.0532937689374101
-0.0503651053602364 -0.497073531825567 -0.202728060791978 -0.117486404060806 -0.0753507015806189 -0.0284806170966119 0.037115562743703 0.103869581040271 -0.0263221889014055 0.162392462670465
0.038672195645702 -0.380197872164109 -0.253029496799255 -0.0560311880321519 0.0525834363457474 0.0351354198804459 0.160736996696497 0.0750109885710347 -0.00222835012585927 0.0648609145858439
-0.0281236418455246 -0.422826516344774 -0.25307490132327 -0.152347827018035 0.0205369661258959 -0.0490924107642048 0.080749096411257 0.117973393125382 0.0340022195728555 0.180802952262708
0.0765871372472249 -0.437332099212159 -0.196840867401397 -0.227527170438545 -0.166467953178912 0.15065974086157 -0.209617708341164 0.144262409343283 0.135564128959945 -0.116872930242462
-0.103608815005109 -0.502521165096764 -0.183407008796871 -0.154738283902705 -0.0907747701929204 -0.00483683225788316 0.0656492479099587 0.0944009759954318 -0.0127506928275231 0.162505536058993
0.0569209572445675 -0.418161702659341 -0.141917197164507 -0.230655666090528 -0.20487980338505 0.134054498041435 -0.236317411428494 0.0941116191804443 0.100663706804927 -0.152846862255466
0.654398983536282 -0.13735993210133 -0.234675104836016 0.0112209690298936 -0.128966270804904 0.381733962682819 0.0371006309594834 -0.405765636812421 0.126692705986936 0.485197825767941
0.285908447179577 -0.39715673529336 0.23704982101259 -0.166774995764603 -0.24904819947727 0.590968542907541 0.0683820063362409 0.0738469746983463 -0.21434276327729 0.386968236186027
0.255789618541807 -0.424044666794359 0.244751609087809 -0.00235699834976039 -0.212121902652265 0.538462513145447 0.0721204379428381 0.175276875310088 -0.179446856212146 0.348247604294647
0.253928822061018 -0.412472335100841 0.252219647059926 -0.0360435584053825 -0.279959177796655 0.375736187778829 -0.176341218849593 0.18972402831246 -0.172513693339337 0.262052387912585
0.725966928064961 -0.168904960430197 -0.17433599343308 0.0408833226194967 -0.0707820082342143 0.344614846471185 0.0504984129784065 -0.398816323954586 0.155563663643355 0.522195285879875
0.290393714732999 -0.387677066117725 0.241239893284202 0.0170297075195302 -0.31485075219016 0.603395294671642 0.000495028637545521 0.085246421786276 -0.106673278625814 0.314466872482849
0.282829404442662 -0.408494218730723 0.233552557365062 0.0131208744743025 -0.230059532109352 0.506133652782598 0.0604787924831369 0.182160248746149 -0.124482238987192 0.353491497406219
0.305304585905597 -0.35960984779221 0.01981320265831 0.0365667004440433 0.0279846880069894 0.187521335369048 0.176739583474589 0.207767855160592 -0.0471998643470855 0.24423083771855
0.0254955283441323 -0.298677289476955 -0.0705723513691808 -0.156594932044028 -0.0205448901427802 0.265168803363194 -0.0544209191831852 0.0300033665006576 -0.0850578889764973 -0.158858933934652
0.42044813264289 -0.493927979626931 0.0109174190827709 0.0143774561898958 0.124842984089475 0.150666327432227 0.261969594624182 0.222647224861364 -0.10858451040166 0.360666059507614
0.330122489594026 -0.374101438283149 -0.0292862368975548 0.0190675186740772 0.0954004510462674 0.222435579179753 0.196598283234978 0.199437635825516 -0.0278729715586496 0.297699291662865
0.0495078537466407 -0.448937905741392 -0.259000632802563 -0.13735535120595 -0.0100485362782007 0.243983071652387 -0.135609038637441 0.256307303478198 -0.079408150559352 -0.176186870865335
0.42044813264289 -0.493927979626931 0.0109174190827709 0.0143774561898958 0.124842984089475 0.150666327432227 0.261969594624182 0.222647224861364 -0.10858451040166 0.360666059507614
0.310470488973105 -0.485116927515028 0.281968931913722 -0.031802696027466 -0.314228343723705 0.414750775545361 0.194530787125304 0.152751667209735 -0.234632562813557 0.4483571917753
0.0497982742187435 -0.32323816421132 -0.164026708784377 -0.192834793457867 0.00513667968827538 0.15591940769908 -0.178760151896823 0.0980465990603749 0.187374135521987 -0.18902957070755
0.0588127011321308 -0.367410262648339 -0.161022922552278 -0.183672897689141 -0.0184577665665225 0.165669705221419 -0.0812651300645229 0.0712987841891188 -0.0569172541734255 -0.241090786626104
0.327929356516057 -0.369924387595948 0.327745689548863 0.105253015644259 -0.223025450145521 0.481956569040426 0.0197542259397234 0.172890245054973 -0.189160195871296 0.328334939763835
0.332454866601619 -0.36926087603776 0.250621240956376 0.0477648522749571 -0.263255002769785 0.469459811148795 0.0257022762381867 0.199860350300185 -0.134931759476865 0.326394126962011
0.359708863761153 -0.363104362640463 0.321238038360535 0.115869404884676 -0.215927945243787 0.473157695696568 0.0056587855643245 0.177667214752487 -0.162685097248504 0.309932738581928
0.248082263990946 -0.505172265417895 0.309900962736821 0.00350781227911302 -0.276978485628677 0.477299962341184 0.0379586785385888 0.159765783511469 -0.200016966842627 0.200183679304462
0.360838208847935 -0.433621972877442 0.327825814404212 0.127434466174909 -0.244275746281816 0.484724226553559 0.0496120453820904 0.195397440604894 -0.16405876018485 0.345747153088398
0.0550061725321959 -0.503363049152081 -0.261423169553998 -0.0871722462498207 0.0175426724476648 0.258312312374072 -0.148697532071832 0.276849347342202 -0.122529752708687 -0.149793259311679
0.290220993408234 -0.565185361165495 0.308065476011409 0.0448468238390368 -0.299490016646556 0.592468407181789 -0.00674465890173902 0.187974154699685 -0.197534421824036 0.228298529889815
0.147778828515587 -0.337353751930526 -0.116820326042505 -0.207186052718874 -0.365243351155346 0.336477685627389 -0.0858788776554202 0.206747162498704 -0.0698363544579967 -0.26466901575742
0.277648869268572 -0.363718770813423 0.329032340868676 0.0855021173448942 -0.26701175097502 0.480218222485477 0.00992185561671335 0.230973093466894 -0.144513079185439 0.303557826255234
0.141831248126508 -0.325031759926714 -0.157080756941376 -0.303811422783641 -0.375871952676555 0.293643283016165 -0.0878918836616303 0.167726261810603 -0.0653614031817352 -0.283973836741122
0.644146088623568 -0.117061737251683 -0.227725986699353 0.0128507912507528 0.0134576462282932 0.323930326915868 -0.00596155094259804 -0.406434433505522 0.141851528485339 0.540598011289039
0.23447081259315 -0.514090320336456 0.276937200198335 -0.0434057455359925 -0.276688983618479 0.429519768505135 0.0842654799604297 0.114404136299605 -0.174728386293511 0.535123409531385
0.598427872893766 -0.217081766291665 -0.256025050372654 -0.0962472254133784 0.0291585684417731 0.335718712437274 -0.10833090451948 -0.459382454221841 0.0687159597830571 0.595261454053592
0.330352944446489 -0.368602144199444 0.258231008944862 -0.0837812210526118 -0.410486886477625 0.589925347985224 0.0536673215079697 0.0870324786196103 -0.181656044354838 0.360620814825908
0.0746029716440569 -0.358649634621641 -0.144838358731616 -0.168491656027549 0.00340347486366124 0.0830853485900108 -0.18872023034555 0.0368329664773631 0.212680906105357 -0.205965931637274
0.356671808233627 -0.499474545840566 0.00731650854363147 0.0436803428894879 0.0837408507717248 0.138975867151836 0.259235307676981 0.181763105772567 -0.0877057562175922 0.362018920656622
0.0429623900297 -0.427933972513582 -0.214790484488931 -0.142338246037907 -0.0843708687882153 0.123389879154758 -0.235389004458962 0.124134340024185 0.0929000131388306 -0.0902218765517962
0.267895812627629 -0.345782772326492 0.311904159197357 0.0856439560379233 -0.297120698015477 0.508754276088644 0.0362485020480326 0.25636407014554 -0.146684276273732 0.301125077000593
-0.0399315833755783 -0.441836241640628 -0.270589224828582 -0.149607214173385 0.0602599321646933 -0.00834422332551681 0.136602677351465 0.0260351833355227 0.0391920483778575 0.158713855596984
0.782641364629621 -0.066197569581752 -0.183199252111757 0.0385606634733877 -0.0615531390009355 0.331288223845598 -0.0994143587086984 -0.362668496487319 0.122870598437867 0.570004108640014
0.41376407117867 -0.517821008576662 0.00403559687964794 0.0585246267814682 0.131313302306496 0.127921357387001 0.254966094602939 0.197174568340416 -0.117084385555901 0.283945733531968
0.267460796350262 -0.356221832132966 0.227069367383632 -0.00870731055066156 -0.279608193368459 0.561393362814259 0.0402368400273614 0.0984480591721884 -0.142382535151943 0.323216656823631
0.0823539170377859 -0.366726939543049 -0.107942726089552 -0.277803185135014 -0.358742271089167 0.25594938556982 -0.0899915180439071 0.197790849695535 4.92014738225684e-05 -0.164315862207059
0.0859323288884667 -0.371937181984815 -0.164632115229368 -0.193514860261762 -0.00365850907833285 0.176992793314111 -0.0746896500522682 0.0533839749170134 -0.0478110093099388 -0.206112723345514
0.0263746232393643 -0.375790515070526 -0.178318302502592 -0.182296095563624 -0.0338621079405474 0.155008102233499 -0.0920976301453924 0.075233861278336 -0.095597698677697 -0.219146683600243
0.21144060822195 -0.504907237903908 0.2623009671521 0.0520209128680732 -0.339169601509195 0.477743579367117 0.00836672415039634 0.118188771667045 -0.16836904258749 0.203380770152973
-0.00371948435923377 -0.42154931630438 -0.265238005892192 -0.0960749830458999 0.0165739543217385 0.0345059147843326 0.0835593128207817 0.059689095999774 0.0415929345897175 0.0708657135560991
0.411930046800438 -0.423622118251858 0.235574135211737 0.0336091568385597 -0.268429768210452 0.585690146385218 0.0807186338847115 0.0702425581669413 -0.217597067295418 0.259363182676698
0.0240911046781444 -0.274910516919667 -0.0202095413468382 -0.210100565908017 -0.0797869256998961 0.166029065129381 -0.0608735835067771 0.1125797259634 -0.079580137852525 -0.116319596089239
0.219296330205737 -0.518746070761269 0.290519848904273 -0.00450933989239853 -0.351375657561896 0.480875635452117 0.0885278883032619 0.173171431297463 -0.100165062817133 0.247691789885759
0.101069944215449 -0.341519995784355 -0.0775786971504881 -0.209248839694899 -0.375307803521436 0.316978524317554 -0.0406508295961736 0.213395984692199 -0.100430424190605 -0.294424904150673
0.13526682131985 -0.384703805043831 -0.132029739285512 -0.23413015388429 -0.368434558259974 0.338998137710987 -0.117699426468965 0.275622356222702 0.026721196883914 -0.156686484378835
0.16770310101928 -0.298000644797062 -0.127166339137505 -0.235167025224888 -0.331690038247084 0.287247149036399 -0.0963897262221675 0.200620674913116 -0.130451942643053 -0.298068118441951
0.205318445197611 -0.502645772281119 0.2026061358331 0.0382353287171919 -0.232108667232197 0.401232663179246 0.122432655627528 0.052959774962938 -0.189408340434916 0.410900561645775
0.392984074814022 -0.42813180821529 0.258578598244397 0.0114599091382826 -0.276601331472195 0.572025560369222 0.0807173174445878 0.0496648519387281 -0.108087320354337 0.299723219649813
-0.16603017037588 -0.403967547195398 -0.321104230344475 -0.138719081498662 0.0331807664815822 0.0143801343585771 0.10550239407507 0.0803491129030919 0.0236453365576933 0.140381171772816
0.0406189389629963 -0.41058610369009 -0.261896454259612 -0.107700466885339 0.0400474228198247 0.049199571053724 0.0168703175651746 0.0357942814123993 -0.00291650647433649 0.0771677995320567
-0.0554308812708262 -0.438339899674221 -0.232148086787215 -0.240274507415724 -0.0295673339730011 -0.00155858058604596 0.136884965053272 0.0859511820762954 0.0540400724032224 0.121607689120263
0.196238457911892 -0.507647059905312 0.201781992991521 0.0549199995737744 -0.234861338682602 0.395825474554453 0.136948788852989 0.0791145928200005 -0.183457307718769 0.4290790266038
-0.0172235153031134 -0.433656324669818 -0.221413795067227 -0.0706583763611972 0.0360127258077562 -0.00281758027349413 0.0503750425601868 0.0180630012391275 0.050222977609782 0.0942906169760952
0.288160945537796 -0.447188009997754 0.237559176296316 -0.0435273005929126 -0.251760804698976 0.484730956311327 0.0727001230816342 0.00464304753975735 -0.169117675383998 0.275243422679916
0.242483644622338 -0.38461824053841 0.255991908182746 0.0830599304983662 -0.267028122024168 0.494205174327428 -0.0820473365728778 0.227187891528048 -0.169350321719144 0.269941536229242
0.226268578627144 -0.54578251820257 0.285838148860036 0.0262018584161026 -0.320416541158301 0.492324756185964 0.0404594703147327 0.184359307047792 -0.180634289710371 0.234192911107331
0.290035174785872 -0.499067288991595 0.186885717008291 0.0940120333788625 -0.339743434454844 0.416314328519697 0.098914629716276 0.114987390437895 -0.123585149202889 0.486607603158112
0.113245346576978 -0.448407941987289 -0.171149535810968 -0.23122340883247 -0.162497516971685 0.128271000649279 -0.266762672552218 0.102673944206364 0.113062134167697 -0.0623835481859086
0.263229555234402 -0.323139844024205 0.272391482574972 0.0187645596261312 -0.276328355296322 0.453779580669589 0.0238688576129016 0.230577037101631 -0.103978230285441 0.282540612823691
0.25391719452678 -0.382215097059932 0.280740057711063 0.0980193214831105 -0.276944721349543 0.487586354409565 -0.074962856951818 0.248475144463854 -0.184475554976442 0.284112157236188
0.347353256634502 -0.452298894620871 0.0807976478074414 0.0617944724191755 0.164066927744868 0.0967532333997557 0.171739862791775 0.136146743843209 -0.00996671662903114 0.309077908372593
0.669214256905508 -0.137428670909894 -0.245126535409094 0.0295974834023394 -0.117258369965099 0.374623554273511 0.0418025817378749 -0.376381051269107 0.129787820787578 0.502513898900213
0.371499733305376 -0.382875616772961 0.189575428118542 0.0159008247887429 -0.29663359528092 0.587268621992143 0.0302199433120785 0.0769427619623024 -0.20275406263322 0.303280541409487
0.229796590304715 -0.538198121130297 0.233040573398449 -0.00450553247860307 -0.264223183745331 0.461194862359737 0.148169908105012 0.0159164714297826 -0.122112502944477 0.429832556477669
0.656142716843276 0.0358466902535736 -0.256257411763315 -0.199898891080579 0.0218303299808925 0.43988564762027 0.0450407146326768 -0.232243445909321 0.165893408435823 0.650109409326447
-0.0641918656948663 -0.366642509948265 -0.0863233991748832 -0.217957852143441 -0.0610411175111367 0.17948624193819 -0.0190489190830135 0.013322271354741 -0.00784023031808593 -0.216250906204528
0.143903258454204 -0.355372750473263 -0.116629140979557 -0.252141629985944 -0.287849427673348 0.345540109317693 -0.147726460680826 0.22617620013504 -0.0656512331130315 -0.272549705096686
0.329007346822048 -0.352290576318317 0.276710006726408 0.0702759644227231 -0.250389349071439 0.51622484198752 0.0383242928866699 0.169921227353026 -0.119935023678925 0.305060903493667
0.102965105125126 -0.355795648096777 -0.151733830742785 -0.271426418224531 -0.321159529135597 0.298962347905658 -0.0676827310140737 0.270923970469595 -0.0154612984428268 -0.205121991024896
0.0415151722624412 -0.315940306005789 -0.162187177943256 -0.250203891415599 -0.0544200561053896 0.184367840220374 -0.0498010228036605 -0.000321144095123401 -0.0408380955147415 -0.212490807459
0.326903827840984 -0.357483102737321 0.29362333530534 0.0391611235941843 -0.268162144063345 0.503157121760972 0.0523424158012794 0.177063860163418 -0.132868620426076 0.300996613941211
0.308281115275782 -0.42276782559326 0.247273388675543 -0.0934372104557824 -0.346746910398903 0.541684159467507 0.118734198876294 0.10075319366469 -0.218120414523751 0.332637135779555
0.0265807319531518 -0.346079672949673 -0.121884209874376 -0.249377675549564 -0.008033449732397 0.184042360895928 -0.0650750898813705 0.0492030975324755 -0.0296582346263203 -0.202128120344055
0.312085700195571 -0.419109462672959 0.244175815892187 -0.0832677119855373 -0.320690354540555 0.523071788711584 0.0756742319211316 0.115683584824629 -0.237909616860851 0.297830017576117
0.247221010553104 -0.369492213126284 0.257242318433809 0.0733640643351249 -0.26028699469999 0.495497521721202 0.0788694983963248 0.191013537836628 -0.124320205151112 0.29357004856218
0.0577631075512238 -0.376054246311226 -0.211889569722806 -0.118941455490039 0.0316724132319012 0.281816864738199 -0.115816537715523 0.265417049691507 -0.038368809379603 -0.18530896110327
-0.134733885098257 -0.448089169262989 -0.237949667204219 -0.117727045986484 0.0621585496054531 0.0229871743550574 0.131382673558167 0.128544827899492 0.0313607464366258 0.120618842179323
-0.0351609694755591 -0.480162533106155 -0.192293078402379 -0.142551715018489 -0.0107603597892192 -0.00462479050417688 0.080103682321796 0.0808232950292549 -0.0650922293853207 0.161430842777436
0.253598269525726 -0.458053445535605 0.211907320040007 0.00659951370666627 -0.277622336527895 0.437198264988352 0.163665546109107 0.110634948424888 -0.147541074925196 0.423648974980324
-0.0735291589027287 -0.444249795185207 -0.210623667622471 -0.117095341316334 -0.0628055380341957 -0.0396480165850838 0.0294090129195518 0.10044912700684 -0.0612884671072805 0.138424524869031
-0.11066344478335 -0.481548273229901 -0.259499312724189 -0.145358383930882 0.0784520651601985 0.0229041752496374 0.120652969109442 0.115511213968138 0.0250658953566423 0.136458191753244
0.0259592218232386 -0.377232695324223 -0.209725010365421 -0.136428188174036 0.015899191929744 -0.1014335257747 0.0424850529544963 0.0682893160257514 0.0165526615921177 0.127435613421088
-0.0773221350214389 -0.482747046305992 -0.223898319847611 -0.14778201727196 0.158307163507566 -0.0151019065077225 0.1809505444459 0.131293360739939 0.0358426804444361 0.10481802958719
0.0501149385766689 -0.352120722948691 -0.231556143686258 -0.104282445820009 0.0599544189047758 0.281611151354932 -0.114764176059811 0.235121116132647 -0.0423215320162814 -0.162394153524871
-0.113464413929151 -0.431059358539761 -0.266487084514178 -0.117225540846826 0.0654278880105187 0.00753069713450121 0.129715787478872 0.132614846534821 0.0353107696544253 0.10489275489339
0.0575907789799084 -0.426051121170418 -0.216844249697919 -0.118276081476757 -0.100802333220611 0.112275877928564 -0.232269425964224 0.0533611542781256 0.0727116965458105 -0.0801396447085384
0.36694089979465 -0.425948804023433 0.272576759495164 -0.0929925356309052 -0.404212204890823 0.59780689850287 0.0505970293997379 0.0966372541232761 -0.196829072765133 0.376325881326452
0.29053119999984 -0.518345718970576 0.271276083037457 0.0775700222554616 -0.313933243323204 0.558965581589766 -0.014231173837603 0.162143277347565 -0.171025852391392 0.213989293564775
0.200752839848407 -0.544092964674965 0.222683686060397 -0.00922804400280835 -0.21414805470141 0.440444055125049 0.161221293162525 0.108872380461065 -0.164030166100402 0.419724450350236
0.05568998243568 -0.382718953419069 -0.257066890825149 -0.0746815116710229 0.161553479795708 0.25500772712018 -0.168856543714588 0.265842235808597 -0.0940324660589358 -0.309705279297221
0.344076275354367 -0.36145138263088 0.208363806981683 -0.0411018688801472 -0.260349358467946 0.579947146548108 0.104044090575156 0.121983660063788 -0.145027682687509 0.333363843507916
0.11502532290555 -0.379808591652028 -0.163515588918658 -0.24175215043743 -0.401793701720828 0.335168595688957 -0.041283261026765 0.250492500616492 0.00200943931314597 -0.166719083089318
0.37026984818171 -0.430520574609482 0.30856985353048 -0.0241107477226979 -0.372918705145232 0.596261797872751 0.147439860321164 0.0229001741853023 -0.227228340731468 0.376602529712676
0.233198246361322 -0.346093631917677 0.254258396581521 0.0639342001126304 -0.277850274996474 0.52415684620559 0.00962137864869813 0.243162092261119 -0.186720947300946 0.270601091688025
0.193515224666188 -0.511967630280518 0.21150926387356 -0.0227739570226363 -0.222860751823471 0.434900310212041 0.213808495572695 0.0953195702877104 -0.173734566427117 0.434494867522408
0.334847471535573 -0.39059473783357 0.292356654851291 0.135503260963327 -0.264542907580012 0.496078136447296 0.0208200987478042 0.189505416153182 -0.168806966234686 0.350707560904072
0.0238388240164842 -0.381456247084077 -0.138256995931714 -0.197435898652237 -0.0338615079788102 0.137382955248309 -0.0795359300264663 0.0747783467783881 -0.0804304405549425 -0.238475836750307
0.309828320020903 -0.414592378609879 0.235831459365649 -0.0122595804703727 -0.287217452530177 0.613622456410352 0.0318360072888183 0.0751558009215178 -0.0793473302100194 0.380164542520018
0.0482736922840758 -0.253035271184933 -0.0153793144124931 -0.202611433357553 -0.0961200297900171 0.19350495858934 -0.0773111176582028 0.10585564342414 -0.171383541329555 -0.0782105796774177
0.339769810248249 -0.369209884104124 0.312378685908585 0.0959857266461234 -0.229377074946409 0.473293294942878 0.00972758729006621 0.185004022532905 -0.153225685535624 0.310861350596949
0.229529523234912 -0.532884207128366 0.269722458555691 -0.0524796374707755 -0.260653677280378 0.420020818254944 0.0657064853509145 0.08670838138593 -0.15107340604312 0.52551100371381
0.102529092369523 -0.358560788129761 -0.133089989730358 -0.276966362235742 -0.372631375833159 0.265735440251055 -0.0884494144734497 0.177477935027287 0.0527007392498107 -0.191362458243194
-0.115201489036822 -0.449434051356399 -0.208332424340188 -0.125767488719842 -0.0326053504588577 -0.00774945421294193 0.0674174109241586 0.125182699650121 -0.0739904761066959 0.179661039925868
0.361702264353892 -0.420366633120561 0.276454936156584 0.0250845808116873 -0.296959913639903 0.548991943746307 0.0537507257451704 0.0796233494156118 -0.128191097580656 0.343347068671756
0.0961797273834258 -0.398490165947563 -0.131445062498626 -0.242527891976005 -0.371724692229124 0.311266894635157 -0.0762011196329324 0.254655048885387 0.0711656748585399 -0.152160154782408
-0.00984545308377252 -0.366983381288727 -0.288726155587737 -0.141573551802308 0.0459435587695367 0.0773932527568199 0.0493035195661493 0.0665395485986755 0.0385817521758343 0.0843880859001614
-0.0546213835146714 -0.450396178504853 -0.211727846000509 -0.0796417222112683 0.00380014337050592 0.00681319798694796 0.0492983275071316 0.0168880009310629 0.0455641428489642 0.111233018902703
-0.00225522871087035 -0.401443227758173 -0.284265051054792 -0.0642464778743354 0.0480946234991916 0.021037723637024 0.0939912867150468 0.0417891262518677 0.0219395062382167 0.0583278276719837
0.319125564386847 -0.433380285644877 0.32033416311636 0.00327292919286952 -0.325114481894315 0.492298013862125 -0.00986851745695361 0.241410130533114 -0.219582655047864 0.156023905608882
-0.0450737782322673 -0.375934003569829 -0.289028867310314 -0.0948465018539798 0.0182238224716804 -0.00145156444575394 0.0412149610643238 0.0415829531280353 0.00750477923468014 0.0815343222524183
0.252469537150779 -0.486424069808413 0.237864510475962 0.0300471654048909 -0.194495518322808 0.410328870350289 0.137259926918243 0.062597103133035 -0.181654335131989 0.427829353135206
0.249605347331697 -0.52480811393651 0.292325533617777 0.0169572192899063 -0.327150041159828 0.509988071088084 0.0488472630518069 0.182460108756122 -0.148585710869927 0.226424526492273
-0.0248845921083084 -0.347718267752462 -0.0774325709538184 -0.207133291071056 -0.103312529708705 0.215928727918497 -0.0281513271153023 0.0624286300624139 -0.124619652975854 -0.106646524536198
0.0361949005834872 -0.430246831754543 -0.168682316008785 -0.252007241038093 -0.162621481657297 0.167668553975458 -0.233002689626429 0.144541236838246 0.128972491003935 -0.163380082501629
0.211830309667685 -0.493237749410446 0.204034873350069 0.0729272614094175 -0.20530079517942 0.395831702498779 0.128725363640549 0.0760516551764562 -0.190222020644887 0.419447799492373
-0.107161978345404 -0.46475885821003 -0.324306052270799 -0.162108783335922 0.00786567866745273 0.0436461987156036 0.106870672482336 0.0522981833097538 0.068974199978691 0.139197979766728
0.226088173537535 -0.49313319139973 0.334418312967283 0.0197144951493078 -0.215638377860815 0.442230399690409 0.132668978643961 0.170513962969583 -0.123112077911947 0.474147828759718
0.0384089383063607 -0.452833125834171 -0.171947419242524 -0.224478309939144 -0.161197102687752 0.164976795995927 -0.232116827131474 0.141380293748943 0.111056688033404 -0.115666087536454
-0.0721390518981256 -0.446978534611295 -0.201663660887338 -0.133861184452301 -0.0224253485515932 -0.00549433339032552 0.0651879175103932 0.101964585556033 -0.0337874783793682 0.180262342540856
-0.109454723973829 -0.450973096242557 -0.183632653879636 -0.118860275870099 -0.0553504955384444 -0.0175842972373285 0.0687117915781358 0.145551364230267 -0.0694903286502862 0.167224566060458
-0.099921898541826 -0.464473937917174 -0.178693261349781 -0.137988936141423 -0.0501310745277839 0.00178541502321283 0.06521475286503 0.118022224203649 -0.0480576893735908 0.168954045968137
0.0604636372933417 -0.306728350012752 -0.147822696188118 -0.254398154290239 -0.0816539706537365 0.169228295491716 -0.0632971912101319 -0.0164083244648035 -0.0570818950515701 -0.184291332000908
0.329506160591865 -0.331140296317741 0.270675224380137 0.0774303492193087 -0.262282088400832 0.523813183176239 0.0190559916624072 0.174529916132787 -0.12015570470109 0.283711715532653
0.338177717087207 -0.445515955616825 0.327242113697982 0.00648404667162226 -0.322578488839626 0.471058215303834 -0.0123594770401731 0.240953934000315 -0.199246724301702 0.164976932731385
0.193270283945623 -0.511845625224105 0.187899748031875 0.0861599527930007 -0.2047261521417 0.393490916859785 0.137567948860326 0.0966454306118387 -0.212503313477588 0.420823107019529
0.304636690638696 -0.315036324914312 0.315323280774574 0.0778648197377061 -0.255177785907364 0.485117979750284 0.0180031770447329 0.207629616521673 -0.138584254005275 0.284851546344302
-0.0389725380757701 -0.493399433354958 -0.25809592309634 -0.150987999286717 0.0279779902360511 -0.0304798270854034 0.128099736743921 0.0607908754372763 0.0542100055569536 0.159514045741272
0.231914759295266 -0.488893899703134 0.275575096390464 0.0584813763931952 -0.332702233892186 0.393342649565395 0.239519322275355 0.225722698415745 -0.210987656181047 0.390349488357401
0.0347575342857867 -0.428473834986782 -0.244593977526559 -0.148413745291068 0.0395021661551423 0.253566047296425 -0.150070792676529 0.250935107392335 -0.0869358171177245 -0.167795522549868
0.302246762269204 -0.38039916781802 0.222440960236564 0.0147024795107821 -0.25328627497082 0.597129742453713 0.0355786994532545 0.090910282887401 -0.14575526118144 0.320195106569727
0.281753505288372 -0.377197315463406 0.309098814869166 0.094769590353174 -0.259540085058071 0.505018000490034 0.0205098459927 0.304742765207578 -0.192333260466258 0.279885075115557
0.22110674583938 -0.476985780841097 0.274780365340013 -0.000912301016663033 -0.308414562538174 0.494968226755006 0.0210508840547148 0.109504853485097 -0.185986371199306 0.167614523367262
0.359708863761153 -0.363104362640463 0.321238038360535 0.115869404884676 -0.215927945243787 0.473157695696568 0.0056587855643245 0.177667214752487 -0.162685097248504 0.309932738581928
0.723041227904816 -0.126713060475382 -0.167405004136233 0.0323555152528123 -0.0478729860236642 0.337436664081254 0.0489216431112831 -0.399866014895791 0.136720270824664 0.525430416847044
