0.523114193380849 -0.0408671801508831 -0.221681095849544 0.151256727327677 -0.241100821157517 -0.474359542962033 0.0213154607042301 0.282562631077284 -0.376647492372444 -0.130344892510684
-0.0215499434294116 0.17023708493256 -0.179913670736427 -0.304666200327517 -0.169236403305379 -0.444893217790452 -0.18646317294379 0.233645512608033 0.36310046349417 -0.0257146737060351
0.451806087506494 -0.264141657219246 -0.087880075333311 0.12305736505699 -0.234594957699211 -0.312188705118278 0.119399795851664 0.131357190248012 -0.195104969784014 -0.158607398633736
0.00982803610738179 0.295215500107814 -0.355411390613691 0.101213608735222 -0.0439203690859043 0.30690347774508 0.416594027701822 0.553690642764053 0.105274104173049 0.183151491138464
0.141888689605498 0.323344791535729 -0.360313158581211 0.259783363673572 0.00227059658377974 -0.0630693296095995 0.386947600446006 0.495286615918802 0.383794527720365 0.0531839169410868
0.615532890532624 -0.0568770766608158 -0.180998794440551 0.131404516678721 -0.249748553419953 -0.455595662617929 -0.0198258712441708 0.335129863864963 -0.301928395979163 -0.0286423291901007
0.530844747440748 -0.0150920683810823 -0.125162162691538 0.18585990870376 -0.227980557613185 -0.499949241408506 0.0697640850595095 0.309475236698473 -0.35423731870553 -0.128190561501365
0.638216535439524 -0.12946917966707 -0.13249153660939 0.132425403002251 -0.235115369420105 -0.421438636081605 0.105592090824397 0.260055681294672 -0.293036185744805 -0.112261835908773
0.497419026775873 -0.191456740712113 -0.284831827350488 0.147086529564632 -0.235125498495385 -0.397859577667338 0.157164977951523 0.243232938927443 -0.268300894627371 -0.13169064333846
0.451093610272756 -0.0958964073179164 -0.11190970646615 0.12555924558426 -0.242794740731277 -0.388898739065278 0.0234602605871069 0.113692636469846 -0.267980180058807 -0.0382087871546761
0.53790197393642 -0.0923000786153077 -0.167423412103831 0.122296406043496 -0.274168908890895 -0.378291203927029 0.13417856844872 0.291474325467097 -0.25095451256473 -0.16445329208298
0.449302680311901 -0.213605026907441 -0.14849280655093 0.136010472273637 -0.297558730105102 -0.310597018111973 0.15950968500063 0.128084520747508 -0.310265210405773 -0.0581452751183623
0.46730436275829 -0.0488074612276183 -0.246454571351809 0.0523285067220322 -0.298392617776139 -0.446125159175463 0.0886833215223052 0.279774656049915 -0.32950022955942 -0.100506199511378
0.0523461336392877 0.339927980600442 -0.806904524878756 -0.131238272725983 -0.0745049749988283 -0.178274352638602 0.220589461672644 0.150523195221041 -0.101491410039677 -0.325046823568418
0.277312662555419 0.0609220163727235 -0.208886989263037 0.305848465555594 0.00992489426355271 -0.267271844902469 0.369356014811076 0.203647472008143 -0.410136234191317 0.258604308179566
0.135769654314914 -0.0335264441850543 -0.191671224285825 0.306573864791652 -0.144778263811706 -0.411198484082823 0.359806568869977 0.112858853058181 -0.270013558057397 0.255662347857505
0.110557556281429 0.301097716522944 -0.804682111314163 -0.131492423584979 -0.126930634212398 -0.150387887233505 0.179136402586069 0.0517950017478336 -0.062952629687848 -0.278404955965753
0.364796502980399 -0.128582587145995 -0.141528248950174 0.266451564161939 0.0934542104126122 -0.415117519521699 0.289962776186343 0.245579225379887 -0.325673021259084 0.138425929224427
0.133258291633296 0.429431827280955 -0.180354571152032 -0.49813058039613 -0.185714116971677 -0.595847561871923 -0.205202921763632 0.136935039621391 0.203068480684582 -0.0102730434244082
0.108196758156557 -0.0880235156450988 -0.220649891134635 0.278687378164841 -0.0586893738610905 -0.394893058363685 0.314453416573551 0.0802415227640056 -0.287131663960078 0.205672689203451
0.466158362828974 -0.136256746298207 -0.12292157047904 0.113507262356714 -0.277416743560187 -0.400677637309449 0.0391970302267895 0.0884663196519288 -0.256182787938261 -0.0173337146940689
0.111501569609486 0.334361832768751 -0.125000759697355 -0.483229828286387 -0.251443926221865 -0.51837477554407 -0.250096696753821 0.11553308982988 0.271543200796517 0.00717159012895056
0.457883619126541 -0.0846814558250808 -0.108396037752576 0.114642283005118 -0.304739556821528 -0.405248467119164 0.0868145955458577 0.106552800343656 -0.256340294990803 -0.0744541039145285
0.5153851831384 -0.0824874831326377 -0.160153334581518 0.103871455316777 -0.255768998740297 -0.399267702177421 0.140632562567932 0.165812402917936 -0.350651076979534 -0.105587959170688
0.283692087402607 0.24845602992514 -0.316278280818485 0.194923019865964 -0.0784293928636272 0.0262798157722832 0.425715373848634 0.475293266305319 0.207081425751947 0.126214342719386
0.00204089695787201 0.433621954524292 -0.791182725995236 0.150125050064007 0.113787243241047 -0.122151164126371 0.157720909820425 0.2756400334195 -0.0459698648704568 -0.279707910633254
0.0255297406190396 0.308349429609431 -0.762382060106165 0.165488053936739 0.123761634934821 -0.107233973426347 0.1343206089684 0.246416240918586 -0.0130423620708728 -0.288386174193912
0.0990646999394741 0.239284884620256 -0.0833068103898627 -0.429848659614421 -0.26585012237256 -0.519400612230736 -0.22281526142599 0.25266609938733 0.272451235180994 -0.084643877489435
0.139283948956023 0.272653560505185 -0.336676519018428 0.295912162673709 -0.0283923814904403 0.270128864210484 0.427480114898748 0.546165718984519 0.112533935195292 0.154423379572313
0.0847899476729608 0.262783790740047 -0.797665841961908 0.0931326204979891 0.0595902753445698 -0.0580685899185423 0.175087117972028 0.213074848227274 -0.0276091416475642 -0.300356959354373
0.256948803362724 0.331455838732012 -0.10400944661962 0.18636247936778 0.360697528746461 -0.121212087265662 -0.120811159065456 0.32682037852106 -0.476273187271493 -0.0952279403590276
0.243774006471777 0.287272034880217 -0.294670483814553 0.170247040993258 -0.0532183629928345 0.018174764344826 0.428592153721752 0.484761836259114 0.207957955703609 0.0891960042109406
0.296426801520583 0.291030468702878 -0.364418865797368 0.241655231325159 -0.0443149270497265 -0.023045640654131 0.413065314603398 0.554207430057664 0.293029462289064 0.0638749679441186
0.0943985180597896 0.307642782023699 -0.388467873619146 0.287567186813046 0.0267426786722657 0.166536551341111 0.395326905703324 0.53290770668033 0.073917663080474 0.156661124552543
0.286975061204299 0.292137042206871 -0.313271254613674 0.170068266958517 -0.0957086718383193 0.0233280770622059 0.423708717999457 0.488827988220187 0.183569264013695 0.18270045483501
0.275621795138124 0.264395907912911 -0.291139699122421 0.192547039877037 -0.0860484611763801 0.0606485922436845 0.411881485515808 0.473556228824125 0.251697384914308 0.201290612369665
0.0722475660578526 0.331538737917113 -0.365643851885458 0.298634591449928 0.0119223164992161 0.213778322770551 0.394296463439875 0.551678416851239 0.0626617847066475 0.149448425414222
0.122482349995308 0.315082736350372 -0.17654783780397 -0.406254073213167 -0.284539322687059 -0.485363255892421 -0.263957478409048 0.139717786421127 0.265981735900596 -0.0081748669075603
0.104137868061257 0.310803055593032 -0.379415130135798 0.283192882806266 -0.0376483833473692 0.176376630292321 0.460159212269701 0.553208120841608 0.185122556332856 0.164874133694051
0.129523120083067 0.278478308341499 -0.347196399737049 0.312891827862892 -0.0229761917505981 0.246170875786206 0.427284099587639 0.562541909581904 0.117851298810512 0.114859401263492
-0.0287593014307423 0.398887968114465 -0.792987292729233 0.157863815952077 0.106633557272883 -0.0983464892124563 0.145635171356663 0.243545121521996 -0.0348683651318592 -0.241474099465727
0.303093568637081 0.219406640862479 -0.302575517686168 0.29005777112277 -0.00658733881184564 0.0232392352299196 0.452477761614649 0.508274067519157 0.205839895829499 0.109605884272656
0.518010458768015 -0.179961991832337 -0.260611416902876 0.133786914128261 -0.345996700621832 -0.407517922032949 0.208964459195906 0.399047606283277 -0.298521990927293 -0.318453040150407
-0.0107219887908715 0.356781098095132 -0.74738694398588 0.160182567979388 0.124510827122759 -0.114127629650716 0.149273761674058 0.256451504332238 -0.0171633465596783 -0.297127743220842
0.167899385459449 0.251328358094 -0.456327751194753 0.34957613896177 -0.103602968468743 -0.0428677384278788 0.44054966133564 0.498465235709081 0.200720513255207 0.0894672028323927
0.122863553675512 0.116189853714545 -0.220559497664201 0.439844769010385 -0.0463578850851118 -0.294130461004895 0.1954374271883 0.0731195649792913 -0.183398019249512 0.130557392904364
-0.0589605588204975 0.396098656554891 -0.802730617669913 0.149692582803749 0.0998003475413624 -0.102314713849731 0.150827404716624 0.236292824782342 -0.0465251672525245 -0.277271808466403
0.145788264893086 0.0103817166337622 -0.226499615684581 0.379123069464912 -0.0742771813833368 -0.321217850994262 0.274357469604528 0.0504506975227726 -0.252469138100924 0.0724269455140119
0.115889700579244 0.364142132521674 -0.406636478448499 0.243864263076149 0.0284430304303508 0.295466638081165 0.426761614511824 0.504735257711212 0.0506919639769072 0.133350297318683
0.124670466186545 0.152369786037134 -0.185531080859516 0.464364032516483 -0.0450590140060149 -0.251574176572519 0.20146626004868 0.089147665708092 -0.236979790348813 0.0740311510459065
0.328299524127857 0.286935242558005 -0.193151106851887 0.265257371779538 0.375138550733099 -0.170232238955886 0.0459705642673647 0.308468759235327 -0.31424316848734 -0.0559259447220669
0.033967013723286 0.279164125051426 -0.145213201704751 -0.376240009572474 -0.284532921227596 -0.45605680804319 -0.199550031467578 0.181480886607675 0.188184348173676 0.129631131608032
0.102597488948377 0.372974327163631 -0.395341114389369 0.257969561561788 0.0286039536298106 0.303003004278144 0.428984568875115 0.530773782370806 0.0726697399716396 0.146206815320374
0.124112360782044 0.0295855618929432 -0.22073683320653 0.365513874214948 -0.0650214356632898 -0.365098150754662 0.266006348157601 0.035049275160325 -0.23716191620696 0.0690024033037055
0.310855959132201 0.211211376219864 -0.325417029510787 0.301500927618868 -0.0132611377160894 0.0189010244251066 0.452407509660364 0.519514392544583 0.242417076840304 0.0959365954771655
0.294085829488435 0.320305429057256 -0.373681057070888 0.233275692310848 -0.0339859757855833 -0.0140307537168094 0.431429384535376 0.586958099656607 0.288900910131936 0.0396539617529618
0.112589068926197 0.191771258847009 -0.432034322100508 0.306851870646451 -0.120024269115785 -0.0174591870543564 0.448950574864016 0.486139810494856 0.218786897406982 0.0729046388087275
0.526660839255766 -0.169951441489852 -0.24827777652749 0.156451866289792 -0.342324053323244 -0.40653727593517 0.19343122938435 0.384430118914685 -0.310836685254593 -0.302143619024864
0.080979057309296 0.349312609526115 0.0143454450443526 -0.388139308157709 -0.232155607845995 -0.478755001580787 -0.186509566084881 0.23626834852004 0.275002905418639 -0.0488447544346302
-0.0134188337009815 0.255908585323465 -0.798696825524009 0.143023361715369 0.0349129787239712 -0.0615089481434618 0.177191902414005 0.219436478756819 -0.0081924008084979 -0.259285474741102
0.289911734222878 0.278244204701244 -0.336121586508577 0.257374536353747 -0.0339084177028921 0.00943058216154258 0.443813522561009 0.493783942805204 0.274758593631778 0.0842849220861267
0.277536632375485 0.236205894578472 -0.326644264840614 0.250640961290388 -0.0351078344386179 0.0207745129678973 0.416657624396579 0.486884598088666 0.24289430343428 0.105706489290513
0.339187788649528 0.184030415854572 -0.181108775721244 0.231018984252269 0.366060061854624 -0.0650966999613207 0.0467062400718472 0.205754972409086 -0.312567728359173 -0.101864792809157
-0.0372444789454486 0.333276908125608 -0.243169670155321 -0.410198250236021 -0.126311480397959 -0.337343064186837 -0.346933510505972 0.163060902377952 0.28240104978099 0.027266700001582
0.116762734121368 0.030361818802796 -0.294383626809774 0.348697558960803 -0.0406682804841576 -0.33494364898246 0.294134008422109 0.0749222003665743 -0.256468723563488 0.00230494547973363
0.295260514717426 0.166655764852568 -0.118742013764104 0.326608584534897 -0.092450191386705 -0.318116252246916 0.479564151525322 0.17934695909509 -0.495757793940941 0.2489755466046
0.0766733705206357 0.0864104902188224 -0.218697233395256 -0.336511419098254 -0.205775737563676 -0.459196603907192 -0.125597119706012 0.217227984885541 0.31044337792309 -0.0283914113925173
0.0876220331469295 -0.0101394670239233 -0.229148970758754 0.315719031753982 -0.0785211402592099 -0.323957242600657 0.331523345883706 0.0635489571883194 -0.260439697854856 0.0447648781082536
0.0554689846096376 0.287142035961233 -0.149789158798588 -0.409572972902057 -0.206659031708879 -0.483983361633541 -0.225695903439501 0.196441788191669 0.216334384820053 0.0309842744938156
0.100745289400723 0.256501735749444 -0.115294692992096 -0.427601661156433 -0.276797519688494 -0.500001713468603 -0.208516307664788 0.222859818024079 0.318262864768243 -0.0792573965956916
0.167899385459449 0.251328358094 -0.456327751194753 0.34957613896177 -0.103602968468743 -0.0428677384278788 0.44054966133564 0.498465235709081 0.200720513255207 0.0894672028323927
0.0730182411734323 0.311599125299651 0.0237653139721971 -0.411953614117205 -0.235374691509445 -0.459377261178414 -0.219169400277173 0.173261491254822 0.32863755623695 -0.121531454491495
0.0724180075185839 0.311811034972748 -0.0629034192940171 -0.327282268661794 -0.271352671818754 -0.547667830094613 -0.171026983293759 0.136650793411463 0.339585622095246 -0.0738569315899437
0.662475146480315 -0.1706995930069 -0.129981746856333 0.169189359770234 -0.281107665095856 -0.406757517926281 0.136418907603021 0.236916804592825 -0.252978426535547 -0.177797554004736
0.0740892260615154 0.377261710627572 -0.328148683783484 0.251457805722601 -0.0774224992651444 0.325834093846824 0.427362166895597 0.471088481137522 0.123757946573636 0.11159466453612
0.101444121789968 -0.00312856089395879 -0.281446009779651 0.274243844553782 0.0728217341479795 -0.401981320295282 0.185629497195835 0.116907606243222 -0.30320314172753 0.129337510376194
0.0650960094190279 0.315996923706133 -0.185342555094916 -0.456127694865867 -0.103115118179034 -0.441902394639869 -0.177617997762722 0.238206244685086 0.235508635610797 0.0831928411628481
0.252621850725359 0.237028797127096 -0.236611093179377 0.339130880440065 0.275693586037027 0.00983991058736612 -0.0289309749876252 0.483605374560966 -0.458001035916974 -0.206001994054983
0.151810166437198 0.272063718339141 -0.153854345174538 -0.363863201761355 -0.244459590533132 -0.571524403995201 -0.21771530175579 0.165015904700205 0.273204281094037 -0.0473244097560217
0.575847881448715 -0.261298643885162 -0.17439277311408 0.0561548171118754 -0.28598113033692 -0.407684828956165 0.100417020069519 0.266016147960122 -0.269763925807932 -0.196690230193638
0.204519285031879 0.537374340134116 -0.291172689569374 0.0220796631968886 -0.0837005317098453 0.186195903733751 0.454432324167919 0.473945442877767 0.137113557388191 0.27907021496365
0.405000858756231 0.202372133716669 -0.199809260207885 0.342603887849644 0.212965714233701 0.035856880534464 0.0282256829534518 0.372208667820723 -0.441381511476606 -0.0589496809011276
0.293683946126044 0.523410419202484 -0.365110854782574 0.0381736202967626 -0.243915189565262 0.133498897462987 0.437971676816387 0.46423953869464 0.128776973194325 0.179894147743697
0.0446845755396827 0.249369720568219 -0.738160232474384 0.158620308264658 0.121761561183066 -0.067200305379808 0.0943484428766678 0.0619877792329714 -0.065375588644062 -0.089249475783499
0.159937996647043 0.314912931005339 -0.328378384473026 0.292628286556941 -0.0768691758731226 0.310415820939741 0.411219886690848 0.642095136795089 -0.019712808827253 0.328673363962972
0.2208312359409 0.144732577358262 -0.268860332225988 0.392148223279033 -0.0579716774416035 -0.337112586979842 0.288051820378561 0.143671908419693 -0.352308463603812 0.165105031672512
0.221550711248332 0.338188650072796 -0.109260465672586 0.229144487956181 0.300207446146582 -0.131947467096417 -0.00102414920936947 0.271010282645721 -0.370724342528346 -0.22844619071564
0.393434610101552 -0.230225411588239 -0.274521049022523 0.0925880094223787 -0.265699965750816 -0.440326007239468 0.189674136898886 0.256930147661148 -0.320477256585095 -0.185247151323765
0.280553242148312 0.106012810739703 -0.171299608017039 0.412937854836289 -0.0863240657012997 -0.218239852049219 0.30489491118439 0.127269640239648 -0.373188091963071 0.0852482895630509
0.0245664110256323 0.301395208970521 -0.696525114873508 0.130198164497898 0.159462669605094 -0.0875269724334577 0.137201729619028 0.056316290343085 -0.0681998916277449 -0.104298035915712
0.280490854528309 0.145048109477675 -0.26994100617327 0.351291040048839 -0.0948517807857544 -0.308843305599698 0.185517317976116 0.118884143364099 -0.395819718089004 0.152298632044442
0.0306328921895643 0.318781265707178 -0.24544231900085 -0.557543249191352 -0.171777046064166 -0.502882791636067 -0.343572352512676 0.148206078881777 0.188941006591458 0.00114264627231217
0.3523028931554 0.331930476642685 -0.43493824902614 0.260435370141585 -0.0133256946095289 0.068364248520202 0.41503510434304 0.573793832036626 0.275117205619652 0.132923435362415
0.270419213777438 0.111185022394115 -0.175030181525061 0.399712632325754 -0.0945914972682047 -0.227432380051538 0.29115420488771 0.147967276577123 -0.377177484312656 0.0795638707906209
0.140580962349733 0.32302204840221 -0.338937499962562 0.231962728444889 -0.125197877370577 0.266898676861916 0.38109014415445 0.619037022505726 0.0261121978798486 0.248563588029602
0.165343000391956 0.330539996249837 -0.362359620938743 0.298849314546061 -0.0621422854693716 0.324765208550089 0.389227509312302 0.623225003949717 -0.0157441585341098 0.270470988046341
0.290544585326492 0.126138501911992 -0.253880820419187 0.424804378771754 -0.085024647318567 -0.329275077100432 0.285735474503289 0.153587038890004 -0.36674931397807 0.157255644781696
0.258680201097735 0.076377282988788 -0.233563432530165 0.369931190726887 -0.123741554720265 -0.3732251209702 0.22903144934707 0.182603011667467 -0.342718181023445 0.157778838674799
0.163302583837297 0.203820340375368 -0.222328554458059 0.349414210787182 -0.126103989293214 -0.46293272598984 0.209323223685707 0.00729490280146358 -0.40516969827867 0.139383497997862
0.156453400540017 -0.058517166389442 -0.289055290985879 0.444891063905998 -0.145016348638544 -0.415460472855224 0.251718847509415 0.178308318930047 -0.223425113901527 0.184932581789367
0.239749952840194 0.331756163682961 -0.29892540188077 0.160843668926082 -0.122644002819622 0.101649717277082 0.53004613363578 0.507446163980591 0.00957856027459422 0.378383343454409
0.283564710024752 0.0854304286950636 -0.221729594803131 0.401028184564299 -0.0955602067223789 -0.281122525707564 0.280355820870687 0.153007959473995 -0.296757209220943 0.161478444026132
0.128723813969176 0.156261138600149 -0.317197005228485 0.35944007698734 -0.136176123078558 -0.473164374000704 0.183619824294968 0.06781389720021 -0.433502494663243 0.0708968181411281
0.266184136887725 0.531976421033813 -0.203309662855364 0.0181569180263497 -0.229462091078914 0.119565867343894 0.355158565492343 0.37829107852269 0.293241754879303 0.168778580001462
0.139386171194917 0.107089548895256 -0.119793646744979 0.162936841602992 -0.0873576459120731 -0.371046850918974 0.237342873581991 0.175569874449026 -0.409826870941322 0.144549268967357
0.197388172764535 0.103854244081516 -0.140515884933911 0.363740053162805 0.253042371826678 -0.0636916874368548 -0.02338021543352 0.425776237705545 -0.409599983145575 -0.153353654047093
0.453917480648547 -0.151615082484894 -0.258525734665471 0.175636701945704 -0.353896578180718 -0.481430426105632 0.194990478367565 0.26147963300888 -0.372571362411067 -0.203207717091174
0.0582611919335549 0.326339766429702 -0.194205982338717 -0.439345069664726 -0.182489515049841 -0.531541681518681 -0.260655146952574 0.194504601008916 0.203070114006473 0.0961848036634481
0.13806289525919 0.0516557569853455 -0.240049676721343 0.298271356747473 -0.134366363239304 -0.260316187313534 0.254212338426116 0.0809830041492929 -0.280756029719106 0.101613360511737
0.247912252559011 0.1858711381074 -0.128769463523923 0.224780768430356 0.28423209727783 -0.12766374077965 -0.0718788574234248 0.155158971906642 -0.500157594659948 -0.0663575124262316
0.36335090648912 0.176866143066547 -0.0717193979101637 0.292135779647217 0.366301389308102 -0.110686371952142 -0.0074621277272457 0.248164372711225 -0.490413208124157 -0.0930090084057078
0.0795925095568668 0.346171360400123 -0.423483134985593 0.218687941515997 -0.125877811071326 0.177420502537038 0.404909837124254 0.604749312073821 0.0337165635606641 0.228817308709747
0.220262162505433 0.279190783638464 -0.292383190841782 0.243900628563994 -0.00950461303061457 0.168449098940739 0.327916220845145 0.523553321274277 0.129384772166994 0.275319511597702
0.112268478771071 0.338255628182496 -0.194426965931595 -0.435272351610098 -0.279339178982108 -0.518423860579614 -0.262485232876471 0.184034609338471 0.169635936052183 -0.00953402854405735
-0.0133368934857076 0.236539711461389 -0.377395308629475 0.274311212622835 -0.153201661949453 0.334857334411274 0.278860029354927 0.511291101192295 0.146945498888141 0.0825919586580278
0.0795925095568668 0.346171360400123 -0.423483134985593 0.218687941515997 -0.125877811071326 0.177420502537038 0.404909837124254 0.604749312073821 0.0337165635606641 0.228817308709747
0.237361509134791 0.28389537903645 -0.240797820230486 0.284998332458207 0.309041599853163 -0.0926292020667573 0.0523478334467838 0.388827221319012 -0.417460047316067 -0.0941989643044217
0.215067257851011 0.310209056733408 -0.294753027533116 0.178268806868022 -0.0129387482017506 0.136854539334695 0.303696455392568 0.56583584982173 0.179835752533532 0.297066817751255
0.163705388512669 0.361815453507919 -0.415970874410039 0.206959615899808 -0.1580607889854 0.197199461177454 0.420719313274271 0.627788850464703 0.00540073767640657 0.202297970946925
0.577843020603949 -0.122434536212817 -0.15628546769685 0.103955179747283 -0.232252636090247 -0.489159933213945 0.0423243727330413 0.178442580893272 -0.273384201175545 -0.192519262281989
0.0677715735509484 0.339933952430735 -0.310128238568416 0.0396265664092973 -0.0214434451800902 0.173649477754892 0.359417772269122 0.521759276991744 0.207295760057684 0.110522580026685
0.237953029422413 0.250466008628181 -0.365410078274516 0.229449982653654 -0.0351553964348063 -0.0189733893859518 0.424343390083824 0.53998447063303 0.23515906147223 0.207525347620778
0.578202380333796 -0.268751293568023 -0.172491156228796 0.0893136559521796 -0.292913351174655 -0.4159055737503 0.0990708314342745 0.272746989996087 -0.250062775818014 -0.204079143840811
0.0762664470669154 0.353607570336917 -0.330698918348191 0.0328209629443083 -0.0390050402469768 0.18832027161596 0.39764617093304 0.522189916856971 0.203904353740996 0.11183571101365
0.0868181075198624 0.249727327247107 -0.197902822811483 -0.362625609743218 -0.246734995174014 -0.518441447955167 -0.236374310381064 0.173344507151893 0.305131805763397 0.100960986861435
0.412799568982328 -0.177838385063992 -0.215511320123108 0.0525681978112262 -0.321663254114987 -0.444897879126561 0.0540687938703353 0.298126261153842 -0.388180612265893 -0.132054842384643
0.0680092410083644 0.275328400299724 -0.415695531509944 0.201571604210356 -0.124953686525311 0.265533004775089 0.407070772000889 0.510783390703832 0.104794320394905 0.192684308916108
0.135747195792571 0.260816501135297 -0.0605983462214157 -0.307901446118798 -0.18922923084058 -0.485832380298954 -0.259633448561944 0.0201050164463622 0.333522184487108 -0.0606822765660365
0.32698385657504 0.432061468759182 -0.257712074185409 0.191259633683374 -0.0944787328506872 0.0985855838532441 0.539645618046349 0.487227085691236 0.0820425725230731 0.348356425106848
0.0955729338390601 0.281263682169447 -0.0637319286526729 -0.296614709915325 -0.145892374759461 -0.383836892335081 -0.155791978090709 0.194945426565866 0.291746938609541 0.00461422752723784
-0.0203354235129216 0.349825052371468 -0.399604265342292 0.117850435094966 0.0341853277927899 0.225801315723728 0.552552267026781 0.606223683498364 0.146674388051813 0.158094565980666
0.571936283146287 -0.180531524770038 -0.107993937565935 0.0670952463860112 -0.249590243849675 -0.487742721072296 0.212032553483138 0.290129571353157 -0.268552651952228 -0.00958251634599135
0.586891049390397 -0.15223090646273 -0.214337359653609 0.178086681823995 -0.290260597605108 -0.450920601043551 0.10504518586127 0.227547275280543 -0.268385342561448 -0.145301058122958
0.59186502806978 -0.252623169719511 -0.0903848614986674 0.0849652715173099 -0.25029923483383 -0.502296040177232 0.120369035303589 0.240231511524108 -0.25529977756638 -0.063012856566892
0.389743060847511 0.445503521344866 -0.281632846511039 0.238817139563244 -0.0819796152214706 0.0700314444008199 0.533178085051561 0.478413901530006 0.105348014604221 0.369780638538138
0.0920892622722933 0.261979506422991 -0.0957831027533008 -0.344651580513803 -0.178397969653566 -0.388076634359024 -0.193875811174822 0.229074048194898 0.281882974556349 0.0292962404279703
0.0841107798166716 0.21733100633756 -0.0495060414485805 -0.363373721671449 -0.198497348037867 -0.570422894732587 -0.25720428079932 0.0768545040128435 0.369476009306491 -0.0325225345464896
0.0497829013095981 0.24421279682286 -0.13063047421965 -0.369273246422658 -0.218855169822345 -0.450898661274818 -0.256580749065119 0.10421306051384 0.182331025674426 0.0507781147632562
0.158122947375703 0.223078557261853 -0.268259727050521 0.283258647144911 0.365612351784893 -0.0026300686948382 -0.00139080455479732 0.244477304744285 -0.410644159699897 -0.089551094022973
0.441613456044995 -0.230497108912668 -0.197198237509409 0.130037359611103 -0.23880186063705 -0.26783724677771 0.0446951607817604 0.0617623063458615 -0.260334473310466 -0.0782747616283186
0.262340557193511 0.268011784615661 -0.339385963325155 0.212614796871457 -0.0546615452074571 0.01566022720682 0.421395963967229 0.535664929032746 0.222928793489221 0.200122510513534
0.254626522958772 0.273594400941246 -0.334247933999258 0.220328611525785 -0.0333530327604251 0.00981733899417103 0.44406904152932 0.545183775229865 0.246717875151766 0.204973673405605
0.0734456784842023 0.328300122615799 -0.171193419039318 -0.444086455993842 -0.1084618947266 -0.447701662891695 -0.19245393734149 0.229962317559341 0.239866136538067 0.0794815232327389
0.0817518906853586 -0.0582360471564056 -0.276263579235752 0.275924504293349 0.0519126326475869 -0.388326747965987 0.201588177335306 0.108178067369242 -0.287137129024791 0.135325928197378
0.17411959372948 0.00420459822851268 -0.24986593565515 0.264215295949153 -0.100816533867378 -0.412822986930405 0.202425568208503 0.244312924936638 -0.380990712034377 0.128174375849819
0.376619550588789 0.261996130762178 -0.162291586655408 0.266713495559171 0.390564199459176 -0.146917848920127 0.0433133770004539 0.249157631954285 -0.312757051691684 -0.126243015775619
0.0221071094655258 0.352161129933022 -0.0446635117831061 -0.358624340374524 -0.274141140193265 -0.471916836771396 -0.157033124611314 0.0903734284438712 0.27588031660321 -0.039690254241817
0.460166762701827 -0.0817177471349042 -0.333336400244298 0.184531413495278 -0.305843048292587 -0.442350353812166 0.201258258230981 0.345253488867684 -0.335997152099806 -0.120510453857215
-0.144611736698937 0.214811778439276 -0.847462330135602 0.173279391345362 0.045291394976255 -0.153737392439637 0.128988155592475 0.235539667357117 -0.0757686942733243 -0.187908151047521
0.520307214603128 -0.118841660936499 -0.228202025943309 0.0829317000280517 -0.366103731774539 -0.480036495814685 0.205335867537075 0.337040126790489 -0.407224676541872 -0.225429467769038
0.0374927100667264 0.324439924819907 -0.236812555901643 -0.388331541588694 -0.205993027972321 -0.517536413657525 -0.355678201995323 0.0836456421635046 0.255206552213952 0.00292465918222128
0.372513745853384 0.0944017044455189 -0.2020364723534 0.334507422807909 -0.0677049619188558 -0.38531071577021 0.448755000409939 0.18676620559115 -0.427296426772956 0.319258016342679
0.0160667428413563 0.379178583629877 -0.192272018802232 -0.302670153900929 -0.197106623465845 -0.488368606784485 -0.309896719708618 0.208409768193031 0.230186817780526 -0.0238635937891522
0.0717729005035859 0.29315339444986 -0.232099036260437 -0.25840563235364 -0.15462972381417 -0.513740127764331 -0.265520668191842 0.220784647545197 0.244641305043468 -0.00953459976727686
0.440904927768587 -0.127215487537752 -0.159393515048594 0.02449580388177 -0.348606857041318 -0.458006419297706 0.225196021691008 0.324762381438589 -0.370805563078747 -0.171959786659312
0.0769052379132461 0.224665919202925 -0.225755931803518 -0.28298191003894 -0.11864502635136 -0.478830877629145 -0.289669045813477 0.207023957548608 0.254174434750634 -0.00651964498714268
0.154416502751592 0.0271123393980179 -0.193493173590556 0.253484702782605 -0.0580484035744441 -0.452536857528494 0.231843954230017 0.228660532557899 -0.389544891368769 0.119923981115382
0.143752218249584 0.254812155790036 -0.030642414384724 -0.341219147527225 -0.243294649130886 -0.46284224582608 -0.203096074824687 0.167369654921208 0.173396411899544 -0.0907794479060962
0.383066636775429 -0.18053598405856 -0.140546821334305 0.0571741032155528 -0.310857627937317 -0.518217153896597 0.182110766683735 0.288460328116281 -0.345071001895288 -0.220097524114544
0.243374356399022 0.353488687114495 -0.0489760389157661 0.253877202538402 0.359574029852473 -0.164297033920596 -0.000777772330179907 0.382226363565702 -0.465894917170727 -0.173430657402209
-0.0521662890002408 0.125678079728732 -0.78699803658067 0.164903270034129 0.0854763793842228 -0.129047032418258 0.234648152526392 0.176567244488657 -0.0675854366732891 -0.173476664101266
-0.100662974657971 0.194526858119845 -0.791764229476601 0.187272957809215 -0.043438758430168 -0.100003825589391 0.1334825457298 0.239884507475457 -0.0760394943172919 -0.237303089941366
-0.0701801382084993 0.13340155408954 -0.796419848480657 0.184301375481471 0.0556571553282331 -0.0374212438495251 0.269999647985412 0.171666606640919 -0.0980716249458662 -0.172394673201244
0.012730908583693 0.297670480724016 -0.767021886336337 0.169314243593611 0.0485227742747605 -0.0699224039666616 0.137250704761878 0.181954545772405 -0.00215893789577402 -0.303519465706071
0.22009559497013 0.49561858865969 -0.324837792368984 -0.0280827652787557 -0.207582190986404 0.125336044954549 0.54555915086555 0.454278662169499 0.0697698785542816 0.0733264639129576
0.492911063436933 -0.224431245683027 -0.278961721802453 0.131386546870196 -0.268841204532335 -0.372986593289904 0.223092410501277 0.377853972230958 -0.31168510048886 -0.234259107460249
0.245637916622054 -0.0262760540681983 -0.223829390274317 0.264993006137719 -0.0560656694252667 -0.402703097452843 0.120587251099096 0.219868321526608 -0.348677645883874 0.118808756116321
0.0821731037837391 0.299527857150613 -0.354593828677677 0.309157436797071 -0.00571222059748551 0.248222208196224 0.465594624911438 0.511173039734348 0.14859712947733 0.124106315795713
0.0647306383784502 0.116643699782921 -0.236600094092507 0.342710902504356 -0.0636180141357527 -0.470909828983571 0.181291493938332 0.108774726977829 -0.370565384314317 0.117898782758641
0.220945151245742 0.0829861918026533 -0.279767847192503 0.406467952088103 -0.148360871899522 -0.338958979853689 0.234019778755517 0.19488260456192 -0.328815759616832 0.114831583385049
0.0399705341192649 0.264123964667357 -0.0847926163540715 -0.341802796680678 -0.198691577232025 -0.386475935561617 -0.236510268969268 0.234325342837038 0.350014798551472 0.0829879083803507
0.347132977256506 0.509260923819568 -0.359501531149061 0.175126506110732 -0.129918405856392 0.0810155233659185 0.462887214265295 0.442329896981279 0.103395769379741 0.267812239513385
0.316687246129703 0.268447224810823 -0.470960163571786 0.295253004739369 0.10052912626068 0.0720017313633988 0.352600463837968 0.568960650555389 0.251695326703644 0.234804487293907
0.126284769411753 0.2941928181899 -0.288940888031443 0.382150222500551 0.0759879485379493 0.019346869234884 0.453329088481696 0.547246239636489 0.274163291055635 0.0972066643904496
0.0882517615509447 0.332812627045979 -0.488347486334753 0.289353982156518 -0.14557141410862 0.311662349774588 0.360878143511242 0.538296819836477 -0.0354244963984581 0.352969550316177
-0.0485604532933375 0.284336571064944 -0.205000297144018 -0.474776657269854 -0.248382765473027 -0.413838547808243 -0.271535278738988 0.238193030932297 0.2094690236653 0.0892596213481389
0.152670458909761 0.322070463409182 -0.405610510439449 0.28918743681804 -0.0527658619117497 0.223556445899922 0.41647351863566 0.593508384729888 -0.00390724993674274 0.315792305678112
-0.103337698512899 0.235314811971717 -0.741998636304094 0.125708712352984 0.142427039057266 -0.12677766714664 0.149593985490824 0.178048909217906 -0.0588893423598586 -0.176482635441367
0.12813936851652 0.115854643938644 -0.314669623710291 0.379918655913135 -0.14338443114965 -0.486150711036619 0.167568537862867 0.100844241728106 -0.431844644233755 0.0785069017732055
0.296312765516851 0.331913727993291 -0.38253309191748 0.337048710780849 0.061384751159861 0.0020495062537746 0.399715511002867 0.617979118023568 0.272822630622665 0.193811029704176
-0.0768580449083945 0.283678368816635 -0.763378030964702 0.263825013353526 0.126389720229229 -0.0440222229846052 0.183687359894724 0.0437548735397452 -0.0528064680009154 -0.140566419754334
0.238016373489958 0.407635146294285 -0.363620451498871 0.0350117576542676 -0.184271495978625 0.12612692769803 0.488941159523044 0.468724917433061 0.165259399393696 0.304554204218599
0.125221989083947 0.286964628894685 -0.295152015761304 0.38208258854518 0.0634392103034703 0.0241127142480986 0.458384818188293 0.526700840810723 0.288677711922834 0.0954943920805997
0.150102331961597 0.305560941066101 -0.339138279382134 0.238753503908121 -0.10186558215583 0.258718194509144 0.424407887035742 0.541818499829566 -0.0595332380202153 0.353540852470327
0.275152932460487 0.432494772403811 -0.202264743988143 0.215187618142188 -0.0638435745693099 0.109439248192772 0.535881394488805 0.518233972340319 0.0438578396288448 0.46627186618078
-0.0640810013468019 0.260484157247584 -0.779257453298233 0.181386458015309 0.0727237124561146 -0.183763259744478 0.160242186994746 0.276681677304379 -0.0642384447970053 -0.241245932909225
0.0528176656122641 0.333591217110849 -0.375624985450878 0.248886129108354 -0.0674253010801998 0.306780296908447 0.455331043303739 0.469663071310529 0.141923333866168 0.0778219065111855
0.147704795175024 -0.0943752914652343 -0.21356673602656 0.358083514750112 0.00356282587495438 -0.402122457581368 0.134096561769605 0.097806906786897 -0.254390367975709 0.149414400331422
0.274479184322715 0.46475132865073 -0.216423321483292 0.215658059997749 -0.0382963853800916 0.0946960591144887 0.50825505405835 0.507682812106853 0.0309372706101581 0.425295284195576
0.0429254878097571 0.231859253487393 -0.0457705476057743 -0.449463753637605 -0.148380444564017 -0.471660218023303 -0.201379857111753 0.254867865842808 0.296934898864329 0.00866083181230308
0.625068298623644 -0.202311959935733 -0.100825376582897 0.0744779871083254 -0.26062549119075 -0.469334218209382 0.0869361958467601 0.214571283028417 -0.289090133521252 -0.135200382767936
0.29565839658619 0.477654005388773 -0.230143539827094 0.297615147064677 0.0103076912039885 0.0775724409106809 0.553218570822267 0.469582676205654 0.0755935798892653 0.397099150022546
0.547132923689111 -0.0169629202491801 -0.193545260778124 0.100850526000175 -0.16741052485354 -0.407524789268869 0.0810503920013146 0.262491726047064 -0.343133979615495 -0.0986843852004615
0.421251664062085 -0.0592264645596428 -0.261576869772441 0.106924377254212 -0.352532671947509 -0.583241629304896 0.111430560805225 0.298964686217837 -0.400000760415618 -0.129229140362415
0.648014328920881 -0.12620425908993 -0.148345235126784 0.0941345237881773 -0.262698229557001 -0.426917342479982 0.122872055023946 0.260390246647205 -0.282472633808308 -0.1217732849718
0.0853008942775952 0.3149157668904 -0.353861743132536 0.254195964100475 -0.0217393552015688 0.222728025034341 0.461331693683858 0.503691844802269 0.172254729879914 0.165675732498385
0.417979179006893 -0.0656502143644499 -0.260723451922584 0.0830543655646963 -0.352001364930823 -0.571330243570421 0.112059675485027 0.287169286711492 -0.396333547969362 -0.110589239879967
0.598456716143914 -0.0369648159362396 -0.18931792438357 0.115795105316627 -0.221119364100544 -0.466571630679368 0.0284156577072471 0.321434157066138 -0.295691978870434 -0.049675303079508
0.288825451577881 0.362807126434145 -0.292220118200997 0.26893148496621 0.266264695417646 -0.109005493273245 0.00616296496389757 0.254870318149121 -0.391745107400811 -0.11938899957978
0.652303271019235 -0.107360985592936 -0.132877800208234 0.113774298471781 -0.237378752008307 -0.395292737847334 0.0779195614999598 0.239996155329173 -0.259114020776668 -0.0787605070710649
0.106983719471462 0.149082445357771 -0.135425800995028 -0.305768650303845 -0.178510130549365 -0.43120914952628 -0.140411782547477 0.156556233790163 0.203721067225062 -0.0306292571791345
0.0457480509136845 -0.0289439465137986 -0.262799153222395 0.240648579031432 -0.00469439391526521 -0.34568527473324 0.163243291154646 0.110283503712035 -0.252989274315867 0.18288146541728
0.64070566970894 -0.124191793992694 -0.172176584590894 0.108254436984634 -0.190030914223268 -0.346020211876135 0.0789766155561619 0.240929379026248 -0.30308726680846 -0.0974772339108979
0.28018253447602 0.47222876885926 -0.315118197020417 0.231077794705917 -0.123990166934778 0.092530056470294 0.480439898886794 0.51445475788263 0.0750598679613788 0.406181280086522
0.0453655307160945 0.144547041652819 -0.192832240344323 -0.348760630223242 -0.207540339778201 -0.478605698323864 -0.210225250727956 0.273137923800729 0.353790989489989 -0.06095589560516
0.630451940004209 -0.0398399695745891 -0.152457169185167 0.143596938968181 -0.23654172222502 -0.41090404028838 -0.00169577344433631 0.331791255120365 -0.29655358598887 -0.0353473135595255
0.318412567765098 0.206070182883026 -0.241465104000522 0.282820135485608 0.350685033561298 -0.137967648047104 -0.0555832634473759 0.369962616423754 -0.4381630880261 -0.179741125845076
0.13489761316013 0.302953330979449 -0.348005896795674 0.240995409349198 0.00544155481448538 -0.0430121411058162 0.472054858614566 0.52063443837929 0.430513272088491 0.115547252645382
0.0743866576984011 0.151288758940824 -0.280278262128519 0.331259171692556 -0.146974273132236 -0.470622728850153 0.235536464093519 0.0396625888294643 -0.373192836670586 0.0997222068276452
0.426142115804259 0.48713673524319 -0.300166571111003 0.160521653474744 -0.200739433750198 0.15858546546329 0.4609884477954 0.48426762606489 0.138021506843645 0.238695177003806
0.139164065290447 0.192716403982265 -0.238887500561105 0.313247534494583 -0.122846286945622 -0.48825494142523 0.203742873286112 0.0393645626775739 -0.450512783029897 0.153291378582972
0.448426312975076 0.493971543771429 -0.2859453277479 0.125739897269633 -0.167352231318983 0.113761353339499 0.525593295835531 0.43192584862175 0.1523934622007 0.20864002900812
0.238516746069827 0.0983495372279085 -0.281862453989359 0.372604039292836 -0.126798189477728 -0.266887715196227 0.234830932759059 0.158170846555919 -0.298529286842235 0.0995387476699101
0.198681047625492 0.25040204558181 -0.432497761499738 0.243678060367157 -0.132650856082681 0.25890470497592 0.409715937445113 0.511854406680205 0.0280420349497592 0.316315408080908
0.141385963606814 0.115020045880426 -0.331130187784416 0.360675975658829 -0.179416133234052 -0.468790065386657 0.138523098103989 0.10743061746418 -0.430732126765775 0.0393807223994862
0.280260737329027 0.527319338752959 -0.286348306577493 0.00500883426372398 -0.115228854950197 0.200472550539295 0.502451429846288 0.45200854121551 0.146942313527142 0.179117276002895
