-0.330131846783419 0.236585598673907 0.235023964975451 -0.16793901484313 0.447260963368454 0.472834321478427 -0.0775426585886536 -0.17812906333139 -0.174903485530155 0.0122537044515206
0.263293564592418 0.372295380268767 0.239465891802885 -0.140476140465429 -0.468246990178898 0.183324681769946 0.137156385841447 0.578949017664105 0.106736962037742 0.0811024098007732
0.146449092045911 0.351511228525286 0.319513829301914 -0.0452399792081091 -0.430952423281171 0.158720532120112 -0.0232834063686999 0.496479583513205 -0.128126565335914 0.0924303320076667
-0.0468811351885332 0.244662219441057 0.364630820081097 -0.133909366394384 -0.479298064643725 0.0343720468066752 0.182660018259119 0.542482169874258 -0.212838455307496 -0.0371438183899657
0.27586358482984 0.370438321485832 0.242121034591603 -0.186498816459269 -0.435612101066827 0.176296069482842 0.160380506567819 0.599403831937188 0.0675132672911477 -0.0230295884270905
0.150128074840179 0.398578109587279 0.328289339805816 -0.201413400976112 -0.470991868896578 0.223279329056219 0.0173942758975548 0.402807363112559 -0.0367744438701122 -0.0183153171344452
0.115437213957396 0.359430272842333 0.105897546264458 -0.242404024377796 -0.466615297179192 0.022410820877361 0.248401999798485 0.591205135301508 -0.0140670653282109 0.123748849489417
0.280460841746522 0.376282138560515 0.285710256430146 -0.129655881808322 -0.541085773030935 0.208914945233784 0.23660846238687 0.452918541503634 0.102662319213412 0.0379138927271959
-0.0865886872958754 0.4720558015764 0.303349723719032 -0.440922159905566 -0.321840890073293 0.1554953017131 0.202210013930817 0.530050657304353 -0.155252321568871 0.228802563441594
0.0492621836740141 0.358767412066959 0.262489689168406 -0.0538886745848325 -0.333758073465194 0.179335920023817 0.107115173036003 0.479426228126914 -0.107114555293476 0.0620069257936543
-0.0865886872958754 0.4720558015764 0.303349723719032 -0.440922159905566 -0.321840890073293 0.1554953017131 0.202210013930817 0.530050657304353 -0.155252321568871 0.228802563441594
0.198508552002676 0.491079080754714 0.194319695094488 -0.270039031919432 -0.471860990292661 0.129774605430812 0.134140906741078 0.572216897063181 -0.118533178561159 0.285614122211222
-0.0662889297352827 0.47946818948006 0.236119448012316 -0.233883322973669 -0.410110527269544 0.0750109720577997 0.222014396595259 0.575272506129756 -0.0799614231677278 0.147148389205767
0.112417085893082 0.437870193371457 0.116963835776011 -0.244960356619235 -0.407507230891141 0.158082716623136 0.136544470226348 0.438623087840147 -0.0473527808599731 0.155010616091732
0.0853558001992545 0.45318143392573 0.213401146759703 -0.187737229217403 -0.43525463613479 0.0867525308034455 0.190200677881145 0.510266972582246 -0.0622425013783209 0.213548892516487
0.0522996053737861 0.424515666647718 0.297890332045501 -0.228418243138344 -0.473716247384112 0.0684171027023099 0.179862705637617 0.578200679128766 -0.0939335857111157 0.0360829358114642
0.0685202984776258 0.425827614526439 0.30402591633788 -0.222153918850611 -0.486324682843833 0.0736685143752121 0.18522546448441 0.573835610983386 -0.0844867444761994 0.00754689955613166
-0.0866520514967821 0.401772729982982 0.263517147159548 -0.201329373628751 -0.350331071776033 0.12434421976167 0.205191370350798 0.581227595927653 -0.0595521236069087 0.168913422961211
-0.0103812604164341 0.316539028319749 0.302765852802405 -0.191523623379515 -0.458046762138118 0.0831374384424398 0.203025544576359 0.499759244837409 0.0192858813015712 0.268340331358113
0.0587362021720428 0.44774609729312 0.354981050576937 -0.213621063514165 -0.485414891991139 0.0664763588032714 0.177305141955669 0.557638788112557 -0.0946814054400066 0.112630084437426
0.300217946669561 0.35372188724414 0.248702213732001 -0.00446624315757895 -0.468301395118009 0.132529902999688 -0.00548728979295653 0.444291645169048 -0.0253830184803748 -0.0380393271131369
-0.0778176805855256 0.476258035461616 0.286322557635873 -0.444667087005776 -0.360941837757716 0.177192707994886 0.179562760864274 0.551944763435908 -0.17772415429773 0.237389304302663
0.230121508315748 0.289768795639661 0.309676954169212 -0.0164039807197748 -0.436303586923282 0.165792873101844 -5.8188109739267e-05 0.449907011830836 0.0208593560702329 0.0418365552003714
0.12282758745188 0.31309388707494 0.112577309029675 -0.0526317144286812 -0.393602412491748 0.0357922138220873 0.082913375000469 0.466448857609613 -0.145777458524654 -0.0540973466633116
-0.281326923918314 0.235085578974321 0.231265357541394 -0.0975762056248984 0.450238710023645 0.441502660806569 -0.0212439560249915 -0.155510118760698 -0.19886174902932 -0.0329377878244202
0.0209777527016367 0.354649929935311 0.122102780519898 -0.348210278752294 -0.458416636943162 0.064739276124507 0.171731048643569 0.367668171484599 -0.0958030000806005 0.100851743651947
0.211779321429245 0.23020809703101 0.217911850336125 -0.234585558137724 -0.422455708139181 0.103331385342352 0.261712087569674 0.665460957316874 -0.215606707862448 0.0825631610813925
-0.317273749623842 0.244250723643813 0.267628874540148 -0.187381072880194 0.328479531749191 0.409802059443256 -0.0978928563235594 -0.0942432992587553 -0.0909414190909251 0.00181956668895304
0.109576111489382 0.293874151341042 0.301344619028268 -0.154607873471538 -0.540427652982126 0.103283826579413 0.2822268973234 0.636765962563499 -0.184179811264229 -0.00962619649316985
-0.0146132801500047 -0.242702574707956 0.0160987835883381 0.278523932704127 0.204616690195344 -0.131177603830893 0.0563582703676005 -0.239912684764058 0.0765878825232636 -0.125355886071816
0.190099439102691 0.33326655251686 0.289506528808547 -0.201474355097482 -0.550725983379857 0.0401976243420708 0.267356650991079 0.739837490367266 -0.145790610961614 -0.00473935597474579
0.118390552534516 0.379464355844375 0.105426457934379 -0.234863725764585 -0.452510215989702 0.0333285742068923 0.224288948226988 0.569493283086183 -0.0487973503197002 0.108379810849418
0.165084347243238 0.390085318755296 0.267872455629315 -0.0227120599976396 -0.432467673374582 0.141947441811631 0.0265485128834848 0.469626713471584 -0.13354776295455 0.0865230172366456
0.153375171520332 0.21213333783912 0.26370596432926 -0.0890000799611447 -0.440234230266483 0.107156218824628 0.0797055312854417 0.394910010257771 -0.0557397351755733 0.0736136262918307
0.0642711703318009 0.327530363632247 0.424215373355514 -0.19161931139733 -0.467581601666747 0.143281262801829 0.226359377640852 0.628352328461794 -0.170939677588986 0.0305441255617043
-0.289167619261025 0.239718143397207 0.245528223481569 -0.102989994246544 0.436129556817204 0.453172206448211 -0.0322436215282503 -0.154060984902993 -0.190284659822929 -0.031548706654814
0.313468289909827 0.370379411001097 0.283916434358649 -0.0946796990230093 -0.517089186627276 0.259807215474394 0.141043272904633 0.453286707489837 0.0872825781178775 0.0828953326823478
-0.0287573394408753 0.205227090199285 0.443201580574084 -0.123415167589246 -0.460788109270237 0.104945801774741 0.160479541268383 0.642702225226431 -0.230910514281383 -0.0111410056757471
-0.0447207996207715 -0.262451464142702 0.00220438067173167 0.305442143428727 0.241629574789223 -0.0941803373740963 0.0514466835988048 -0.230734457382765 0.104649272987577 -0.12293354691977
0.19649336153505 0.331724715675196 0.268691365232783 -0.157023405082495 -0.489995152062351 0.228040082677704 -0.00401417305443471 0.440237868944135 -0.0519118360699233 -0.019174215471559
0.0090213165144555 0.187380241056454 0.423701862549059 -0.17022722695992 -0.487075581439503 0.138279911842974 0.178550711512847 0.617791738133175 -0.15228346343049 0.0314270471047815
-0.0100560640429181 0.175178355051082 0.418409025897667 -0.125184307921094 -0.476174551339465 0.0954859780870202 0.157076398796435 0.645482787971326 -0.218650315511467 0.0269611295691857
0.117280846440586 0.363687092946698 0.226227056709084 -0.152480652156861 -0.338978485099763 -0.00699300189759909 0.159980419347328 0.156685357453153 0.145689987217238 0.0715582914101035
-0.00540519701465134 -0.238256300633101 0.0157402674885475 0.269160805771874 0.247538404900574 -0.00314265011549614 0.064293855110417 -0.215333054055881 0.123634110008306 -0.151342340205614
0.275280660650843 0.373360870831141 0.256926720634861 -0.140648424206987 -0.497936530831495 0.150699291727503 0.169523250844602 0.496313659560322 -0.0476708414487621 0.247794139944829
0.342716545481417 0.393096981512049 0.259779857254214 -0.14755730447675 -0.53686427653106 0.197170110995291 0.169095904745734 0.437060050924775 0.0682364179356585 -0.000281769447852416
0.132408083036221 0.393359976812121 0.403950940100589 -0.161097703384613 -0.538092853505719 0.0523269505055268 0.10997166371507 0.424226794676335 -0.0372781816543043 -0.0117618791391364
0.010236396460162 0.43694591424272 0.140498284848298 -0.152068277225235 -0.464297321822732 0.199198692237909 0.170072754756276 0.457921339238494 -0.0807990590271065 0.0506255292284953
0.0404278602270517 0.405529828171969 0.187462192807651 -0.186266081144614 -0.379006697152017 0.0461645581785997 0.347011970129246 0.555511681382996 -0.0461017688147098 0.130361606086016
0.0278037876121633 0.168507665146308 0.406074206049768 -0.154300589498401 -0.487417661935843 0.10476114614065 0.195454153077832 0.580479380063346 -0.136937552966173 0.0583010469639583
-0.00304541087153463 -0.248018064985309 0.0165991143545492 0.208982737499216 0.231485901403506 -0.0308501935085255 0.0448307628472083 -0.218531074153171 0.114175548506089 -0.141752528147648
0.14532329930324 0.371186477374498 0.289120979690227 -0.00387034611758595 -0.406483771165576 0.140950642537423 0.0444472259015665 0.498561093450496 -0.115270109282062 0.0675325896859896
-0.00754903944341102 0.421723784283746 0.105277241200803 -0.315127070643822 -0.335996248654327 0.109233912847366 0.141615111243311 0.342003311477678 -0.0199715167937093 0.195773233847431
0.248027466864273 0.379684045835771 0.30132557212856 -0.179403817998475 -0.630694974775196 0.0919201828430488 0.231904590360112 0.477260602350317 -0.0123204985996049 0.202436861464952
0.202342572172058 0.297172106252617 0.227503603661192 -0.102694609900642 -0.507934893016517 0.0609247207663533 0.292818239945721 0.683087016253136 -0.127300458907901 0.0175918075058505
0.247503829420124 0.409845896627906 0.234888573730937 -0.199664471645581 -0.520346147921662 0.211419927103051 0.214312316084165 0.499157868069606 0.116980982412696 0.053421612368982
0.130716255309474 0.393217602697503 0.386289963954067 -0.161226493456254 -0.558507045993534 0.0930059452195902 0.1285992661835 0.420805225845024 -0.0274553278736405 -0.0053571993412843
0.00812799978319571 0.150421916350055 0.403536498608936 -0.163351004595001 -0.492065896821099 0.0985138689591 0.192836872184442 0.594241942495993 -0.134654664199719 0.0413715433645509
-0.0447571126047245 0.251868912862879 0.362765132965061 -0.0705723391879772 -0.46823214090301 0.0612684437530855 0.140734292672353 0.514779610432801 -0.196433405844576 -0.0907661773673642
-0.234488761193042 0.287940656932327 0.359527019210762 -0.0690216400755345 0.348010469074342 0.384547533980582 -0.0980916980484894 -0.0899567277821336 -0.113910848229279 -0.0431259447248759
0.0143573689703277 0.399985357047547 0.129803911278092 -0.293102015519348 -0.347654467036503 0.109253874844789 0.165573531469068 0.324606998007668 -0.0515304575550806 0.213441742924869
0.0489037622179604 0.297358616602176 0.374136989460706 -0.20262486313189 -0.500453138598987 0.165777842639586 0.281772242233009 0.594932336933549 -0.147631725819683 0.0246632616980113
0.0817106486846986 0.257774581193201 0.292392974642061 -0.107848141004796 -0.516578974676321 0.115580051043929 0.24680207064547 0.678856045985011 -0.108368259071784 0.0571460334220237
0.152691960794712 0.371833211723239 0.295146529968581 -0.0504276728377972 -0.442399384874896 0.11628752293661 0.0313778336523206 0.502482718325837 -0.138775638551548 0.0833825829167797
0.26102560290831 0.37010556273951 0.243299825094741 -0.134577612903391 -0.449277988257227 0.16855057289098 0.186569843536851 0.553570126048346 0.079457821345146 0.02669656195361
0.208692909203651 0.248216985091919 0.232285710634106 -0.209245652120936 -0.416336035997524 0.101789171283579 0.282777510349356 0.679793662855655 -0.218658774923445 0.0647623775708034
0.33148830983047 0.365719361508919 0.240740537522621 -0.12230053325638 -0.488727252015514 0.214838713599497 0.214570750282021 0.449903005921841 0.0842838955639214 0.0370051189819726
0.277909315430141 0.384613162740059 0.307692155583888 -0.146275216286581 -0.538990805627413 0.196327804333922 0.220871216136996 0.453310341882588 0.0995243789333874 0.0382642775920257
-0.327922848272427 0.173208200026386 0.299767331829293 -0.178339531424915 0.36420411913949 0.344440577634071 -0.146169628490518 -0.172978907273894 -0.132051260714964 -0.0783947632198755
-0.277724586021728 0.208791693619411 0.198669135934011 -0.144086523485113 0.415336941109185 0.352253144169883 -0.0920097946833343 -0.170318512708261 -0.0584205826979725 -0.0336463235148733
-0.0194314897842176 0.416205792881125 0.0824908311479442 -0.318333064710007 -0.343959256601226 0.114088739057307 0.16530874988465 0.287012321996365 -0.00950099277091121 0.172860004095354
-0.262947382661146 0.212565747519217 0.187444810469564 -0.150267800750495 0.41730020293097 0.3671545296061 -0.0985593992168718 -0.168907366582563 -0.0490739789296375 -0.0390764738438306
0.118993978144803 0.407799572098446 0.395264410382676 -0.154983775623356 -0.538205478727734 0.0592604433455194 0.143061871969961 0.402610858752675 -0.0349225059619882 0.00607813273093765
-0.0117128720515272 0.401456823871661 0.102016862551058 -0.299015066250401 -0.336705143527715 0.118301587145838 0.127985213594098 0.340810528108291 -0.0596302515832737 0.235084170357097
0.232187535010083 0.415787106562032 0.275587869589628 -0.0550512913139395 -0.443349099815407 0.158323308980247 0.00227692746242187 0.495632831737533 -0.102461480898986 0.0653632911634139
0.0755622929122704 0.220548397357756 0.269844479844541 -0.120587558350823 -0.54437810203567 0.130101813007886 0.281041304866715 0.662895830177015 -0.135360840405802 0.0160022369584327
0.0838516563071544 0.298797302844727 0.360323049456416 -0.191268662372523 -0.48379550959581 0.15549158938456 0.247996961631585 0.595568929517882 -0.133931176935462 0.0332307296955743
0.342386645386873 0.371387146938413 0.257818608655815 -0.089350038325207 -0.469933809297431 0.219106402602675 0.168538393325776 0.429638003878794 0.0839780513856416 0.0487317994020676
0.111886407388644 0.378472493852906 0.258234059228823 -0.14770338712288 -0.318221364284465 0.0257972960965436 0.129612640982412 0.230154683514084 0.123958107489208 0.0299298492555652
0.229496992247852 0.364336237802329 0.233259496924829 -0.154784538770756 -0.464499611943272 0.176261082068209 0.135404870151757 0.578881726214696 0.120116479953123 0.0806942512626249
0.163456261574905 0.312744741202905 0.270430335740365 -0.219889057130117 -0.422900584355447 0.0959928950865208 0.30810017900894 0.504789250031662 -0.176810263031096 0.295259634155725
0.19132011196651 0.268380658844282 0.197912496264663 -0.217132991766113 -0.496407360209694 0.0440463433840045 0.2287961562544 0.712197530048285 -0.156850247857118 0.134706441879913
0.0834659670704899 0.360189987864721 0.143066841795788 -0.283635447078895 -0.443288867100821 0.011298205808499 0.404198541957864 0.587362886114918 0.0222219805809533 0.121701309672053
0.278572786894794 0.391131576664062 0.296980262723086 -0.206512895610559 -0.519382298510144 0.235568826635864 0.203005143133956 0.527469722748382 0.0902630910469822 0.0282952178465338
0.298873979420792 0.337268834776259 0.34969573327563 -0.176906797921792 -0.543434948214717 0.215431907221169 0.177207630105016 0.519062188694328 0.0380880004737234 0.174321808137594
0.11674819882892 0.361589613435769 0.145285969528025 -0.246192151414739 -0.415106791704487 0.0175215658505821 0.390088270690744 0.487598408127455 -0.0502230595228925 0.186628475805808
-0.298109273833229 0.322168961632718 0.205327374862929 -0.224567177561021 0.464852686523537 0.432439493414448 -0.139431482207717 -0.124287596233735 -0.0354037618849301 0.0020999873754067
0.160697413018856 0.322653507942769 0.267340955947139 -0.233207701289785 -0.411438068045358 0.109063383023628 0.307007527191832 0.511205670886227 -0.187823668031718 0.281412468633293
0.00033544850434492 0.333714702800239 0.234581536387749 -0.267114815656732 -0.328616902528683 0.0694669649208558 0.063303364820913 0.356103230699049 -0.0979133520672129 0.219340019281203
0.294194385357827 0.344838644072682 0.233770031028148 -0.169350526736704 -0.409167690031324 0.250800285786394 0.150471340500259 0.502782350437793 -0.0163760810313555 0.250229134706562
0.26482541664945 0.391278175569275 0.195749972211626 -0.18730376994477 -0.507867528539488 0.241891026597783 0.206361738380314 0.508327993027818 0.100219336058275 0.0637453471940815
-0.33004709431103 0.241995010805565 0.174255533943491 -0.22483025127212 0.357815108298989 0.410023117271708 -0.165291394752108 -0.093745308553792 -0.0348030462950349 -0.0264781339287189
0.226990758096483 0.330371290000072 0.274389116592017 -0.248388292936708 -0.41192880218086 0.0706882824904321 0.361742538823211 0.503971438875372 -0.15737222495971 0.29698829512595
0.117112890164471 0.511165779208663 0.304838445806054 -0.192726907631114 -0.500853762467463 0.0876870257015594 0.29283719806586 0.40248863632144 0.02520047868183 0.0305215861159369
-0.0125333394266827 -0.198967516492205 0.103953941623686 0.152922817669407 0.220737850002977 -0.0872548156373574 0.0831050668016983 -0.339675176252487 0.19892619692213 -0.180126738061131
0.228486114874689 0.288582291277087 0.26972112673293 -0.23070546456475 -0.52596691103891 0.0395085901042358 0.233606240885509 0.698594012208809 -0.198078331325871 0.130121967027508
0.20677368052697 0.429896389462687 0.209796641421477 -0.107174493668877 -0.504193324812475 0.210865646709832 0.29893623342766 0.40594131705479 -0.00294354222280087 0.128775347837912
-0.298252037141393 0.270573180819816 0.212567415756094 -0.197110297241892 0.354055701285597 0.442399886221313 -0.0573642481427307 -0.22112110961133 -0.140166472220148 -0.0113181875600717
0.147218502312106 0.212813143277573 0.196722734453738 -0.174670095991751 -0.524135315672717 0.0631674364349049 0.25738663411976 0.748397480919417 -0.164011249134238 0.0966350252590894
0.183300519208003 0.282866914297262 0.183027151045002 -0.212493235628796 -0.530961820064511 0.0477513511957667 0.267143827255313 0.721576321661936 -0.160393922275941 0.0974581465411506
0.226925241968507 0.276265066369682 0.253040161904476 -0.190653745964785 -0.493526990049277 0.045089213367284 0.229349873199929 0.716452251840681 -0.208065050937445 0.149979378731858
-0.0131383271724725 -0.119983494910474 0.123928063847655 0.225959115452168 0.245728309010158 -0.00880716032730335 -0.0130827145761547 -0.194058135482609 0.0819385615946705 -0.193040123006578
0.137412169516547 0.377239153327588 0.327531747921441 -0.233045411030711 -0.551588151585037 0.189225678769336 0.0050302752531762 0.411769195287078 0.00675231507032355 -0.00689688831827175
0.0879566393850953 0.374404051212984 0.163765002507687 -0.296535996626654 -0.491957786698738 0.0456892534094581 0.373331941110239 0.572584081794792 -0.0386797938345542 0.178395741052949
0.00712903114396553 0.431915016136426 0.113800429877659 -0.177421396058223 -0.433613978914619 0.147511647218211 0.141386604183471 0.399640083368244 -0.0793503083681803 0.113851837586712
0.0407133690402859 0.410892775359361 0.124809169833215 0.0346096095297976 -0.37922562992065 -0.0491022274842115 0.0254162718220333 0.320577701612967 0.141772604695801 0.0244163682972244
-0.355425951318382 0.284399451952176 0.223832695351376 -0.152302771887972 0.493569173181937 0.449829963074348 -0.0939956414218166 -0.13209932388789 -0.14723106454915 -0.0486956550209254
0.0183977537217914 0.449179552788826 0.112393572533107 -0.146602238398662 -0.443587059513091 0.163466606266916 0.153251674740932 0.379251787757372 -0.0552120381492107 0.110852873201274
-0.278881218230266 0.23603548998911 0.248889107949116 -0.197152218817511 0.476279302649978 0.387424824119452 -0.165582207193717 -0.171499033364074 -0.123034495313045 0.02089858309147
-0.283994926140145 0.203695041468211 0.301548689048141 -0.187051336260065 0.40837625633461 0.41370408503719 -0.186708947508598 -0.171238943318785 -0.0971572715945811 -0.0688600859523385
0.18151750826098 0.114216876439045 0.304644300209779 -0.0136464112062622 -0.459606444932827 0.12707275688657 0.100161360162027 0.423985038102152 -0.0137813142820486 0.134705065708513
-0.252471380195919 0.22529060420569 0.233862087931875 -0.138786520318094 0.508492078220312 0.404416070047161 -0.104231363686803 -0.200254782755401 -0.13666738006818 -0.0668560448308066
0.0613406469717413 -0.167791670872765 0.0894711687662632 0.220493066322186 0.244990741608079 -0.0151688015956721 0.00774675204203664 -0.204533842984197 0.101217153314927 -0.195700581716313
-0.0271662570384267 0.212943905697778 0.222126324311092 -0.244751607113332 -0.349527013241563 0.0851692294512472 0.344800468261449 0.629784891792943 0.0463001157877753 0.0599810308769836
0.161446000402748 0.432002481765444 0.316208982989264 -0.230885277881846 -0.371234969279593 0.00907682536464763 0.186842165550098 0.501890279533169 -0.207970027930353 0.258443188099631
0.122176831670476 0.381101896282543 0.281167035536616 -0.2298507124351 -0.545839339214298 0.193939005479428 0.0144456031530523 0.439248192000804 0.00760755169258316 -0.0306195473766244
-0.00406793102910661 -0.137909034209136 0.0959906450162142 0.198982247970178 0.227448951063694 -0.011439255073707 -0.0450941466505193 -0.226828451939912 0.0430594545450295 -0.127927229397388
0.223608325968061 0.316193969677257 0.265551132977961 -0.218988473088952 -0.527334555933365 0.0959805655333516 0.22119114336313 0.724662075459125 -0.202641323337976 0.11397299735173
0.258274728228672 0.272650599232794 0.267095109692403 -0.204809058860165 -0.535070629983905 0.0825753948880821 0.245359310433804 0.702582839330157 -0.219943089099591 0.0660046057965323
0.284882918638585 0.39474588663352 0.265251984336658 -0.157026096779704 -0.41795465511442 0.196641652028498 0.220928593073467 0.532992116330177 0.0919843614248259 0.0217569933081873
0.07021474445803 0.282716222843264 0.359045109397989 -0.222907266121075 -0.491933663925752 0.165596138446071 0.265686208341656 0.591052285301204 -0.164597921995397 0.0686357039791462
-0.0497219257777937 -0.261593139728489 0.0362586385352707 0.326187774986262 0.199005121438105 -0.112033912349125 0.0152442562383457 -0.202500811964602 0.128547367054906 -0.140507058403647
-0.0400050746569018 0.19715704366778 0.454244674979063 -0.120342335266353 -0.475491920450203 0.0576791860896658 0.242440195071571 0.622139294345575 -0.216695538074132 0.0277578072272198
-0.120893853436765 0.276734342099456 0.35785431241358 -0.111810006647581 -0.514800245049675 0.0826468850710826 0.213874106040717 0.476155981839347 -0.0951847347160873 0.0217217284613421
0.180307594136252 0.331179546770159 0.287175479993629 -0.179633512345309 -0.467002165729341 0.219940652272499 0.0272119837155041 0.387666487134961 -0.0257912118432289 -0.0503117969654196
0.0151389949577507 0.314905293212075 0.109584176919661 -0.235035632502291 -0.64602542914859 0.0105715757428406 0.305525669038709 0.495421590877368 -0.0916302946985877 0.128778889068591
0.060017036962707 0.399170946255346 0.207332911153055 -0.215070466610455 -0.348643739052604 0.0214960455729626 0.289924236207315 0.535959235343049 -0.0352396532825368 0.164484398337901
0.0495180939764332 0.34008689797714 0.436617750763197 -0.203056191437256 -0.467413659453718 0.166305011010522 0.224115939163496 0.624221529776234 -0.162634493602416 0.0419533237101937
-0.312539689180803 0.174624578396712 0.303621956661565 -0.220897526453103 0.36464119901873 0.354452479174539 -0.137134422434703 -0.171018553200442 -0.127717210788534 -0.0752750983711956
-0.0395276380452487 0.265936207683536 0.39293939564536 -0.0860666501896903 -0.485287247941396 0.0937614111041924 0.172924963075414 0.542095686189934 -0.247897925427009 -0.044352805980761
0.184581519421269 0.377909332375842 0.261175992704671 -0.157458723872377 -0.466209143569399 0.219825075282172 0.0407425434968593 0.385650681564879 -0.0312214722500783 -0.0709130832793449
0.0947921616564071 0.38378045126038 0.159740424008996 -0.22182181341488 -0.517985829808736 0.0176154822317733 0.367532548650655 0.63761416143797 -0.0190846557450942 0.144890040979562
0.0625892752148498 0.433401789231813 0.183587651764599 -0.201208879226874 -0.421472200857624 0.0317530033673098 0.335682739175385 0.541580192669605 -0.0279537995104919 0.122917802947563
0.127242052969708 0.343620766788828 0.264455172683331 -0.121421914525707 -0.321695453309234 -0.0484395267373877 0.119477292006139 0.23146840352416 0.16867554971107 0.0496013886552811
0.0756416850457476 0.364324014064838 0.121408295360132 0.0273069401534318 -0.326291819222252 -0.0838309354197191 0.0284627031840311 0.277883716174545 0.130244839572332 -0.00521151376439323
0.32471988412153 0.366561551708008 0.279651445333597 -0.131021793048462 -0.471352260864331 0.207145205960625 0.198435086356997 0.4351124503773 0.0832978845417269 0.0438349655200463
-0.0138470774976982 0.163486948040928 0.409982972397836 -0.149891098310276 -0.473006265831536 0.119569922034253 0.191998134471166 0.569172578267849 -0.18077359189582 -0.0647611203008262
0.0177175746337197 0.382363954006157 0.0927463255756926 -0.286705709484599 -0.344106410745782 0.109100767873172 0.16075163611582 0.287366247769593 0.017580566746155 0.175689017938076
0.117942322759852 0.349560065141312 0.228947892080345 -0.153591008367678 -0.359453112991873 -0.000581243263583057 0.138534800367688 0.171582489328091 0.122591767085456 0.0652129013829141
0.323192787666624 0.369192175485875 0.288813120310039 -0.101813623140144 -0.462287278972024 0.201167048977842 0.176970343467287 0.461126124794275 0.0798681505688987 0.0408216048724975
0.156899176592322 0.387071618426999 0.268803107440874 -0.039461221363459 -0.407164001474543 0.158470415170379 0.00965130815145222 0.4956826848415 -0.154313439021578 0.122282990616776
0.0755622929122704 0.220548397357756 0.269844479844541 -0.120587558350823 -0.54437810203567 0.130101813007886 0.281041304866715 0.662895830177015 -0.135360840405802 0.0160022369584327
-0.0336143990097247 0.201143788948423 0.45182674482672 -0.158520353537707 -0.453464882280833 0.140255011481931 0.191958339834303 0.572421079943753 -0.190720418477979 -0.0610858903837176
-0.0353373334792748 0.412982785719193 0.0845542078198979 -0.311465850375641 -0.350041639672657 0.118285603125319 0.166376083400024 0.305967875362956 -0.0210057267931273 0.180694968103169
0.190888652647892 0.339954498364311 0.281532509978304 -0.172022606933964 -0.469975825208733 0.229664680112599 0.0340299260824389 0.391737249506201 -0.0335814568473277 -0.0732026107517081
0.0534321495316246 0.241352199208287 0.253379417469723 -0.117952795426237 -0.525556009273931 0.104888549086841 0.284334935906848 0.660959588114419 -0.164637462295903 0.0598893243031905
-0.0347888065905992 0.189308352675762 0.441620179028572 -0.112863401071961 -0.471175289571722 0.0651364113790071 0.247970508196715 0.645695738512607 -0.191559799770265 0.0334620196175628
0.0653973481665349 0.320765377688418 0.418393687244674 -0.20412614581055 -0.444974780362615 0.170106243722984 0.275387869556246 0.626088266688477 -0.176366927903264 0.0570295698226429
0.246543737034294 0.398579085478952 0.286403106137233 -0.071794451373629 -0.422947106771061 0.227645847818673 -0.0239050595331737 0.511967674594298 -0.155278845274444 0.118885850122797
0.200895114631748 0.356252886652352 0.262983240035779 -0.144511005524555 -0.482846914823939 0.220604739279234 -0.0074188146503092 0.422036064693857 -0.0378953397446097 -0.0289634144846306
0.252460403307593 0.363959933810726 0.27297136129958 -0.170710030432238 -0.536857007420087 0.0512035374663116 0.235572182552922 0.534090883712772 -0.0109034302452025 0.166371267455374
-0.054433234143741 0.448145636965244 0.091369836841391 -0.248709793475022 -0.475039498692492 0.175927828363513 0.157386609460435 0.382839682184386 -0.154701145569556 0.0485888671738077
0.0580738609624211 0.242661960208846 0.310863480437387 -0.123053016003466 -0.532349466638006 0.0643265909160043 0.271978774306978 0.649077030506333 -0.188566459113279 0.0342529450010081
-0.0944100333354918 -0.253520878132773 -0.00468347040399697 0.246969411046785 0.25584488393724 -0.0650301257422775 0.0628917737648005 -0.219206579608554 0.143751442482334 -0.148310664765335
0.00566754109357448 0.262661564882914 0.143787728453816 -0.225098251777072 -0.624490751729285 0.0217229109286281 0.303767398419786 0.470715579991806 -0.0826555219686607 0.107625767663695
-0.0311893560958814 0.346570767858053 0.151191882529861 -0.0532627324641173 -0.347852960735061 -0.0611421984424935 0.0083804925770242 0.337399165514463 0.158476886555283 -0.0776560962660995
0.0279912551913776 0.305985086788531 0.159627598591929 -0.0413395149324397 -0.332961937510843 -0.0418889269500109 0.0109368688039432 0.336782514176139 0.168419056982989 -0.0306356209033629
0.102540953097055 0.231278847466843 0.278083827931676 -0.138424592161506 -0.531508206329448 0.0691531520320201 0.304018395951483 0.621992923929089 -0.177697676228306 0.0440519143971537
-0.325461036298876 0.235726761133611 0.310960906802039 -0.167414826750181 0.343691391075737 0.401288797406986 -0.111743026830176 -0.115248058407852 -0.107506151059873 -0.00708556860214633
0.303156513366545 0.433581758232079 0.233369565346408 -0.238009401218716 -0.500892947008188 0.182992546200346 0.212010910091247 0.568355108714016 0.0644012721377127 0.042960121429462
0.146069707222812 0.466127949607974 0.321927069709269 -0.195966402651697 -0.561960421579454 0.106238145411716 0.124489230815083 0.377857012380492 -0.076896318880016 0.0348989506822461
0.316357053831814 0.380784501651355 0.275129126974574 -0.167030405119346 -0.465028967347531 0.236833982356908 0.216553518949926 0.529690962747094 0.0508744377446147 0.0682348041963648
0.152691960794712 0.371833211723239 0.295146529968581 -0.0504276728377972 -0.442399384874896 0.11628752293661 0.0313778336523206 0.502482718325837 -0.138775638551548 0.0833825829167797
-0.320871970097257 0.235843984008111 0.231883602931876 -0.172925893721144 0.495461469329037 0.377574304214888 -0.114931915950932 -0.0873765139361574 -0.15343814907333 -0.0151383055100684
0.0125395162880835 0.255318741341119 0.399751777052052 -0.0862142760602836 -0.436668387446043 0.0439776381030066 0.195178363753737 0.495996836433789 -0.220055936778724 -0.0993259995386603
0.212866564366018 0.307606397139053 0.238444490789444 -0.12705705944898 -0.510175498715805 0.0989816265267133 0.314764809286349 0.687421073818835 -0.118542760316377 0.0132354660996928
0.070230108576591 0.216574303308561 0.30819604100665 -0.136463372682567 -0.524717967340584 0.0758620402855546 0.253751808154476 0.666519476404196 -0.162055771998654 0.03668517039144
0.158378236326656 0.210554832809289 0.302402581425208 -0.115188638372317 -0.449307517416567 0.0915774660642335 0.0981917983811518 0.373466648864007 -0.0726375382727706 0.0581184002433641
-0.400126518741422 0.173028997711583 0.193390089334167 -0.178281619068124 0.489284874637375 0.360020185899136 -0.0658382308796331 -0.195747547189048 -0.148243916668704 0.0185436379195605
0.15691696868419 0.157695291311494 0.298389131010079 -0.0228765516561844 -0.47999967722931 0.0939013845733302 0.0851217202037899 0.445160803936754 -0.0237535594164705 0.0995582419402037
-0.326062073871953 0.22117838642678 0.199222791305696 -0.211542421037495 0.357122806768217 0.400188926613864 -0.166392159112207 -0.104472689063886 -0.0938882794145528 -0.0439431660827255
-0.291510732903846 0.177213809212683 0.23120405779213 -0.138120097666295 0.473748338317181 0.436365301150357 -0.106266488320354 -0.201922778147431 -0.0968419226663204 -0.0970839011949876
0.138495808969049 0.299081599103548 0.151575372051296 -0.0898925382043105 -0.493911714269182 0.100686268803854 0.316537671874787 0.771883736669557 -0.14559368519177 0.0372188250634155
0.146615433222689 0.423646892437333 0.2287651908695 -0.119422406581813 -0.491397689196427 0.0980682755966981 0.273987699274125 0.430374767349089 0.0490211920511972 0.0230244361381998
0.22466960497374 0.422026855444402 0.284732313521767 -0.237936608196109 -0.524767738465884 0.286923412532777 0.21043207631822 0.494214154049011 0.0746630604577357 0.00604929554357619
0.0187165875676433 -0.173013540431037 0.105440894568406 0.203057395898039 0.234910801541208 -0.0226248767299942 -0.0148435246928961 -0.209572262909393 0.0523124529991124 -0.177012845603996
0.193648603728722 0.143242973020175 0.320046608352263 -0.0352942891890777 -0.486230140462785 0.117381080362039 0.116743566699801 0.43108483583693 -0.00210895450319592 0.0999422797931072
0.0340839338801886 0.408250931662332 0.16214286638805 -0.28619397953929 -0.438332684309173 0.0037978636097539 0.377622063642294 0.524206997827958 0.00204189516728803 0.17332836650674
0.172022176129339 0.218805555739926 0.232106769075025 -0.20254379230707 -0.501470659578687 -0.0101696010115544 0.253445604599501 0.70939236340799 -0.174765172677463 0.0952015808326816
0.112965406592297 0.439424184754467 0.0986120676420382 -0.200963568688169 -0.477566408469029 0.105916472620921 0.100889863421862 0.456823999487777 -0.16755400931658 -0.0112711430748539
-0.290022871004486 0.262720823424036 0.205622285920982 -0.201734130625489 0.349670103885967 0.447766334120825 -0.0713999108692329 -0.191879458070129 -0.149421055808629 -0.0107492658941448
0.180279706023582 0.390032556239073 0.308696364865628 -0.0617344758926647 -0.320589598479995 0.147905444545901 -0.0269124146958637 0.496391914164565 -0.137171854215783 0.0720052209249769
0.180108344174292 0.475419996149867 0.307350945743675 -0.185211332331788 -0.477553189223392 0.122047261305185 0.270851106958276 0.454358207077321 0.0197570776900991 0.000186081397912707
0.132148080316735 0.387167901659199 0.311300903547719 -0.205678941010677 -0.534636298740091 0.20468719758145 0.00237941023501104 0.417528285207211 0.0105891266251504 -0.026280925016364
0.209931625517429 0.310483045984966 0.231188064856998 -0.135162643155084 -0.510615411609055 0.0898260972877662 0.317912205400799 0.709192189993088 -0.110426980190316 0.0157797038520713
-0.0385941806182136 0.188336346718725 0.427529028292396 -0.122028057705857 -0.486506198852843 0.0721059490810785 0.219403689815431 0.62857590175783 -0.247614154284288 0.0139703330058153
0.184581519421269 0.377909332375842 0.261175992704671 -0.157458723872377 -0.466209143569399 0.219825075282172 0.0407425434968593 0.385650681564879 -0.0312214722500783 -0.0709130832793449
0.0412891316960601 0.300337983478427 0.133844976299647 -0.231593653576412 -0.626122282861113 0.00745895785024687 0.311183365629853 0.458494677825107 -0.10696772969042 0.136372215142426
-0.327256491034039 0.326448032084124 0.254966656895931 -0.153960590739992 0.444002024707585 0.405939957684198 -0.0318392545959833 -0.147417564931519 -0.100436777191634 -0.131488019079066
0.127703308780698 0.362030777532197 0.379583729152224 -0.177700923418994 -0.514832543875017 0.235719128812689 0.0124525413073647 0.369053326247935 -0.0356286679270949 -0.0398197266813145
0.208304284489468 0.347010329009432 0.272089300702269 -0.167456733049811 -0.457793242660561 0.227736889452646 0.00281092741094571 0.452442447402138 -0.0498435485743126 -0.0335718636174067
-0.0266085183398115 0.191414797490926 0.378063336550575 -0.105677833840999 -0.462925178851705 0.0752396614705587 0.177018387320207 0.562158086413825 -0.237345060509574 0.00269100591430131
0.00358915274598913 0.122580618510584 0.364645214825969 -0.0964255412810047 -0.369380958113183 0.075359196077664 0.156571924840653 0.598271992101391 -0.22135638316484 -0.0696573624693385
0.177950786484912 0.336410213592383 0.23643966989361 -0.23270656833267 -0.455622927025357 0.207468143695528 0.081609097958502 0.405143884809194 -0.0540691052480622 -0.0553102202259825
-0.275412465438386 0.224519453835998 0.190749277622623 -0.1629246863547 0.435423442257287 0.328088864472001 -0.102534879003074 -0.15882044955028 -0.04594542214864 -0.0425434734752659
0.113749953764214 0.362875378429093 0.217002305492335 -0.160994889983105 -0.348585672092216 -0.0138800769205234 0.137412099300219 0.159775285454984 0.136195765788009 0.0908012406440505
0.327785539955522 0.36616504483039 0.274455615870825 -0.106397358632646 -0.483535846151192 0.241522014370801 0.171422123094086 0.468577714792646 0.0942467719008975 0.0269712965947264
0.0926452757680805 0.346843656342751 0.26453853182176 -0.127026503692081 -0.345837033919397 -0.00827841113617424 0.144160417419634 0.238980469928849 0.154247195441694 0.0647986338606938
-0.00478024476701951 0.281604582935233 0.128363317013215 -0.231451702790534 -0.623886087038903 -0.025324052458171 0.312380520564273 0.477845768613311 -0.0875731750165932 0.152310356418962
0.331406128983123 0.36384625856692 0.245461650530023 -0.133736967633061 -0.458270126929132 0.226449628583354 0.193380881690432 0.465467821613064 0.0796641321725995 0.0243167069972302
0.0354561847635887 0.394023979741247 0.0956621622212454 -0.336969549983619 -0.346345141541475 0.15371453853744 0.183334927565277 0.315311345682225 -0.0026964425188821 0.154833522482557
-0.307758229263817 0.191320196526149 0.214366308734536 -0.196372343800133 0.472433932615757 0.355992163985009 -0.101461974979695 -0.110032361566489 -0.169431211075941 -0.00703900210231462
0.234884355466185 0.403864902262257 0.238272630430839 -0.141971993465308 -0.429922703279034 0.149577768668502 0.188696299538923 0.520293824982736 0.0899429767932415 0.0340829395851943
-0.280651495329526 0.194261251268591 0.312237060455422 -0.20654180391817 0.368981680465856 0.377048895620446 -0.106734653321819 -0.164482442937307 -0.157946375750326 -0.0779680840297485
0.0332495520208898 0.284066478511997 0.516439200940528 -0.107450834861514 -0.457285151884688 0.125262632879515 0.184460437469373 0.550436320840768 -0.152701948882783 -0.0216071780512824
0.0833747754998902 0.416956342563388 0.180663466569321 -0.184086142000578 -0.421371357153863 0.0191890851189416 0.350192452148641 0.542450361891609 -0.0366941738279691 0.152868706424093
0.172332070274842 0.354677369761273 0.305919962841356 -0.0265855358335601 -0.429197807882281 0.148755688399859 0.0197843557322038 0.498505861924235 -0.120216000565099 0.0945207099035879
0.276991122815617 0.37140590538247 0.303238156997302 -0.127588914362807 -0.54503740511002 0.205045294908019 0.22789797962106 0.452150925677366 0.115170585420888 0.034414627313334
0.208801835579036 0.263695506172219 0.301056403424641 -0.22048769394561 -0.32976179053329 0.0635171376025082 0.373727007668325 0.513198178969158 -0.143119213308484 0.2971204983067
-0.34741171787604 0.232271908029959 0.160957183815202 -0.2338117457594 0.414430020470359 0.376388837310554 -0.188509401238866 -0.107869571702512 -0.0454195782266728 -0.0149150215132497
0.310048449094446 0.377834621917419 0.250631108068096 -0.191377332651223 -0.44999739950126 0.229204437699942 0.232575271484946 0.500224082464454 0.0729961812164537 -0.00685608376005463
-0.0865882131735185 0.302400601943359 0.266316827787309 -0.126408683306527 -0.450907850300028 0.0541291998953163 0.15981982705945 0.47748748621664 -0.0963364591477966 0.136165212108551
-0.338222725779423 0.235914378286693 0.17622557069996 -0.225272875161342 0.41499290019476 0.389573736610905 -0.181128347462495 -0.11678283540603 -0.0579163709186095 -0.00827466814813241
0.113979851446159 0.421844954319606 0.131558928706416 -0.185672535364663 -0.486223495945672 0.100805947821009 0.197337492465919 0.458505275737036 -0.173786335208091 0.0450818586677467
0.189953592889943 0.256278498797379 0.196263006650309 -0.218386846032773 -0.516232895074085 0.0402449952375976 0.2647372019494 0.737451198097156 -0.171439766559303 0.110811639407341
-0.388051473046013 0.264295223339972 0.110956379700892 -0.26612097672682 0.482914710429264 0.424547001019275 -0.131225024447719 -0.122799766995956 -0.0273665680931311 -0.0498245364234367
