-0.280530354411721 0.117339873616674 0.0442689899171366 -0.101878560498216 0.136442329827282 -0.0627736936764749 -0.119564549023326 0.346180048104252 0.194476368179238 -0.290489076234153
-0.114792717992281 0.308512404452376 0.134411499247326 0.00487179240677837 0.436558494930838 -0.0995880668392232 -0.0174920704881749 0.185377399676267 -0.00980926155593699 -0.155845484365773
-0.229379351703555 0.38966871803872 0.0995249729699878 0.183113214928471 0.357598979154377 -0.148295316597507 0.0517185980926528 0.306295774006136 -0.15668331268105 -0.255846904037249
-0.252568220300734 0.393295405606905 0.0975599887437333 0.172219007286582 0.365775118625327 -0.155924374637254 0.0462282920469879 0.310584820975267 -0.130170178191809 -0.282163313349976
-0.237456517605633 0.349443470580367 0.156848289852925 0.159655181082911 0.382183326784922 -0.192441700170407 0.0200421582687972 0.239136503411627 -0.15828506291896 -0.172358902659101
-0.047185937553849 0.0957159762900549 0.285757763880764 0.0264368835238223 0.348215117175178 -0.0259283348599376 0.0371842365355913 0.403883024216463 0.00075470035792395 -0.0661696202219482
-0.126740166984516 -0.000231513966796729 0.152460504142658 0.0516752173463536 0.296150863579211 -0.301541495367085 0.19312665884679 0.159631928558849 -0.0435510285605655 -0.146776199533797
-0.0216590058599518 0.315757879263279 -0.0570187345320287 0.124891218235539 0.406664059759003 0.0286311455397525 0.0733717076182571 0.364561030114591 0.00155695630881524 -0.157224955414254
-0.155125758145972 0.0968690985870116 0.0995287110216743 0.213406152338101 0.263448741226233 0.0167863715376106 0.202280627867125 0.246188600253338 0.0545370509089745 -0.230464958327411
-0.0491770440954506 0.0918774030397185 0.331933151558126 0.0415240958523016 0.353985767418271 -0.0394360475681315 0.045662773523579 0.413561931169952 -0.0167432096923575 -0.0778474723153427
-0.166542913728274 0.0166769020463426 0.0768901483813289 0.153482125413523 0.291362318602681 -0.0671907733407224 0.200652610768795 0.256215272106092 0.0501717147938823 -0.331528043338932
-0.271388948522592 0.367746950003539 0.0625346018311088 0.187376930038342 0.371880895133623 -0.185034535324739 -0.024657810010329 0.351847400410481 -0.0882900603595233 -0.104647988110497
-0.337284645849921 0.109300779491889 0.261540667553959 -0.0812211609505284 0.0787293620995489 -0.105231113359264 -0.0767613802665184 0.167900267128269 -0.145977010054198 -0.153963886998276
-0.0159210644835832 0.377747584486584 0.0991834684051967 0.186437809551764 0.513313813349985 -0.00156976603404624 0.0871518640814451 0.289811540216997 -0.0621182678298288 -0.119090615388367
-0.16229218214593 0.335839117374819 0.139425451916625 0.106247082317385 0.390159593762316 -0.0205949627319561 0.106634595109092 0.124122011257775 0.0527345114546293 -0.153457206338135
-0.301440929696586 0.142489789821173 0.230919994413157 -0.0699822983150867 0.0741947978897666 -0.102515914803154 -0.0824772898167895 0.152001582557309 -0.149344237973874 -0.166254693086454
-0.143559212079221 0.0884473454185504 0.0284339773248245 0.12748664909382 0.319801505787875 -0.120960357656633 0.0803029188105508 0.159960870801616 0.0388259663073473 -0.214379471732077
-0.315733975880217 0.152290498094819 -0.0572512031586794 -0.0544415353126812 0.220701490777448 -0.123099662622865 -0.230084577789159 0.403792352414414 0.1944580118047 -0.222873121033052
-0.270578356076342 0.141611241477719 -0.00773814836458069 -0.0437839954329674 0.122226823049015 -0.0713536571878488 -0.0453497927997147 0.0883124973829228 -0.100880456146901 -0.0446407586146154
-0.18053828980866 0.127871563219828 0.140252256315402 0.197837581253708 0.348196129471288 -0.140564723211057 0.0334279401241653 0.191374984899899 0.0984815701230875 -0.268769309262862
-0.292206016439388 0.33911813848546 0.0188766968474182 0.26014067962724 0.309661658907865 -0.148169371107256 0.0396041612290955 0.227197302621332 -0.0928612522024847 -0.196800737392548
-0.293149057371301 0.109143466159418 0.232156735880048 -0.0950447109663441 0.129981571706733 -0.090743347419049 -0.0587466890433807 0.188016715073765 -0.129426922809784 -0.160921094530528
-0.113652303797556 0.0630344494711162 0.0583577842631986 0.0858696120821696 0.261126877408892 -0.0957310409961785 0.211240093512383 0.16801804169719 0.034592493229779 -0.25116337192604
-0.275131968274406 0.00343603788865989 0.123641670905817 -0.0694051434782532 0.0196506577893423 -0.186907400994378 0.0576339623043601 0.353284203340515 0.0840474886078338 -0.205333025144037
-0.00378194849318735 0.322154056150968 -0.0503263295709699 0.159030583995676 0.447620798504672 0.024200018578915 -0.0181653202428934 0.333253471140174 -0.0241564635526727 -0.208241128770261
-0.289967980280489 0.108133420901108 0.140829720410396 -0.0932996816444376 0.141681478776354 0.0212261789863439 -0.138913552841726 0.0572224088200736 -0.0883055425277485 -0.184657344807896
-0.352780552106952 0.193948635734568 0.204716161925157 -0.0654005718570621 0.0704135799576134 -0.0803057583140479 -0.0656665568820755 0.168744541903618 -0.0230863197570447 -0.193715982169931
0.106937630567426 -0.0530499023207023 -0.0800582273714503 -0.233969037932516 0.150049747971374 0.559763330350065 -0.565375619987176 -0.220051320219746 0.0653146739641161 -0.0635466238152043
-0.258098828860034 0.328940517298769 -0.00178258428490861 0.250189065841133 0.381648584192182 -0.156834035194214 0.0509975555160497 0.296149055900184 -0.119960701000399 -0.213911980194186
-0.345759365162594 0.127455018429492 0.0747450330064383 -0.108773628705135 0.172349746416197 -0.018918593233743 -0.17732306006953 0.0395602270658026 -0.125239993752069 -0.231622143750941
-0.206399930103689 0.15814926348521 0.0695326832262198 0.132850218473321 0.297644952069046 -0.136161718464448 0.180633203401895 0.165114959183982 -0.189962742797373 -0.218611680331581
-0.174386905723782 -0.0271120402027766 0.147052816434835 -0.115565683018616 0.282308967207054 -0.0763259094825015 0.0137204367691576 0.260435147891016 0.212400333649597 -0.324619519070028
0.00640831223228585 0.349473607488436 0.0523146536326612 0.134439805699343 0.400873873973252 0.105076875359816 0.0918963160797245 0.310840742614234 -0.0748249300374515 -0.115790497140054
0.00552443602370242 0.300437585283784 -0.0204517226997349 0.151494894477767 0.475187890998269 0.0364776261335403 0.00503561735126537 0.361377233228016 -0.026287046973274 -0.229206649653064
-0.254488368454859 0.357757221813956 -0.0346623857354408 0.146909447293271 0.366515843074008 -0.183795480679788 -0.0442745994195999 0.339155803075087 -0.137151679205488 -0.134352835416832
-0.282385248791516 0.0194876498401482 0.125907732762125 -0.0951326723366918 0.125189582998935 -0.137360983239562 0.0605131698799976 0.406094892909055 0.103611979488812 -0.161124234056087
-0.359949694173313 0.208343519984558 0.18445116301254 -0.110787652363382 0.0821676855870479 -0.064437037452643 -0.116180780142731 0.147604227799389 -0.0118057923562143 -0.181663111476917
-0.117733258216371 0.116490272774057 0.306533124437016 0.0820573414792072 0.424020067431426 0.00342035864468612 0.0795218296490197 0.410274759781163 -0.0634766960632323 -0.108368336072883
-0.0838238447618567 0.0326064967914637 0.0658970494082658 0.0392876959980025 0.288497327638409 -0.216188031160388 0.209297394555456 0.140828292234989 -0.0381521311085034 -0.173500674168857
-0.31185089127188 0.167704164324573 0.118680423654864 -0.0890997735425997 0.111702943712736 -0.046157716607082 -0.154866814047947 0.012739981255895 -0.0929879559002492 -0.235171000455896
-0.355974558016619 0.194895733902964 0.17392017735545 -0.104347144587268 0.0818798572182156 -0.058599134800568 -0.106820007190741 0.132070588053205 -0.00914674821697237 -0.188154055790102
-0.350280799014798 0.18010253827119 0.0771391189167174 -0.0223626098879939 0.194552507894821 -0.123209747936532 -0.136707512497026 0.401918841779498 0.176944933202455 -0.283558781304589
0.0202720792844852 0.355193041388514 0.12257386739112 0.141762012628894 0.431967595535929 0.0983114046261562 0.0650978495095389 0.388695231434931 -0.134900925123212 -0.0985197315097616
-0.0764870970640228 0.108381148711149 0.099980065857502 0.0306568026395465 0.244164785226693 -0.239417637463416 0.152623539202574 0.133928952880441 -0.0554282361599175 -0.155983017969863
-0.285768134096273 0.115258093580364 0.250346520145471 -0.139696148927056 0.116489690043643 -0.0910182257068267 -0.0873418174635031 0.179990795439816 -0.0759399585009891 -0.149216499499583
-0.0878801495384431 0.0626208904984966 0.132192644000241 0.0465918090802692 0.28006817130326 -0.212286982001573 0.229136016489632 0.15624917117935 -0.0363574918767437 -0.125360691307039
-0.208387734526785 -0.0265208151114421 0.139697448016073 -0.0542478060685033 0.297661302368423 -0.0117082953050901 -0.0362792080794191 0.323854764279246 0.186628363219399 -0.414150544271839
-0.246538481761247 0.34025124161689 0.00766982141268106 0.236375718060327 0.384910498434494 -0.184745602099431 0.0320913850195853 0.253659286119541 -0.0800942277846168 -0.249952287146085
-0.346852503707164 0.194417977073284 0.0674553002990006 -0.0975082148378192 0.101073941016906 0.000827221633029245 -0.220753807177963 0.0970714894451619 0.0059698396000458 -0.211648003665354
0.0493748820652295 0.392940946133011 0.0479974384726064 0.168463239722475 0.443709203357809 0.0815885585137672 0.0551517601538352 0.286411812771649 -0.146557574632925 -0.129697102019987
-0.16840432994299 0.136672595637315 0.158156181204168 -0.135391617129541 0.192567060939074 -0.0617838902483598 -0.0520856667288511 0.345475792412307 0.269115787989839 -0.451770750748126
-0.0982898318148135 0.261962728936767 0.126051531063986 0.0542248919045676 0.440151300585924 -0.0262643997380889 0.0885848738911303 0.15558000825778 0.0605928363880804 -0.118111186179526
-0.286596137132896 0.111975758384638 0.114102143305545 -0.0819516266097093 0.124904035142021 0.013552228542719 -0.190063569967335 0.0426010152798431 -0.0906815946218212 -0.218396853090583
-0.337659663585582 0.137529006114488 0.103914593915026 -0.0582732898242913 0.153771302437079 -0.130455955252855 -0.134564850590666 0.381893652730623 0.177884730700513 -0.302600323904467
0.106680868032816 -0.0692329856375694 -0.0624634911374322 -0.276670166162679 0.153940434861204 0.541838378307394 -0.597889392249357 -0.263479340762122 0.0479831663843075 -0.0405269050572008
-0.352951697155455 0.0666141584813517 0.142595409874117 -0.0409022897391033 0.138585580439529 -0.141896959292347 0.0957554887986259 0.428191942055683 0.101360027417673 -0.246084415480052
-0.328118314590368 0.145005331890537 0.103572727515637 -0.00710358265477027 0.17559681515013 -0.134269109976583 -0.142151305422264 0.355768016549602 0.175354415027507 -0.28616122652109
-0.263939032393459 0.397395027931031 0.0756004340107718 0.202718488412405 0.334477102816796 -0.137005798453828 0.0828566028884883 0.224393795618131 -0.13947780801569 -0.22089719776289
-0.152103279283734 0.0846537372363842 0.145598953381658 0.213323243465264 0.356304983418236 -0.152539273683529 0.0669380419819148 0.251300073631246 0.0541150514595062 -0.195696433819404
-0.255343430065498 0.352212977063972 0.0139596791645322 0.248857284385006 0.409031212461402 -0.187373469310828 0.0303067841524606 0.261748796437774 -0.070493606259687 -0.238364522707259
-0.288817007248473 0.306885345793164 -0.0368061845383974 0.14498530265883 0.443998712010534 -0.139074698469278 -0.0419127290544557 0.374996492103989 -0.104971006482209 -0.154251359372174
0.122627756870546 -0.115150506675709 -0.0792320860279579 -0.226542464136163 0.200486263749211 0.535592973802304 -0.560710363225621 -0.198960734319539 0.119080860171902 -0.0735841298766307
-0.267704410288869 0.320795408377883 -0.069638070508118 0.199071917623937 0.423409471869154 -0.158544107048989 0.0182264231949169 0.356188783811637 -0.101277540565649 -0.176497157416952
-0.248373547337173 0.140650235858324 0.135359429971812 -0.123451647443756 0.244842775404179 0.0388486325082801 -0.0014962804844581 0.410120945257728 0.300295793799155 -0.49832070849375
-0.230410110565658 0.318929146024754 0.0290623456141462 0.314994081369773 0.396230482603732 -0.130326480095323 0.0811706133354653 0.264897545590545 -0.0734804547096421 -0.205937938294268
-0.225673776495719 0.379997849330055 -0.00808136281454255 0.233646908061152 0.433842449608538 -0.13621814295451 0.0564293699169488 0.242129527155732 -0.0928029454444654 -0.201223810297199
-0.134650021755602 0.0859951012666946 0.0416089298242885 0.124243421426065 0.188282850001339 -0.102046469024922 0.177488025829088 0.19516697966013 0.0660414229413362 -0.290030456464469
-0.202101334338282 0.1189186619042 0.127917092060431 0.224295005854391 0.369860997308163 -0.179556581115248 0.0107729195234689 0.141970505834135 0.136500993205568 -0.204740559709015
-0.263939032393459 0.397395027931031 0.0756004340107718 0.202718488412405 0.334477102816796 -0.137005798453828 0.0828566028884883 0.224393795618131 -0.13947780801569 -0.22089719776289
-0.223643968628083 0.349181996217057 -0.0300958235262683 0.152315560589575 0.397920822062089 -0.184184407197515 -0.0425224948102987 0.374873643100327 -0.12260704309862 -0.166125876244012
0.0471330559014209 0.332808178827553 0.00677502854546394 0.158562550579616 0.427337717533837 0.0132658475723695 -0.0117232198432718 0.407729225056682 0.0220102560276598 -0.201236582751789
-0.128868604250025 0.298298801341879 0.048477826043427 0.090342512772769 0.453025385084031 -0.00210051521449459 0.0778283762135927 0.194496423558452 0.107766997169644 -0.205663163448145
-0.317654748264238 0.336731627873672 0.0379917498552747 0.290334527662319 0.413639566943031 -0.118752702729715 0.0606040111910923 0.264644953032141 -0.0545155548878669 -0.149535767855064
-0.25559581843065 0.224980379933572 0.150529120694263 0.172977140078986 0.380392712338193 -0.13276422883409 0.0487022832322387 0.166809746810555 0.0728063646123238 -0.223016380739801
-0.224749685254827 0.114430867944763 0.187352753883421 0.0351240316150184 0.510037040116478 -0.100138759972707 0.057075740200226 0.110930811026533 0.0268054074167981 -0.13418805882599
-0.247995977654378 0.17522731271401 -0.0157588569435263 -0.0913133864647129 0.23121995239919 -0.18013237826053 -0.163870867245722 0.0936953076282387 -0.13079462415119 -0.0528666786904488
-0.1114892023971 0.0546993285758106 0.130598656033383 0.169649755266057 0.126200788750474 -0.143550070037697 0.194674776743747 0.206567512105312 0.00596140096900434 -0.23400318843631
-0.319550256562937 0.0150060788659724 0.164580289970883 -0.0664906719465065 0.145813361735059 -0.200599317123861 0.0575425070985196 0.376757477775752 0.0932651822872728 -0.164261394345314
-0.31657281127723 0.329688577045932 0.0888110274370118 0.269898455335219 0.418387269317891 -0.154852024182456 0.0942436629475393 0.210505714174474 -0.0307080685325356 -0.172085884938149
-0.161385988237668 0.0937311539367744 0.0976449872102767 0.177057418192394 0.31108614973546 -0.0524977138787988 0.218493680000852 0.193624746645301 0.0143672708241629 -0.221414304151082
-0.280125801846795 0.398908408220618 0.0781356297792742 0.23450608515304 0.339694052321117 -0.145365151717269 0.0747559956933039 0.199082108807847 -0.116852607700079 -0.16910769148946
-0.143705718180616 0.297050381487451 0.0906789577661911 0.151912356160087 0.397053211117776 0.0119065896826318 0.121490835510993 0.164783953351773 0.084549730741339 -0.102017504878088
-0.30890937184239 0.0466968385592957 0.0258137041561799 -0.180552312849112 0.154048071659744 -0.0975043694119174 -0.105708693845299 0.14450684646425 0.0152665740964602 -0.226900667869104
-0.272653263206005 0.160751842657851 0.0651898722639019 -0.0531458786582819 0.237427772936599 -0.171929771761492 -0.189613117001541 0.407028528470001 0.126344784371292 -0.327157002516764
-0.273634121662303 0.383595115475331 -0.0377021440936815 0.191873783450489 0.354009248373483 -0.0788587605080829 0.11638200779814 0.228800298897272 -0.0913319731905036 -0.140006691792694
-0.177799264504204 0.123017269330506 0.121509626845769 -0.0418048935039703 0.234928286307034 -0.072535019221341 -0.0344945361239475 0.339699692397102 0.32482380355191 -0.386802390414084
-0.135686090029093 0.303355204477656 0.100118582249213 0.00483758008301358 0.465303633120302 -0.0587578952082788 0.110933076425476 0.118564537060962 0.0241664859272202 -0.180101847580063
-0.217588564096536 0.144842493261645 0.0819209237876477 -0.123593680006412 0.224137308557529 -0.0313108587272897 -0.0311114559962921 0.366642646417903 0.31715522428847 -0.408816165546063
-0.291523801741372 0.264898327463339 -0.169758307086625 -0.0286063311206006 0.350454681352324 -0.133276131011221 0.0907614854016862 0.372479812465229 0.217536947755498 -0.082127938804176
0.108212473786414 -0.00177664137999804 -0.0699957897277475 -0.211866521535629 0.260493280886413 0.472082072791327 -0.637152114316119 -0.116204768154149 -0.0112601041755295 -0.118023573573413
-0.148297693688134 0.300298109110794 0.115116157594235 -0.0174205661970406 0.394531913794583 -0.0654556804841889 0.103440430815831 0.164963766888545 0.0396579725469554 -0.170673352730892
-0.147216185555901 0.282390327796562 0.121615336060691 0.0289772831882554 0.416259187762005 -0.0189801106851149 0.113530283421914 0.156886553627351 0.0504514630446185 -0.159250945073102
-0.0982323894568184 0.017230030858797 0.130428135773893 0.0830223343731628 0.248812451841348 -0.2301999034971 0.213313409158471 0.0692331731176954 -0.0663393217375253 -0.16492588129285
-0.13161841554609 0.264095419060133 0.104434861590782 0.00683166560191061 0.447385350497229 -0.0305632209518129 0.107665283944938 0.201210944146113 0.0233534723221451 -0.166095179427616
-0.280066652164211 0.358747742333989 0.25410783502588 0.0216547238861469 0.197665788079683 -0.0608521366170836 -0.0684621138267937 0.202486319414468 -0.11866840612888 -0.307777473561176
-0.110065439557908 0.289226615837595 0.104578650408192 0.0532382314391683 0.464411944983306 -0.0354298787489673 0.0886717698389979 0.0721617072341208 0.0377499198383319 -0.197466925762661
-0.305192385789575 0.124878736315285 0.0764674692278529 -0.0809097090306188 0.161665682542445 -0.027854953909281 -0.0735084987010935 0.00661397901704146 -0.0856498445064249 -0.146625997968806
-0.0898658900485002 0.0256583218084004 0.12161280632239 0.0978846758622017 0.233076894926303 -0.237321661454747 0.219442033509729 0.0767453525069411 -0.0502852572521473 -0.158573395266705
-0.200002240509125 0.141942012063539 0.0967885632303025 -0.125493954670134 0.206021235024902 -0.0311713610316803 -0.0185230886714288 0.351112302897263 0.316155703566221 -0.410713785670959
-0.118967127270402 0.00882344759645198 0.13950615062892 0.0903020513287636 0.295042570814131 -0.227634255045667 0.146814789768417 0.111875958183338 -0.0715562948119925 -0.0702917291067766
-0.284716683716117 0.243419223712263 -0.150160152141842 -0.0216072082897589 0.32628104828078 -0.169058979553487 0.14039588485357 0.359700199001217 0.213055583661566 -0.0767471175096963
0.128652173857249 -0.0726707577845113 -0.0899504871076858 -0.223570176149784 0.258533329137208 0.464144936133623 -0.628394061117879 -0.113197569427178 -0.0352959918577913 -0.170279293872232
-0.244615529594297 0.39057881036807 -0.060511459397018 0.216343568648048 0.324507148168735 -0.062553224009473 0.114462188190935 0.209215192116421 -0.166418858175623 -0.15132456532556
-0.0621893998826361 0.295030094889533 0.0233377442109728 0.129758376362099 0.508498757470709 -0.0581853880901286 0.131361660466012 0.242810296376517 0.0112922066316489 -0.125778588693447
-0.0157617594050342 0.335985250325317 -0.0331347022360728 0.167069432119145 0.450639259618665 0.0340528615223405 -0.0329374359239248 0.361800369899215 -0.00372418685756738 -0.21611218553116
-0.286003856557786 0.34533790487208 0.0113085759296086 0.270625927251177 0.418023875794739 -0.167153584876329 0.0298268804887688 0.273908476017498 -0.0838101873402093 -0.245566710271257
-0.00688712827593452 0.309154379945804 0.00476493866680648 0.170656083225823 0.462426241373474 -0.000327831589347592 0.0253862565620838 0.397400957845733 0.00335467000815057 -0.22972036665275
0.011737333966808 0.330029618067687 0.0823253169004056 0.131179120646641 0.414958527744227 0.0939877463604508 0.0771452010742073 0.29839142683293 -0.0713594908945181 -0.10496618671719
-0.156221601320507 -0.0170135510105622 0.0905424444829564 -0.0924241540960862 0.230046489682896 -0.0512993715609196 0.0710066961205045 0.297213306779106 0.155393828085813 -0.292597881206397
-0.381223320226183 0.20979937634568 0.0855003414956451 -0.139496400418032 0.0709663902716294 0.0699056632095839 -0.177687762204901 0.0533208177590043 0.0490458912311198 -0.119861334684964
-0.195307480004214 0.119929792884762 0.0671718539614547 -0.129617690346304 0.270079517600397 -0.0402900022669912 -0.0456982489077314 0.315689453778474 0.269024230696906 -0.423628502336404
-0.237498220667394 0.373184938565377 0.00536422182769255 0.246015481139437 0.428030596467357 -0.139947470675618 0.0587612601322703 0.254828325063805 -0.101471936455522 -0.209427985572948
-0.261762265178365 0.357551801297019 0.0911260169153861 0.211004077078675 0.347531429932058 -0.150354553024031 0.0984759409164774 0.212751999174721 -0.144704476821639 -0.203062418502424
-0.181212450070138 0.129112733593884 0.0775505582089902 0.145906110887186 0.299706242692498 -0.104974628654172 0.206856794712499 0.181997641300775 -0.197101553884415 -0.202582896369616
-0.233194790476934 -0.00950342054013675 0.124550859775112 -0.0555476730873408 0.30001652062655 -0.0128531941091255 -0.015633651759683 0.354817924962352 0.19511881872106 -0.426706332572096
-0.146268588942535 0.0764480397921266 0.0988487342223544 0.109280333855152 0.186090959246501 -0.0525365710991901 0.0672626512926729 0.169114975546846 0.0250147237620323 -0.376630995578665
-0.141149731729972 0.0569989752133871 0.0817302587499349 0.168149505144142 0.188615195299765 -0.0483297589940442 0.11281292801486 0.177203730664028 -0.00600880621682179 -0.349374935972623
-0.219146032180824 0.121950804582988 0.0824544222864848 -0.124967539182008 0.309557819964131 -0.044671620907753 -0.0573315335504321 0.286887387208001 0.299055957719804 -0.459454304134026
-0.256845931869408 0.331457696310721 -0.0370919666332502 0.18186924203942 0.412497821806853 -0.173519281096117 0.0250529185191892 0.34545992563481 -0.0765310720152138 -0.173940607290253
-0.195985642077379 0.0680002435832405 0.14461065071045 0.169485881197183 0.283994877394978 -0.165239030150141 0.159461631725579 0.155789857940735 -0.192289469737018 -0.230069379001443
-0.0147122097311454 0.343992395499536 -0.00351119776758206 0.103177013067471 0.421440604985591 -0.0337789688887623 0.130442408796303 0.297247003122528 -0.0249786010090508 -0.185564935367125
-0.184841282855731 0.210227851382701 0.168941918050735 0.214054917146447 0.359641825163798 -0.141091039953495 0.0551699624961994 0.176781896234035 0.100912289924475 -0.250460670367915
-0.13791435801602 -0.0108962351283847 0.108022887590191 -0.0541811566942873 0.180434907391824 -0.118429563702575 -0.0106228974631338 0.343429268604127 0.16786599301962 -0.293258134331741
-0.118798655060675 0.0515564543656622 0.0928468837973132 0.195303081902256 0.300430411570003 -0.0181418659167446 0.282010254360271 0.218256089123393 0.0390542095688528 -0.211327420321944
-0.250520101783902 0.218940201135773 0.131718980492004 0.16530318043613 0.389380440500684 -0.142006505962544 0.0532826856797448 0.168288616257371 0.0735105284223131 -0.211297285766004
-0.0333062684783318 0.232441857986674 0.338047038510806 0.126789666322469 0.353375431601451 -0.102242885461291 0.100755867906804 0.377428606922213 -0.0999610105049526 -0.0163877231128169
-0.110416789548022 -0.0388200564354762 0.0707582801340261 -0.0520915237112088 0.231090331140716 -0.134015457080847 -0.0436216290785695 0.305914365727201 0.142479686257049 -0.295897291136977
-0.115558203332645 0.107946273477588 0.00538706147218352 0.139659558662505 0.297537502380058 -0.0757581094789088 0.0977982627921729 0.167960653491515 -0.0214535719190115 -0.253228448485957
-0.303720721893189 0.110363243448484 0.247082623440069 -0.103272780657263 0.0999938653993964 -0.0893962568663523 0.00895667310844082 0.215710573068464 -0.0546292602060609 -0.185067572315363
0.0461251482526025 0.335360331503021 -0.0232350843625462 0.129136323366297 0.450643789364883 -0.0112658359958199 0.0851500258838932 0.360343175156193 -0.0407283827402407 -0.162360957770597
-0.27703705524755 0.195188257771226 0.188054776874732 -0.135733499309484 0.118254399743123 -0.000604347346576661 -0.0541663438777072 0.193555336905946 -0.0320067488696825 -0.204417910100933
-0.116661352172046 0.262455700671242 0.110874212283953 0.0948979370176431 0.432690143311265 0.00650905778770657 0.0966503222775596 0.156868827208147 0.0477346251566465 -0.173683311860047
-0.144197499238398 0.128392336691512 0.12306275079719 0.15678001790944 0.365013610900866 -0.160019343244632 0.0495624280074721 0.255625835200606 0.130176253975113 -0.312914753636519
0.00590207344547372 0.380243415736377 0.0608883508316819 0.187295741499869 0.524228093237364 0.01549043148955 0.113153684704729 0.257389997909696 -0.0892595287866577 -0.135235559555886
-0.112263943419853 0.0800930797459684 0.119461288229784 0.185576822344672 0.264964440210875 0.012779317708823 0.262529805397856 0.187748971860185 0.00878480285056583 -0.205956331088418
-0.236153073356796 0.200245933278235 0.188477210450549 0.219100954542873 0.395534074264158 -0.119473687313413 -0.00234104670187934 0.173838907742812 0.11705569273171 -0.23125843680476
-0.0532884254594559 0.166214556412094 0.356613569651615 0.127209882636455 0.349042397492599 -0.147968202372187 0.181149096136559 0.431332210951477 -0.115112693693935 0.00824627433326837
-0.253635568934168 0.158696018464661 0.080553813327637 -0.107712233206397 0.19608482536317 -0.0403077616179189 -0.0405753886921803 0.345970366444588 0.266682234554625 -0.405910135278118
-0.142417230519869 0.060862336257436 0.0462584228724998 0.124984604484462 0.310455746323027 -0.0812462595484493 0.132095140754042 0.147859470849116 -0.0101231330805238 -0.274250245041256
-0.0931758087627951 -0.0246389594912506 0.0361092003182358 -0.0777951816621234 0.22019463825055 -0.118973010410264 -0.0291398568268297 0.281616799277924 0.18469295351506 -0.344283987096349
-0.316946665736822 0.143324581310126 0.23504647796561 -0.151994494262553 0.108092559916681 -0.0482597411180891 -0.0994957141991379 0.185535009749162 -0.0299593758740512 -0.153668513683848
-0.117724578346687 0.284722834970836 0.109881797358901 0.119829144171749 0.465553734145932 -0.0285635357105702 0.104805767968956 0.134353322578677 0.0738927794178409 -0.122587452710222
-0.0300899050793844 0.319325529922547 0.0953379691588366 0.154478844759846 0.562772681663416 0.0331487095534625 0.109542003628528 0.216743536375633 -0.0757723078121566 -0.105827736463887
-0.327716564116029 0.208012072415418 0.138198720822168 -0.0814699049400007 0.0278727909233263 -0.00701594825356734 -0.199600620553125 0.156918097662909 0.0354254967728457 -0.156576137671849
-0.124654420306915 0.157518737875025 0.0916044815486616 -0.179010498466751 0.257117022974488 -0.084034801847973 -0.0728773304681534 0.317920524800908 0.266044266049279 -0.385706920690481
-0.207515815559681 0.117780014198106 0.0796695027557027 -0.136207588165752 0.242980889550007 -0.0446754446885192 -0.0418380607862931 0.32695637205182 0.251402383054901 -0.444919100391725
-0.283837019530207 0.340253466142836 -0.0699755909589218 0.267651502647426 0.379347710951507 -0.195205785697274 0.00261605013157577 0.210820704507175 -0.0700509426220666 -0.224245786389709
-0.337350146351791 0.194694804060344 0.205880936824981 -0.132623954374952 0.149835616067205 -0.0362457229410567 -0.0982888069502075 0.207093123274794 -0.00328664436307215 -0.236488897002142
-0.325847564011415 0.14992889928335 0.0981572490361574 -0.0827971306900108 0.193390205641874 -0.0414262916840192 -0.137178322901436 0.00858644820008618 -0.101662988238672 -0.229817671321365
0.132082339378626 -0.0370695437133021 -0.0838969039330178 -0.258989620742538 0.140009891509217 0.560605090113328 -0.581324168867832 -0.286424146555309 0.0635604868292348 -0.0554024622508473
-0.303094401196183 0.0906761252244256 0.271505840662788 -0.145073284111519 0.136665382950764 -0.0897652961423923 -0.0717709072987862 0.186999975985776 -0.0792886925974353 -0.146473116719931
0.00335772513898595 0.325679830869174 -0.00640511945012295 0.140305710684829 0.486498788401409 0.0203337691702066 -0.000189813511755977 0.371248377384164 -0.0109452916948426 -0.221513047673752
0.137372625683561 -0.0991054785488981 -0.0698044308853717 -0.188464115590817 0.177325893114681 0.531298935166159 -0.58559259047881 -0.18561633767687 0.117482306365963 -0.070176661672523
-0.048443214492544 0.355407780216495 -0.0746997561749189 0.0994718862071969 0.373352959218351 0.0227136717995984 0.0669261836632591 0.378342703838132 -0.0108715094789439 -0.153243506497082
0.00552443602370242 0.300437585283784 -0.0204517226997349 0.151494894477767 0.475187890998269 0.0364776261335403 0.00503561735126537 0.361377233228016 -0.026287046973274 -0.229206649653064
-0.0877229503897508 0.404152920416441 0.0120311184642767 0.102320687999017 0.378895040294709 0.0131401036715949 0.0919065605333582 0.352105801213671 -0.0324426644505097 -0.228612433688871
-0.151512837051228 0.0767283269296744 0.0591444856059486 0.129975965155337 0.179428291394684 -0.100182524255144 0.188222450886719 0.191676633563158 0.0547233042772601 -0.29003088258273
-0.0110421854749223 0.333935033623352 -0.0637767788683987 0.150047711806673 0.448753533169602 0.0263221842538104 0.00061483921280482 0.364058875784139 -0.0176181446421429 -0.20936300569008
-0.0106245882553101 0.376744144306031 -0.0451653681913311 0.101526696777762 0.452310963143264 0.0545257746304147 0.0651649557226343 0.337448976092509 -0.0286553176336656 -0.19038690113155
-0.362791410755603 0.199806781032308 0.0621252901742498 -0.116551981282105 0.086784208226111 -0.0146781355955213 -0.194948060708038 0.104783005076819 -0.00402284663816875 -0.216170426783898
-0.0606097955573802 0.320298344045199 0.0850479791435562 0.173188052319229 0.539349977932832 -0.00550188817467372 0.127571443582764 0.253510233180597 -0.039970704581269 -0.11101186775873
-0.219894264124012 0.0940190893797335 0.127861176693147 0.132456346284264 0.305630808513881 -0.198826029861012 0.178990440715345 0.156076714910019 -0.215551492460567 -0.214033225661242
-0.212105009338175 0.102088695111848 0.103785812025016 0.177360980022927 0.287613871186097 -0.125171096437289 0.18779707295535 0.156203690480243 -0.232698852043496 -0.255490690690897
-0.0651696201106936 0.0454562625784892 0.0397512668323833 0.0532155512449395 0.28095702709265 -0.23875837586999 0.208640082061979 0.160077167097686 -0.0261878048369929 -0.18988604687577
-0.220924774779651 0.0718068938136849 0.104164281453575 0.0603077490094804 0.333678790185663 -0.021862240396485 0.0343180313832973 0.218288142273171 0.0997406290383093 -0.211527104350036
-0.244365187389369 0.326006081055304 0.0187256531120759 0.259101753255227 0.408738881660626 -0.182209484716812 0.0555234165951758 0.242310405664702 -0.0721454040948024 -0.231615340581141
-0.12077703907209 0.255563653140617 0.0464565098178903 0.0579498726070813 0.510457597690186 0.00152710385152136 0.125351810815645 0.162084512162249 0.0865408958884281 -0.216366719129225
-0.278537124328721 0.385540860906283 0.159193420603667 0.164400825111392 0.37451755238447 -0.134770308545202 0.0271504599477804 0.248797473323653 -0.105705201220928 -0.195503272012293
-0.24482172409991 0.126757899423252 0.0561581205845978 -0.123704880077286 0.210938785631018 -0.156292206193969 -0.187377617245991 0.459366313619891 0.138471274295808 -0.298051515556127
-0.0383540937177179 0.337356505169038 0.0926573467542138 0.186097611014759 0.50786252842895 -0.0310453911533473 0.077939344336546 0.351340079933899 -0.0139727094763466 -0.227533863199774
-0.298483044329893 0.226876545606161 -0.148341825361389 -0.00357932903842229 0.345264550844969 -0.160383877850552 0.0794602830801386 0.386703457140955 0.193473973590656 -0.0940595541490436
-0.224595509688182 0.01537483457551 0.0407845735072963 -0.103045796454266 0.119723057138395 -0.0673569281466196 -0.155683131567992 0.363042340607596 0.172478302887843 -0.413045765530063
0.00541845976579906 0.355677987894045 0.0673098240569706 0.116155921558334 0.363827476535037 0.0525254979095873 0.102321465112725 0.406810131222831 -0.109459082189104 -0.122788094078021
-0.209882353256268 0.308783021484346 -0.0828083516917222 0.262273721508111 0.335124023158828 -0.14785706597894 0.0255343711831318 0.362662369887258 -0.12036161961874 -0.153268821249244
-0.284570125979599 0.288930296119834 -0.0376323067523858 -0.0978735451086641 0.286367753690569 -0.14147391072784 -0.225573714070896 0.408020569555555 0.164085028967577 -0.293625008335186
-0.253027667577835 -0.0214119537431282 0.182765407395235 -0.129594109096968 0.14488349780808 -0.196001242603052 0.0891916300711 0.332226052177464 0.105706872318201 -0.258350959294569
-0.0562768761578611 0.242706067721364 0.101977759906385 0.123152753903474 0.489127992643581 -0.142694042904757 0.0729225863174593 0.202084438298516 0.00754931663593952 -0.208397622661274
-0.268866117967731 0.437464935944926 -0.0486017426579211 0.236748154151429 0.308403786880873 -0.107686426412996 0.0730220029877977 0.216729214412238 -0.130204896832788 -0.148348606462971
-0.233134894870337 0.211816540303759 0.165110231508598 -0.00428298341062554 0.430350041548869 -0.0420740266468264 0.083147554513938 0.240629849791724 0.121264689316194 -0.295983630022343
-0.190521161537726 0.0877676601432203 0.214815856621428 -0.0471333657962115 0.215141289595762 -0.0207002598757004 -0.0662941292668733 0.332722983766312 0.274708538515461 -0.338300464941433
-0.071704766655781 0.122226260372934 0.352188382442977 0.17913015499701 0.258601818619086 -0.222997075431165 0.096841897575081 0.460552665893637 -0.142306094707748 0.00804284420216739
-0.282951246066136 0.366071763486586 0.271131337085838 0.0339024272640255 0.160219395738406 -0.0643490888962391 -0.0810730992677289 0.194551490151601 -0.137353876319982 -0.303353163515852
-0.0693116245178648 0.276307054575383 -0.0140583989144162 0.14987151439604 0.526433138431427 -0.0553033383456277 0.182215399754905 0.250923481034587 0.0598042833734538 -0.124658963711312
-0.268866117967731 0.437464935944926 -0.0486017426579211 0.236748154151429 0.308403786880873 -0.107686426412996 0.0730220029877977 0.216729214412238 -0.130204896832788 -0.148348606462971
-0.237188344049505 -0.00265596951257065 0.0991953760033862 -0.0654462964717567 0.295262380154135 -0.0387000289627722 -0.0493261650463418 0.331385142868005 0.222421834992683 -0.420736423572784
-0.294654131777834 0.339574100271639 0.134926085396168 0.154099554923129 0.387256014781607 -0.136635793174853 0.0526461434664747 0.158859480467342 -0.111441134447064 -0.199546006111948
-0.0212929643717407 0.351650505189239 -0.0262556529666437 0.158407369957376 0.404183147214412 0.0507706333909831 0.106839596045555 0.339657570118487 -0.103433763972791 -0.183530601672421
-0.0322040656774975 0.350726002196437 -0.0341298701763199 0.165398943117701 0.37926956191218 0.0579878477162369 0.0981777273897104 0.338428319768817 -0.117632663713626 -0.175937944305479
-0.231862177575619 0.075872701579514 0.135536905168896 0.110865225446102 0.54239078256577 -0.0412126952252942 0.100260030923134 0.13482466155666 -0.03620534383264 -0.207683697118523
0.100724204380186 0.360446512885107 0.129778090218207 0.109247579912321 0.45041098948493 0.0904017011988877 0.114640882381347 0.394607619909345 -0.114128035948086 -0.136347290775213
-0.131958783601002 0.250594616065173 0.126565148587804 -0.0107209656488842 0.475346241688012 -0.126437322701968 0.0100708576539136 0.215953980895383 -0.037391401735761 -0.141891568906989
-0.119525914991442 0.270890251105234 0.122119390087808 0.00626641862988003 0.475173761710472 -0.0639541456970827 -0.00698542205258996 0.143966912962491 -0.0522372017299516 -0.150216334750587
-0.296917593027366 0.320245731277085 -0.0473141752777194 0.32786331746706 0.324591811131578 -0.134170815331177 0.0505161782765357 0.279360023477686 -0.0708353448135029 -0.149395874075745
-0.240076152733885 -0.0267981198673327 0.0964753794195824 -0.0604196934804404 0.306655492650472 -0.00876143829403895 -0.0395196658269122 0.330442917606509 0.211936212395085 -0.488524649056168
-0.16455070869946 0.240688448326597 0.0716194202866819 0.0896363422400287 0.441305639516158 -0.133087516910631 0.124345548841986 0.116601451243959 0.0480916871656323 -0.114675317211445
0.042115855209814 0.32331641508939 -0.0108926783188193 0.0976839522628159 0.458426807913911 0.0147160240680861 0.114078980362588 0.344184600448572 -0.0445455036808887 -0.174025396662568
-0.185579335132155 0.16733051546159 0.134178540820786 0.167006973308938 0.404413121675438 -0.113465966564513 0.021353477428324 0.243683517827285 0.0760735653538218 -0.286531427444465
-0.179619192742578 0.20486126394707 0.0397416398611133 0.144974598759012 0.461705012711951 -0.125450627365325 0.160029230206543 0.0835486076792227 0.046050420273066 -0.141303224919629
-0.302139906333366 0.290865594919297 0.257695013498913 -0.0519109040273156 0.161236689034185 -0.0870281746317835 -0.134638131629935 0.150097080331262 -0.164773555850262 -0.319567816693121
-0.0553118960740778 0.362053185551042 -0.0255543413856363 0.136683187759203 0.414775131829012 -0.0450558478117953 0.0991686912033328 0.35596457838795 -0.00602703459584011 -0.19439411111645
-0.249864666895022 0.147148781602946 0.0242801009019539 -0.122023505683911 0.198864928580462 -0.0923106854406642 -0.0848688139563624 0.110890275073616 -0.0766978823143236 -0.0495304661061682
-0.264410365122471 0.3456846385141 0.00244057017709062 0.219265303763822 0.382931270332816 -0.154885730458312 0.0458804388125502 0.29120728141877 -0.120377610506777 -0.218867191143269
-0.140830134134222 0.120156373596957 0.0840970109713564 0.0648660715218188 0.207833563856234 -0.0543678899361901 0.183844835510007 0.212834341618151 0.0279638167197298 -0.220300565155854
-0.100228585049344 -0.0315651881099623 0.117349348682512 -0.0834841393620729 0.303066270470118 -0.0293598901609171 0.113304508201933 0.226093520085671 0.193388730492685 -0.312205824055555
-0.136781567208112 0.0985060285672567 0.0640190499034628 0.116284404056056 0.191471676148333 -0.0880570877434387 0.214614338877167 0.185495707173582 0.0893615765154551 -0.28294973917973
-0.0858576413911246 0.109437092693394 0.335569237458284 0.0337232162052745 0.423183957746771 -0.00451748740608611 0.103170471296374 0.416953367427508 -0.045971849674573 -0.0890888797942574
-0.0545055476283456 0.113671360070373 0.289000194707823 0.086964659162025 0.341110474577454 -0.0890203704974759 0.0419014583882947 0.383067979219004 -0.0373703491997845 0.00303311829311871
-0.368860407122463 0.20323102861635 0.259669344859972 -0.125313139985735 0.185990644526255 -0.0312767542480465 -0.0976652783590887 0.144910916203958 -0.0275053872941584 -0.245365621394492
-0.264105499248316 0.360049998461917 0.234229537008053 0.0448813418947705 0.182423825501457 -0.0426907646349164 -0.0579478703243004 0.195953977657221 -0.127151593638368 -0.302480591432071
-0.243167692968964 0.0493677070500906 0.203467634599154 -0.0741937166265055 0.13124723416933 -0.195837332612208 0.12565066501872 0.318902498839462 0.103154029081516 -0.201305333932866
-0.21610387937869 0.187805602379568 0.117478800784721 0.0791930861177806 0.491878617859551 -0.0180744435283105 0.0565354885888778 0.151340259377107 0.0262717728623604 -0.119178129808165
-0.10755980113367 0.290906774172675 0.0669661681974705 0.11552698120533 0.527459954040593 -0.146415878443746 0.129823167810276 0.230836156545664 -0.0189751088848104 -0.159530535301538
-0.0637192901215312 0.279242039840048 -0.00833829765833188 0.138118553619461 0.517577597316703 -0.0470547800624486 0.164761754696572 0.244073044996484 0.0806043010787994 -0.119961695479831
-0.0406865632087829 0.140190809415741 0.339693735526052 0.15575497866537 0.250512624111753 -0.107363094431648 0.106015585505143 0.413953386886317 -0.151992805440437 0.013046120007314
-0.148122378031482 0.313979512646505 0.0981812291773271 -0.0200245768592312 0.446746873178963 -0.0715331973452935 0.120224118270951 0.106634148454523 0.0277103221537793 -0.196098108864285
-0.148309500510608 0.364474981081317 0.102380861087989 0.0285154929126805 0.549733375238928 -0.0588802729763182 0.121897578958721 0.110575064022208 0.0679197757047889 -0.179461335378792
