0.038316453899375 0.00263622584587776 0.439087359698115 0.154313456754106 0.0872756949240114 -0.436926424733158 -0.126251930856433 -0.119176068480317 -0.138834251753434 0.261560542920553
0.0980238915255816 -0.0833801111870473 0.387268783144533 0.146800880337263 0.0573560454804812 -0.378214941719061 -0.17321659815855 -0.127438834671087 -0.171337739530624 0.301690783211299
0.0771589326546819 -0.0863576797213588 0.332286033194089 0.157014026811324 0.0166685343950647 -0.443923313190469 -0.156756861090688 -0.164459307010571 -0.229441006255356 0.3116650080778
0.0573220701510499 -0.337647915285895 -0.4194797054746 -0.106380439361125 0.0758662035607044 0.12415973855674 -0.287867602351937 -0.184215980986735 -0.444599359903688 0.361811371507146
-0.00494506014437145 -0.000436855980346824 0.470973545101184 0.104560169440323 0.126452927564439 -0.405384984790195 -0.15732225577521 -0.112402109365744 -0.134216446357184 0.347456837501735
0.262432732315614 -0.314443163726719 -0.436438161041334 -0.0835155423714339 0.00395461452169308 0.109165759350083 -0.308199777063276 -0.21214411869307 -0.532521322661717 0.318925083164332
-0.0631334277038889 0.0175107397097948 0.322262212500472 0.182147741651482 0.0441658542493741 -0.442845084658061 -0.247240394410259 -0.125388552308229 -0.1935878852518 0.349283382188219
0.0346040482423377 -0.129750511013867 0.499831436678764 0.0962813505087124 0.0556811659133168 -0.321358007174054 -0.216963956733446 -0.257950043695393 -0.200748871845007 0.402782024047395
0.278328185601963 -0.334767638632131 -0.408775228057976 -0.048341686225984 0.0507517310280709 0.132175868870694 -0.315015900711478 -0.19648904295456 -0.491375770544418 0.2977324140227
0.0721466054677773 -0.0881920359618263 0.317293838946325 0.0830278925504474 0.0187051309648644 -0.330529432801399 -0.144641116279804 -0.246514659283159 -0.162942053978863 0.412186681124856
0.0235210082216271 0.0147807136480775 0.430838156208272 0.219779053893616 0.102619652919425 -0.471492181389264 -0.0955448858709927 -0.0974422281036867 -0.173672155035808 0.268728424754769
0.0765869535756443 -0.0920190883995978 0.34038511933321 0.169489336407767 0.029230230385496 -0.383060577825148 -0.159966868922744 -0.107793092686424 -0.185034300390393 0.310218253345398
0.261959803042766 -0.343567097810487 -0.403083940403231 -0.0426418787778455 -0.0183436096904888 0.0967351499199285 -0.313609294742141 -0.166569817268408 -0.490604047676714 0.337641740331278
-0.0222388597843713 -0.0588878995553293 0.401465070892185 0.221110657964771 0.0993167995299446 -0.403653652074257 -0.133995242609361 -0.0844198722908053 -0.129820151072478 0.398937432188691
0.144986196460789 -0.259584028375005 -0.398181374330628 -0.12783596861291 -0.0789210320454301 0.241038500252613 -0.190196058965497 -0.181352817582556 -0.372958554288219 0.227228524275484
0.0659268397173887 -0.112659533578588 0.305544617765277 0.0983788044068267 0.0315530991583319 -0.312595356867002 -0.137437445085446 -0.276716074698424 -0.100053522125642 0.342162327765754
0.121571128741446 -0.26656978383015 -0.422791767910063 0.0259307849495406 -0.102471787838014 0.245400813796788 -0.181547057571536 -0.141521499372814 -0.521153679147717 0.314490756518777
0.127527346253939 -0.385335930597187 -0.392935420045489 -0.159911799031064 -0.0423005332992346 0.245190266816733 -0.134338818345875 -0.193561347223516 -0.442072423083491 0.21112556753262
0.26243475002326 -0.339963242146426 -0.417398101538487 -0.161783379632245 0.0638773014729549 0.19428955782505 -0.339991140958625 -0.207554025960317 -0.524211247519674 0.315771808763826
-0.00588358350967217 -0.0563997620555155 0.401432715934267 0.163189982285357 0.0521733482016835 -0.419450726080654 -0.109760630511022 -0.130589049449023 -0.129977155359962 0.361523248352351
0.19256731996216 -0.291121741720662 -0.418722288108322 -0.0660923083464706 -0.0370130405698166 0.0771960105697289 -0.297497500055724 -0.17278519391516 -0.490701702389138 0.31934572387714
0.115031969701146 -0.0846674798762111 0.297725238474167 0.122526273465345 0.07797689196775 -0.329054934077563 -0.157711926622943 -0.316655757584559 -0.12534728523446 0.348367029493167
-0.00538552987254249 -0.174256051809041 0.329402431891589 0.191390391739471 0.137701832504804 -0.541006526523196 -0.0824311980610189 -0.154928778590519 -0.193282316692097 0.359396958931741
-0.0162668886949551 -0.493789359180331 -0.485860385378302 -0.233730253143672 -0.0723903081654663 0.103602787240382 -0.0783242811623334 -0.188938471229764 -0.69396769417982 0.173074543238502
0.190159535217854 -0.377288616397142 -0.408129428528267 -0.172472215456496 -0.057333742836884 0.204195717279957 -0.0379181693782807 -0.327295363144711 -0.349171540252301 0.337694924731606
0.0522873862201079 -0.086015534210761 0.30285740898208 0.0796774496455433 0.0465725137383087 -0.385119967569984 -0.174866849681825 -0.267945928125778 -0.15627144968632 0.403517126860144
0.0799189453310007 -0.316038410940669 -0.34204800561391 -0.300662974998816 -0.218283619548411 0.251836791217934 -0.163163882776348 -0.120022413188352 -0.25251976625084 0.233632905197898
0.0390059918814031 -0.308772979453948 -0.396152379897801 -0.0621654000120227 -0.0218034649727173 0.201452201771922 -0.281821754009552 -0.186192212002933 -0.294869418685078 0.247624119565944
0.12156693260029 -0.266943762539236 -0.448895125800896 -0.146441727011946 -0.0466287649190502 0.253828538501583 -0.157275455100924 -0.155450232194272 -0.36755582132102 0.22426249655878
0.0780226957694262 -0.0415672945708543 0.349910167429338 0.101386013597258 0.064611465037669 -0.42498463831766 -0.140607101658904 -0.209798905654017 -0.176093476764154 0.403745155169059
0.210907147050186 -0.349228928749115 -0.496121699207096 -0.161566975582179 -0.0528457659828909 0.14809134591634 -0.136471726322805 -0.203730978733093 -0.401290271827074 0.254561642260345
0.0435440535394992 0.0054704474935909 0.33973564880782 0.158645437517717 0.0902424421928661 -0.379543311686123 -0.0927009966756109 -0.111928053874316 -0.133030189156774 0.371280582584385
-0.0373542833810765 0.0372661281370262 0.259511229968594 0.111412339795736 -0.0519275288270752 -0.380904029664396 -0.259113894526175 -0.115361113631098 -0.216586915928611 0.438216736385364
0.0248595990965265 -0.0644920467476274 0.292770251473319 0.120881278425741 0.103811665160668 -0.365700960861103 -0.141699113227686 -0.266155141892988 -0.133005152494659 0.371353137625298
-0.0735387421595253 -0.0580280560161632 0.400962670488518 0.105007698898363 0.0687098468911122 -0.409850489785751 -0.167439600962645 -0.0986420779723449 -0.195459397964994 0.315839450645656
-0.0120782599974231 0.0210746899576986 0.487516221333191 0.13007024823313 0.0742009504445074 -0.394854321824711 -0.147333400216693 -0.141909278923202 -0.169403622260189 0.358456472243514
0.0926536265857862 -0.337228511742346 -0.45084979200915 -0.0370226578428793 -0.0706469835881421 0.172574264174058 -0.222571245406956 -0.134464779789847 -0.393913646577683 0.285719286764271
0.0753454976382222 -0.105815076787777 0.269919998827012 0.115421890114688 0.0749753047651482 -0.360038949927537 -0.142140920743146 -0.250495438085346 -0.116331049313705 0.310529000633158
0.0377482626476206 -0.19582710373451 0.331640210340492 0.193523190099609 0.129776776452869 -0.502112414756581 -0.132766611680982 -0.157462629000612 -0.181552106629889 0.410117418425858
0.048164698828051 -0.0462527943720983 0.287287425059139 0.0613752240185068 0.0370388773249116 -0.404330188811725 -0.164310454477394 -0.229900751406795 -0.176878361355257 0.394292102294774
0.0892356460038883 -0.361723603629017 -0.539426344177379 -0.0465025407394928 -0.0142584585716019 0.143163324586637 -0.195481037590613 -0.181809307957977 -0.42070746613989 0.326880438582458
0.179555107493593 -0.363353121387023 -0.486843469544045 -0.197148972069865 -0.0576449735264175 0.156833775885942 -0.129925462527189 -0.214463819365696 -0.385573361793651 0.271962557752985
0.00772558700364354 -0.183038290873865 0.363933343887544 0.198729273335581 0.149946196074165 -0.595841029184464 -0.111132480996613 -0.177862315812951 -0.141968460503563 0.341908456878416
0.0551678178049923 -0.0666329925338085 0.291236624218152 0.0934738001420418 0.0531377181096129 -0.393580649750646 -0.180257953313861 -0.247790457569624 -0.137626587917215 0.404018438627718
0.0661358271134813 -0.136908608765601 0.338095310868721 0.203130483854974 0.0451314548495734 -0.376849195964377 -0.0772630719433226 -0.260014519645262 -0.193895112268118 0.416967168015432
-0.0906210569058586 -0.0732982362866673 0.285153084967204 0.258317709834361 0.0762736289759066 -0.492535549181785 -0.178154216070669 -0.0407723949243832 -0.242998908637258 0.437883540082803
-0.0312613027064707 -0.151116685053717 0.241175470665911 0.179670699967115 0.160114743324816 -0.525723839048218 -0.0630829258060122 -0.159795920693873 -0.125484911878762 0.35172523211209
0.0693590194353762 -0.0869467548432032 0.455509651134882 0.0211178566225368 0.129676271746798 -0.341892448405198 -0.247871098312068 -0.242755316427041 -0.243676829814971 0.388128302526006
-0.126380426838061 -0.459799436381907 -0.653375834745062 -0.334738681137483 -0.105643505096861 0.0507358756114958 -0.182324074427349 -0.27268963341783 -0.459884657673007 0.163427257902455
0.0418966267118341 -0.0940589664802239 0.319877495019919 0.185742166125603 0.0424534644073933 -0.423046661447385 -0.143245427307082 -0.248532859801524 -0.171655741773446 0.383150160765825
-0.0386199523141444 0.0265616334227297 0.265774437572876 0.125412403233512 -0.0552750968849343 -0.37217336164763 -0.260650771770066 -0.0920830315571208 -0.202136649807427 0.4415870369488
0.231056362491165 -0.348501810701438 -0.412846005716129 -0.110076832346315 0.0554302330089589 0.172083117618906 -0.295476965158017 -0.208292327049771 -0.535840332072979 0.311292552641048
0.110264485574925 -0.31106590592309 -0.404353390080593 -0.27617758245892 -0.246536930853671 0.294731779768156 -0.172729672074674 -0.170066242686897 -0.351684343912299 0.252217960848845
0.0832458733427726 -0.355717297355753 -0.437100101775988 -0.0832181369543208 -0.0141184400221769 0.102484856253679 -0.234848533934473 -0.214176892062338 -0.390483381435059 0.35671991678007
-0.0846980694590937 -0.0427006562016711 0.318498095228096 0.129216781821472 0.0314979565922213 -0.453675861556513 -0.298006719697432 -0.0428669892959761 -0.252943584070768 0.335402372472936
-0.150594890608593 -0.390480350867607 -0.476039659062087 -0.185368853215868 -0.164781480390975 0.10061595740857 -0.218507321403312 -0.374056638456153 -0.443409943418054 0.13710147781605
0.0664481848954063 -0.104145155305761 0.273300208075303 0.124862480179227 0.082496611170105 -0.364677626917594 -0.158108477175442 -0.256849554008441 -0.112286726048707 0.313244236456785
-0.0465806610293362 -0.412794309340565 -0.650597412886896 -0.295077959784284 -0.0840682353990499 0.0563167038648763 -0.129933770492945 -0.245708882094957 -0.493275336114535 0.148834679578038
0.121609861478674 -0.340192209340347 -0.475485222877592 -0.0960127928165661 -0.0463754544494882 0.0857623750714707 -0.247859623824704 -0.218674304431508 -0.388132429389826 0.322952688257793
0.215494436449826 -0.328365509490798 -0.454310512251083 -0.159527930776162 0.0528809412723902 0.222861632156501 -0.114132695667418 -0.273238626802263 -0.384632054364831 0.308973204312484
-0.00642038292408241 -0.253206128788162 -0.38954448019788 -0.0341176318865727 -0.0305254483643248 0.198481435040126 -0.305671979081453 -0.237172220851092 -0.327860530154513 0.268094137670349
0.114865283744472 -0.350943637875762 -0.47710430310364 -0.0493201984650347 0.00709023256953029 0.127426326173258 -0.257930245963361 -0.215300397157733 -0.42809122365116 0.347120015555769
0.0895340197042938 -0.1179438569015 0.411608500869577 0.183182080142249 0.094002230208661 -0.350334038800769 -0.202456457729236 -0.181962668154641 -0.208825390936821 0.302770736504984
0.0502236073485918 -0.113077748404154 0.253143806117838 0.122218471279657 0.0837966861908523 -0.371074218541844 -0.172681507204082 -0.275135159432924 -0.162011135488118 0.29574412250568
0.245991303132873 -0.328165152393475 -0.420708012449856 -0.103076950686863 -0.00482495412139206 0.156997802946838 -0.261383052656645 -0.183018100973795 -0.529665467774087 0.378286952496122
-0.0645856796000086 -0.167252764840017 0.319206640797105 0.289234750931658 0.0594075220801403 -0.500589100440395 -0.0686127694970579 -0.1404407143828 -0.20034516398819 0.34643127163221
0.0506890579992413 -0.112894310086188 0.254144734249283 0.143745796260829 0.107244639823916 -0.366140593920026 -0.173897437191066 -0.26457506060499 -0.132308402734106 0.306133062243701
0.195048088571794 -0.363049058774284 -0.504366576493674 -0.169323445119914 0.0282671033347274 0.179211752704392 -0.108432116591191 -0.264523232901426 -0.365895911695403 0.303983539334181
0.224196370538773 -0.391845097445723 -0.442262225689371 -0.177031854844791 -0.0458586657372118 0.145406417709279 -0.15270579517631 -0.192880295011698 -0.38484297727863 0.233573508693221
0.0883557376374389 -0.106525209417776 0.24708535812462 0.125658191126876 0.0877982658838779 -0.347229583665979 -0.12478640600442 -0.242904188031852 -0.115351320859682 0.294817591025867
0.132063560898069 -0.223556652511458 -0.537140022263798 -0.0636889925233781 -0.0665750752265332 0.240895362377524 -0.142370015441498 -0.186776362559304 -0.430985020588323 0.183123836238437
0.051976999631728 -0.128513439856912 0.321430100976492 0.152020160052716 0.0388880092312761 -0.383473157021271 -0.140401351089191 -0.220150214216837 -0.227737901408929 0.398898187597502
0.102239441393503 -0.0672122451781684 0.443362317215292 0.0769015832142219 0.0585992408195433 -0.355578339022092 -0.27902333271834 -0.236065317259089 -0.214980783156597 0.341317163279862
0.0767919854557672 -0.0660415667378157 0.31363878694478 0.099624344351338 0.0820803426219109 -0.410096816905611 -0.178912614941862 -0.244273404380146 -0.167295854012619 0.433112151651121
0.0940634402656967 -0.0568426105643446 0.408358721890857 0.0635883417490466 0.106548620185843 -0.337408286201832 -0.293729902939534 -0.279321644890363 -0.180153614092268 0.395854973606364
-0.046317722500349 -0.192393307250867 0.285167407048624 0.201871214552686 0.155410570493929 -0.540650917086895 -0.102590393479725 -0.214372309452419 -0.220763300724999 0.346747569132099
-0.0127351722504835 0.04173439730265 0.46270000621557 0.140791192668404 0.116340509896613 -0.460384400624139 -0.168199740736915 -0.152314207778551 -0.174024113821931 0.341972760645946
0.0680453084086982 -0.0835589934434015 0.344707715731566 0.131473556288422 0.0756425536356187 -0.366004747855662 -0.1080197236273 -0.241001309827238 -0.162005277305622 0.405371599487571
0.0785033615535219 -0.128895810237546 0.388802741986913 0.159275468626475 0.0365328520777187 -0.413368272605932 -0.151280948362354 -0.110776148514713 -0.1824634447939 0.259294544966117
0.213719841464139 -0.303167122867979 -0.404790235287764 -0.0635484728689881 0.00140805448190007 0.105812876459229 -0.327789730335976 -0.140391676244093 -0.470941956145361 0.344233199820887
0.127273692651153 -0.395150676344885 -0.469310508660598 -0.122986065380184 -0.0463016396063346 0.221341464607121 -0.194458543256452 -0.20834984231258 -0.488887107148391 0.157278228520934
-0.00727993103048072 -0.204879953098433 -0.309177983816806 -0.113807585207898 -0.113026756134322 0.325677390212871 -0.189603300520396 -0.0615404798306015 -0.318910384926409 0.262384338378933
-0.101744765560385 0.0479031160205197 0.382912256671648 0.0383097264315017 -0.0707874304119627 -0.428890670595213 -0.259409353158599 -0.126787368765663 -0.17456956024019 0.420670876289484
-0.0708345242791667 -0.0917753681186695 0.399040097631278 0.253728624153459 0.0801634698154274 -0.500698187876894 -0.167309757906216 -0.0673754814284025 -0.195268523517661 0.406709443831412
0.127273692651153 -0.395150676344885 -0.469310508660598 -0.122986065380184 -0.0463016396063346 0.221341464607121 -0.194458543256452 -0.20834984231258 -0.488887107148391 0.157278228520934
-0.0253299817906422 -0.0303408570164144 0.407913077938358 0.0606042031979747 -0.0123950943480063 -0.473554779231305 -0.23013063855102 -0.230823481858731 -0.229331981495018 0.401867392530258
-0.151274256747985 -0.374344376612719 -0.491564109609643 -0.248743774885194 -0.0917019837806338 0.183611638350152 -0.113552833362684 -0.337036399500914 -0.506343767933706 0.229612119761656
0.189106247277464 -0.405338015088924 -0.435930872647075 -0.0709877536988515 0.0281163987033784 0.082113963203658 -0.240180716366453 -0.153805322815524 -0.460554476563837 0.36527239070375
0.207663081239495 -0.369069808755291 -0.437588118868508 -0.118275017402514 0.0250184598158181 0.0770020806258808 -0.203549567574945 -0.170946286355142 -0.440218701668381 0.361979312062197
-0.068526871229284 -0.0863979134742151 0.395658952639888 0.262239297851332 0.0687740339280271 -0.51235129841784 -0.173376824732763 -0.0696288359320894 -0.178032664209248 0.401294421684935
-0.179270676365175 -0.0761909867757651 -0.278185670036951 -0.401638432047671 0.0428683362898564 0.296777033800945 -0.017558317503883 -0.385495696411066 -0.587745390999032 0.00413169372345261
0.157486990260439 -0.352790663289774 -0.452962681415947 -0.118264309013055 -0.0962505399722237 0.114283926630988 -0.325782438092973 -0.169492624752569 -0.447735083388426 0.32462187991659
-0.000522672956260253 0.104108034485886 0.420271591210669 0.173389585119838 0.101992269599711 -0.39558694032924 -0.211774031115253 -0.0270381529826377 -0.176186981971016 0.36857317296563
-0.090400162829961 0.0766002660572618 0.365810464356641 0.0567557966715936 -0.0484696667842564 -0.370615666184713 -0.263302053166884 -0.14239922457146 -0.189298166300456 0.413417585896683
-0.09575431128075 -0.371200611477585 -0.517483839544505 -0.229309931658355 -0.10046884819944 0.147483663578183 -0.117128336374346 -0.335810830902177 -0.499412323224831 0.205718935119314
-0.168579229960585 0.0487637179519561 -0.270360316413885 -0.241644453848019 0.342466031502303 0.266149900569132 -0.0556449097381141 -0.236048118717709 -0.0305875653538205 0.617068282206279
0.185758400659839 -0.0667145173958258 0.215743265467283 0.136676434927941 -0.0961305415641202 -0.526156754339344 -0.15640943976331 -0.197282163242556 -0.136838969946377 0.366807775092585
0.111086544453937 0.0692090185277788 -0.230756943842461 -0.343300033587283 0.275655055514079 0.378347671204877 -0.130781585773657 -0.135340311570593 0.00130017757170434 0.410428499383713
-0.167175739956097 -0.0882686370663336 -0.257757521531677 -0.355246809907139 0.0319972707190659 0.307518579274857 -0.00188452583250196 -0.410647766497808 -0.590716979905106 -0.035828625839142
0.013417613504161 0.00839792015285336 -0.301409708784668 -0.232439094754793 0.376693547763747 0.2752577313727 -0.0294306284181562 -0.267685457924023 -0.000163968974138368 0.345891479170285
0.186183133836751 -0.393103681083041 -0.390851312758374 -0.163820870199511 -0.0296111415306933 0.184118448596713 -0.236423360466047 -0.103969235895807 -0.424761139474064 0.394203277976657
0.0692037609914209 -0.338134631797878 -0.498265714311263 -0.143479400471263 0.0709884895173206 0.204090972619362 -0.18710435761627 -0.273812439557298 -0.471079645014882 0.211761041083411
-0.140930812978833 -0.399498418270282 -0.465425159314098 -0.21249710615215 -0.115871996082374 0.117343127718188 -0.155824076942721 -0.341596579552243 -0.527192180767203 0.136000819781278
0.15050731319581 -0.229133718309701 -0.418444420632534 -0.227186860905597 -0.125976805897196 0.232570868840133 -0.196782406831906 -0.129085828584829 -0.429759393420448 0.258205081105856
0.184689880124385 -0.339054177190268 -0.43297824386346 -0.159097932593526 0.0213423554661412 0.0965260441165457 -0.0573734116998049 -0.241097504256039 -0.445427324634085 0.280120775704324
0.0142239317192394 -0.0553286929854679 0.47229415025582 0.149063177585132 0.0718019700026214 -0.431243017177908 -0.174604071130085 -0.208005977111786 -0.184453652503129 0.287852848752399
-0.0477222452955902 0.0508856497046161 -0.268985370912058 -0.139607750378198 0.332692649936065 0.265583083146808 0.0689356967475074 -0.28712776874291 -0.00215430275724959 0.461296957739198
0.125951516919159 -0.341827575744102 -0.391792296593419 -0.184560368625351 -0.0250910956390707 0.176755705090707 -0.0569961363224323 -0.281596930241621 -0.346103688208995 0.258154265379756
0.0449004423902455 -0.0818555914620673 0.464247982198916 0.159082095990242 0.159944345928676 -0.33805007441364 -0.149821770834286 -0.0990885153807026 -0.209860330713863 0.312061534716819
0.0822312828985432 -0.0807215230498632 0.437111786741073 0.152486322297952 0.134103942466449 -0.383700064486888 -0.175016536800331 -0.12513160249273 -0.219357610433229 0.275023254318377
0.162844434742223 -0.380384882898058 -0.341638308664942 -0.116190300738589 0.00134373123234496 0.116797884867145 -0.273592133509679 -0.176086999566539 -0.36242376221198 0.337513071475113
0.142186020916917 -0.365602693809338 -0.40768772961443 -0.342760967597221 -0.249762474043139 0.314214308344461 -0.193255037051902 -0.136056877192221 -0.351593411900502 0.279374939835317
0.105007738699094 -0.0964225836623637 0.337318116115961 0.131423919673666 0.0275003618419338 -0.411318061915535 -0.154034710975797 -0.261875579816341 -0.185996400787843 0.367039546812294
-0.0725723927091085 -0.0625879458568476 0.274636448888894 0.274341143606744 0.0850248446261432 -0.506009385458034 -0.177662718281134 -0.0294669996857184 -0.248800148896941 0.464578117008259
0.11084687110815 -0.1466849893916 0.404530633075023 0.0397000808889951 0.0367861023987717 -0.410241014421639 -0.246629828511101 -0.28959516574704 -0.139384015768791 0.379306888179185
0.135559795753996 -0.13591086015451 0.426523036976956 0.032603651818785 0.0228139869115944 -0.411795194092111 -0.236183424370449 -0.291451555580397 -0.145213436905242 0.377933485824177
0.0915049905938274 -0.089446721310183 0.350400202453166 0.096359012452747 0.0738407886804586 -0.408272087375548 -0.158655023880216 -0.222507528535504 -0.157397582258492 0.363115723021784
0.0114758056083478 -0.093981586986251 0.338476140133624 0.158312929762734 0.0644714381140719 -0.407105822583362 -0.115426128670874 -0.244392321376746 -0.166240915949891 0.374133929862937
0.11506680844089 -0.272221197949738 -0.419283005689666 -0.132939164371721 -0.0473270192706222 0.219888376185733 -0.19902683696694 -0.15433046105655 -0.369238917803811 0.235997496623671
0.179617166451874 -0.35842071117408 -0.508007999146865 -0.172771052701138 0.0142927483589528 0.180941981539498 -0.0937134537710675 -0.268533928932298 -0.39667443226987 0.318158804982409
0.0295744310290518 -0.124580786274335 0.459579169552638 -0.00460137650601089 0.0898281388314126 -0.359251634386905 -0.270202318442623 -0.341877172363404 -0.221803969015736 0.389684706799136
0.0878421327740264 -0.118600295668228 0.274380888427802 0.0499030994601882 0.0458652704681331 -0.375307371914364 -0.196407710185285 -0.258261375531568 -0.0964701298520609 0.372711582551187
0.0614526335049553 -0.272642645288487 -0.394289867380689 -0.111629999844472 -0.0400333962531766 0.203675590655374 -0.348966539187767 -0.26830813419801 -0.333794964052684 0.194518086169456
0.0566147940454579 -0.0844348502105625 0.258891256644967 0.0804058540984253 0.0430983192667098 -0.381072578138956 -0.181132629243294 -0.237511738464496 -0.106616200564157 0.349251336172483
-0.0391487529219689 -0.0150562676898935 0.335147578558805 0.11113290216501 0.0986813317454876 -0.420556517508923 -0.297906161529106 -0.0173669865219012 -0.206873000250434 0.392752032894166
0.100394342870064 -0.125955786118322 0.406470029697843 0.129701588569596 0.102363106117214 -0.392214541390829 -0.180451034663514 -0.142007626523275 -0.172327768026682 0.349366610075694
0.145288911960697 -0.383331977438116 -0.417177040766965 -0.172932520104651 -0.0193603926646576 0.232274724147065 -0.122709540257697 -0.196923786655561 -0.394131251883135 0.171183442826162
-0.0614510785841002 -0.156359645980572 0.297819472665289 0.188164734519087 0.149756741156468 -0.515071229490292 -0.101698178075212 -0.211441246797374 -0.193206234271586 0.350973270289979
0.066321153414624 -0.0829557425975803 0.273118059095199 0.111116735419444 0.0861674742564341 -0.352108472259857 -0.173908059614833 -0.306649915651655 -0.124388261089824 0.355385444966254
0.0885936578172168 -0.0999798679443005 0.282951310874652 0.123814105062198 0.105259726349144 -0.338496264128651 -0.1591973675118 -0.324147411424585 -0.117219106534236 0.36564582029927
0.253044001910978 -0.297006802869955 -0.379519651770883 -0.0664610499709355 -0.0603780528336394 0.0990046158227127 -0.316132118132773 -0.198047498262528 -0.520666718383198 0.317800052956272
-0.0474411122543225 -0.175743815347798 0.369676797821853 0.15713580505707 0.176259266214732 -0.532671081774698 -0.110845307461658 -0.168055702761397 -0.203325486044935 0.355679116066993
0.274973769119431 -0.353878861382135 -0.433376204506822 -0.136371390253654 0.0179518760403139 0.207555982793298 -0.340724922609224 -0.232425685336534 -0.51332741708316 0.341934640168898
0.0614870284805471 -0.273706630920443 -0.392320798154586 -0.0506110483266457 0.0114528695861198 0.195483417626071 -0.283608303730881 -0.247569215389016 -0.301117119627744 0.22482959779922
0.0993845779633134 -0.0711782256774437 0.42462351890766 0.0330950481952075 0.140567498973565 -0.305868302565416 -0.21933636083563 -0.289381239430836 -0.208448027063921 0.371758269777434
0.148767314201894 -0.316832954562864 -0.453177361374761 -0.161419605108763 -0.00937272650424003 0.187760885607646 -0.0460855924593752 -0.27694023368598 -0.391238835508114 0.320456710641259
-0.0448439219089114 -0.177957341858712 0.355051600490732 0.206488093995307 0.149860044129299 -0.541940928050545 -0.140463838166556 -0.177094980936945 -0.192446365642583 0.381789389215197
0.167632395453715 -0.336198430078098 -0.357208301834941 -0.318596388496392 -0.235116138672623 0.313469332462721 -0.177467906111882 -0.141788643805536 -0.341735616363308 0.265838372960881
0.0182699585568833 -0.101112189410681 0.451219257515706 -0.0199029750116916 0.0887285272648294 -0.368801174871641 -0.212005372774051 -0.318408186368113 -0.227276714921965 0.383085242083619
-0.0100103845585202 -0.119572931210386 0.224472501979693 0.124559739259901 0.0881776836347902 -0.389187332603469 -0.103535565811399 -0.289575859565327 -0.0981331348712942 0.383559300839711
0.118951943095369 -0.290210515054892 -0.398690796428083 -0.165228141818127 -0.0247207934895668 0.249430331664257 -0.1623891206928 -0.1729927447323 -0.325028265701893 0.22177021588912
0.185999537286095 -0.380830308603245 -0.390848379988679 -0.0978431308218881 -0.00302415708224706 0.105859237997336 -0.27821619404357 -0.202509831483797 -0.350061566366055 0.315375566342076
0.0512315454733906 -0.0708948925084646 0.427812935089039 0.232690601679086 0.0692544326434462 -0.41043879216282 -0.0906523295797002 -0.160483905276322 -0.215821787230225 0.337246006269938
0.0471734971562298 -0.116901679394013 0.285752132545544 0.0915264854831089 0.0637951360886235 -0.284537121817818 -0.173709062186328 -0.268896011702359 -0.123418365393707 0.319800298207984
-0.0411723665475257 0.0410038419201494 0.415884152410159 0.27120260240558 0.116246669065959 -0.373691984758588 -0.1713374008036 -0.0944173128299451 -0.164772140250418 0.306646213603433
-0.0312613027064707 -0.151116685053717 0.241175470665911 0.179670699967115 0.160114743324816 -0.525723839048218 -0.0630829258060122 -0.159795920693873 -0.125484911878762 0.35172523211209
0.0678460814084425 -0.0974456913842352 0.434216160599109 0.123888831827693 0.143439069685613 -0.361539460833996 -0.155220521303406 -0.111105989294788 -0.224708538648342 0.294494534856904
0.118747677578984 -0.147259805341889 0.411294169705614 0.0360225467134164 0.0332786469476325 -0.400388942417676 -0.232324582845337 -0.288034580715705 -0.139147796852855 0.353320740245813
0.176728132041041 -0.353651499480147 -0.505140421419876 -0.176559821926309 -0.0500458725189729 0.140836408904518 -0.128557937848324 -0.227913413380756 -0.392319986970855 0.269668733471529
0.0114758056083478 -0.093981586986251 0.338476140133624 0.158312929762734 0.0644714381140719 -0.407105822583362 -0.115426128670874 -0.244392321376746 -0.166240915949891 0.374133929862937
0.0377825712690601 -0.0927025629387179 0.454470153289005 0.158611995919569 0.139548707580299 -0.381495485375069 -0.13425577278452 -0.0830620022154055 -0.20026743851905 0.283302379394677
0.0489297378891652 -0.199672655242352 0.265164821742437 0.229200238061645 0.131839050955229 -0.580136346601591 -0.0978993791025939 -0.126958920560121 -0.168757205298569 0.325793897245877
0.150735302103062 -0.354346658398462 -0.395079451036789 -0.139871825791393 -0.0437605710671668 0.191173256921976 0.00021202046817366 -0.28770040275898 -0.399348816609243 0.305102555122752
0.088219255092945 -0.145768671487062 0.361432265978471 0.262843220039285 0.104480653981297 -0.554217038196233 -0.121732232428319 -0.135259646655274 -0.172858850397796 0.353899253661907
0.0646843820450849 -0.124452708733827 0.3197576209501 0.145111250442855 0.0334734622874059 -0.3777002885298 -0.139561770890057 -0.217470175015157 -0.220578103718796 0.393214042255476
0.18631576506278 -0.307650500342189 -0.400596326567287 -0.0910680809727793 -0.00547328727347888 0.108133804374393 -0.276021203008766 -0.164261449995334 -0.533164778863935 0.343266415014253
0.0589751463501297 -0.105099542894668 0.321632561387246 0.148706939060224 0.0536609801214511 -0.408340898392801 -0.0905403441262603 -0.256116621160584 -0.199987617561981 0.384928140456921
-0.000826631066762377 -0.0100777435484022 0.452239094139641 0.171233097846937 0.061807775911265 -0.393277133668108 -0.162671592433784 -0.182326443357648 -0.177952113242001 0.260783804779101
0.0792314201982242 -0.0853496759606738 0.329512178733657 0.194274511725571 0.0410509727409747 -0.385887234607661 -0.117045867627644 -0.243845916036017 -0.175759614094823 0.367302035862515
-0.108810668430246 -0.461614874110332 -0.618140078569557 -0.345168538890324 -0.132708369131599 0.0537891801168205 -0.170993503746223 -0.297313158237267 -0.454997751508463 0.21224904471771
0.0424766276411654 -0.0843226097637959 0.350646796427434 0.171329899834682 0.0474209978072363 -0.396177343983416 -0.125946931795341 -0.247091613660858 -0.192661481645364 0.361303880187505
0.0843438445005369 -0.338982141009757 -0.344610381459606 -0.307041247163847 -0.220348012759829 0.227139027388904 -0.165333456993781 -0.143838140410142 -0.272548897711846 0.244730358375242
0.113095695903645 -0.339521971704501 -0.49921567547571 -0.118901120932 -0.0846520908563232 0.103042903218963 -0.271591265591507 -0.235807891181381 -0.392051826742991 0.323079857356074
0.093924519438723 -0.372685964161415 -0.449047753453462 -0.0785717695953498 -0.002541044343207 0.141392506830711 -0.271993824862615 -0.224852461885097 -0.404253282473556 0.311224147994595
-0.0778866904185373 -0.0677355244822709 0.407669847650662 0.112439723646413 0.0676862961259678 -0.398954445337157 -0.15041560782035 -0.0815655835265772 -0.189711486003968 0.334887715741813
0.0582395438380065 -0.337710472884897 -0.491360973389603 -0.115140887297402 -0.0156304803666383 0.164925357430378 -0.241104559199297 -0.175399027239256 -0.440165346748584 0.295832309583606
-0.0544035326626429 -0.137049684438777 0.306589723533307 0.291562537626527 0.079883227095865 -0.520077318677127 -0.105787634667087 -0.168988654648269 -0.248470254403668 0.333551208526801
0.16655434987814 -0.229644211021711 -0.499576650580138 -0.0495521958362146 -0.0715068846439564 0.252939111264541 -0.181755937089361 -0.231367141372189 -0.486279405510491 0.318497151040352
-0.0685907570753633 -0.445783716166754 -0.4993420510277 -0.25362486378921 -0.110798675364066 0.131596243867349 -0.173912895279711 -0.300930655691941 -0.538064963671427 0.120469840972046
0.174889771624042 -0.328735017161756 -0.452347615054351 -0.179391256204069 -0.047001704414618 0.23896608467393 -0.109344808782287 -0.291561188115053 -0.501595818726066 0.223009788159453
-0.082194816864742 -0.0758997786020851 0.414723894907371 0.2079462002968 0.0760971074116537 -0.51398653569021 -0.173302751890667 -0.0407926622087568 -0.208222347554674 0.357747484674352
0.127327324493119 -0.240658347403542 -0.447618870986047 -0.183321107726017 -0.207342100470698 0.249851595376156 -0.174324044372393 -0.137373205272951 -0.459848517522903 0.255681765488317
0.177603823606493 -0.037203220922566 0.241472660012587 0.112670284319892 -0.0737483690233077 -0.547354481910516 -0.113255733975076 -0.157167318640748 -0.127258405864615 0.35674452415365
-0.168969265953065 0.0456991058427321 -0.272472306264638 -0.244862269769429 0.350957508478231 0.273733355778297 -0.0802066662901705 -0.233223238777283 0.00038962387641963 0.588381811192343
0.127011613893017 -0.330054279188063 -0.404390556651621 -0.123860095805959 -0.0126852319752703 0.170639240401419 -0.208125701778852 -0.0653150028313271 -0.441325007974417 0.364211862571212
0.151957640354552 -0.335304738097291 -0.437136280567832 -0.152287345346605 -0.117650637846414 0.0958984028024424 -0.253115772442779 -0.105697588638202 -0.43089490880476 0.31386260881368
0.0595327403352452 -0.166733438815971 0.316395367830655 0.266753233766313 0.0591125406994763 -0.533521832980524 -0.0601011431218082 -0.100618810038436 -0.250591755686792 0.352278459535155
-0.120465493706568 -0.364980941240199 -0.518269098457425 -0.242057032651203 -0.111959903269649 0.138228170861077 -0.116264732358576 -0.318274253133924 -0.479312540933285 0.196580370875673
0.0530479080745953 -0.191023709547886 0.327649248638173 0.254232730876925 0.096944390734105 -0.532829078050921 -0.0811153170268367 -0.068342600849389 -0.176162843016306 0.366586743331046
-0.115671242652426 -0.067128714461285 -0.266539470104136 -0.325971615419082 -0.00348124562237619 0.339642224595176 0.00977396848897512 -0.332796484017581 -0.480363953351587 -0.00713864780737272
-0.0148294365844742 -0.240861665608835 -0.305965219672491 -0.0952941994519334 -0.068949021779845 0.314008428329456 -0.164237031070053 -0.101383865674752 -0.338184898036852 0.25303510514314
0.160250333320163 -0.0342458822616416 0.217664734680644 0.0983084249037152 -0.0804015843786621 -0.540599015875461 -0.140266771060103 -0.232677962972734 -0.13978151476324 0.355923074490488
-0.054220491983476 -0.0999451252009979 0.394300174015806 0.266162246248651 0.0783210348801036 -0.498418666914698 -0.174100562312639 -0.0611694899104654 -0.1705082169191 0.393013235474917
0.19167032871717 -0.0637945291033251 0.219506973325327 0.129376987372592 -0.0874590733705368 -0.520479384017641 -0.141927688804425 -0.211628586596512 -0.130570857862376 0.345065721149339
0.241495697146649 -0.326699087853101 -0.467300295118163 -0.0522660251392597 0.0284148955821846 0.120921776636996 -0.324763115484985 -0.167508468716587 -0.53569581511824 0.365196172124647
0.0700901749070674 -0.286833994697054 0.326814112337696 0.26507449140202 0.129141741450646 -0.568061595211114 -0.186176052602056 -0.144244259661372 -0.172978873449279 0.337755492983841
-0.00284029798421805 -0.477092722567648 -0.496444329887714 -0.299973412499168 -0.0908821000615682 0.120011876155693 -0.0539501823465494 -0.217020317470119 -0.687749438542076 0.161211231654381
-0.0201983426785637 -0.0308093268606369 0.327681296124752 0.167892654801192 0.023007717723034 -0.411270212751263 -0.249886074873375 -0.063458319282071 -0.187125030699727 0.378853141105517
0.147464426440359 -0.437784215231868 -0.438588971822089 -0.159564045307765 0.00032655735059765 0.182657092250141 -0.103101764382089 -0.345429482804378 -0.39231497765866 0.337211216405862
-0.121300745301031 0.0214289656877254 0.311729337869918 0.133476897539183 0.054369340850749 -0.444146750622569 -0.242145859113079 -0.18272125329248 -0.175506140740196 0.370021237186202
0.0523069469244948 -0.288176326896721 0.314378170441853 0.266973171826601 0.119122500929463 -0.557167820979705 -0.166824620268121 -0.137315694634801 -0.153815046561829 0.368084287601936
-0.0242838893704264 -0.0393865360534365 0.308740210298432 0.145280393288843 0.0432347386993116 -0.417276711680427 -0.244512286607102 -0.0761221855434698 -0.226077326232385 0.385329207175819
0.0692667808726033 -0.137450576564292 0.300737800072738 0.132115467331245 0.00275833746442638 -0.398372532263085 -0.115786563625748 -0.22140897323867 -0.134339742892323 0.436504259269097
0.0743686836610409 -0.060925486427548 0.398449863770922 0.128780603763729 0.0444614211510431 -0.432509027776322 -0.109948704828378 -0.164408893596571 -0.20195214383238 0.329235785903934
0.0623201580385506 -0.0651642670953612 0.389300581138409 0.123960700406861 0.0636715214828456 -0.419129552747446 -0.117957671328378 -0.176739111591087 -0.205158484768718 0.343704963553763
0.0601068068200276 -0.0515934926703283 0.324014346986931 0.217845702963554 0.00382715754037011 -0.466873581604554 -0.137561035862693 -0.086544129962795 -0.19305491638583 0.43710487410007
0.256498904784506 -0.350034747988159 -0.436424341008663 -0.0576954953870955 0.0242318750393199 0.145593378030782 -0.32865550303454 -0.199974496546469 -0.520622443507225 0.339474717194315
-0.0241096170075115 0.000487764345870664 -0.358280441863484 -0.300960298042734 0.253976806593689 0.228900529212682 0.0936038493041075 -0.148357835225214 0.041704504816076 0.505285702976975
0.0447080542905584 -0.510987566763535 -0.54470475094177 -0.32956605841793 -0.0997108504028688 0.104625422597462 -0.0455338465697243 -0.202277655921808 -0.668493835223025 0.158749662433385
0.0282855885766233 -0.222461967858963 0.373916752677819 0.208458015735085 0.0845366697512009 -0.550313444009126 -0.124099944108705 -0.112251092577161 -0.203613226141537 0.343959245413722
0.0432172067527721 -0.111989783328753 0.371339348664708 0.191722789936822 0.0500427930171476 -0.390343301620857 -0.12370853057261 -0.27479921013889 -0.19530343923887 0.378942098402617
-0.146175309842039 -0.388012414025863 -0.479014844751017 -0.187791055659848 -0.172061061289148 0.131071218847471 -0.168225809030741 -0.42109385634936 -0.455073329406686 0.132994849595261
0.0195096795001462 -0.0790724850794026 0.30789845233714 0.137242839195653 0.047988214197874 -0.431289259654586 -0.0890973409293749 -0.282318500834795 -0.102013911688724 0.40155720029174
-0.0695985534147361 -0.0441168015844951 0.293709009635687 0.151097032264244 -0.0109033000585605 -0.462522271346156 -0.298252173182507 -0.0551092951665221 -0.184937086795157 0.376207694779077
-0.172379354237808 -0.395950419819025 -0.481612030227181 -0.154525295237116 -0.181962335483267 0.0990062961506718 -0.255682191705072 -0.364401580901931 -0.427237498843017 0.142864316207476
0.114805214015221 -0.342910144116455 -0.488736368342269 -0.0655562806301347 -0.0121324759299392 0.106827180041785 -0.281901430446041 -0.216729355612456 -0.425473227022759 0.340417226531628
0.141905061622286 -0.336322478266387 -0.457795041609674 -0.169523477197468 -0.0403933889114365 0.176679015628243 -0.0562845987148955 -0.261066506716336 -0.37006238855629 0.284693837303318
0.0147789579701647 -0.184367325731078 0.296115963843586 0.232385173408593 0.185349323695026 -0.579787965207773 -0.0631179900239379 -0.181517388360192 -0.183161251337162 0.341321442286942
0.154082830060812 -0.311917024545746 -0.146232466310711 -0.393575585996587 -0.134443827009275 0.23549615945529 -0.104641629919321 -0.194818248872296 -0.330139457850124 0.277176040663487
-0.0555456548415638 -0.435982918571525 -0.468087823372386 -0.248646239323758 -0.123642797462143 0.125484826563455 -0.179866295174019 -0.291070016689591 -0.574306695761079 0.165306623811891
0.179764240432702 -0.0616954096524907 0.216642735305347 0.153773932021868 -0.0775862480187259 -0.532501863762919 -0.1607668631677 -0.179956524363261 -0.118040478671754 0.382572045846655
-0.125440865795624 -0.447564891703114 -0.549470931039077 -0.216732980047962 -0.150441746164447 0.0848246644240735 -0.191004936322464 -0.324305544518702 -0.550563805367529 0.165541296186056
0.167305738789756 -0.350634774285105 -0.446681669816407 -0.0871328293282291 -0.0995570062005248 0.0795157753716468 -0.296752762998972 -0.13424599242698 -0.423434130111886 0.324281172360064
-0.133882046278495 -0.378539787510596 -0.518689133066534 -0.235928419585645 -0.126991176180994 0.156901185029854 -0.150111165764889 -0.324105387370813 -0.470132660380531 0.199381835556285
-0.110523867480136 0.0210462064588411 -0.220889689470846 -0.227645434727439 0.273979343526053 0.261866311672181 -0.0248704338678049 -0.269111200711555 0.00416022799493338 0.587797223745662
-0.112843173978342 -0.37176316174402 -0.529820776464383 -0.227387679644967 -0.150226036321161 0.165207318990991 -0.129274859396768 -0.341546681210871 -0.475634917600503 0.152511419548332
