-0.367543762012925 0.147324028437085 0.0287526989955693 0.190903109208937 -0.0185682014085506 0.175692903046754 0.284998050080577 0.0562945885461764 0.107259467355787 0.0958798071341772
-0.278971984241118 -0.0263535635055856 0.340872864877888 0.0713961704587257 0.0909617519182427 0.0792471392363076 0.150392423677279 0.0631080016559401 -0.0456919869542302 0.18450018464143
-0.345468642827176 0.225883228272714 0.212242649307826 0.467979376016305 0.258671686478003 0.00663471790711088 0.304453690093527 -0.125124421649192 -0.123823430579745 0.233227716292356
-0.428348935960691 0.257907807370353 0.170132848775016 0.0334280484271834 -0.191275700332375 0.240451568513777 0.06319146016596 -0.37462696774635 -0.0515750708676457 0.0671562392899413
-0.174226078079268 0.162824131320122 0.235625757217605 0.398005732214103 0.160691345285873 0.0529864431345969 0.37385422674171 -0.0739123360395502 -0.122720718073747 0.358360943379796
-0.273362894908124 0.242498565350044 0.0147157077124782 0.122360113770613 0.0622531310954482 0.182336824494064 0.120512062242022 -0.213617269331978 0.0119240207446245 -0.0312803333383401
-0.245986984504434 -0.0410222183688871 0.341519521898625 0.16673724974147 0.107332582789888 0.0441065058021702 0.194801253628729 0.0628949191353101 -0.0346427760730412 0.183300951967165
-0.131483586007537 0.288978466968238 0.0872283446808134 0.168234630069152 -0.0789414511494683 0.208184046759467 0.229664722268328 -0.331286740432264 0.0501816102247601 -0.131695787040157
-0.244416757550982 0.290700186141204 0.149339273440347 -0.00389232204475362 -0.10581861016864 0.214750116130502 0.346081090237041 -0.106123633315018 0.0497208843156556 -0.122236073997874
-0.348317002811844 0.0582734050865346 0.0687385658596698 0.227000810166603 -0.0847398008495274 0.172627418833731 0.163669861795939 0.0457592062953952 -0.012916447017863 0.142984703766539
0.224798067060312 -0.200428912067064 -0.0769925188916524 0.0636083998196492 -0.0407456610769657 -0.432242472567629 -0.122146712876503 0.0190924604229622 -0.185810893480221 0.30240879062343
-0.271862102160453 0.297669847835626 0.0886021610296154 0.105942922908591 0.0652800422280587 0.171409604193503 0.231602460225118 -0.285649232440337 -0.091186867932468 -0.0887942385143355
-0.199873517563612 0.189922928959971 0.121341938974435 0.322538478049276 0.113999633878026 0.0396162334150349 0.308986483509035 -0.170837651524054 -0.0955584064691251 0.260411011118576
-0.349130469109969 0.0735619881901158 0.0926049355529054 0.214762400224192 -0.0949414264647412 0.184963224572229 0.167837758510419 0.014891801889855 -0.00715954585331094 0.179625882905955
-0.22314978706303 0.186337792816539 0.200642850418731 0.405827736794553 0.13560840076492 0.0593691198611374 0.338403857450849 -0.0722514566791127 -0.0625304860922841 0.284151199212133
-0.33592098834418 0.10481535136225 0.160479801937992 0.239417123558175 -0.120505054325864 0.265339276351398 0.122383893511261 0.0809222526675249 0.150902399832296 0.12622897840278
0.138649913491563 -0.125181428200069 -0.00449768730483368 0.133861593038503 -0.226492420711805 -0.457214033769343 -0.0648231405322744 0.0385294970499953 -0.260061785159003 0.138699492298074
0.343959599459543 -0.2571086183015 -0.0473019864695154 0.013317674487175 -0.0997593678626057 -0.459404435246132 -0.13657372230654 0.0508277114511883 -0.256451144536803 0.268650975989802
-0.346372505833326 0.0543988901792906 0.0981339962218103 0.248843823791394 -0.0959159394458913 0.205500416162012 0.144553727711614 0.00920637053754288 0.00649942681203683 0.180315530773666
-0.2483695838116 0.281735117496859 0.134062422793707 0.00343927483710915 -0.108230476121753 0.215329383732649 0.234560154294509 -0.146767420393468 0.102150514152614 -0.193960667562882
0.131408345338718 -0.153579284408184 0.00573631169990913 0.131715060253586 -0.210836541466886 -0.490308772134506 -0.100357793453692 0.0321184302717043 -0.260764208715041 0.154290319541221
0.237877734552068 -0.116896539478473 -0.0261704706762445 0.14728786760244 -0.199301860856545 -0.422685786482667 -0.116615010736027 0.0208030936126983 -0.321023241450609 0.146952004067314
-0.236474675117679 0.223007029292892 0.109499682376101 0.100965172847207 0.0202164620630791 0.14431827252488 0.209238059370452 -0.236633077845402 0.0763849982209728 -0.0730937070250135
-0.163822088099491 0.171090817583425 -0.0152197549195292 0.0744247364910607 0.00621398222667352 0.0467053912323332 0.309504721089038 -0.239596074900453 0.106378765573105 -0.0755434024265547
-0.283000599568159 0.258791022323266 0.212433675594438 0.368460221927731 0.0440429379358943 -0.246527364454024 0.185330135957603 0.132078937863464 -0.180122874387325 0.339553828806034
-0.247282367892035 0.0379870417971917 0.418692290792593 0.119450873030331 0.0889192308598068 0.122667471985089 0.184382282671918 0.0449605158592005 -0.0335130825236261 0.211686169026995
-0.207263698439832 0.0108999709878417 0.457449577455866 0.117320420837413 0.116690016870839 0.0705805090786257 0.157264803619418 0.0530424693021912 -0.0341120628210795 0.188861039387868
-0.389875554350911 0.278682525047104 0.07451035784401 0.0937921311087318 -0.212471894100327 0.2702731432559 0.102476830112522 -0.330601964021053 -0.0481449633740745 -0.00276683177740594
-0.300771800450417 0.13238030901648 0.16562536213916 0.136996819298852 -0.115987188440326 0.134516123111834 0.150458414946807 0.0184379743647601 0.105766175024485 0.184470327631292
-0.211768563658472 0.315790872449509 0.205970509638897 0.344264904196746 0.079787708965369 -0.0857712384708999 0.258126631402222 0.168844187443804 -0.152970595526838 0.415957956934255
-0.217643235957122 0.226746800533477 0.257368439573995 0.362266590159615 0.105899856573061 -0.195190567077865 0.255432411157146 0.146011159880233 -0.180154132226915 0.315708294241037
-0.256224839807837 0.0473517781979936 0.416683361253344 0.113392392370956 0.0680828567242268 0.115043250166098 0.159087145919661 0.0352128012640627 -0.0334579714318475 0.213380469610078
-0.177692853606308 0.174386450046651 0.0872520149180151 0.452773869140503 0.222548347295653 0.0361957678228983 0.320246792878144 -0.0938670554336708 0.0145007305640013 0.298329021797954
-0.215048124276013 0.233006431857238 0.259752516791448 0.351017072343649 0.0958959395570642 -0.18063503439856 0.202556819493398 0.16413924977981 -0.175249358905738 0.280847489711616
-0.170901498344941 0.229854331032704 0.236932918073188 0.307756643938069 0.0501906136917033 -0.15562960636589 0.25370645463781 0.13050311854169 -0.204466004196873 0.315120907135728
-0.227964676763741 0.0187998581706487 0.387499239533499 0.058329249640333 0.0934450255437485 0.0341168068898758 0.0630765852989862 0.00118173275447708 -0.0391256675798499 0.146897171847644
-0.352899017884077 0.30311470995984 0.067406575015019 0.0817336008495965 -0.192172693049767 0.244787037806119 0.124981675647097 -0.329258750983164 -0.0299376481924736 -0.00152783469050329
-0.163972474062194 0.060029350938882 0.405765848887158 0.052849813875177 0.0898067724781607 0.0357499684226106 0.0953076283392833 0.0145699064189744 -0.0970685619726008 0.226716108818087
-0.224601471365127 0.300568890199045 0.267258679905555 0.340048040412552 -0.0141418389638389 -0.200178529678937 0.207688431989621 0.176111622699972 -0.192127399388413 0.365614872736707
-0.156600898277818 0.0328975596803505 0.0510323613388337 0.235870321501015 -0.10183031648221 0.188164361914639 -0.0535607592605955 -0.031375658638268 0.0268354704668008 0.524734291369576
-0.22924981088893 0.187585369763411 0.105091388424004 0.477034970906246 0.234772616871661 0.0431585166784311 0.34617613307121 -0.0860259504062174 0.00988281039502087 0.276567480784814
-0.17921837140193 -0.0093410307655752 0.360100801584672 0.112672215168121 0.0355951050588155 0.0255259033963992 0.0985739484979172 -0.0133438396916868 -0.0739885323527911 0.126711319289679
0.297534710792388 -0.0687649551251536 -0.0426904396321368 0.156365577410692 -0.0599324430897611 -0.361312775619176 -0.0742011517809778 0.163786163936817 -0.196735218837954 0.169043330223198
-0.178231266701489 -0.0610655499346429 0.325027823174583 0.199535550737383 0.107854537105701 0.13171713924187 0.096951913412623 -0.0224044977391908 -0.0517809724598387 0.300625217426878
-0.238149137264735 0.173410937476943 0.109369638309241 0.427265976009964 0.2200424687797 0.0204243882864609 0.338575498645428 -0.0594617924863315 0.0212814392781137 0.269770386736807
-0.194315955529786 0.167425730022536 0.0778255732451461 0.449695030164966 0.213601848826491 0.0559337759998594 0.308724269780203 -0.0975319395147396 0.00872467422301261 0.268049102108794
-0.288078813639312 0.0896913038880974 0.159524724363721 0.166688763378888 -0.181974192295552 0.19928222473235 0.148553667701921 0.024765424151055 -0.0114967336896057 0.0690227247371439
-0.232714378529948 0.184797019635993 0.0994511594092275 0.423580436446708 0.212220259662776 0.0221482190962106 0.330585475508691 -0.0530410561664475 0.0305649428940202 0.270394688721318
-0.168227662287458 0.0139833507928444 0.133029334315371 0.148260960221853 -0.134248066929229 -0.0719139019415135 -0.0234665588059262 -0.066462401398477 -0.0525915234699382 0.491272981192075
-0.285504526237568 0.0659641259951959 0.146627980657707 0.183304272164683 -0.184582896803114 0.182066870682937 0.121883692728712 0.0678864748379094 0.00450968450657198 0.0422841691247689
-0.209820522244655 -0.0270818852090169 0.369602122030641 0.0241071693211804 0.125269713624345 0.124085752854814 0.0757512353889339 0.0131054633434917 -0.0475079779991493 0.198663524513053
-0.238583766904684 0.194008751633548 0.0823951986314471 0.0141068510473398 -0.135590071533268 0.0984803596132359 0.153656486297821 -0.216536017879197 0.00982602725325529 -0.102245145668973
-0.245518523004045 0.310172196801884 0.155868426866613 0.1815413355036 -0.186077150103447 0.268861621713652 0.225663794615014 -0.398169254997228 0.0501100852593357 -0.0334063682476244
-0.277656525231706 0.134159703602449 0.312866333800081 0.381435075893709 0.199958186934839 0.0605954015587996 0.1651335667717 -0.021583947478395 -0.111931597582682 0.217482082668196
-0.400809762676603 0.322105545951676 0.0639593791688109 0.0292329472661048 -0.142877303756386 0.253728537131635 0.160598283520256 -0.311536085195571 -0.0634085639125057 -0.0525257370797442
-0.351051248414942 -0.120428061977355 0.4491946293896 -0.00260153210258806 0.0873846256789929 0.08759311749612 0.0739730917337224 0.00981243667009016 -0.0708890866147552 0.244532186010231
-0.289902519373287 0.181145094282565 0.0785418776466665 0.150645668246774 -0.121017917699352 0.094829135435942 0.126073434123525 0.0467650093293316 0.0800701430243828 0.21158636968445
-0.2688293356901 0.30280489154275 0.10744107101779 0.0195045084530371 -0.0775717857147278 0.16726453933237 0.323239797708255 -0.250180067650832 0.180709932334525 -0.173066822346489
-0.088308876208125 0.0378245225769899 0.0688480136990392 0.175011795438094 -0.0881826335914922 0.0816964063044362 -0.0643220242033607 -0.0250168097312517 0.00219014361845009 0.492779556271174
-0.334020782820421 0.127980965302255 -0.0220008130943827 0.0738450834333237 0.00732375377566364 0.16295428556004 0.238813847458757 -0.0540342474380749 0.189577232091019 0.191071078509274
-0.294609079046165 0.0966642661270665 0.157792097912454 0.440356735969419 0.158957273599294 0.0607184014858844 0.322704669728599 -0.08825848902104 0.00435744964752769 0.330169765820856
-0.276514143459377 0.0780863686994486 0.127701960419609 0.203856601635755 -0.191648357198408 0.199097099698002 0.140053439249386 0.0451557495075055 0.0248382011178275 0.0605375127923734
-0.292687651514035 0.147597753449699 0.265579278930164 0.530276525312418 0.181250706030291 0.104242707891771 0.252449397022168 -0.0680504400641018 -0.116921980506475 0.209169789841391
-0.200657196478678 0.25168346558216 0.197666546755974 0.357990324048498 0.0618657932323636 -0.180288872045499 0.20212846411113 0.159733715861447 -0.190489541309734 0.321080894419078
-0.242570252065666 0.0261184501905334 0.39183293526199 0.0286963489481603 0.10043210852651 0.123864999113006 0.0715496538924158 0.00127246276333473 -0.0411832567087068 0.199213106183024
-0.265532568613859 0.300179410161364 0.109654219027054 0.023872837264737 -0.0708197180327696 0.14309805265328 0.311314393326956 -0.252047923499434 0.19096456355892 -0.154944173019034
-0.19730387953115 0.241510841765014 0.290699628177327 0.304003459267724 0.0342649405462074 -0.188951172860765 0.209361012913113 0.143967976185409 -0.159220168635835 0.338386329814729
-0.286404326473466 0.166411634580833 0.295066510706752 0.407345252273962 0.194796259991848 0.0853262062626318 0.17417503571048 0.00359363204615184 -0.138547923059167 0.223083587124502
-0.328339256513621 -0.105222199160999 0.450676815342839 0.0394562126927584 0.0717387747846091 0.134358983879863 0.0637640845804896 -0.0245975796078647 -0.09124400096931 0.224834164199666
-0.263088861413373 0.0174831880411653 0.358085690713121 0.12627958191262 0.0726118964842965 0.0496774674084044 0.152403203288251 -0.0232404933022583 0.0179911017049007 0.223538709080947
-0.371276889855722 0.256815428452688 0.072984373239416 0.0797422776598287 -0.201791483355835 0.268566214260646 0.124496627139646 -0.336201615298096 -0.0170240307288032 0.00776811362652607
-0.257531632950291 0.16660867957994 0.365498249398612 0.395939248536459 0.173206838897583 0.0781888322544124 0.136675209689202 0.033820413410133 -0.0853137950874766 0.229153365912404
-0.468815275611498 0.131115482235617 0.0456502785741469 0.0898223813107612 -0.111902345394292 0.0505168148811204 0.224433254522883 -0.312019883624743 -0.0139243903790884 0.0067365121668718
-0.244049352600916 0.225951439161492 0.108136591174989 0.0827565654701282 0.109752198201881 0.252734423855519 0.177996265878119 -0.30279379921939 -0.0103899117487224 -0.11911322840174
0.272511088346336 -0.0180279021223676 -0.00417243029825772 0.184771366854386 -0.240839660430991 -0.502217440682233 0.0257847345634315 0.0683988756683422 -0.232722658554272 0.17773384778395
-0.26882973150312 0.0849228146050748 0.119126115548911 0.136325732557589 -0.0862803009101691 0.249834486207225 0.12638574390466 -0.0273861840190426 0.107930347089508 0.151467780160372
-0.288933880642317 0.098642063332844 0.146272881394972 0.399856842912823 0.205848576131002 0.0691425870572311 0.352470052158862 -0.120078139198202 -0.112482582590427 0.334174113142971
-0.266672300660342 0.177786156447927 0.058086890295485 0.247364530828526 -0.157947122630882 0.383623094962821 0.180656236441357 0.0216765012230225 0.18258493711538 0.114764895211703
-0.213244249433911 0.313706361428929 0.111925581067051 -0.0660312262839573 -0.17242526582427 0.191812648262123 0.310236366568825 -0.115464888648048 0.0597061753366205 -0.178641089558536
0.33834331688729 -0.175201049337135 -0.0725452230601609 0.133975458591845 -0.101137587484715 -0.391975811888196 -0.116181934418997 -0.0433577549413419 -0.195690419508448 0.138275420524506
-0.283649231495663 0.152824381263981 0.0734265396379267 0.157385716227467 -0.00372978786779435 0.189716558499217 0.138098715837727 0.0590757234373679 0.200887997861192 0.126662592685317
0.262455375980212 -0.053981726128468 0.127930515543563 0.26280396367613 0.155116338285916 0.0580639737780412 -0.318202222434486 0.027552092036239 0.108793698279542 0.496437476687661
-0.28139138194849 0.238792304285674 0.191583356474818 0.214427682597741 -0.169516125516923 0.0895883343138592 0.161973902316667 -0.333481126196964 -0.0851193791633903 -0.139375977460484
-0.249653551123918 0.351242657154214 0.179160206836958 0.167521692454274 -0.204469201181992 0.134762455561873 0.169132183523573 -0.32729172673382 -0.0830460689283413 -0.105570540253858
-0.265651236327032 0.22650536356202 0.178155311562186 0.205511295801183 -0.170638728107774 0.109404964702016 0.17777059882065 -0.326518221766305 -0.106592189949796 -0.154698533488981
-0.338044305557914 0.191445215093251 0.0784645164213815 0.210811535000961 -0.0111089328987564 0.237841447791467 0.241863149858698 0.0125281596485462 0.141985752698125 0.0954412986776655
-0.134176810131732 0.190855404917691 0.258248590777955 0.322273229335782 0.138179353087426 -0.0627750792665899 0.26669996024824 0.220006047942031 -0.148373652804541 0.411250047571758
-0.183918788187113 0.165116513864456 0.196746972412407 0.293596191137169 0.176058119241273 0.0143797231941517 0.323829936411182 0.218372797717695 -0.196785780225992 0.41713430766763
-0.272425580524602 0.192109596117356 0.140779985084275 0.0967866911578784 -0.241513529207773 0.119337633792512 0.308031126131671 -0.297135470527114 -0.00999713386029464 -0.153294166946778
-0.308118894257479 0.0991462045842308 0.223710155244173 0.388346024395864 0.187473459350048 -0.0455868192238846 0.245055233183874 -0.0933041537561001 -0.197165048974852 0.34447519196116
-0.301906812420238 0.12226110715162 0.192412957639586 0.389565137529022 0.1604681071754 0.0350632922004772 0.233715621480227 -0.0455602520895447 -0.156290496468558 0.321442440740856
-0.309272847368978 0.23299452080969 0.13565415774274 0.120674036014614 -0.234271167919055 0.117967192102207 0.324324099881184 -0.254304922430485 -0.0109230050503926 -0.126652735566139
-0.413714596414219 0.164457872864917 0.139487599929208 0.173494275786823 -0.225990811042093 0.117257615617967 0.19406613627286 -0.333546674928023 -0.0465253298265572 -0.0635736257034792
0.104380789101468 -0.0839328408342354 0.177669620670106 0.203501703882284 0.15477108544597 -0.346801402811453 -0.259378378709015 -0.0925568326872115 -0.185725923145667 0.251141528816768
0.194229970035539 -0.0545665648813555 0.0580716877526547 0.246779757563404 0.166925825390656 -0.0536263691124259 -0.256947130136508 0.0812096376753831 0.0367493993101287 0.555787157913803
0.300798681439038 -0.148602972705506 -0.0394025423627763 0.122417750320825 -0.168583418444597 -0.299716458201389 -0.165640352239717 -0.00794623477679941 -0.238660332753305 0.123369567489418
-0.199685451921548 0.227637095443255 0.28707222432352 0.347955766334491 0.152127949398426 -0.0783489371431608 0.262747551388934 0.195132419749494 -0.111581696568685 0.421649261893814
-0.198730652200383 0.167116691709342 0.140108815421196 0.0723920746683533 0.0412486045379174 0.195065661834164 0.214128530952096 -0.114907817016304 0.104548055897279 -0.0879810052208168
-0.230198319584969 0.00469603669488346 0.281480201696895 0.317628890138125 0.155220533412591 0.0293717176187206 0.144700214967137 -0.0275467519652828 -0.13576241122059 0.290624232014153
-0.125198076642331 0.169912136153622 0.116086885816842 0.119750092504426 -0.00463202102456568 0.110770832707689 0.229957769084802 -0.181046672787384 0.166478508097815 -0.0616347755997111
0.26204629475007 -0.0514525261498414 -0.0721796341130921 0.210667241615343 -0.159714982667363 -0.336818332309424 -0.0974008327079919 0.00163557543277465 -0.169924570608061 0.0961860059262291
0.205060483458381 -0.0610610769923552 0.0664235695356353 0.244165463587741 0.172030501778763 -0.058150338660155 -0.244399166998471 0.0609626750222012 0.0500960504194171 0.54671254453808
0.0840563864424093 -0.189594899816405 0.214950869603034 0.129175022687816 0.0125567562675974 -0.283154858959867 -0.206879867152748 -0.0435347871942245 -0.263313157300506 0.344039313793305
-0.193256619626286 0.132206408935163 0.11488856268434 0.133883581208132 -0.0560974742625692 0.210307271782275 0.231696074233948 -0.0249624257122786 -0.00532478079751932 0.314380437309495
-0.379216540894744 0.26813449035655 0.0776774521987107 0.102155270162228 -0.196414767610322 0.282222729576047 0.109264330924467 -0.324675572739447 -0.0195610605494088 0.0088525211728505
-0.271261706296771 0.262646951941457 0.193316188504861 0.341656223250486 0.0507170052114067 -0.174815653881852 0.20302679279639 0.142763604586069 -0.15582975379598 0.371195105142862
-0.0898610385138248 0.30579963443728 0.226364049226895 0.328966173203624 0.0960391700399102 -0.105159759867236 0.233094162645487 0.230865883956888 -0.13919467605485 0.459112304112719
-0.252756350161008 0.0382298169748159 0.352221135527155 0.0878640011175979 0.1523959710412 0.0891828500262037 0.0836573768494702 -0.0951711414512091 -0.0179620076057702 0.235180664205162
-0.292884625948751 0.115989812185041 0.284162548562752 0.496853143510465 0.189901685693629 0.0995414248967164 0.245224964947711 -0.0512847634204309 -0.112181784847311 0.270296111942436
-0.323072140051607 0.0808422193729709 0.148767710665492 0.450625982282589 0.165041591182131 0.0575236181410921 0.329972395599765 -0.0941770226648833 0.0181518360144685 0.3052411617368
-0.257939725984464 0.0548356645082084 0.373046811431416 0.067499150695206 0.152712988341527 0.0953309392848409 0.167217416662366 -0.0778059126541769 0.0132357705101673 0.208776713189454
-0.194178642276301 -0.025170160852849 0.382435495712968 0.0257163945019696 0.136745300538237 0.126534296719396 0.0793793537998107 0.0254899655073518 -0.0522318884595213 0.204015826680974
-0.221057464075452 0.300704955223942 0.266168117738417 0.35720231556004 -0.00548139693245242 -0.202910291615704 0.197540258096768 0.178046337844021 -0.18232683488292 0.362946627425622
-0.238149137264735 0.173410937476943 0.109369638309241 0.427265976009964 0.2200424687797 0.0204243882864609 0.338575498645428 -0.0594617924863315 0.0212814392781137 0.269770386736807
-0.2688293356901 0.30280489154275 0.10744107101779 0.0195045084530371 -0.0775717857147278 0.16726453933237 0.323239797708255 -0.250180067650832 0.180709932334525 -0.173066822346489
-0.331800835037045 0.21569906112367 0.180202815419217 0.463702933952383 0.218446657713162 0.0944923672701767 0.291373877796386 -0.0766383872041841 -0.0254144712299271 0.247006677005501
-0.189845854881108 0.0283579666351011 0.45056218030864 0.0197381176019631 0.113422425724923 0.10502116665538 0.0802073890520005 0.0694476407645099 -0.0725982574346214 0.231661168736839
-0.198587410729879 0.189284314362593 0.227147356765328 0.336424120484702 0.0639801337454141 -0.142991715024339 0.211957267058323 0.11699607690015 -0.207830594149529 0.34904572897133
-0.2732800617694 0.229281696778935 0.186842051573729 0.349083144655158 0.0286583970525356 -0.177829341507709 0.20389465961642 0.115719273955173 -0.171307283078699 0.360997121616828
-0.254433275003575 0.0413225503417685 0.364781072810403 0.0730250566036719 0.172278543342854 0.0794050387874555 0.0887954155423425 -0.0863651674387787 -0.0170346719149377 0.229814936251312
-0.457808138301028 0.135578066165327 0.0774750406795575 0.115907609427028 -0.110540391932701 0.0556663168708087 0.217446777511478 -0.261007710349209 -0.00666987893362328 0.0104791925596132
-0.295020985591333 0.35719534483023 0.142211690986688 0.0662092003761732 -0.0405652051112717 0.0948719347322032 0.16171972164021 -0.267221421834658 0.0295317731911341 -0.117134995905891
-0.193680932766363 0.155669787402055 0.183518895235423 0.352668758383482 0.155800972836792 0.00208243149900633 0.326416049392161 -0.0967003366385575 -0.0690213827649648 0.227283011200432
0.146564251480572 -0.0376268708460767 -0.0330330073246844 0.144941736462769 -0.211352911110213 -0.420603985966422 -0.0678152396695687 0.118795082165081 -0.238079892083748 0.137184562415228
-0.240637573967051 0.145389898884923 0.0454904201037163 0.242546970359952 -0.120401078370627 0.399832923343785 0.164078005640616 0.00487938901552569 0.172856933889624 0.115315006523287
-0.211710044856249 0.232028267658681 -0.00245733967664164 0.108426469976472 -0.0746696101612383 0.141006200589461 0.261359403836484 -0.235997540525 0.123356652922486 -0.0466905957305193
0.352538643826381 -0.138685572605609 -0.102464077623622 0.245471407748094 -0.119294810217175 -0.490506378115594 -0.0449988445277525 0.0697638289461492 -0.182535491465888 0.17092574179524
-0.309968931549959 0.312810744526714 0.167857093932294 0.0512639654525036 -0.0467693908030899 0.101345739785381 0.142472973185267 -0.259513673184026 0.0118616542280545 -0.0944940841483586
-0.221211874859826 0.17342471310117 0.202949765628188 0.415362340376312 0.163035223782719 0.0941484313087247 0.32270720216369 -0.0740675142591935 -0.0599407064960176 0.290428552887377
0.155723323807795 0.0339101089330527 0.140997707232921 0.217610318654417 0.209851261452043 0.0399024362719194 -0.197315396434985 0.0127912772549258 0.0731303883214115 0.411819058660216
-0.246139713563443 0.226646294288003 0.13393837517867 0.0911024374572796 0.0649251893760416 0.211202397514761 0.162797045231526 -0.28434619645398 0.0771756365354079 -0.058103175572352
-0.345622871323235 0.0585899705645903 0.105998748598576 0.225508480395831 -0.106058181809392 0.201843859590076 0.155860115703791 0.0315338609746949 0.00932068288762848 0.154570230523004
0.296417726150173 -0.259312449694994 0.0726510296141286 0.260826811967378 -0.121934865310316 -0.477213419760207 -0.138356127692175 0.0320499598914075 -0.203587377143827 0.158261345743706
0.0739453687815809 0.00589407202886033 0.148044418367534 0.274661763384092 0.144940931053399 -0.00879451497858077 -0.24871648881479 0.0113283415024265 0.12552877613828 0.413188371580785
0.155723323807795 0.0339101089330527 0.140997707232921 0.217610318654417 0.209851261452043 0.0399024362719194 -0.197315396434985 0.0127912772549258 0.0731303883214115 0.411819058660216
-0.292338861862161 0.134612744071267 0.0487942259086079 0.289602279589044 -0.0279387697882956 0.161939238780642 0.0339868255965796 0.0835140164095006 0.117489897189532 0.0358442741434095
0.322159007783978 -0.158814609665502 0.0190514371600835 0.175990455662668 -0.128251053195641 -0.344371547378902 -0.0789096052441433 0.055935661518858 -0.190898249717062 0.103110074515397
-0.309214497418916 0.375066737735901 -0.0056042255906313 0.100515534261634 0.0794924047907055 0.15932004500537 0.0854595586447575 -0.100384326240845 0.0347717762133616 -0.120080671713756
-0.297848000341413 0.300273566136674 0.0107871150942504 0.18840674462441 0.100746717316432 0.193889246120625 0.137782849508295 -0.196090223998084 0.0661323079554527 -0.0421960466423578
0.185516995606313 -0.101820715995925 -0.0110687846387284 0.140104926916671 -0.148824646448555 -0.436796362712814 -0.093205734866516 0.14236069098042 -0.335502278616808 0.070861684781487
-0.335344766835757 0.133845315686429 0.0446908589785816 0.276530342960063 -0.0518475458114417 0.185717189920097 0.0725942767094412 0.00633091415888422 0.116661932386691 0.0704052486977196
-0.23778919551466 0.351740233849404 0.207169022866573 0.0327260571149645 -0.118937507334181 0.187397162807 0.37299194287772 -0.178767354051568 0.0933696172705518 -0.131160912073065
0.228154478324108 -0.22268126006859 -0.0495704339458467 0.0461194483803422 -0.049032284172798 -0.425468897572803 -0.132550479641042 0.00639660178287968 -0.173539368631911 0.317432434249236
-0.233422775891831 0.34416710246404 0.162064291078236 -0.00838631600718515 -0.119506944351263 0.137612551175782 0.294251420152055 -0.13436689859292 0.0681197050956775 -0.189195890675676
-0.221744889157723 0.23075560560898 0.264325440872956 0.35573458948966 0.0961208840017444 -0.189888620162246 0.247561137362406 0.153862731737929 -0.182870975006599 0.30136293768668
-0.125684663466456 0.0328954736727365 0.0282121173994513 0.195415011097917 -0.142020776214966 0.163104943664561 -0.0767868319991901 -0.0579031085524221 0.00436638159349398 0.498131620113695
-0.213022802352064 0.281939672409817 0.26738931646735 0.307657435773714 0.0266105420170637 -0.163508797198751 0.219148037221535 0.14835967772877 -0.207764025296795 0.36203560507924
-0.205473850297958 -0.0131021608098386 0.37946557635782 0.070805870222116 0.0638845272623641 0.0318413643415452 0.0593794580710521 -0.00421913042660296 -0.0297544277178876 0.162223630134738
-0.388889126017749 0.382357498606504 0.218896310072004 0.0925586694768759 -0.202879294567726 0.23865604899945 0.181610627893897 -0.329738479040969 -0.0420252989197577 0.123368532466812
-0.338937620298331 0.158257895984028 0.216493319282854 0.223368141815043 -0.251945389206536 0.197920590139312 0.265098932281553 -0.38593504868279 -0.0497970799141104 -0.00248176487893051
-0.22758202033818 -0.0327984066016649 0.403737519361126 0.0338115184892865 0.133631674619137 0.134512911340974 0.0796512189253515 0.0359035514819624 -0.0643265678439049 0.212278176039652
-0.205473850297958 -0.0131021608098386 0.37946557635782 0.070805870222116 0.0638845272623641 0.0318413643415452 0.0593794580710521 -0.00421913042660296 -0.0297544277178876 0.162223630134738
-0.171371907826383 0.0140040967751451 0.475304176802429 0.0860275791277767 0.144628693850683 0.162750683511943 0.13500089304633 0.0549228406074939 -0.0517234129425033 0.256574620001296
-0.164626833697652 0.252139768091464 0.219489082802051 0.300845504869908 -0.00232062261055711 -0.215438828957212 0.180921798761649 0.182776219738895 -0.127953486068245 0.326054976806376
-0.220882804289272 0.272800686598296 0.109298927940325 -0.00759144326813178 -0.0648677229135175 0.174139842997971 0.324711486435059 -0.244918179349789 0.193484841524038 -0.124992268427574
-0.309847304048751 0.185159555426298 0.241736709838856 0.506825482779386 0.215570562682403 0.138044461300804 0.315058816591876 -0.096849515729277 0.0199092960605324 0.369579223162134
-0.343711338552429 0.180293828896877 0.21630575924821 0.239269878923279 -0.260364484273865 0.200419356833728 0.276277511912734 -0.377423401982967 -0.0538307944809528 0.0252562510755396
-0.243934853074658 -0.0378497716942032 0.370320362707884 0.0718829875576709 0.156167843582268 0.154239633110534 0.0667334473316211 -0.0179161174927382 -0.125496902793694 0.151192233136623
-0.248410900708355 0.0684420457802516 0.100350709845816 0.195443377349136 -0.0851988888523256 0.193943156504712 0.116189483680215 0.0590116751346634 0.0956419776622396 0.106158296342358
-0.240190225137113 0.0308539917169154 0.370483780933084 0.0550128167012902 0.166445120315537 0.0917818627458574 0.122037960893065 0.0144977120981527 -0.0601478397449314 0.220194460204603
-0.334389448578259 -0.125150743728944 0.457776356668678 0.00339270315602663 0.0732782611451099 0.0591048616585532 0.113061822971697 0.0227466881653613 -0.0536471949908404 0.224456097222932
-0.228459465129877 0.267194701889096 0.278258508042482 0.365457677642071 0.0173550356042295 -0.191935139360687 0.193651594469128 0.124270148954138 -0.162723595826367 0.399164674658589
-0.392370021329207 0.178139795599063 0.0725917766913345 0.214918787117099 -0.177884332881337 0.135650477924957 0.13720303028221 -0.335769409456618 -0.0826033268767986 -0.118208725338783
-0.319246299150595 -0.104484844949642 0.466844529269723 0.0204978346833384 0.0826252219163579 0.14439043010368 0.0975073018301035 0.00215217328416481 -0.0818910719596809 0.229692992785024
-0.210186774914048 0.279895633316608 0.286505741718486 0.352252795545332 0.0567392765749524 -0.215066943953299 0.24630089439939 0.142646001963752 -0.110825693826143 0.351873525548625
-0.209808994030203 0.0185121039063776 0.391627706723534 0.0795277410232144 0.0583632132576412 0.0435332119870052 0.0998427211518717 -0.145693307179775 -0.0315190011936467 0.233616563787666
-0.211152860313188 0.23914620932896 0.261824503372549 0.334275595094532 0.0984225741242227 -0.185120804406484 0.213073774887578 0.150427413088134 -0.17729250610247 0.294759006786589
-0.194778033029537 0.19548209311623 0.248388958497313 0.323217428725099 0.0716253138751103 -0.149251766434525 0.227913612164515 0.106358305563451 -0.205880012039458 0.357319489177204
-0.219469609249762 0.0451985367571804 0.214698926680511 0.449913625655878 0.199059359282186 0.112734120653066 0.128034159031848 0.0346018951768843 -0.120707879890037 0.225747959503772
-0.164169828087075 0.16617153672219 0.193476049889457 0.317073403796407 0.179432381996532 0.0228521164612117 0.311425218591708 0.235497827845248 -0.211984979045551 0.426381707136028
-0.366597130741027 0.160198123894893 0.145604145451526 0.0618041242657571 -0.246036815504857 0.160503405682358 0.317643534449006 -0.38048193351191 -0.0537856751660929 -0.0872630953089038
-0.358719604885605 0.167181225783204 0.079294809321487 0.196580097228221 -0.0488190077598073 0.189164918276473 0.207252811522412 0.00695137375571083 0.133503421059268 0.0784664832359664
0.204024427223031 -0.0599048242153426 0.124806658283728 0.248966985712216 0.188135216058294 0.0349531386505669 -0.320055628952675 0.0893799238479858 0.148975639175272 0.493003398837545
-0.375742848299137 0.191492001073637 0.170204190647403 0.0928996971222743 -0.258352325868216 0.137527524789519 0.329621891850781 -0.369230283017462 -0.0233120025319073 -0.0769848360094299
-0.173129027098139 0.238241634622218 0.231117512101199 0.138869155569763 -0.112891288783065 0.0931067092699826 0.237249136741047 -0.0491927191015639 0.169504139731013 -0.0668497343531062
-0.168867617931552 0.213063180130441 0.227589591131785 0.381984196427356 0.103253715080242 -0.0243556905066853 0.310333595309925 0.210695530768678 -0.166776041357684 0.414924506279958
-0.183898232708942 0.21645881568666 0.140874815502426 0.12276030195852 -0.0851135272520352 0.179960691076822 0.362069107617821 -0.102953624069199 0.127086604725634 -0.0577483964650822
-0.32312316544322 0.103211866292113 -0.0188010867694306 0.190352509233392 0.0257588249510284 0.157861237281969 0.126097951175428 -0.0131030532284438 0.146647371599357 0.182475422922989
-0.292918292700949 0.0803230516118855 0.222254092287803 0.398963239005407 0.178023604513375 -0.0127895468970574 0.259562034321272 -0.0838335952807377 -0.157352326935076 0.361984653260015
-0.298842316889273 0.141046289166763 0.0684527627163154 0.193511128935989 -0.0372413595753891 0.213066190926102 0.237267071300956 0.0231650317270162 0.176021824860116 0.101299685295874
-0.376355226280039 0.17439325863873 0.0497706031622743 0.207794624023711 -0.00647047060631541 0.212110104700616 0.224544323797651 0.0127639427186619 0.166125646851611 0.0899345767990164
-0.179076561654676 0.206192378405488 0.149515256553175 0.0870601203979782 -0.128136113760191 0.175472645033842 0.332925914109598 -0.0628329888730541 0.159420494490569 -0.0728340428239115
-0.319151540059228 0.0870454786453957 0.217197573337198 0.383033302389444 0.18214920243644 -0.041002195634004 0.278703461403018 -0.0797101370347926 -0.197898632937699 0.348364029210641
-0.471307258594053 0.142387777737518 0.111927774752672 0.209358894144883 -0.150505285812031 0.0349256199784448 0.185981995296004 -0.353649259407695 -0.0395156574847065 -0.0675493531605395
-0.324473548348713 0.10730858422591 0.0512322365138294 0.203870131619253 -0.0300197812253122 0.320987077882186 0.071773152234799 -0.0547306114837489 0.179517468133471 0.112869436912179
-0.352941766741455 0.0464818749514222 0.170418573832231 0.320494588048818 -0.0726155448671453 0.154422428054458 0.219379849634253 -0.00564605558620574 0.0826633616859351 0.0788326694678979
-0.226631717269792 0.137280084246279 0.0707628224675885 0.239649216155726 -0.0510609001016683 0.125378368402445 0.164534206441708 -0.0269658365894696 0.0151584065508647 0.260948716090831
-0.403663690101656 0.292196458102855 0.0279886694675735 0.170086791085708 -0.035944233776436 0.12580771290803 0.189821862566342 -0.0172601765663894 0.0711063008952313 0.0722631967634106
-0.220567362017484 0.0639156517395137 0.23833313036461 0.437598478517799 0.140210772925234 0.0369967716397166 0.290102296192829 -0.0777615270094012 -0.140789073448583 0.364759374501175
0.25077386048444 0.0353519364651627 0.0999026140294497 0.317160232267663 0.10744871763893 -0.0278371763572267 -0.291777558453057 0.0525187928883575 0.129952107455296 0.42872498696144
-0.356977960797236 0.100756635296415 0.0491337360195501 0.198075767764609 -0.0409622997224382 0.323877369532815 0.0905307311701083 -0.0184656940244498 0.132777463286053 0.0945743355328255
-0.330349367969957 0.109188592457537 0.0845673553133181 0.239731143891626 -0.0895620268731275 0.277324762975917 0.10272814084639 0.0840901276493268 0.090468085541657 0.122314179358991
-0.33257335302282 0.283439953175623 0.146196088610381 0.0888279644632774 -0.189612613708625 0.260223614695156 0.142740552795655 -0.401441427800392 -0.094293748065541 0.070105004948482
-0.370221696426506 0.294714279035385 0.127755825852349 0.140244919601135 -0.100008018705882 0.28175443494165 0.160490775246753 -0.417950081424925 -0.00354205120478304 0.0805917076311466
-0.279701702378286 -0.0268804299661513 0.336403861245609 0.0822557892227228 0.0565788482118759 0.0839582250168335 0.164806396173242 0.0937016554175426 -0.0372247169174615 0.226461629972228
-0.149402525949919 0.139264910865892 0.258695040992271 0.4309862449766 0.109085049687454 0.0461407268515417 0.339736614530825 -0.113109967841411 -0.101725748444961 0.381617010730496
-0.378569351993823 0.108203718058809 0.33180652521551 0.338649557723133 0.14413590284266 0.016255418590373 0.151142865345382 -0.105474272791599 -0.185156759839498 0.327940361295349
-0.239953868552076 0.262538571467766 -0.0254464288304114 0.143211242764207 0.0292635704011453 0.238841029771586 0.13576007451049 -0.18371638595471 0.0129073652600947 0.0293649272605185
-0.315437605260474 0.306597054140814 0.0606682603185332 0.144508269824166 0.0486115296154207 0.183469497523927 0.118907450381537 0.00616471697014661 0.113900635189829 0.10030756759397
0.196733335802322 0.0251224788063917 0.102205001687021 0.293359075087105 0.186184908279978 -0.00134612665081764 -0.285700918797671 0.0184761416723354 0.019990284786597 0.416433024524881
-0.281470819372357 0.214060037143544 0.288091284477432 0.419800496358417 0.201696338626446 0.0852762729607157 0.197902178541576 -0.0310237776459814 -0.121949402122811 0.240792130255092
-0.237065637828231 0.0146208639252923 0.419521428034291 0.106877416694616 0.0912483874202263 0.0903848877756267 0.162535918884836 0.0587237369911553 -0.0481414576826076 0.2027970937914
-0.338999362122195 0.0243632304004794 0.134803594472007 0.322829724150191 -0.136022080376882 -0.00310738924238462 -0.209614125341544 -0.000600891578543504 0.00213056772381149 0.557366006339688
-0.309102781703988 0.115465375721995 0.182775482103409 0.446814668528736 0.223713872610412 0.0724944699909816 0.301971530229277 -0.0796885525677258 -0.0579382687642363 0.292295193631469
-0.142801189823274 0.0393207481885582 0.0698044908633627 0.229333920644363 -0.0663468423835607 0.0885777411645119 -0.0223745876228455 -0.0221450542792146 -0.00906178894835515 0.543127094832708
-0.241405219644426 0.0265423886361888 0.345398308374284 0.11123043134289 0.0544998029856779 0.080464249233426 0.151306131575826 -0.0530400219515838 0.0149299706157748 0.247214659309949
-0.204434596635215 0.262961502996302 0.301998841253298 0.308462463739612 0.0308047758652728 -0.220335852867305 0.198928904737621 0.125180685680028 -0.183145483823433 0.373273131073245
-0.294348955468409 0.202724107201607 0.305485410488747 0.356513893003864 0.188591153808601 0.0909835308903166 0.208164840507376 -0.00684238967009059 -0.100132835904741 0.229000988965121
-0.241656224565291 0.268169471887279 0.153334296302345 0.134617602363953 -0.142651974202857 0.11054103110497 0.114689155564599 -0.298448084650313 -0.0762148147544954 -0.0985251383993428
-0.315803029354082 0.128410185629987 0.080478861308557 0.240568158734112 -0.0261314501693107 0.198683586419883 0.207114882439857 -0.0213776019582584 0.208385778701487 0.081605547749375
-0.208427872558594 0.0439417515642752 0.298388025146482 0.32569415634103 0.124056657687744 -0.0502800195520595 0.166289831785013 -0.0315560781365406 -0.190752817665669 0.328049613613961
-0.144628217314364 0.186368924810175 0.195143545600388 0.0871525897618705 -0.0713707603316735 0.1578062986488 0.33869347005994 -0.0682325369985959 0.253520685157721 -0.0664699861539329
-0.20064371761913 0.19416161090858 0.053268038307685 0.105992323017294 -0.117583302193551 0.18195800342009 0.310897255759753 -0.294225016410387 0.0844255259333986 -0.0446255028684813
-0.391015654654474 0.0879080785112192 0.181970241220259 0.397841752894667 0.127131966820369 -0.0114597909867905 0.288152664098144 -0.0715326638002251 -0.108139463063414 0.324384734509724
-0.301714358871847 0.112245836650133 0.222593832012907 0.382040122046824 0.180606693938106 -0.038417020027377 0.28892232202966 -0.0669780749663749 -0.202281172321956 0.336789631813965
-0.309027037942199 0.23518757293048 0.142401427470201 0.117467844134552 -0.241048183456498 0.100386383559632 0.303512651042915 -0.28139063343067 -0.0326479074337381 -0.145966543322577
