-0.129345032799978 0.128729091493507 -0.0289309351076002 -0.113243775593748 -0.12254776452955 -0.0331235861153939 0.0555738293249325 -0.13697037276536 -0.0190447950806192 -0.0988662330991873
0.134609261416763 -0.0234524234881734 0.191670836202149 -0.203910547724134 0.16061352208324 0.043320731485536 0.188853565290868 -0.030051259763056 -0.024610886010134 0.234271989850428
-0.0292624047015571 0.151912042092468 0.0104169825519608 -0.0310365384266735 -0.0353513048708681 0.147480825899462 -0.0802928865279259 -0.268086922982328 -0.129987782819077 -0.0786807205588335
-0.036000928414162 0.240654688109853 0.390798572770736 0.165542743850276 0.213657373871859 0.0534281946955627 0.128737825948611 0.111741792234456 -0.11239149388953 0.231375523738636
-0.175746276305363 0.0685456958531687 0.0176755301746902 0.280066751139997 -0.0890181270018547 0.113458144786069 0.139560840304463 -0.196928693348214 0.0244960668327731 0.00296252639907812
-0.146458392483792 0.107552531309274 0.0027768792032914 -0.0922928058879933 -0.132740712877307 -0.102449263200076 0.0439977851198645 -0.216796848295502 -0.109655952312645 -0.0822559945200664
-0.256871651933842 0.0665988258144318 0.0170645901355383 0.013668656766328 -0.135669804589725 -0.0665609458172943 -0.0141261648307938 -0.259390080588709 -0.0870024351976129 -0.00249795441635202
-0.104448273216533 0.0521197258843213 -0.0724814313988533 0.198503614141415 -0.0798642139347759 0.0049384452750515 0.134419490807377 -0.189209918799033 0.0395050759425259 0.0323344652077167
0.0702701843936312 0.0251503996599534 0.153904550436329 -0.213420367295933 0.0635453100970174 -0.0691648757500641 0.130773692936798 -0.061218789448983 -0.070927087253015 0.268355325784435
-0.0172489929613167 0.203312120033039 0.128118686383166 0.0704354858735496 -0.110944899720788 0.250701639651685 -0.11258465718415 -0.269767172656883 0.0175617704933712 0.0795059396624688
-0.188917460537649 0.0917124666638306 0.00996885968573401 0.00616387966130522 -0.153536564063663 -0.0314246747262917 -0.00978587009267085 -0.162081704716201 -0.112639524681643 -0.111359734875775
0.042077203153711 0.213714598722239 -0.0422605917416903 -0.168768244714351 -0.0539113523022219 0.288607731291604 -0.0561380868643799 -0.156233709111286 0.142327602891086 -0.0216780665270146
0.0480874413852176 0.17756932736996 -0.0483689129573012 -0.182079558706192 -0.0300045326806848 0.281450258177128 -0.0403283160610825 -0.155114389969005 0.156586248333946 -0.00431629682153634
-0.128479579748559 0.0315287693107337 0.0755278315964946 -0.153188283476212 -0.0738590973578866 -0.0228389754399521 0.0236324105470562 -0.180046656931155 0.0707339977088386 -0.129516677826948
-0.177731484648294 0.095866793592397 0.0092064642814261 0.0180977597592567 -0.155109667933243 -0.0266102173505775 0.0132863987884284 -0.169641827515009 -0.12337484334986 -0.104556524644136
-0.214826740432489 0.0904749907884779 0.035495292781657 -0.135174124449844 -0.128843029602768 -0.0959917077956413 -0.032172765796912 -0.240810053846472 -0.0726161873368597 -0.0737214653006121
-0.192502814522904 -0.0647113654749359 0.000211345519321407 0.238580179671875 0.0372819121464621 0.0414531250695029 0.0403883672201656 -0.157521439792461 -0.0353976950488014 0.122661821304589
0.0900515514451449 0.0220614534613146 0.226234162635972 -0.245521911605227 0.119018612336819 0.00365626220353558 0.147623513208651 -0.0265720575772342 -0.0976386014141485 0.372083616974161
-0.0419019105304062 0.00886747093372442 0.105562943543592 -0.0589125983668975 -0.0975488129874788 -0.0389596054041508 -0.00164949774188914 -0.147554258711011 0.066791546478706 -0.109069912504645
0.0586875046051154 0.0498639782244937 0.240251832130103 -0.236208242194288 0.15467436154636 -0.0370564105129667 0.158872321963669 -0.0433694233720398 -0.0917207142151595 0.243788199321754
-0.0743387186403733 0.108573489421844 0.053333995289533 -0.0678924837958366 -0.0448079295086827 0.00173506727771563 -0.0197371772074177 -0.165898337649 0.0965971658951904 -0.137169842008425
-0.17024310316344 0.124467812653933 -0.0226077311376008 0.0373515710475545 -0.142062870976507 -0.0695293451975516 -0.00805431864684292 -0.164536727398067 -0.10919297431788 -0.0964861033435665
-0.156140778295492 0.0166933830854613 -0.0971040030218035 0.187437971763662 -0.0243420655111095 0.0764574603668738 0.19216889086969 -0.207041284531798 -0.103558011467394 0.0978418910553881
-0.116021843302164 0.0283142765241693 0.0792020651553731 0.125672546293841 -0.11400359922311 0.133587618181456 0.0634992498414941 -0.107606241723692 0.0271708984479076 0.0351792959628866
-0.242244415430499 -0.0608883689241269 -0.00376688020077529 0.179782138917187 -0.034727990521069 0.108759415173589 0.076259140273629 -0.216555868079585 -0.0175480583940477 0.170917275445937
-0.145962709576107 0.129227595656887 0.119078119376548 0.0591929291004924 -0.127044786988048 0.0725058083104066 0.138109797761675 -0.182958521103583 0.0138532080517557 0.143847272869059
-0.246895266862153 0.136308342894833 -0.0922508086089469 0.110366891602608 0.0407811552267045 0.178648223808222 0.0366132328412511 -0.131656085776342 0.0149129133368104 0.0168258091614113
-0.275098729106234 0.133195966342182 -0.187338777372485 0.0878358404499915 0.045934589508124 0.150526072299646 0.106314102653035 -0.150959762772579 0.0267839970506779 -0.0466412836391491
-0.244267760037105 0.111039073782939 -0.173030362533929 0.081394525213941 0.0504344263809788 0.128663231531328 0.100919851809204 -0.120949899242273 -0.00641491454281682 -0.0329041010710331
-0.0120626680523853 0.213876828058393 0.34516877005622 0.219070028668707 0.211718375112862 0.0284445434358313 0.0455037911506564 0.156622028057118 -0.0226789533737771 0.122291154712578
-0.228404435913055 -0.054670358628126 0.0199466135746767 0.230050810795064 -0.0571583279681624 0.0230705336660358 0.097251881908392 -0.158017289944386 0.00561404320285385 0.0796093204529978
-0.177398805414776 0.176186260080688 -0.0974004859336659 0.0244539405877691 -0.179592107923229 -0.0563835668621173 -0.0169176492942293 -0.218664585649834 -0.0482994786411101 -0.127886134228175
-0.246980954478755 0.134272091664905 -0.141431041657059 0.0701339409845553 0.0335533285499819 0.148866461470955 0.13957962162689 -0.1313832996643 0.00504992432849269 0.0458322685673875
-0.27845407754071 0.154544444230484 -0.0626287090835248 0.0286079747977165 -0.178975906370888 0.0359375892311565 -0.00358824865435253 -0.186937946530082 -0.0413061855450033 -0.123498400038605
-0.225489449949204 0.0850388019120563 -0.0143746836412377 -0.0557651148541971 -0.0995076074771855 -0.0585989762995635 0.0404222370848397 -0.0908841507179312 0.0118462277915429 -0.144405985955787
-0.177335459023054 -0.0104257516392179 0.00680413822229293 0.2183477760246 -0.131639388515776 0.0905172410483311 0.0812930110535119 -0.197221964107489 0.0363467989559319 -0.0338255055349845
-0.187998679559402 0.108971893830449 0.0256677103837109 -0.0148954278422351 -0.0637830416831028 -0.00327636638874462 0.0407320538210672 -0.229747686378685 0.0180522963649519 -0.0453335741226134
-0.0768054068405566 0.239717823023007 0.363700229197493 0.237770031524348 0.218740019386944 0.0770679014514409 0.0357046985289982 0.0644219175891061 -0.1118566566868 0.309442832860381
-0.220146406915463 -0.012388524677837 0.00853516573235649 0.207958881580358 -0.066552702801993 0.0863133849288415 0.0682651376130548 -0.147767767510526 -0.00604162198685924 0.0969763414342408
-0.235382294145449 0.136042839929134 -0.136472860307186 0.101404174543961 0.0486655165171101 0.165274944685267 0.139043465325836 -0.116784579012451 0.0117717123730782 0.02918889785336
-0.224385276979732 -0.0461588555958353 0.0243475937762999 0.221724334570584 -0.0491729255123556 0.0295275509486736 0.0945839569434582 -0.171581669599332 0.00385212812593699 0.0818337552955776
-0.227615277709092 0.0913367169845572 0.00412300849579239 -0.0543097891444313 -0.092098317090055 -0.05678583318757 0.0318848314251221 -0.097014618046698 0.031558247332798 -0.133898954558323
-0.0644870554814918 0.0649693287261477 0.505238856594844 0.237473206080167 0.146982734046541 0.00820963903415945 -0.0205648671708101 0.0755465265530703 0.0302115654431235 0.278754707621308
-0.215683594316059 0.0690672730832923 0.0111244517637481 -0.0461272977009438 -0.0697842494750358 -0.0507265353147173 -0.00150906830633799 -0.171470111331577 -0.00727705468303217 -0.088943507368068
-0.265929349066259 -0.066277090705546 -0.0117982472510225 0.168315240983313 -0.0283151989521755 0.0870603113669665 0.0416745916635956 -0.142948486265225 0.0196468630508346 0.139203142366544
-0.121187847529112 -0.00524364848683434 -0.0239313207704203 0.1820353771922 -0.0125812152202429 0.0303578987172827 0.200672368676732 -0.220800605006725 0.0169726206254656 0.0691300881594066
-0.202441931898237 0.1166981640307 0.0359101028675368 -0.0360555882529084 -0.0767629815213399 -0.0297826071721409 0.0953954133317572 -0.234857935618562 0.0172961974625031 -0.0352832881491232
-0.174590782214499 -0.0090632042395717 0.00579041401338614 0.206647600567499 -0.125011854458333 0.0892622552556936 0.0893799836034491 -0.185215594191569 0.0472073705680797 -0.0193383046646697
-0.0293358455757547 0.139305467085227 0.0546555748274436 -0.0616987398397926 -0.0292555593061581 0.144684938491003 -0.111596281292383 -0.248220523851205 -0.143538987368212 -0.0616289949821791
-0.0603920934733977 0.211555108021332 -0.0100139802721505 0.0230680929126808 0.0217627383599675 0.127071411014137 -0.100445050335688 -0.309734557012477 -0.0970401367880358 -0.0322798250781757
-0.1931934168252 0.193810832134808 -0.0678385439608623 0.0714186649284416 -0.101027152217216 -0.0876597739604971 0.00397737683097165 -0.24321468136731 -0.00119324638544052 -0.0926476538879721
-0.106819274478438 -0.0203042446762405 -0.0544462841966318 0.191809850463903 -0.042141297148392 0.0334742828470819 0.224184928385001 -0.15650387258267 -0.0032673782809575 0.0768126236496189
-0.184426512868193 0.185414385349396 -0.049833599533657 0.0673353875701731 -0.1177688882313 -0.0995820951268542 0.00453495009906635 -0.261207003752397 0.00763065785303247 -0.0935432828059264
-0.16550423989459 0.0461459976025251 0.0598932001780135 0.128157898954404 -0.0818469753196212 0.0976206708813189 0.103923332228426 -0.159078496045076 0.0739220215749561 0.0843253868580278
-0.146565473710808 0.233361678342498 0.355304538667813 0.134994274462252 0.173421891420352 0.0564774936131768 0.042584399350356 0.102620983242578 -0.139104058216208 0.29369824329978
-0.0970282992237153 -0.104727823824181 0.0758226580799618 0.103780033179928 -0.109748188479552 0.12645860948804 -0.0639613192058399 -0.285361095523655 0.0408294438334492 0.0417308915445497
-0.267370406371442 0.149904194984399 0.000483015108341284 0.0294472332031164 -0.118803205692643 -0.0475940477409109 0.0136056732628347 -0.250965091386109 -0.120216584316721 -0.0875342908936128
-0.16800758857312 0.024557443911236 -0.00913917069499113 0.23048400925387 -0.10282519808366 0.0766937133206062 0.12851652793982 -0.154305797676453 0.0764564562295654 -0.0110308320172062
-0.0767106994787829 0.175721774953626 0.358268479567547 0.154723974470863 0.175929713182644 0.052224585747563 0.0758120164482839 0.122590613392055 -0.111272486885377 0.230232450382563
0.000763447829636194 0.17347530278682 -0.0504600106919672 -0.191691059375978 -0.112889994193157 0.242185993164858 -0.0772924945791249 -0.15982466885439 0.186636847922183 0.0534058477023162
0.106061499628687 -0.0346755114149132 0.251045182660301 -0.244172781457363 0.146548028551487 -0.0840818140350302 0.155214790081645 -0.00195143350469129 -0.102810708343686 0.334350199680332
-0.113095357341899 0.219545242286948 0.447610694818825 0.227758477995307 0.221500671077941 -0.05281026467292 -0.0906919688805524 0.069345576692279 -0.0422075939937142 0.164124006313619
-0.141943648129524 -0.0489364063600632 0.00580374173449953 0.19821706772468 -0.0604007373395415 0.0984010421572247 0.113891798270512 -0.130923600349481 -0.0294904394058082 0.0654915349680135
-0.122327759761708 0.0753259718711752 0.514856765151735 0.173638645283264 0.0966163678765147 0.018188008202919 -0.0608598662033784 0.0462028898827743 -0.0118786680004785 0.320088417637424
-0.135459916007388 0.0664338398163153 0.0870391721703239 0.252822781911019 -0.13991121594476 0.118523820199011 0.186525500202083 -0.260887695255948 0.0295822391539578 -0.0151230432102721
-0.179281577770172 0.103325973653223 0.0151099052342543 -0.0210858661807032 -0.0638442117037653 -0.0102568967488828 0.0578509406994741 -0.243253188194355 0.0189029861517778 -0.048376377526711
-0.119562299707924 0.0348064335565271 -0.025088902378976 0.224007661691226 -0.0502624066753614 0.152761690329355 0.243942363284753 -0.240055193781957 -0.0338804507235441 0.164834317749173
-0.240799670417023 -0.0156713032398641 0.018486858379095 0.254464367459866 0.0440361985652399 0.0359925015916839 0.0317948619816594 -0.145292848924515 0.00692376887874058 0.120190139574327
-0.0990457953551012 0.145642100128872 -0.037117005786297 0.0710967689696884 -0.159271342435051 -0.00897961192852687 0.0161123979997121 -0.249721346618064 -0.0450807049655716 -0.0729730795709263
-0.27312744935737 0.187499282413877 -0.0715809920994671 -0.0460614753067599 -0.179074606184098 -0.0618563865745811 0.0334392624990363 -0.236353078857085 0.0035514021936048 -0.0983031695819683
-0.0670804017783447 0.265537949210398 -0.00314933922534063 -0.000548268498157578 0.0438876939063822 0.112718774296765 -0.138489696294274 -0.297221276054284 -0.131901440915478 0.019673415747949
-0.153657056607619 0.163570132467776 -0.0866679207526934 -0.0020145218652313 -0.156032741245856 -0.0516186620341872 0.0161590391209107 -0.184747105180497 -0.0414607067962397 -0.0902879414779259
-0.0209661624147047 0.186831622628768 0.149517942297183 0.053162679480364 -0.0818681289589828 0.22847786836428 -0.105564679573923 -0.285696468114802 -0.00543443077539551 0.0569514896855055
-0.0361432555931173 0.201090872146667 0.15534100681847 0.118190545021452 -0.0593574641940676 0.204313150621322 -0.148600717521876 -0.304511384493932 -0.0247732082523182 0.0202487165983253
-0.172102073024544 0.158241410401949 -0.0399060627667261 -0.034063917979246 -0.118801866824238 0.0433408238358836 0.0940064994729124 -0.129420482246636 -0.111166319551784 -0.120246267336087
0.0508396713615598 0.0175962816895466 0.20390626715281 -0.24205759120553 0.0752730062194703 -0.0444467897056129 0.14392109952242 -0.0754115532038075 -0.0770972427745368 0.267298106712217
-0.149190646538876 0.0964918343416796 0.039573215266864 0.224444712884895 -0.142105342355397 0.0691548617090912 0.149684704252225 -0.327636027413105 0.0191038531859223 0.00108848530884485
-0.238692104111712 -0.0833899734416204 -0.0165397259448327 0.215781090824184 0.0357302960369541 0.0704037591357086 0.0990733718889818 -0.15279801362045 -0.00739603018461136 0.113721526082398
-0.226362840362608 0.114552555197425 -0.0494677523885351 -0.0952140933912425 -0.0488003203647417 0.037585509220604 0.0621551999308573 -0.150468428940337 -0.130869161947679 -0.199260137369796
0.0897576497742419 -0.0191674031435328 0.24184126871356 -0.248391128765799 0.112306215431256 0.0279668095719882 0.0998374846333993 0.0115849748791757 -0.0734429303904875 0.33206486459967
0.121549989615081 0.170374144979433 -0.055755869725813 -0.231088438636106 -0.048251977535218 0.21659838653174 -0.115365777626571 -0.166216851787076 0.161808494061227 0.107026042875515
-0.0656163962082481 0.0667273932129067 0.196717085929203 0.185045810602024 -0.0612683951038073 0.0515248881937248 0.189386021471576 -0.239637680679539 0.0055638841961587 0.266297667509869
-0.0823767647927364 0.062168449973509 0.127303450951769 0.241937766867657 -0.0646610390661214 -0.0034216212813806 0.174631465363239 -0.260609762034255 -0.0141966533812009 0.299735108097648
-0.153116447962013 -0.0885941255871778 -0.0355368893008963 0.0587448905290183 0.00370095863055821 0.0737491673745941 0.113231109947104 0.0195266558590225 0.0902333333175127 -0.000709855697580268
-0.0561977290166076 0.172575860889887 0.421966768361668 0.137252594724883 0.184648732298774 -0.0636483879473422 -0.0054201908732577 0.104630642408099 -0.11036819849292 0.14506682315574
-0.171209127369314 0.107754844483448 -0.00982557530813771 0.124987361259723 -0.049674257338984 -0.040317854719964 0.0448036992582956 -0.166617012599693 -0.131493690417724 -0.112256605616782
-0.0632927277983584 0.157498045001297 0.442566890165132 0.155510701796028 0.190789691554192 -0.0911760304713314 -0.0138450290408496 0.0901928255813187 -0.129472414284672 0.169251158365107
-0.202352268364317 0.194955380488173 -0.0226047762353094 0.0668892483734596 -0.0987135607812768 -0.0461210374102095 0.0523178158297341 -0.291905410146985 -0.0753642616962439 -0.150629469608873
-0.14777938282789 0.0609230235963994 -0.0032550960231987 -0.0494538120933634 -0.165991733909763 -0.0616966447783461 -0.0682725816843361 -0.19798149218873 -0.110216370580857 -0.159000587255645
-0.192460569648836 0.0780411429361163 0.0508562698969858 -0.00561533512776088 -0.0932566533044132 -0.122181783948056 0.0761695014374655 -0.134696113858171 -0.0148418145189579 -0.0544861108722245
-0.234228014313272 0.105281037900885 -0.0154943749396308 0.167327633178016 -0.0473079615710912 -0.0249431349506584 0.0526533806246856 -0.140066991234171 -0.113168778441334 -0.109083877323934
-0.194731322209704 0.0989529514930743 0.0422858296874792 0.276196746697103 -0.131506064403691 0.100147092150325 0.143737246948088 -0.224531664643554 -0.0533049973057757 0.0356842301928751
-0.148708411709917 -0.0432852141999491 0.0858869852867822 -0.047609291514976 -0.0830675402112041 0.0226376221985949 0.239878905449743 -0.251369356596245 -0.0224478258700557 0.248184581529223
-0.157220923567933 -0.143161315797837 -0.0546792769888958 0.112129113355559 -0.00490187112658523 0.107430729547552 0.119936906163544 -0.049190470905678 0.165051383541537 0.00346227807148776
-0.166612540603621 -0.142147757865209 -0.0475763036694539 0.0975422297122421 0.0114972752307256 0.125208587168723 0.119207862364215 -0.0558102963307492 0.167805558992953 0.000615754791861849
-0.0859441456438536 0.159732375808723 0.163782976890402 -0.0700993421818518 -0.0217015483067794 0.221640751401382 -0.158345276095423 -0.156257386230869 0.00121694036252901 0.0249173038563613
0.0762437460296642 0.214520872385553 -0.025230459160094 -0.180812166362087 -0.0201810399887078 0.186953528000362 -0.119947240313278 -0.203362150857105 0.122352192424967 0.0819211784780522
-0.0816867514212575 0.0588432195364215 0.147067194152603 0.236018807901036 -0.0525550618016994 -0.0113303443553726 0.153696960961752 -0.239023952563961 0.0512646648297319 0.289321728952097
-0.100905657561117 0.165057004563064 0.0186309227266728 -0.0184105963040662 -0.147060205401216 -0.0259153141956288 -0.000682219877283799 -0.224941508788055 -0.0307890455570632 -0.141994426360677
-0.131891851358401 -0.0834205868966686 0.028589096999843 0.0953399015901011 -0.0412757219555893 0.0661608901525046 0.135253005641569 -0.0897469353348487 0.0494161678089474 -0.0159280803721149
-0.0903994383723674 0.0835331121905777 0.48277344917789 0.241299965254155 0.100709573699048 -0.0120426109970119 -0.0488243095029563 0.16096504262093 0.00989763895728235 0.268655222885556
-0.125624583553576 0.0236619839052574 -0.0775007763297075 0.203715819920097 0.00412843043994258 0.0539458845654311 0.182140813527573 -0.152790544614361 -0.00568848737414066 0.10071480738249
-0.144314310107947 -0.136859397637545 -0.0382893295292783 0.134646147758336 -0.000217915350199168 0.0715420382381952 0.103193646454889 -0.00281758602716936 0.152736082399677 0.00699039778091344
-0.0479303156757267 -0.0435491777215827 0.068215375844255 0.0865501674933756 -0.00852288911253761 0.0779291003217232 0.131722069884037 -0.0584438636315845 0.0892637252277193 -0.00495204079991577
-0.0587618317270298 0.240830154273169 0.325736512192085 0.268831770345331 0.239164830061113 0.0221632532846508 0.0861859878221789 0.097323621687713 -0.0665672612970017 0.270551778971811
-0.125651418675771 -0.0928813952021481 0.10902189948593 0.123954589108248 -0.0748704555803369 0.0941391792568416 -0.0647119320889035 -0.272488934544479 0.0384186312218155 0.0427608623111993
-0.172377342952198 0.128713928856651 -0.031094272448807 -0.0707328162951408 -0.0670924548752914 0.0366586920356078 0.104830661915595 -0.119935187668543 -0.022408882191603 -0.152006461173064
-0.0784954489421286 0.0512033424562312 0.509695096840495 0.245345092166236 0.134187069885864 -0.000924428379937108 -0.00546024052828751 0.0564926172162854 0.0307962525639933 0.264973330474746
-0.295230167174165 0.155322725607517 -0.0344149637121442 0.0114332407722587 -0.145430793717247 0.0105398700335017 0.0202244725107598 -0.227626277086233 -0.0648402915735308 -0.103117841677369
0.0979614723492664 -0.015183183434815 0.209215228695823 -0.220271024353293 0.149364584864664 -0.0870539691089783 0.17765392433778 0.00457247514319531 -0.066018777916023 0.329940152583125
-0.0537440777906441 0.272473015118558 -0.00989186136762869 -0.0174964974102381 -0.000707133387981684 0.139602369415611 -0.100487415669098 -0.299904295631866 -0.10874459940359 -0.0260060070520703
-0.0970725667731751 0.0388054855574283 0.530047205822229 0.269787548459811 0.129980991384115 -0.0418615930744637 -0.0229463493183681 0.0876302280799582 0.0703105054909352 0.238674218285774
-0.0821248923703826 -0.074137551158957 -0.104672808090782 0.145871532733369 -0.0061957272353354 0.0526172975910848 0.136982233769134 -0.117438332872925 -0.0852402537295184 0.12302991327379
-0.115138794533976 0.0701221190351572 0.50450837235156 0.181041780350134 0.0916090620241046 0.0227490228080419 -0.0828733969543993 0.0601949280058245 -0.0254742294401688 0.333107814241516
-0.285967931151325 -0.0545821864554643 -0.0107991477077582 0.184804298499924 -0.0381126431850345 0.0905588133960174 0.0503299128257145 -0.148206009061757 0.00543862597875205 0.154005198571713
-0.142161189114483 0.151303520948113 -0.0580501641821479 -0.00261056603796011 -0.150280175101463 -0.0475701775985877 0.00821749336126768 -0.180902506010202 -0.0382701934851672 -0.0778816988951274
-0.123403940714127 -0.0675118148542901 0.087290847498786 0.104633421618377 -0.0697977938676814 0.118594791103413 -0.0420986828497832 -0.280570208264596 0.0158944979046571 0.01207940336956
0.0639085200475875 0.26552184242161 0.347103412551185 0.0829225999504551 0.214524371366691 -0.0259810291947185 0.0410355542126867 0.149932333547241 -0.0561541766386192 0.232542094484621
-0.2537329609114 0.107736530041678 -0.154045222969992 0.0975894125102256 0.116080850206449 0.0990994248526245 0.0650647251319536 -0.16829663244279 -0.0251490869659797 -0.0235336912761588
-0.149104631615175 0.100265061682575 0.110978627221184 0.0816458624299263 -0.131741020653556 0.0813626586440338 0.146955065790387 -0.210946052585101 0.0141207136406218 0.140421477076877
-0.263102431120282 0.0531375841037764 0.0175445059527886 0.00619574259986093 -0.167803871997548 -0.122864590937217 -0.000830213100414531 -0.286415027020574 -0.0405534857073957 -0.0172154907222545
-0.163720172820019 0.120656392589794 0.00221208711113043 -0.0866170654743474 -0.094234511954562 -0.0821434158390308 0.0140099441952405 -0.23899013158982 -0.0826620535051889 -0.0837188728290674
-0.130027481618991 0.0366561403320675 0.0203807040278026 -0.041376493573924 -0.147148685468137 -0.020174193967378 0.038105616424449 -0.147073322177775 0.00292718131940771 -0.117477762664327
0.135488112661815 0.0413518709318948 0.134364368731122 -0.157012616136183 0.129964818345701 -0.0663092798723166 0.129370660366348 -0.0522906685279456 -0.0832329382700952 0.216909894542166
-0.175556307965245 0.17801294563437 0.0180255432452456 -0.0381030948513524 -0.155360320886614 -0.0578300202725186 0.0160586828365915 -0.132442804713841 -0.0996900435650757 -0.108750868491097
-0.238348935531139 0.0809046835758619 -0.00754876455498185 -0.0461623715918922 -0.17274590124782 -0.0695041471270035 -0.030579859115589 -0.295510674373315 -0.0440503891346471 -0.00903740172754623
-0.244166926122395 -0.0982845272891589 0.00236623735396091 0.2326783407743 0.0194172843872019 0.0629642030056053 0.0519954610093525 -0.143475567325756 -0.043309086988402 0.120000310190284
-0.106649425530866 -0.0248496074008313 0.143978255334353 0.201711513114981 -0.0549082751007405 0.177891171022656 0.0260493836799325 -0.291316687494702 0.0409743875079721 0.0574176907064628
-0.259406545764303 0.0268076934193212 -0.0111629913890267 0.00360306670521264 -0.103963491618242 0.0114750137416143 0.0948914466578086 -0.115025297232395 -0.0310094463041439 -0.153849756255269
-0.246351005301826 0.126823679074493 -0.0819791736869879 0.036363367282108 0.0195996282033625 0.149284098811199 0.0229778419472306 -0.104500092684516 -0.0112216211687566 0.00923056600960221
-0.198869823802265 -0.0877428468597083 0.00943838556520134 0.24565547230228 -0.0273863103198767 -0.0127553602205 0.121094058875943 -0.13249308828765 -0.0944739715973041 0.144504095008698
-0.222088371343841 -0.103544322364608 -0.0254912689928834 0.207803906473105 -0.07447968970942 0.0410771685170173 0.0648319750020911 -0.0965460768466465 -0.0172245450444251 0.0713695584385751
-0.153178325627199 0.100532011515495 0.0247030831548196 0.218852639590688 -0.15161310826752 0.0430049407118043 0.140738396858704 -0.334080529089789 0.0482029217057278 0.00265438886879581
-0.250884645858671 -0.0232064512775149 -0.00385838659400904 0.229088560213355 0.0661986010492968 0.0456712648617828 0.0556760733864842 -0.188925831455194 -0.0299783607622402 0.108345901901888
0.157733330291129 -0.0187911631965478 0.188545705446959 -0.273638497239026 0.172517981528272 -0.0169527683832609 0.184830420136505 0.0570678272308208 -0.0330516482026333 0.240486361982577
-0.0877722624935112 -0.0318085481168014 0.11146106438592 0.184002061376815 -0.092982532860404 0.0989112642034233 0.0127921712081092 -0.284668928420448 0.037181499153089 0.0606299112699757
-0.0398543676007191 0.14818106831011 0.182894955285279 -0.0669472447264648 -0.071234007338083 0.199681734587345 -0.184967291388597 -0.186766078359019 -0.0209584349113908 -0.0660376307292655
-0.189358064227443 0.121668856700369 0.0333280975773439 -0.0937069353620833 -0.122396062843399 -0.0812988384540233 -0.0288591138302411 -0.258821706599067 -0.0855563506906621 -0.0779329207457259
-0.112953477660043 0.0417611666625786 -0.0800947460130747 0.206128948147411 -0.0733230705939406 0.0264000775124303 0.142995078813266 -0.166605196493645 0.0195787394771719 0.0727846543977145
-0.116656844709812 0.0922840575107829 0.0493187113361344 0.277467444275725 -0.169362429236949 0.0771893627025724 0.171017627523244 -0.270102657354383 0.0323339162770874 -0.0183860027717662
-0.15678769793682 0.112896173299651 0.0124961532136201 -0.103107499017975 -0.118996443907474 -0.109907954056608 0.00225042534141089 -0.217183369487326 -0.0856581114794906 -0.0669064071120429
-0.286617416662386 0.0893770177150766 0.0270631844290457 0.0465776712545803 -0.0503677799377147 -0.0312850762488959 0.104488147586502 -0.122150464932156 -0.0891237852384234 -0.100748297914659
0.133964410455117 0.0485040975870988 0.141145660400942 -0.190245245219347 0.12187884872228 -0.0674160350614756 0.138307998251671 -0.0412204101508227 -0.0837707692569039 0.236582271313898
-0.142159843185706 -0.013285407243887 -0.0464930405940385 0.203516131047905 -0.0499417908820017 0.0111688695168891 0.149479348198084 -0.137561507505713 0.0403334903438141 0.0622055120488043
-0.172890997065608 0.0922569162252082 0.0410234348915788 0.0062384428074855 -0.177967291472732 -0.0266897338848785 0.00718760241270381 -0.156329330818739 -0.0663405629958202 -0.0381517434287046
-0.150908385117876 0.145564660063664 -0.0383045942323979 -0.100154354682388 -0.18284498568696 -0.0978971670364918 -0.0287042578576085 -0.311772511894066 -0.0526886602607025 -0.121750120728179
-0.0737230084233326 0.020144146131995 0.0858233218731817 -0.0242391961512788 -0.02505362272121 0.156391747105838 0.155489760069448 -0.102832805155959 0.0584909597805243 -0.0330961265036253
-0.119713809685641 0.147550256896766 -0.0219245774299377 -0.00247151185658857 -0.155161339342817 -0.0448949809769708 -0.0062403936760773 -0.165640761938883 -0.0121789707761649 -0.114757453493009
-0.143251217119492 -0.093223675097913 0.111296967130569 0.105368009197842 -0.0914085457696314 0.102840537074736 -0.0513177881292281 -0.273145627613519 0.015649710709573 0.0364625067904438
0.0111382780910397 0.183568672668663 0.0390815883608628 -0.0742909310974368 -0.0626163620908179 0.121364645862618 -0.0658058931349755 -0.235681363674009 -0.110824034932779 -0.0639191162768958
-0.104061916660962 0.059526565500464 0.492837813146968 0.238304867334907 0.124667830032667 0.00918091003368531 -0.0102839043480718 0.0760732356482322 0.031191562978781 0.278777302499722
-0.265929349066259 -0.066277090705546 -0.0117982472510225 0.168315240983313 -0.0283151989521755 0.0870603113669665 0.0416745916635956 -0.142948486265225 0.0196468630508346 0.139203142366544
-0.102377064484513 0.0142501784688807 -0.029112680181899 0.201513357923658 -0.00453124130505191 0.0424028814878076 0.245334814136418 -0.194808806143615 -0.00809804420261444 0.0681984071738541
-0.259440036881066 -0.0466645532374954 -0.0139555779639147 0.173872355372967 -0.048022146334762 0.077310330747835 0.0378765141340499 -0.126704476508613 -0.0596452586240573 0.107093571758583
-0.15606210773576 0.0806969245903282 -0.00768744728419785 -0.0708134850866607 -0.151918986385308 -0.0974506010560829 0.00904487810869281 -0.273552351762017 -0.0470065039022486 -0.0945707747283966
-0.172768596034012 0.136155035181836 0.0269451115971192 0.264652143254081 -0.132290838094881 0.0561070294872084 0.154753859355069 -0.234178254603725 0.00315328878357494 -0.00105309192104801
-0.189869814453981 0.152301776442646 0.0623278646017437 -0.00417168627882996 -0.133967424557926 -0.101353084923341 -0.00797244881097904 -0.181908422511659 -0.104100098079112 -0.0597676891594756
-0.0611409283824531 0.00725008274004764 0.0806928822243974 -0.0279859882308003 -0.0487201266678042 0.127508758976286 0.132111513899216 -0.0909343046064878 0.0765199694700645 -0.0728565154050029
-0.277189000070604 -0.0647505476324413 0.00610730591415216 0.198161217323289 -0.0417733696973626 0.101087331610199 0.0699139559008529 -0.183913738512489 0.0184915452222265 0.160445221499378
-0.281293283573905 0.147869109403788 -0.0632740633056066 0.0462352151585193 -0.164970644349421 0.0459497257118308 0.00811726290593151 -0.226822318010325 -0.0569433578749622 -0.113724491011631
-0.167564952890365 0.0900892603598581 0.00846852733012562 -0.0770821692407672 -0.141230573922518 -0.100215354017581 0.00508699455451493 -0.254329160641119 -0.0643568556128553 -0.116184517662724
-0.193893055880477 -0.00900580620068148 -0.0091434105750335 0.122394745846998 -0.0674537237165458 0.10661924797671 0.0110221522706935 -0.152175694930534 0.110960930111264 0.0792580480426008
-0.0140243115240886 0.255579797606969 0.34853205751362 0.10892208709777 0.181037723328811 -0.128776917157482 0.0577190665457205 0.111762255573467 -0.172583575288549 0.134368704265877
-0.287259785502317 0.204390562896301 -0.091729353089697 1.16700720061633e-05 -0.197895100591422 -0.0496983572322355 0.00535460617710478 -0.254129824006966 -0.00626594532197291 -0.0892037259180725
-0.146308316526487 -0.0122251601756798 -0.0545235279556746 0.177423173510849 -0.0225659130047783 0.0528866187675424 0.227436176646326 -0.187188708445469 -0.0126749912994423 0.0674691678767285
-0.230769093212262 -0.0435566932696688 0.0349441847821552 0.213720028559457 0.0552075347580366 0.054647428450841 0.0421134879473484 -0.144770729262995 -0.0100026047061308 0.128039549525656
-0.226991167736558 0.13632980310174 -0.127525660326696 0.0860300774441826 0.0513905282687689 0.121386565474431 0.15344239182059 -0.128747585924346 0.00832410064174643 0.0456004167332729
-0.0602198749152274 0.244502873322194 0.336036215540134 0.206265264895422 0.22138643798429 0.0974140279635829 0.0175069072777238 0.0814282817823961 -0.146028963690397 0.305263396005897
-0.0378149380107483 0.124801640673126 0.0856004082979297 -0.214079004574953 0.0377924170695778 -0.0462431394061501 0.0268875317940008 0.000931194867852187 0.072155192757897 0.0905844519762477
-0.00847149416495006 0.202706729788491 0.382026125199749 0.210740657980751 0.188626847987178 -0.181546279603919 0.0404398427624484 0.110834653239267 -0.118066213228831 0.194506788770931
-0.151837270491676 -0.134893328446301 -0.0566890881150037 0.141226277674655 0.0108271831994209 0.111387681043603 0.0803629209705716 -0.0183232762710847 0.142454068846977 0.0194497345593367
-0.121282231675328 -0.0491482090750381 0.0772744078697545 0.13356353318131 -0.0675297346984243 -0.0254254458581276 0.20272564756972 -0.373041551193546 -0.00893595268719357 0.245661609688384
-0.099723971476021 0.0367384196198741 0.057791168402557 0.0283051811555598 -0.11668247943462 0.0528827284806032 0.218829686889731 -0.227651489110676 -0.122845222260415 0.175859263910743
-0.00878706110874604 0.168581482757989 0.0916503880671628 -0.22333599653927 0.0655324970473958 -0.00374669997474145 0.0132576302114789 -0.00593421755322634 0.0685477762752107 0.0974805832999114
-0.232253118982502 0.0471581741599379 0.0419392439176683 0.0311012058927865 -0.0835564248855372 0.0743859375781392 0.105441756519826 -0.154620629353637 -0.119909598503294 -0.122342705423146
-0.167541609973965 -0.123090278492238 -0.052917077830121 0.118446211498628 0.0111066416679214 0.103098647659463 0.113219224207407 -0.044452969661769 0.158388590142694 -0.00665484304164373
-0.141401521447313 -0.135202407756742 -0.0645191590334303 0.133006042718307 -0.00478585509007079 0.0955627066507715 0.0839540667079439 0.00970955151452452 0.172080122623244 0.0124565385645525
0.000234713802883743 0.1530555311419 -0.0895800007037781 -0.115223120864991 -0.166643395077363 0.235271608024213 -0.0260527502827525 -0.293836676733666 0.0406718984422607 -0.00663572902108671
-0.049193684311464 0.156534227376635 0.435930163923374 0.133122922130849 0.215977035445743 -0.0913687073907624 -0.0233166332887633 0.101582597811769 -0.126190714132571 0.141079064385969
-0.107556110152833 -0.057736806391644 0.0758886006283055 0.135460358047369 -0.0400119523728066 -0.01713325647398 0.192940523794286 -0.385348706352204 -0.0328747766660963 0.244711920034108
0.0474897426963392 0.228101829201869 -0.118787896755542 -0.0965885127879274 -0.125524269282461 0.18710773904568 -0.071845313638033 -0.298039928586679 0.0183321653588256 -0.0243572159476684
0.0758843466342206 -0.0132426799396536 0.1929759096064 -0.184646080793961 0.094300976277692 -0.0513704306825896 0.125498429185772 -0.0134114469220794 -0.0639371050920276 0.30979833453794
-0.0223209936802788 0.0679446445320336 0.444339018276446 0.154108921083092 0.0868735074076671 0.00877397903459424 -0.0343497562206136 0.0769687582527167 -0.0621351438520921 0.272471403551841
-0.0261152190592598 0.0872876372756875 0.475446549275893 0.190510707633801 0.131189797337972 0.0067397684334123 0.00827707567747293 0.0791015514422885 -0.0298534747900394 0.24025071512325
-0.026302621201927 0.233673007257534 0.361674867645481 0.174905014037743 0.12990598331813 0.0852597807162109 0.0793076519538524 0.0824076712019689 -0.131550321585398 0.253181058533003
0.131212602945309 -0.0376435106474538 0.16813954537186 -0.21544627180501 0.166592820579504 -0.00340769892387793 0.16561884515427 -0.0136699504285743 -0.0416195211766174 0.233397123803228
-0.161036206228514 0.0326144512125044 0.0523803787056658 -0.0611516456862978 -0.0921475662427775 -0.0205202576125425 0.0743091867569747 -0.162137087030526 0.0515049369302089 -0.0734346668854174
-0.0419223414897602 0.212319050292737 0.138752443695757 0.0737748131708497 -0.0909403535715123 0.250501535820223 -0.150711106514102 -0.280672612128215 -0.000305961826000171 0.0877569964365849
-0.0417972617578244 -0.0192784470422774 0.0725592953883043 -0.051835785019812 -0.0761404450817813 -0.0401830295653561 -0.0248937264909627 -0.10492219804339 0.0749263484858475 -0.0794906862247395
-0.176759477660321 0.0982284504225275 -0.0013938220510096 -0.0437431707627114 -0.0281331622850236 0.0310400125275312 0.0476305914681536 -0.226094462559318 -0.128797867108776 -0.188510292727276
0.0267321247968652 0.17918737940967 -0.0213966515295358 -0.180738446923181 -0.0409541150627556 0.289811194342359 -0.0369303151880607 -0.162099710788723 0.140517236337536 -0.012266354728838
-0.288231595841671 0.228328806087198 -0.0297218652831585 0.0478132331013441 -0.133035082506458 -0.0967559549001312 0.0611370919033101 -0.25363756829813 -0.00867614931584334 -0.0565403684909913
-0.173129865362093 0.0846497797960369 0.0288919944382242 0.254443220328405 -0.147134571857177 0.097158888390243 0.169637258147782 -0.267289018615326 0.0435808138698382 -0.0172135588323553
-0.0582026524516198 0.00902171112159361 0.0895148484055159 -0.0671323834707431 -0.110681652089153 -0.0286684037178946 0.00179758046686455 -0.132345151177539 0.0562550551505397 -0.121749953591685
-0.155226636201792 0.126244999615245 0.0358309663810558 0.23739145068759 -0.139244462736236 0.0380049402571916 0.144561048289855 -0.314278279775513 -1.87672571237904e-05 -0.0172444895117876
-0.237233428644732 -0.0855140197651565 -0.0284294055816495 0.22545721644408 0.0613217123752202 0.0518996669207909 0.0994553630389213 -0.177091509071813 -0.00856093659994459 0.103971480323075
-0.246637143319426 0.212946236889038 -0.0151966389838303 0.0322777325483048 -0.150887132123082 -0.11996624789152 0.0374590919725598 -0.242335870092308 -0.0243067172777643 -0.0490319223922169
-0.149471067852173 0.00448939801610697 -0.046403427058805 0.195038085594431 -0.0417534741862487 0.0185813331227269 0.139270821448382 -0.142175079598216 0.0502777200679986 0.0636414979088941
0.0288644081303007 0.239444349339378 0.0708134941482196 -0.0258575792005178 0.0355498882040862 0.0506529446525569 -0.189804478663062 -0.246872708965802 0.0199033340082744 -0.0104421381742429
-0.204186324109734 0.103836718106044 0.0184970829981682 -0.00985975559548518 -0.0253614682265776 0.0410723954453054 0.0967628897395289 -0.1513058181289 -0.0905513206309648 -0.137561822653871
-0.0682655215558522 0.233866751027155 -0.0213566212660495 0.0220536155273255 0.0246920589660157 0.123856284912704 -0.120300803950721 -0.301392290564302 -0.109116195952419 -0.0563673522334764
-0.242031396776128 0.0913303611914246 -0.00468685259202665 0.00105339057980557 -0.199277160537906 -0.0773624489560373 -0.0381667061306784 -0.284677584630238 -0.0798206817771174 -0.0243800192683054
-0.0601722331536766 0.229673725014143 0.0293353992746285 -0.0355689018232229 -0.0916771071784711 0.130729995357567 -0.11199880355302 -0.268205382885471 -0.126166179471793 -0.0594806098538952
-0.052514872579364 0.236938103017583 0.0263008906076467 -0.050888266100465 -0.109783469518355 0.131874141093654 -0.100926652733183 -0.288738022009497 -0.175426433726309 -0.0409152275535897
-0.170560498571387 0.14616496042276 -0.0873433828272068 -0.0244551240725069 -0.160407037397084 -0.0571958506202889 0.01069479632391 -0.180169364269312 -0.0257973316727905 -0.069830360054866
-0.154842377861364 0.100732234566862 0.100477245359244 0.0957053907137958 -0.133269806400719 0.084090458766191 0.150948214710822 -0.187319743404783 0.002864199520298 0.141127938866005
-0.255689358532226 0.179851677069867 -0.0542564045172276 0.0435636575846602 -0.164666286141363 0.0236389931267585 0.00964794884180177 -0.195897856814722 -0.0576462433376436 -0.132721768901418
-0.0725288665301937 0.198822681045582 0.409394045962756 0.0846366460854398 0.189597711595804 -0.137235716773641 0.0658315804874226 0.135185937549447 -0.0787212073862861 0.125343267538364
-0.0549533085434893 0.0339619707534999 0.431814007874915 0.162184500235669 0.123572954168794 -0.018086656761699 -0.0590672398982143 0.0773480154676117 -0.0254421731831636 0.315633066916748
-0.111262724229627 -0.106571912277094 0.0255408287843129 0.0907377863542715 -0.0347083908772146 0.0779980712732164 0.132902923597434 -0.0755384540537767 0.0263371609830803 0.00348034124307178
-0.0852950266851667 -0.100227499541647 0.0488399332818973 0.0167836841448178 -0.019790660757255 0.155476245222071 0.116046304898282 -0.042858390243133 0.0832846962721707 0.0490424048475323
-0.103542060988235 -0.00787601034061591 -0.0832833921012551 0.187569648266445 -0.0216731325591827 0.0432420301854664 0.164610261685452 -0.208539916274317 -0.0103271977799851 0.0961039934951666
-0.00742089055608641 0.141290639044996 0.0881180932053183 -0.239708626377691 0.0656043469775668 -0.0655528833206889 0.0273054117133337 -0.0154869219660083 0.089126081761837 0.0927072780457008
-0.072890853084479 0.269515325067091 0.362160811616499 0.128234020491748 0.228367658363882 -0.00773117272836023 -0.0369537527289187 0.0970507530147123 -0.101325324998742 0.228727566655029
-0.180692416526421 0.0772565982431773 0.0380159773637641 0.277550462593656 -0.0978750273975585 0.105708485673586 0.159489663971403 -0.237028179431774 -0.0129205087856321 0.0871088496290939
-0.0915995063575081 0.116047515565964 0.468021694400068 0.18938822146466 0.125129324652634 -0.0237524038190681 0.0137976104494192 0.10200485388099 -0.0417073535284629 0.299337962669312
