-0.000998471725040216 -0.361237560477003 -0.499292290274239 -0.0968084732405663 -0.0623360608109229 0.208303193038916 0.0844935801881109 0.520967811834459 0.139556842513369 0.346027265056585
-0.0939489886514306 -0.200951739879403 0.0802686215822157 -0.0677006623767044 0.109606623847624 0.136997984827606 -0.252645049917914 0.514785664250384 0.245058188355499 0.288612710340114
0.157361176633251 -0.158008343590179 -0.371032679012913 0.0101291405914405 0.0449785102269042 0.110200617575599 0.0449137514618397 0.49719803697595 0.207347789926063 0.420862749025022
0.0499420798971426 -0.317773176959114 -0.484979684392509 -0.162560324423739 -0.099855508913661 0.249124828301424 0.104474598035602 0.547778380146108 0.0792290727347179 0.434499038269509
0.0158531687691984 -0.225773947707345 0.0201522246383343 -0.232046535973995 0.141603047076483 0.123715568134453 -0.270438468387661 0.567491794592961 0.209844324031499 0.305540470077072
-0.151550774310896 -0.0637159822463535 0.0840008605190265 -0.507003144570155 -0.105751726429134 0.130002976394364 -0.397872879218404 0.454586460576585 -0.444048621748947 0.0848407727485608
0.00489522724624636 -0.238647987195867 0.0359776663114717 -0.216773256004341 0.140616031511783 0.0867420008630863 -0.261061425588353 0.561017697105622 0.206286658800714 0.291550777764828
-0.0989971075150911 -0.0983415128559599 0.0806635935939339 -0.0650075745568593 0.170736159792397 0.0866131282768429 -0.279313173557295 0.469929038346045 0.228584570734369 0.317932441683624
0.208090526855272 -0.119190168401405 -0.356717028900049 0.00969217962779233 0.0485607618274863 0.13956314159929 0.0415204903989393 0.531521277081677 0.218273793743039 0.382487200278419
-0.0165918611838108 -0.237990624722546 -0.305551127279519 -0.0430944883995007 0.0479494943873237 0.0817913196441209 -0.0522426759213927 0.458232744243729 0.405136976542131 0.32758728521482
-0.133245472308748 -0.182521527431181 -0.26736795945385 -0.180333187567729 -0.0151897570699992 0.0392178433527357 -0.0757868981731323 0.392573417045459 0.405782121600259 0.267378505561896
0.0801568144510457 -0.377373094635378 -0.499216425440642 -0.150195476386828 -0.117283996286108 0.219454740268929 0.0118104213397773 0.543970212439632 0.0919697049058422 0.358311838308031
0.0286237842663174 -0.209074998648309 0.0146140661908549 -0.335843807815433 -0.203992788418042 0.26211824036437 -0.0556329583632982 0.387350358683436 0.0810445074679425 0.0602941357064906
-0.207705563547598 -0.201783989205227 -0.0223059840122521 -0.379366401194319 -0.1752196127017 0.415153642394043 -0.165979872663766 0.0810464495550107 -0.255701658542219 0.170880950691326
-0.17863340111349 -0.075381732089035 -0.172216672773828 -0.10949464300107 0.0863912902035432 0.17481433275666 -0.381906977149894 0.417556893866306 -0.153631060479493 0.107089533957919
0.230314514067347 -0.243472663355888 -0.178681457015756 -0.0608780534833815 0.00603167745707655 0.268504310227137 -0.0865175848979473 0.742069627583851 0.095159653084367 0.135539186349437
-0.0109559652272921 -0.153068406805665 0.0141472228974839 -0.117460777928613 0.0645060221985048 0.241078240865297 -0.251594265569396 0.588919428044749 0.101989398316794 0.123671003303571
-0.154789061036029 -0.0902863518305684 0.0561863760734823 -0.451220073337671 -0.224630545514323 0.0559718940016597 -0.389083095074105 0.478760430373661 -0.361988942996061 0.0386984805075912
0.0597558537066387 -0.369007879359701 -0.21646965990005 -0.0212411553883642 0.0720497979617933 0.157051107916104 -0.045768457108971 0.410854866231501 0.30950948253096 0.305855460713971
-0.130070779373013 -0.0515219226927973 -0.118542110412773 -0.462285801341275 0.0266605816864401 0.247299436200413 -0.306959915534148 0.0564241378713882 -0.386808739974326 0.0351131028619369
0.033202111386661 0.113935950441412 -0.0533735037428951 -0.324753174791247 0.132888897516185 0.167890832249029 -0.186974239144843 0.109138153817608 -0.408608736048442 0.134604593833115
-0.196867306097164 -0.205832271336048 -0.0310928121225653 -0.38404133124245 -0.165587444712954 0.423725362880874 -0.171170363178491 0.0634269515127542 -0.241314659819466 0.150091817195519
-0.0869153836715199 -0.0677905309978629 -0.106478762949405 -0.431759525913358 0.0212036417411253 0.235698513779496 -0.361491550500836 0.150165572086433 -0.471223744426132 0.0362083807549258
-0.0183259900416251 -0.112898966600437 -0.418879130818594 -0.00476625864107795 -0.103346872063572 0.0957901641283929 0.15957317663033 0.50730185739888 0.280107849541615 0.281650658719036
0.033145691855963 -0.0603570378189354 -0.0266352166566841 -0.388554553400925 0.113880059515122 0.193731729210452 -0.156699324689511 0.18938216344546 -0.518629911376515 0.101363263732902
-0.127067899287984 -0.152796599538257 -0.0670022901073456 -0.578847677549886 -0.0889480291309046 0.304012468602713 -0.345615627228029 0.177729622133346 -0.378551195399586 -0.117240319737463
0.118775983676445 -0.142389568364938 -0.272468006103 -0.0734998585500189 0.0880402112444754 0.379609497598286 -0.0864500643991707 0.712666624367672 0.0976362552340053 0.243235326423316
0.0979310144021737 0.0348599281244545 -0.0285588988933722 -0.394506743897013 0.13144153911473 0.298524568165266 -0.0848381378149319 0.025763372293405 -0.378337499643036 0.114513463479918
0.126542636368857 -0.0929201523168621 0.0258411158467164 -0.39896197385205 0.122003398913836 0.173805336862937 -0.250464221254068 0.273643904827232 -0.460826103661528 0.11971034863644
-0.200975675036218 -0.281628836154218 0.0210404775883177 -0.544459363546541 -0.0685133693249253 0.325037403605699 -0.193039043964171 0.116190632459364 -0.294678302739584 0.020539198243911
0.200334460454302 -0.164072601995274 -0.390020998442428 -0.0920157472111003 -0.0650362619095364 0.046763524875256 0.0233019519785541 0.44673330938879 0.214634703087675 0.387609897340348
0.197696049747874 -0.182799268782809 -0.350718678918059 -0.0432045108604097 -0.0279184110188133 0.0708747937149134 -0.00529756917285515 0.482120202412103 0.299190572522681 0.392454885756683
0.148281392086277 -0.0959877488469484 -0.0205620676807004 -0.35563758990597 0.12344012811031 0.211462969283605 -0.230443230009118 0.209049761070887 -0.408406709467016 0.110797498720453
0.201278625247943 -0.087490545986815 -0.366874448255124 -0.0838771203475278 0.0662228124314453 0.0884108983687784 0.0581747945547465 0.520607525853081 0.212308490345593 0.352993198910881
0.246319906854848 -0.157030332745089 -0.407027676123294 -0.0589192325924484 0.0137660781498709 0.0668131743230088 -0.0870555194698558 0.452583136117243 0.197577424942839 0.402156544398612
0.0852629379784847 -0.324092896418735 -0.476636806048203 -0.126366180505378 -0.163741132089207 0.341172926128192 0.116096194635049 0.521175452707286 0.120389007054049 0.370663307320272
-0.174292011633495 -0.232706912951505 0.151245356626748 -0.628501592839002 -0.140274893842962 0.236787000636325 -0.233378581724974 0.186446094354478 -0.237599484178176 0.177085439880039
-0.026883204277605 -0.188814151395918 -0.312519969114599 -0.17574413950379 -0.192111590891154 0.221437408304818 -0.0771314199005046 0.497634887692 0.37331708504581 0.29292010583964
-0.153131786484857 -0.163651302543331 -0.0798758445258899 -0.562405005888537 -0.128905495042838 0.31753227186851 -0.336511809563111 0.204326512724968 -0.339997999688885 -0.113451566598152
0.0802682822150231 -0.067221890300281 -0.00891348299917416 -0.403244312630307 0.0722887282255331 0.202736098103237 -0.202073711420603 0.208859619012995 -0.44470528758117 0.0646053563897479
0.163954614461087 -0.20378914999983 -0.362703320258926 0.0224744769999717 -0.0429860355230831 0.0229725857781623 -4.85195395760196e-05 0.464503450094698 0.273836735508344 0.359800525869803
0.0962370890824922 -0.0614959662558842 -0.0315024372295437 -0.407647596788153 0.0436217394105557 0.172508145360879 -0.0412154975034599 0.164198525455121 -0.374379372902075 0.0932722940188479
-0.180730220020912 -0.253926123801483 0.0434824702922331 -0.547749400788656 -0.0609619898022886 0.282369451986366 -0.198312828459293 0.177720164602746 -0.303279923285242 -0.00388855418324588
0.0987747772527418 0.0803151016211904 -0.190033755657352 -0.222837046462833 -0.18101433203259 0.326223963080487 -0.240391886620135 0.533950790716086 0.127096003682128 0.194156185649447
0.179359163304961 -0.130414321140921 -0.400055412186012 -0.0581854695656321 -0.0875292211949461 0.024218173677485 0.0247670457610643 0.486359303592612 0.172217904691033 0.408233700311573
-0.0335645233086292 -0.074395988395715 0.0854162088604372 -0.345316616474825 -0.239303046784749 0.180885456532065 0.0694238209900945 0.33198974651369 0.0387866273421007 0.0460177391810838
0.109328712306988 -0.0593490403519963 -0.0240446414900389 -0.38279744741063 0.122609287857058 0.224972693542214 -0.148383671626613 0.251512871917567 -0.423466783005396 0.131204755375788
-0.109822621554877 -0.252534369859159 -0.0990067022458421 -0.653146031828621 -0.113701294720577 0.303110484306507 -0.265876356433153 0.105070759759618 -0.319598245994651 0.0427837145671273
-0.0991115126878369 -0.182960689590724 -0.0770076727874147 -0.682489975670773 -0.140517793992964 0.285376851121117 -0.275965587998384 0.156825787100905 -0.351908512049165 0.0726660197890436
0.202141906935797 -0.163996555985197 -0.385825995951912 -0.0713709518784764 -0.100410146648794 0.0599676976508056 0.0373122010592373 0.482861450687694 0.167811512453392 0.403867411955384
-0.164930064804496 -0.218070133316554 0.0586190610094386 -0.621402480437577 -0.0279307004209796 0.250216631968102 -0.246306038976323 0.139521458530139 -0.27974052997882 0.161679905030452
0.0737725389007114 -0.199474385809256 -0.0490264710940743 -0.212891737632021 0.0384332641211431 0.136653843652713 -0.263454065241571 0.481399979002051 0.155538676921227 0.323717083008506
-0.0990680694055259 -0.131877252733937 0.0269659335504776 -0.604175636914233 -0.0564749694332925 0.292568374339636 -0.238141222556455 0.199658469271025 -0.297022598074285 0.135618424440067
0.109720129906747 -0.0239924523370133 0.00768748612114403 -0.449540059942428 0.00930122277952303 0.170296318189773 -0.135518558280711 0.0289016058092923 -0.519973418087625 0.169836226588834
-0.0492218754486302 -0.0797313059786235 0.101969252711642 -0.362468046115003 -0.252181845220191 0.144060296753276 0.0684039300315848 0.3438008178813 0.0359515366238314 0.0383474888858482
0.124666208909653 -0.0398869311252926 0.0155640888506338 -0.32852787855561 0.112351438215821 0.231955925734451 -0.204374217081369 0.19509796761654 -0.400012451014804 0.10615401663934
-0.340409123982007 -0.0878197370045781 0.0133129498510656 -0.372953824981019 -0.0883848117976235 0.382362441181695 -0.232803044092091 0.110629661923982 -0.291042561716072 0.0690641567264258
0.155169844134906 -0.0538155026785377 0.00835138346512384 -0.331834584199603 0.142815960465795 0.219679028763887 -0.198303105890398 0.209246271230284 -0.384753917090337 0.073537812130063
0.0690393441241336 0.0636535408869354 0.00172921690004602 -0.377072075254372 0.113543257554615 0.294995169757108 -0.117333777993106 0.0507192550502284 -0.374836220202681 0.170377999824347
-0.0597406619669951 -0.241091260475094 -0.384440900110935 -0.175790865948499 -0.133038204207531 0.236406108301929 0.0866649556850689 0.581288261073764 0.188059839907475 0.327937822033801
-0.188238910706352 -0.268796352055834 0.0475186903172032 -0.495639738495262 -0.15825739164386 0.435482643672031 -0.162006691537834 0.165903104748384 -0.354101535630567 0.167599046390323
0.121696635448875 -0.0464158916272993 -0.0354552057893208 -0.371536255686038 0.10878303967183 0.223410025288169 -0.232574054404676 0.199148362588624 -0.446930973309629 0.0822835518400527
0.151076253177427 -0.0502759696362803 0.0298850643704924 -0.358390309140745 0.122897889774825 0.178389654847783 -0.199393896867859 0.223897570690792 -0.414502293483219 0.0899233419664325
-0.179936186306941 -0.28586059856207 0.0305083036750047 -0.491710135004549 -0.154854374411977 0.434215512370795 -0.202425724269397 0.194132669235072 -0.370412913230411 0.168747457895344
-0.0934632094001928 -0.186770836800298 -0.0529350546415339 -0.614035917863397 -0.146191832465934 0.374224171958231 -0.235757455534061 0.217585770769039 -0.342617383218464 -0.0449458268607551
-0.282583132565585 0.01116337860645 -0.0555859930286967 -0.404164019171992 -0.0692957854651481 0.143360487482802 -0.322117145321895 0.340175778756099 -0.529802834431796 0.0817260115225089
0.0951656573943031 -0.31666669262281 -0.422563728980478 -0.117911512626172 -0.150212787843937 0.31866512052491 0.0710354690556376 0.526501539430772 0.0495044897253144 0.376339245642947
0.0927958940524733 -0.0617405886974844 0.00276075200677031 -0.315268816583801 0.152974057262416 0.217180370834383 -0.179051491208161 0.178148939223761 -0.41457021990504 0.103014913214347
-0.14296758669323 -0.177083406435618 0.00727936527821729 -0.536332036607366 -0.093677749681938 0.319427134875824 -0.24669339653427 0.128717421475775 -0.356430079825363 -0.0773084854487557
-0.0884095782985993 -0.240922216570451 -0.0756406607728153 -0.680846208757303 -0.130141269006018 0.308751674732673 -0.256757875043026 0.0866623769536184 -0.350865577605751 0.0663114104743401
0.0608867025146145 -0.206096910607231 -0.0527700382714068 -0.195210276846386 0.0679670059529693 0.106490031194038 -0.253034561026849 0.458643158411372 0.141737015172836 0.318289956872399
0.0552706345985279 -0.301785275201008 -0.464342736422276 -0.111061530363143 -0.0920049641568806 0.273836792428824 0.0965918144004467 0.555703981406404 0.0847792581938672 0.361767491784507
0.2889836293461 -0.115615832807427 -0.370205289180821 -0.0874178454018625 -0.016210991634211 0.161929987999587 -0.0624190515885599 0.542835591941076 0.247087525518256 0.424127895448418
-0.0108754432025129 -0.103406272429995 -0.360102689613593 0.0202049476357915 -0.0858926082668946 0.178921917739083 0.137219808551303 0.478106734757655 0.265885996981884 0.293619632866977
-0.107287905115412 0.107105810194665 0.152584035891531 -0.551888475402355 -0.0517165329256808 0.0873573954366775 -0.325455321458475 0.426577183203435 -0.28038238882832 0.132271433188705
0.131746678716911 -0.168077058662308 -0.354973480699351 -0.0625315487742825 -0.0860844234664911 0.108835670063671 -0.0131234408154485 0.525544978014964 0.193555712651238 0.375648629708186
-0.19013673113031 -0.0568628862387468 -0.0248025555855979 -0.43586602317953 -0.175355798627321 0.133910261412893 -0.455828687552985 0.401768112251013 -0.421712689095424 0.0664680366561415
0.0356193795909975 -0.11578805093489 0.0583691126696995 -0.365999723943822 -0.298508208189837 0.197529513935421 -0.0346682637957917 0.34927781097782 -0.0205214201630986 -0.000744023090433983
0.0493396186664978 -0.330886986000352 -0.518005478489708 -0.153248595195826 -0.134171897534196 0.211381485693246 0.0568348383094828 0.516462389637116 0.135158896065231 0.42039833308983
0.0338617823179998 -0.166453432977569 0.0660997756239777 -0.344238082187651 -0.220067407418866 0.214102148745539 -0.0137203080201771 0.331444352274746 -0.0212525358922321 0.0624014631257317
-0.0374981056909695 -0.164506503308634 -0.0513905839575062 -0.478624177226654 -0.265885792861845 0.237901955826453 -0.328810926488919 0.302191711409591 -0.50623399384496 0.0154827008319839
-0.103131512531852 -0.128995961905696 -0.0232245785986954 -0.472570062330414 -0.14179474981474 0.38372280836207 -0.401899516620948 0.270479137944684 -0.49724946408892 0.000323264203184025
-0.173721546782818 -0.137531617958052 -0.060791485435581 -0.395058452583914 -0.227171885284097 0.324727673573659 -0.407951842139476 0.259876405381423 -0.483410700961606 -0.0285409082312768
-0.0971647045457657 -0.0924510019049275 -0.0283032870307303 -0.451221841867271 -0.194563013128498 0.290412719949369 -0.373387902493698 0.271208894722791 -0.425973615266128 0.0402546008050518
0.157110033400438 -0.204707988103766 -0.324329691034111 -0.0682735749580608 -0.135947832133205 0.150170681706498 0.0024815796660775 0.560244109141351 0.335930013698226 0.300423217293401
-0.0895150176353018 -0.0498052943577548 -0.120128099362555 -0.505554962664407 -0.175732816334181 0.294366641110202 -0.351689675147949 0.293355891952963 -0.534825757051396 0.0513703290490506
-0.0892243784310087 -0.216235048626002 -0.444532742406193 -0.147441607684029 -0.0693691719174025 0.168369563242583 0.0585200557421501 0.480859591184158 0.30356777720679 0.274314499879287
-0.0879253646043721 -0.051011708904745 -0.0901455735577711 -0.50443156966566 -0.173153631308041 0.314418416749375 -0.351472012166735 0.307157071682772 -0.531357852080181 0.0724388828075272
-0.0727264279673076 -0.153459404327765 -0.163074296128015 -0.481875157850529 -0.0670074125704038 0.336050865702764 -0.175432541133492 0.141906650858387 -0.404201372440673 -0.0170210605849977
-0.12235252991276 -0.160767859499772 -0.0178044724104278 -0.455733873060961 -0.175126414351884 0.297146561517558 -0.405416397033571 0.192289548765612 -0.495804333394201 0.0212350593007124
-0.116723532934976 -0.0776288888600172 -0.0586177926124877 -0.322450275773176 -0.036970988647008 0.309198316086851 -0.440239764584795 0.0648953941354728 -0.33302628161251 -0.0227007355439663
0.0582959316998812 -0.116220003316864 -0.173181568621869 -0.314263608170253 0.110276828389036 0.383786701644375 -0.2139049052283 0.687958445118695 -0.058394408259421 0.121091863479952
-0.0940749798303759 -0.0580428733896419 -0.0849470611660315 -0.437396590194213 -0.230633515199107 0.406032723153639 -0.302301619081878 0.31951711815485 -0.556092701586409 0.00840043422656498
-0.100351761672012 -0.124602049909837 -0.0516088916441485 -0.435057727502402 -0.138246120662808 0.283562456879743 -0.365549671782598 0.235720060009229 -0.543784887608271 0.0137731897228729
-0.0266132234574602 -0.136261316137919 -0.0158097044838081 -0.480380164869079 -0.247327619472328 0.189844206030052 -0.341273219803723 0.309852897614412 -0.516350528858622 0.0515283295533441
-0.233359334174302 -0.110243607753728 -0.0523236827085983 -0.363953749052993 -0.0656333449234012 0.294958591703337 -0.341480398098917 0.279769881040027 -0.43083710959732 -0.0658189405570307
-0.0992580261244323 -0.305724837446654 -0.440846082399565 -0.123921324295147 -0.14745175467216 0.0921276074873004 0.0489081254730056 0.503283150701347 0.319870825904169 0.266954687244472
0.0262691015408245 -0.0655566518226572 -0.0853652014353468 -0.359729068594695 -0.0501217171815796 0.181858752344748 -0.420067752774414 0.125409961909828 -0.348377230714948 -0.0945450328844492
-0.106556923631319 -0.0977189202288378 -0.0898453727227247 -0.513239609492922 -0.177266870453247 0.343581015035372 -0.382600997885244 0.227620689105411 -0.445678654182342 0.0795327608689746
-0.0782666080275863 -0.0377026986683702 -0.211719114777757 -0.208096246578122 0.128119763792949 0.319249062260507 -0.184701858758195 0.667032308872948 0.246573912238844 0.150877315749356
-0.0418590774759425 -0.145836040148747 -0.0830495219709435 -0.523220602719088 -0.184168125577458 0.370028624580635 -0.332600414736904 0.286499186290751 -0.580383666062277 0.0341022882122093
-0.0943149271322271 -0.122203071714644 -0.1262898899608 -0.460546191523782 -0.13511867835666 0.25564743899054 -0.358805076232077 0.422765916114825 -0.462618513169912 0.109448073545874
0.0318775089189708 -0.200907805584833 -0.0959087156287982 -0.171323227413226 -0.184362058082698 0.256281903270255 -0.0812426370072953 0.6208414570893 0.116454875836032 0.261551386216534
-0.0432490106155351 -0.112034987342965 -0.0974841634258598 -0.580187579470464 -0.189052958769017 0.378021278450365 -0.332311068627183 0.292873795639773 -0.55965340540605 0.0246787726995287
-0.163517233238015 -0.206060628900022 0.0289466226461761 -0.578288967692585 -0.02593491530732 0.274088411198673 -0.260875526818456 0.158125749766998 -0.300299355693636 0.173917569211912
0.0362891927503574 -0.102669285591012 -0.36205747235089 -0.116847941398899 0.0686683324811282 0.0776543179431897 0.0680925759176346 0.494961142294122 0.357562890032677 0.139721555656073
0.147878112062335 -0.161533672379087 -0.255966641846792 -0.0885593811490321 0.0983632283723966 0.359755630554832 -0.0686631241960056 0.752763627156031 0.117268955383535 0.257261804304129
-0.101955811559988 -0.172919900344739 -0.0557737834388919 -0.582907855154091 -0.110239744047138 0.303110247744553 -0.285675235421329 0.156952280232761 -0.322634947535009 -0.129947372061389
-0.0255780508086733 -0.16943209837573 0.0204507210450307 -0.316505696623835 -0.326149873484583 0.289657556107695 -0.0329388995453617 0.34076880390085 0.058210645910528 -0.0261408573301982
0.0461728160469192 -0.00595789083533594 0.029675517509097 -0.394083767145743 0.032783157253682 0.166523460520479 -0.0523514709146949 0.199860998650212 -0.408350614247978 0.0802168872216626
-0.0693970195798987 -0.286998158957837 -0.0280539812073728 -0.649063202217559 -0.154317957233328 0.361559896029602 -0.217732758631684 0.198861788689793 -0.365089294871411 -0.0787683864214142
-0.0648458914676245 -0.26616559170191 -0.0459179111222338 -0.607885999298682 -0.182511434350855 0.385094088935168 -0.254767560262808 0.197495713299174 -0.371365129538712 -0.0397158998073304
0.148934455497723 -0.144291022986651 -0.266268469334771 -0.105843388716364 0.0169855487804331 0.355084361191176 -0.140717334451991 0.717446663663954 0.113316374579088 0.214526920189322
-0.14428612874913 -0.197915424495466 0.00991667191733783 -0.592445571813463 -0.0482474646846138 0.273224155913106 -0.257903860240983 0.0874716750068825 -0.2779760901432 0.189854879952016
-0.239138519349889 -0.00726855197406489 -0.117377707887344 -0.458586471483185 -0.0355342978283004 0.148808917094372 -0.306047929443161 0.390670387607183 -0.473593656640691 0.124753177313875
0.145712232531045 -0.163983259384289 -0.234643003034022 -0.0875074728546649 -0.020406323405585 0.331812410708363 -0.134164314388019 0.708394496341422 0.100878441598941 0.245857363488932
0.239045496244289 -0.186570951729207 -0.342782205657104 -0.0186031385773494 -0.0318432490821721 0.0453844664323561 0.038222263654135 0.463245607767389 0.308289674403929 0.36959408269037
0.100208058538994 -0.207742552076673 -0.0136456454828985 -0.167233871426658 0.0489974117546047 0.141373247094969 -0.277899505620208 0.462743528282543 0.203528139838779 0.304907056835595
0.0320604386596361 -0.0637378774002023 -0.0144290077646485 -0.395481255896998 0.115372330307493 0.189173094720545 -0.176766054776724 0.196149106978196 -0.501663265959085 0.101542021375661
0.196535120350406 -0.111839400249614 -0.391357966298175 -0.0820546738151235 0.102944769812527 0.0762505498774056 0.0637983573226292 0.503812774123362 0.201809765242067 0.37778597710343
0.047524660650438 -0.144414369752356 0.111348159272487 -0.331445029932195 -0.281946435162638 0.209183734262804 -0.0698836573243704 0.350711014007594 -0.00693130777291659 0.0407500696132144
0.0233587043508863 -0.352972388094918 -0.184916363422138 0.0386689532425133 0.0561634369918222 0.155095537290582 -0.0428864369403196 0.415526081262402 0.28851487143121 0.305783605028061
0.0920232248647829 0.0422338819182345 -0.122649208598862 -0.330047781128975 0.0493058852691572 0.118449548795821 -0.117984283261197 0.130765926152063 -0.439833951829785 0.080502289420305
0.157801808640612 -0.1640990338002 -0.336629553498993 -0.0584085039132023 -0.0820660459679575 0.11512848211946 -0.011175447091753 0.537639848548529 0.203644787324023 0.389398782923959
-0.142007952596279 0.0689060019780892 0.161659917725554 -0.58084944442852 -0.0494401337332219 0.0840666121935894 -0.314145084800292 0.348416985484466 -0.290203234192201 0.163730817679445
-0.247400959307037 -0.214714639850424 -0.0838468761576751 -0.409861193563417 -0.210485182658933 0.398278654762259 -0.199437562182589 0.084802009366292 -0.256477049402279 0.154491885801237
-0.187274053946571 -0.239991257236392 -0.131052630372464 -0.452062125513776 -0.20509769630581 0.454206719579914 -0.15888981133247 0.110231921978574 -0.289410306313623 0.112500412288818
0.222273938092946 -0.266580048675195 -0.1689721975918 -0.0743083748167899 -0.0195705579773816 0.261927808612108 -0.109001060506919 0.78181462149782 0.0898678578109933 0.143045185767302
-0.230897882605721 -0.0527869481281059 0.0621269436239689 -0.473851023598986 -0.128710695632392 0.151370616355087 -0.432907936489303 0.411932281237039 -0.415895971469454 0.111549983174292
-0.207263230117433 -0.265316391584641 -0.0811335775666759 -0.471666664770865 -0.216260587987992 0.39543290419236 -0.163729887360591 0.105110936086262 -0.278447046201129 0.199376601801399
0.0454610470757685 -0.364015877973363 -0.465887696733654 -0.151069713347197 -0.148406233505909 0.244180112105731 0.0184205486926494 0.430193357249733 0.168208028395967 0.333191936100312
-0.0165859804873955 -0.229459959508373 -0.384704139558854 -0.0771499625643758 -0.119367351100375 0.144412542755855 -0.00605442342786486 0.453588017902626 0.415337566936557 0.267514664346998
0.0471381956145255 -0.352523188150324 -0.236245627596253 0.0230431751882131 0.04699644845419 0.171498191754036 0.0104396366086631 0.411120528135953 0.298356623273098 0.298666346976025
-0.174870395605019 -0.214345039497347 -0.131169132188331 -0.486147786805881 -0.183324239547273 0.432779859990817 -0.206097366548318 0.103080965134451 -0.269832314470194 0.178924477932908
-0.257388110061286 -0.2962473393505 -0.134536378745638 -0.49282081516741 -0.161469524733337 0.422933320777969 -0.163427419393432 0.133745367140507 -0.24127140586092 0.225757995938233
-0.0131453250014124 -0.181763648425784 -0.0379361217365705 -0.111570300469743 0.0353700374754132 0.248502673740519 -0.179068584087053 0.562267762931149 0.096764664390711 0.126341911870763
-0.106442161263777 -0.172133115675079 0.0957656835068317 -0.0928701573703993 0.126247868393588 0.139169083334537 -0.217442023806699 0.492348722488354 0.244614683865563 0.282461024744314
-0.0608553062941381 -0.0533557603272717 0.0187715247982424 -0.489232576588912 -0.0341826549082168 0.218983185022382 -0.372473299295392 0.413466474708808 -0.454586220116559 0.154435042362775
-0.0939372817383659 0.0840643635939281 0.155215516319496 -0.581354229722182 -0.071942917511007 0.0795167420593954 -0.321119618992187 0.39087443196309 -0.309270807013942 0.115184903824037
-0.20101662661189 -0.18735655272417 0.0429465600759913 -0.581696659488019 -0.0888191516443907 0.383296992583045 -0.102586014850283 0.0731653789069007 -0.28971436520791 0.0848056110136796
-0.276446260742707 -0.304732714902365 -0.137201627795988 -0.484401749359706 -0.177661395381364 0.42795274225887 -0.156746749059053 0.103091489875376 -0.236219163016188 0.232138730871825
-0.0396768615506313 -0.221222310181462 -0.330203983612395 -0.0184095784182553 -0.101050862302912 0.170259418236826 -0.00968131759529346 0.475089444253622 0.424356321961928 0.260581208453122
0.260348583594304 -0.097624776833031 -0.344108174684599 -0.071912571092192 0.0121924428692392 0.161426199704705 -0.101715809957388 0.514151694620793 0.28163972804768 0.44097737553393
0.0653597001418754 -0.340773175128454 -0.482753094205788 -0.15838191535341 -0.0702187991117182 0.216482684878324 0.0290611222090549 0.500140363697367 0.121047728949978 0.390773768311599
0.327234608043639 -0.148720747271449 -0.372084362137077 -0.0593719863324213 0.0117116619686856 0.136975348727276 -0.0397762499750084 0.507506381198838 0.309642773855953 0.383915811573977
-0.191571460521229 -0.30304211030417 0.0432994474266559 -0.485716871857558 -0.160679134103332 0.412846484147029 -0.207932819791064 0.197312030051651 -0.322222110214907 0.158513155565449
-0.124094316763713 -0.209539536409384 0.0170899130675495 -0.600334823850928 -0.118154429735962 0.312570038406918 -0.284631524157208 0.213149291303631 -0.317901439123768 0.0373510157191483
-0.223220317743483 0.000632188359071476 -0.0847284346003577 -0.475579958247994 -0.0695309786117598 0.138978928969744 -0.290391399911042 0.349590929346154 -0.42655671789764 0.109085181791352
0.0794158919334277 0.0041957994625729 0.00492911008097559 -0.396533366455523 0.116382135429231 0.277148855500042 -0.0940633887530946 0.0161930235940556 -0.376672164108724 0.109248407664559
0.24383451331288 -0.0672685759064779 -0.302390701635468 -0.0788297872717606 0.0359151791740156 0.0644070562719674 0.0550276349349905 0.505304202971693 0.236968655693367 0.381641186467394
-0.166545950253938 -0.177276026496136 0.0298719448334221 -0.593537055126446 -0.0650100022504273 0.288506960924667 -0.241177823136012 0.092349277806784 -0.305771216310091 0.190037534376279
0.263454966178629 -0.126412651848749 -0.334267297824566 -0.0667625566477146 0.0686498992103231 0.0664536505653819 -0.0032399759495002 0.50054625150378 0.248048992567469 0.295141509097741
0.0753349514261821 -0.0683967536883461 0.0650543420402765 -0.409546669373649 0.0753682874498845 0.205843650544001 -0.10493027991324 0.192509236873301 -0.407656224680035 0.078879745310001
0.104373336713698 -0.0550712444389169 5.27224824569232e-05 -0.354159439601234 0.108932396575319 0.200687096739022 -0.204590722630134 0.215706871429438 -0.428972897058919 0.0809989681449401
0.0464579785453006 0.0402338886623515 -0.217698934850671 -0.261802054416066 -0.17726111810605 0.38794913969226 -0.24267782768552 0.507580533252066 0.115404468066524 0.174570350986677
0.185758836794808 -0.169639781651836 -0.36330772401209 0.0174683863724981 -0.0273602836122818 0.083339960203402 -0.00819729747547981 0.457507175180556 0.306087444543083 0.382585121578651
-0.0859879852254015 -0.202131789537847 -0.0306607778330886 -0.640638872161536 -0.162962680298721 0.356014387580215 -0.274217093682795 0.233024529141003 -0.383881630365671 0.0082927820354594
0.103238660440301 -0.182003487991115 0.00129878762181001 -0.189069860717588 0.0642254316370487 0.128553033019077 -0.262914230727221 0.457329613637878 0.180254938411528 0.317950492712286
0.0771309569485824 -0.332545698475412 -0.393182373691526 -0.110477730599571 -0.116031325821474 0.325313490037421 0.0655150882396041 0.533595406751061 0.0344046926676126 0.34799493144899
-0.262010280727233 -0.0106676718365847 -0.122327176875689 -0.472526156330657 -0.0225913154733685 0.155160346479669 -0.31064391725103 0.372573219943511 -0.451805918507086 0.102389951499485
-0.134199012272577 -0.223942850747237 -0.04954523017128 -0.577499469951877 -0.108282446549769 0.357346479767042 -0.271784209320049 0.243244338461451 -0.292215189412374 0.0150331116278281
0.0451457810955504 0.0134017856632296 -0.17200564462113 -0.245290379482364 -0.169277247274246 0.328598432498359 -0.260472233210855 0.450831167812615 0.139290277733995 0.124193777379731
-0.03798262953926 -0.112668646071013 0.13635829938628 -0.0690039840517687 0.0813722555326183 0.156424225038408 -0.260804579842742 0.565822589158095 0.29697802934196 0.333270484959178
0.143197010523567 -0.101540458412276 -0.0180994803183571 -0.3482519416116 0.129485598823128 0.219658791510555 -0.242159148982024 0.198501456533664 -0.395044604109197 0.116720927572337
-0.234255536201485 -0.310435459096915 0.0792132531353836 -0.489380805831099 -0.163491033110473 0.395696587088597 -0.203044781487297 0.162048313284135 -0.319914749580849 0.171551160668125
-0.0159479772179628 -0.224732396821552 -0.335048748966327 -0.151710616373545 -0.150791154048932 0.159849607175468 -0.0297931914932738 0.567313075309024 0.366491886928721 0.249576161172694
0.239015230884635 -0.0686154564241578 -0.332475446215376 -0.0964671495634408 0.0638286057216282 0.0704564220240691 0.0630416821366399 0.499103059789628 0.249987315541089 0.413548506378774
0.100624482482069 -0.111680214511256 -0.433674950794576 -0.0479855107453516 -0.0989741096994013 0.238985364727473 0.0797088616638767 0.499276093249897 0.387685052312318 0.275286929347737
-0.0258875205301022 -0.199397198030255 -0.0819863444495228 -0.229285978110356 -0.165295001872732 0.281120374678905 -0.0891079069487394 0.64867670898849 0.133418817381147 0.181182451742052
-0.000132824873018807 -0.195078836344512 -0.0788119467540406 -0.179078501088762 -0.169811011457881 0.2720681132318 -0.083345192041429 0.622429815937669 0.12213979791719 0.225091750490874
0.185270517613478 -0.170034277539386 -0.302219349583139 -0.0595377908764682 -0.0862640922720369 0.143040971541602 -0.0566204145468683 0.587417870609642 0.290960301890993 0.338249752138968
-0.134315899664448 -0.121027747816635 -0.0832283191768832 -0.388712627675666 -0.216517262345815 0.32944704929329 -0.447197689039115 0.240068935694673 -0.455679231732617 -0.00904684380797355
-0.21756715768266 -0.223933043895348 0.12544137236626 -0.270201060746652 0.0862919876004508 0.148391297614224 -0.328785775218585 0.366453244044307 -0.31874375780506 0.0258551539003526
-0.0781925281679176 -0.0958514987109557 -0.0341354355348585 -0.45332899718843 -0.204925503784441 0.277802459717814 -0.391958972552119 0.234771363416634 -0.445449433667767 0.0160117585288322
0.0442968554136767 -0.0612983838885444 -0.0838325637785015 -0.236626157908816 -0.160572801018183 0.299626575754003 -0.127309145576964 0.595409838708762 0.182768082039825 0.185452210744801
-0.0913237217992656 -0.154130214357074 -0.0786301359404823 -0.443122124249525 -0.221347378337096 0.297940191803144 -0.351685039631006 0.303998905673622 -0.418247212561678 0.038954315074443
-0.232742280710648 -0.262861845258957 0.0942447573970524 -0.305464510093851 -0.0359891816777019 0.139725141340786 -0.30822842590273 0.394301350710848 -0.293107530688137 -0.0665270572339991
-0.229456134893535 -0.252794839113321 0.0894088157482398 -0.228712364951521 -0.0461959867066463 0.124040874053251 -0.360255817583882 0.324930297739062 -0.30900518986811 -0.0151972050477446
-0.0442248893667428 -0.166513740449903 -0.154296527143578 -0.478373373510247 -0.0944196366702462 0.339933749761725 -0.163855225654258 0.171720680901352 -0.411093240769529 -0.00726956219857879
-0.0210262300559456 -0.209312301157598 -0.0883060923120157 -0.214436246880414 -0.173904443095845 0.273222260312428 -0.0882055569983638 0.652910786393742 0.125219723415036 0.166019314560119
-0.177064483320139 -0.137301101255835 -0.0659860050025946 -0.403514849319015 -0.214107741545438 0.336696958126331 -0.416350912520949 0.270970061092577 -0.486915415336873 -0.0261460479070619
-0.0664661253017309 -0.0566711156782599 -0.12680051686971 -0.189704476577924 0.0838861091225061 0.284612591800403 -0.181833633507119 0.684405117257811 0.231684698523044 0.178761284190879
0.0769716473809793 -0.23863891169117 -0.381042682141047 -0.14520551090935 -0.16777491098817 0.0775339935126161 0.0266717535946005 0.419624745532696 0.286667997573264 0.331406908316387
-0.16222217475812 -0.127526163289311 -0.0444374505006674 -0.40815365010408 -0.215954894327306 0.336668583886215 -0.407944765285228 0.263532680779852 -0.474038462051415 -0.0122639389512289
-0.0696834496426846 -0.17492088504999 0.0618511842371911 -0.0968130119217451 0.167377834973148 0.146968713366842 -0.242859005208627 0.466110134448896 0.279721907167201 0.295337988858756
-0.137507644804748 0.0286988540156376 0.00729774718447878 -0.483444805957897 -0.11430129756227 0.089157317755509 -0.408564348993613 0.427130302149012 -0.424400565293156 0.137611420960374
0.00186079774220633 -0.151347113256996 0.0165086235391218 -0.305700259329472 -0.245471944412204 0.22211240443696 -0.111788200767933 0.394261588540268 0.0475181025592056 0.143166394139729
-0.0926466764866939 -0.231390669960166 -0.224190308370078 -0.123396095720132 0.0533118638169527 0.0657104286700297 -0.0394076741669004 0.326051719377024 0.422600419946059 0.243334561666316
-0.014410823401066 -0.185434326639574 -0.394254141699429 -0.0435290034773184 -0.0989744871794049 0.101525840862729 0.0946970315511677 0.523222902897398 0.391514800429716 0.232424322153745
0.0606391587239966 -0.350695308364024 -0.553191909307949 -0.154524337626407 -0.117195073753993 0.14856142861159 0.0392060345924516 0.556790237000333 0.116184816036889 0.3376614536102
0.0406393333105982 -0.0652514537593562 -0.399207258858415 0.0308685621014751 -0.122071524673809 0.11600675455151 0.16952399833597 0.537747742584408 0.231566216144113 0.298872978972768
-0.142386148563676 -0.0949935084903242 -0.207773249046244 -0.13339096869748 0.0272286746943691 0.215062891738449 -0.463839146287562 0.341963647334083 -0.173293196044559 0.102357874991786
-0.0860688414169996 0.0712525364237115 0.171630746052002 -0.566448014726248 -0.082394583019416 0.0837232276464338 -0.412204202369267 0.404479678020148 -0.346994728573909 0.164515064631384
-0.0309683330107051 -0.199997864872049 0.0500436278783081 -0.346447118856406 -0.224347403746317 0.218007586693093 -0.0462877216660903 0.399197920109791 0.0716983944422147 0.15327613319461
-0.0401715520526039 -0.175133811758393 -0.235420830280155 -0.173788290654061 -0.0571577955192669 0.0746766466808397 -0.0829173246114809 0.397976763973331 0.430565148170692 0.36296151655505
0.16428682934168 -0.18198456067627 -0.346277240620062 -0.03038367197919 -0.0339100389937987 0.118424164734394 0.0305041767780159 0.493484063725285 0.209075470142783 0.376028966769138
-0.0739837963238068 -0.212397574114088 -0.0663714767997186 -0.677440303224367 -0.159629131988466 0.375994820018545 -0.388765957740792 0.148084881575952 -0.425746414764035 0.00660521973742978
0.0694033670837438 -0.241318467262978 -0.50550287328775 -0.163484515238295 -0.0845305765876202 0.251468627211052 0.0765904715947482 0.537351345777588 0.0928927802104945 0.434743067991971
0.2257651364922 -0.26828376531543 -0.140793546884495 -0.101274330578297 0.0551052000403266 0.295254227600564 -0.0708216380482068 0.767070441606983 0.102581972079388 0.169962521131566
-0.0994799762430412 -0.13840271073591 0.0415960012104901 -0.0733616184814221 0.166098368272673 0.118253045919444 -0.231381040517269 0.459349762788396 0.212624939252984 0.271948602103309
-0.0301878040823582 -0.298196375654103 -0.444503143689265 -0.238311225680052 -0.127058562248802 0.205442166703099 -0.00834593967600292 0.479477352968738 0.224982650650915 0.396294578976378
-0.124094316763713 -0.209539536409384 0.0170899130675495 -0.600334823850928 -0.118154429735962 0.312570038406918 -0.284631524157208 0.213149291303631 -0.317901439123768 0.0373510157191483
0.0994176574397206 0.055439997951172 -0.00205716645643499 -0.394318449461336 0.11483551810838 0.288404370972867 -0.111931446499978 0.0800372384351304 -0.368708452287173 0.171295052476802
0.105256811557115 -0.0507348587187616 0.000924582569953276 -0.341294360633924 0.140892906389241 0.232015656169622 -0.164442372248159 0.152460047214371 -0.413048461539528 0.113678800783229
0.0817792277787902 -0.123858441068605 -0.433110541360723 -0.0189013375505704 -0.0806983796842017 0.220684242928303 0.0748859297023405 0.493561324098509 0.322050999217883 0.28871944600468
0.0832586511019563 -0.324740257779008 -0.425226733972955 -0.0876261902515057 -0.149613518222815 0.315774012391037 0.0750767446241523 0.569206820447383 0.128540133107965 0.321861360889864
0.356366587611205 -0.106946233934192 -0.370750503980465 -0.038374958480706 0.0256886634955271 0.127785554138184 -0.0140283750979696 0.519150582929313 0.302423371054028 0.385515474903602
-0.0407008013681453 -0.210175230564129 -0.373276940559694 -0.191589904165713 -0.127171853358451 0.230281680235641 0.0631708976297071 0.564515685007467 0.14403421864283 0.309759227409981
-0.27393415373162 -0.285411914196754 0.0661396684645152 -0.310623994491022 -0.03487423845839 0.179880496179661 -0.284325897711545 0.416645397867922 -0.296083654197743 -0.0405717158443296
-0.164296618171533 -0.122391919263123 -0.0456802501867751 -0.404498006135462 -0.212898895274531 0.330498339180221 -0.407135285856975 0.276141017020642 -0.482995128649971 -0.00511070505605638
-0.116723532934976 -0.0776288888600172 -0.0586177926124877 -0.322450275773176 -0.036970988647008 0.309198316086851 -0.440239764584795 0.0648953941354728 -0.33302628161251 -0.0227007355439663
0.172105209194976 -0.170014559074812 -0.317885636467247 -0.0660766551850875 -0.0899007937611639 0.134834271845095 -0.0441954310427692 0.576915178416028 0.299941108901522 0.327569110173774
-0.0570047737238589 -0.1050014345109 -0.031258497685897 -0.473199192102556 -0.210752223035493 0.39629979275535 -0.346168397579461 0.286426041709741 -0.587442623511677 -0.0394526533713263
0.116251855979909 -0.288882778221164 -0.362520366017426 -0.0674647543040259 -0.13572753634793 0.137834209178266 -0.0322749639738681 0.45622960593313 0.170013915344167 0.267772524268563
-0.0911088923234551 -0.209880198129991 -0.0223422547516738 -0.499365206999278 -0.13519462654857 0.374749406887857 -0.347743339485751 0.271364405001102 -0.443428581840593 0.0162018818077825
-0.116897783467948 -0.294663748620818 -0.444326620886731 -0.131404767286252 -0.142151617479292 0.0927800879193507 0.0481575161856042 0.504005400076165 0.30975039675417 0.268459924291695
