0.0126294251975223 0.0208904898076426 -0.143008066413929 0.585142027577198 0.19123348723857 -0.243382838829371 0.26175564052191 -0.147015301077061 0.010644112472849 -0.0872370053904638
-0.122268418664571 0.097340615794363 -0.293409632502709 0.318225111389382 0.296953362150671 -0.155578906415095 0.265034713780563 -0.0759235661217345 0.236271474195144 -0.0483277348060685
-0.0156924793507258 -0.139359858141055 -0.0165442337601406 0.556784088823044 0.268901831525146 -0.183479527387765 0.309784420207461 -0.12123606451479 -0.124217112001174 -0.174385826467945
-0.0852627152142695 0.203629649092217 -0.202945933204477 -0.0819471310380579 -0.1278127171094 0.0113142849358015 0.0790477390791759 0.341153140632476 -0.161552463632765 0.169450328911608
0.0607986926503325 0.0633710233903488 -0.287366368221892 0.469708182080583 0.422852820720475 -0.268980979193628 0.129087098177251 -0.0461610083449366 0.164110411840804 -0.115178591069224
0.0534828332845731 0.034288935229821 -0.167098780598276 0.561242947826942 0.180710705165531 -0.220621358755846 0.295054656827262 -0.0805711610108686 0.00463451653868809 -0.117994546717966
0.060683454524946 -0.129394150371858 -0.246720192118257 0.223575117581762 0.230206823962038 -0.283383327664218 0.328187642721476 -0.0116589672677807 0.00870316502026783 -0.398248704833324
0.129733780171352 -0.00799435365824513 0.0075293556677852 0.572060254837519 0.253534657130598 -0.268750406412775 0.296978564962108 -0.136060832166189 -0.0897073557222114 -0.140929795336434
0.156973834164719 -0.117397365107668 -0.0847290752109701 0.48006200842713 0.157740409416177 -0.063036109764263 0.0997768834807214 -0.0265171651881661 -0.100956987733181 -0.0513390901262284
0.00697504515949607 -0.135950517987866 0.0428810789141672 0.627805528144767 0.26780937586814 -0.211173073061682 0.25256633266196 -0.0356811730950256 -0.0306173018286507 -0.17383967077433
-0.03455141606321 0.0855561438331071 -0.162942514091283 0.410894231079198 0.227691814353994 -0.226136333096937 0.201266793381236 -0.12857681180771 0.245530163549382 -0.189446852347404
0.121253461766514 -0.0142743590232176 -0.00587329388576042 0.521916218045822 0.101856177920648 -0.325659305291465 0.177344837859893 -0.0262632337830668 -0.0877286170678652 -0.123149653026778
0.0594151755492275 -0.126048640088623 -0.302489891604522 0.370156834973618 0.229165143731357 -0.388158933281627 0.216167396721865 -0.0711490490272596 0.155614984360912 -0.205490515326289
-0.00271091714321696 0.137637055232969 -0.191045548108607 0.413675856264558 0.326026852735209 -0.174535259475082 0.283176372931418 -0.0399869759724079 0.223954029434166 -0.177670966402351
-0.116804194717361 0.176395691152056 -0.302357827373513 -0.150034336523111 -0.0284963687511754 -0.00501859206382034 0.184408350118908 0.418887200679493 -0.102864346329888 0.251669329841881
-0.0753809966169554 -0.0568007163528242 0.117809741402678 0.417149773500402 0.247824837699764 -0.192656405123842 0.429507075191059 -0.245948475956441 0.111760780005038 -0.0365051768329335
0.130321787539336 -0.0486037397744743 0.146149513915206 0.436300551177985 0.128074663802733 -0.272274381801842 -0.0590167044548759 -0.0485636836726173 -0.175278843673152 0.0792174202043949
-0.0943108887103895 -0.0675332747058993 -0.201531283437457 0.122873037013958 0.0389082960686865 0.235793436130229 0.17297227679434 0.373560290086772 -0.1230443711714 0.150989908633227
-0.0119353657075227 -0.0754939777206918 -0.243910295979982 0.51831266795011 0.19030368993813 -0.169128959572821 0.293547867437129 -0.17659634067119 0.0290049266031816 -0.116839922076199
0.183460305098387 -0.019635918235324 0.112200467943408 0.441281016085578 0.118477405169831 -0.28857051594929 -0.0385463306448972 -0.0258790418170775 -0.178551213135969 0.0813279578260321
0.047208990372279 -0.172553782810149 -0.254958396515094 0.320159914777479 0.308924103258347 -0.344741965755893 0.16715841004134 -0.00615982829882235 0.271549093763648 -0.170769490798489
-0.0397941249067927 -0.07574615651006 -0.0120120597777141 0.469887101962654 0.282939348829141 -0.264544571867175 0.510265675576357 -0.108577320130319 0.0752329289843742 -0.0850564701171684
0.121468506067231 0.0947889770651355 -0.23141280067851 0.453787949568893 0.411062252805506 -0.251381803055466 0.105405645980299 -0.104001196250091 0.214567892371802 -0.152302146982702
-0.108164023205886 -0.0377878465175873 -0.200356362806456 0.143782174567691 0.0226587160295839 0.239408446511939 0.151076806513205 0.376066276060111 -0.126073392404179 0.166218659934367
-0.0101003555637187 -0.216235125175945 -0.243351672599389 0.372027414150553 0.369366392744552 -0.238461684162724 0.195948760171088 -0.0462198062750434 0.254480744484596 -0.164668799593195
0.0210781812503045 0.12090134996262 -0.2691459097052 0.346030056704457 0.265404576677621 -0.167345670718078 0.221891782182421 -0.0784105420508722 0.241931187882826 -0.188650729797862
-0.0249015323080071 0.0298169162564611 -0.183207985199646 0.306057600587349 0.241568260117898 -0.146886940545969 0.199284007524822 0.138320811680919 0.0661301247441296 -0.240866665248929
0.0386285431224206 -0.108117880770214 -0.204250945195209 0.358642992883374 0.242196902742206 -0.258404582428453 0.253749970923542 -0.0676879210953832 -0.051564755167997 -0.370288068380396
0.208598192651041 -0.115581815315944 -0.188199831294216 0.58162689051007 0.188162267001649 -0.274876530435477 0.184846709981703 -0.0533370878626153 -0.0728324211110415 -0.0380002105719072
-0.0168172389362018 -0.225035668725401 -0.245467862169799 0.371055506168675 0.366850361610785 -0.236914710017956 0.215822319005339 -0.0202656939625926 0.250544551705895 -0.180800063927181
-0.0260173613683054 -0.107748925131268 -0.249104397144819 0.292883945816208 0.176259196048626 -0.0638561459134325 0.196309921288723 0.115651631671858 0.175803457847373 -0.142360063243394
-0.025295071896568 0.00282219739862117 -0.19687451101435 0.335009263353575 0.291682225173188 -0.132860421816362 0.243011919739602 0.187014098800413 0.146505347349669 -0.21493835004233
-0.0235651677215443 -0.0777691509940632 -0.120790436304119 0.50660398017591 0.200286664156466 -0.0628789689052313 0.307681899159709 -0.123305867897132 -0.0213510972416445 -0.115642099985979
0.123104527897477 0.0967748437873352 -0.292347149609345 0.377437326974003 0.322075665327648 -0.261991076863002 0.127509016416351 -0.0172655750215649 0.194921230276363 -0.226256461215774
0.0606309821157049 -0.133268197708248 -0.332354736540723 0.398757551350016 0.308118782382066 -0.241040200967668 0.185755589533555 0.0058176260092485 0.192242101274115 -0.207998460713467
0.054301896608416 -0.0203570379183208 -0.177817531816416 0.541765177710928 0.201917953710291 -0.167289524003637 0.396040023498546 -0.12581061322071 -0.0420919499046688 -0.0335363992683126
0.106280855473345 0.0584922848658692 -0.261915436576732 0.458346909753012 0.348725689838011 -0.35757838330012 0.128461116560896 -0.0589385932867867 0.167348872577148 -0.245794376429276
0.0797516134374292 -0.0479188904799897 -0.0433796503236672 0.398041843005346 0.0209515861924693 -0.189929278007137 0.178920942707108 -0.0419910986933506 -0.188436471211717 0.00682916564111675
0.0178831012341647 -0.0694204877454147 -0.198065663057024 0.274972132462496 0.14845693705994 -0.0793696577153819 0.239221538963503 0.0659992563708651 0.128548600827933 -0.124950192429792
-0.083471316816591 0.152864780840981 -0.27954515677557 0.37208677933087 0.172907570444365 -0.273066969683398 0.163224013309937 0.00837094679399443 0.148400185492599 -0.178698984929215
0.0603833212316103 0.139487590274869 -0.253120803999321 0.324932188850058 0.240457779597928 -0.239917976657225 0.320624444882506 -0.0860532943537706 0.306146612391648 -0.18463597964213
0.0303391147990061 -0.0811412379214898 -0.272980245563719 0.383297337406953 0.255695099708095 -0.315427772958807 0.0913505153927155 -0.000796291723529803 0.169927940194205 -0.218187209134672
-0.137840440634663 0.131182708409524 -0.22722317325079 -0.00757155184991248 -0.00284189924866746 -0.0306434960311412 0.111931619469853 0.334547493257284 -0.0972717354211645 0.261825895844235
0.0722873171279131 -0.0959962733811756 -0.177867141579952 0.299606380279313 0.21864253123629 -0.134299041581101 0.305921570014954 0.0515904556286509 0.201217934805528 -0.177891740656624
0.0960055374728579 0.0215749300970759 0.100293428862824 0.371802254992533 0.155381885693264 -0.246482069276784 0.0683515076529998 -0.108202382676704 -0.107931096157657 0.187442178589817
-0.0333374851701586 0.0823353663751288 -0.287739165078889 0.335409289194797 0.191988543508662 -0.141625375922939 0.278415307270431 -0.0932343624955948 0.300072711401422 -0.138359936565668
0.0923601206665991 0.00731713248225216 0.0420188456316162 0.438023414230238 0.0837310520744918 -0.276835714435687 0.0888687813993612 -0.109710189690874 -0.088921178231348 0.161341980955955
-0.0926803078622857 -0.103800470951988 -0.260715713295224 0.379452627142211 0.277530711046555 -0.259593890068725 0.216094485086101 -0.0274233511449652 0.289385541391591 -0.194977688597824
-0.0110693301688527 -0.216301660200425 -0.0390533691140783 0.521706892062763 0.217560694772997 -0.250362545892567 0.347281541114415 -0.103852735969412 -0.194047149606015 0.0522098137487526
-0.0586774395544247 -0.087498231948878 -0.265188808907458 0.40336818119071 0.254075222445776 -0.257534510514171 0.241621834063583 -0.00347731474281527 0.279294946260795 -0.223770961876657
0.163183968026408 -0.0795603425053558 -0.0334234816011511 0.530568135023587 0.0224984451133046 -0.287975653069882 0.220647069135277 -0.0613202050499676 0.00607418292652066 -0.0965475333999558
-0.0165386909760194 0.129141667227573 -0.189066743018797 0.362167840041797 0.270654807347418 -0.163847612994361 0.207144731968649 -0.044757971772336 0.181393981497295 -0.170292699962533
0.0274459064246526 -0.00473294163079881 -0.140077408079895 0.539785742446392 0.227211745661054 -0.152232511500377 0.403141153039741 -0.105486710694004 -0.0905918619303907 -0.0760375838877435
-0.0102211656740986 -0.047728726301058 -0.110637587248256 0.376286735142256 0.286294035511457 -0.136148382401858 0.26279311298649 0.0398708413047307 0.106261169867504 -0.186164360536541
0.0115906766648455 0.0444533101973103 -0.15426652064977 0.545542622981873 0.145177355677864 -0.133110128458538 0.418410346815018 -0.155482250415124 0.0514803689197151 -0.0866051965024703
-0.0539066691701126 -0.0990471882507839 -0.291725186531725 0.366382193882868 0.264879196961567 -0.245160635958109 0.248552827856582 0.0170246857836882 0.273207879133333 -0.23282648234435
-0.0386959929099721 0.0394356620060226 -0.199081400562144 0.301634643023419 0.253335575704759 -0.140411169535934 0.228001996128871 0.110842046020552 0.114248896909129 -0.255554124748341
0.0101059351223033 -0.195369267788532 -0.225184440031192 0.38932854827962 0.2916754677115 -0.251345575590828 0.222046181173593 -0.0168342806403535 0.252823183001214 -0.259521241818756
0.123650351678479 0.0178801394269324 0.0560847271835051 0.370701364572479 0.133438680689161 -0.27151265716844 0.0622126459257039 -0.12700152455723 -0.0775981953363632 0.210895589384145
0.188089282066917 -0.0547980391870417 0.0529943971789342 0.390691763663644 0.148108154650305 -0.231131694754929 0.113809090984755 -0.101445890384734 -0.107818694931675 0.184864318018448
-0.00858847747630947 -0.119234303313344 -0.270377691320616 0.340120098851322 0.297488807262354 -0.336088753098565 0.206604430353226 -0.00368712909976291 0.226846991303765 -0.199292884735592
-0.0676228706478144 -0.25226806740762 -0.0023646749885896 0.507282278458419 0.187643433184521 -0.241847510976352 0.351580631507625 -0.066013451448103 -0.119711686786443 0.0346354044610246
-0.0302039516068572 -0.129164490492717 -0.289481824612109 0.367931773763244 0.327946190887523 -0.310399169371578 0.0743835845519527 -0.0646308426310406 0.14765470047531 -0.255706473742523
-0.0612757451356881 0.0459598173130768 -0.234301575281861 0.328673936096694 0.260138123344294 -0.131589220192292 0.205230271868693 0.114742555451306 0.156040936942602 -0.20733882317721
0.0593407793939316 0.0385136633660093 -0.142249308383502 0.500389939207829 0.145222452272663 -0.132068885598618 0.304623181546465 -0.147286846195227 -0.0462582657215095 -0.162094300193838
-0.0200738307219164 -0.0712810749028229 -0.125720158390818 0.353968448196385 0.251607958780676 -0.144092868826496 0.25923178215492 0.024706170510053 0.104657606328027 -0.207159343817268
0.169666877831839 -0.0786242103073603 -0.0352860966981481 0.51306223432132 0.0451644086738552 -0.29523882048763 0.220824161221043 -0.0584989106438938 0.0188989042195422 -0.0958049906216814
0.110639680164319 0.0782398104818719 0.0972098362608555 0.469182421746542 0.130338938467806 -0.26045284254945 0.105907042924125 -0.0792682834142119 -0.0947368487101251 0.132476962201286
-0.0741968938170599 -0.204904849480902 0.0038275760981943 0.553339486999837 0.175895475353758 -0.254394001274057 0.356394213624648 -0.138094235165068 -0.128308893791716 0.0791767277333194
-0.0570255534827521 -0.127457833122974 -0.275455073806088 0.371653565386852 0.285929372283906 -0.307439591215703 0.210230495415226 -0.0264665098611023 0.270682807868993 -0.224062052994025
0.0817676811111793 0.116759135859751 -0.298569865863601 0.386305693679529 0.330357181612073 -0.301570338013643 0.091923546287356 -0.0754690772728707 0.238336922423138 -0.262047058107632
0.160502621571363 -0.12835600816644 -0.141801911669608 0.468564415457337 0.132112957472327 -0.3269624999503 0.114233270108315 -0.00568943235509137 -0.107060092391 -0.0141036380039294
-0.0811960538256167 0.133421203987556 -0.353477815606465 -0.13042982720355 0.0168617882389007 -0.0261719877367046 0.256535954571908 0.409414954728446 -0.0779259895861142 0.121716940515888
-0.0800326669158428 -0.0897584334543361 -0.12110165696266 0.366989390329504 0.273435108543724 -0.120286678290909 0.166970545448734 0.0340640540531513 0.168267180869808 -0.00462172920134219
0.113543880212411 -0.162929809863972 -0.246528573452511 0.211741869988071 0.246104039000895 -0.215375314358679 0.340748294836315 -0.0265265008720054 -0.0332856979562207 -0.369735651652307
-0.00548954491823716 -0.155241652638464 0.0674009672313702 0.542986053491474 0.160183729194125 -0.227273881922924 0.320558252232751 -0.112776935724522 -0.113025501022782 -0.109862657241546
0.107397142132864 0.0111648602951183 -0.173814070671963 0.544526487260693 0.164075746732137 -0.164021868309286 0.268574301763883 -0.15104998084502 0.0379968806788259 -0.169914006328748
-0.0908414776884026 -0.0587320172437244 -0.00970778409476894 0.482217200576156 0.242812571632233 -0.232378616382146 0.498825319198267 -0.119837227568484 0.0149340495463749 -0.0282149958398272
0.0765782641362664 -0.113291601812292 -0.216832629811787 0.236371428106741 0.207934135047373 -0.256981446227575 0.347089612037052 -0.0654489017489215 -0.0333848651974204 -0.389428506589196
0.0825490271045539 0.0262994614028628 -0.158500909576784 0.56349166485268 0.214918716350828 -0.154937900423667 0.312243271876386 -0.149400747628253 0.0173429343440879 -0.106378885267737
-0.0753900429679135 0.179169810257752 -0.0311773545172495 -0.0632841331825625 -0.258413941665252 0.238908066095487 0.226948606200572 0.245746830343662 -0.303428063106908 0.187876595355006
-0.0697467855918073 0.0998817463414563 -0.192536258582369 -0.0976280140056666 0.0422491459031563 0.0662669945596387 0.246586011619879 0.302592678139138 -0.0788312830399771 0.17805465927599
-0.198554753440603 -0.0464760311049057 -0.250368311564555 0.194836408219334 0.0654091090575951 0.217350768190007 0.163257475758302 0.342771625574033 -0.112018019057105 0.182423970972392
0.132427832839235 -0.0387886232588237 0.0681657706106802 0.252225500460248 0.037460559931872 -0.131048472824885 0.109888583446014 -0.04065405169351 -0.174874274547769 0.229300217283831
0.000285755050599044 0.157125078510883 -0.148476249105121 -0.0650612529049295 0.0274292247406075 0.123807127114864 0.14830792452524 0.280301832596262 -0.0872799365089954 0.211107444262012
0.22052046804209 0.0618819665686665 0.0933003120096473 0.430437339341856 0.157587269250202 -0.337993701014105 0.124931115838307 -0.0886842736249433 -0.102000497351826 0.114776724543429
-0.0709803087386678 0.0961388002524352 -0.217622353246774 -0.143387706859502 -0.0588747432490207 0.0106119839953177 0.21657868142337 0.313194610863152 -0.161983355703745 0.241976211914695
0.0285308818411763 -0.0450980208421178 -0.244013926525579 0.341965123419686 0.127597697762797 -0.055508966908264 0.199011222652303 -0.00137776922983909 0.097687197356624 -0.203705431448664
0.234917909170911 0.0943729666318268 0.0524396694946185 0.480124483708351 0.174483711340725 -0.302521832889695 0.0941662189277721 -0.0479872388486368 -0.156643659069023 0.12289553225941
-0.00567205075038678 0.159846504315147 -0.160870024338285 -0.0632109488753579 0.027948468237016 0.12110350186342 0.143264061647736 0.26801062540636 -0.0931682685234134 0.212717700427875
-0.227710556505057 -0.095245628343028 -0.287086663519821 0.185154467744229 -0.0212913801291119 0.259180216574625 0.239951137608346 0.333106484557979 -0.0694203631929143 0.0984458270499807
-0.205435325999745 -0.0719822467547768 0.146004111300034 0.309204065286792 0.387607498554917 -0.0597718211769941 0.416936950132628 -0.0849471561288536 0.021281158876568 -0.088794357674432
-0.190474625105017 -0.0688180718193624 -0.242615131503 0.221721499190326 0.0683383932586715 0.182349585681097 0.138967561553485 0.352370169761447 -0.0657666827628227 0.175086855027722
-0.133121557888575 0.138956864712569 0.0103953798539438 0.0348143520814461 -0.178185041978228 0.157335158112031 0.239552347073719 0.218726545488421 -0.256657884830655 0.0811636805986446
-0.110017580236435 0.049803018356365 0.120973839207979 0.0592118122709733 -0.306446015113026 0.259717234639253 0.229248546536706 0.290133000856219 -0.292603201253597 0.178682420662261
0.194081676347118 -0.0200471945285169 0.105055884724479 0.445932654867324 0.0327665000054336 -0.259239267052811 -0.0404173961500599 -0.109772522013409 -0.11540168435934 0.0880248109691347
-0.155448915010257 0.112174650200076 0.082786640151909 0.00342340640854326 -0.189105199433567 0.211481325306358 0.255934031977422 0.271020949636211 -0.306778490397377 0.0720542822686213
-0.119980491162029 0.142757286885987 -0.234205081425162 -0.1065653876563 -0.0789114889616095 0.0247727007659596 0.255246228591244 0.299773484328932 -0.154859951429773 0.164413872779765
-0.173412309221253 0.0702519745682925 0.0652175693191933 -0.00684686450734752 -0.172377840596472 0.247551538486228 0.241287754888139 0.28007976035998 -0.273690475224136 0.0543288442230485
-0.140104897503015 0.143579226760753 -0.255854481609795 -0.086723838560271 -0.0593028378990006 0.0400355030849282 0.212482935084084 0.314395565208822 -0.154856281469663 0.192212449801085
-0.119132688890549 0.124844595394612 -0.318709530429122 -0.0552449730082544 0.0488278456760566 0.006355929473567 0.290034105071561 0.219306459725964 -0.177015969294624 0.171845381646855
-0.0309311867147207 0.12972208846361 -0.121905120125221 -0.0177482679735781 0.0273417627378041 -0.0386071455149046 0.193847728414863 0.25746515360282 -0.104022202621514 0.284291788498242
0.000342637760107451 0.0743295298288867 -0.199599607248675 0.297180200888795 0.235497692041836 -0.160019251557123 0.206260959341051 0.00742805915965486 0.309739196122528 -0.188883931304228
-0.0895598866431351 0.111413509964165 -0.196684925118156 -0.102872364736298 0.0520511054305541 0.0559401898790272 0.246337043565887 0.295449639864373 -0.0884768081334244 0.17017240512823
0.140206370910349 -0.0409213021350144 -0.00916246368613459 0.520242892165176 0.0574772123360826 -0.283683310761014 0.242271830986542 -0.0454542033158311 0.0111463427789795 -0.0922039226392242
0.153119005134828 0.0156768245418918 0.0635786338282154 0.350761627835197 0.152853195802167 -0.193296567360156 0.119532256219864 -0.11581085440487 -0.106901450215104 0.228861148345042
-0.0294016069216456 0.0538267396503119 -0.165107016335279 0.319686792168239 0.234786279266664 -0.156703686408967 0.197212034486641 0.163854232945287 0.145253593055122 -0.172923802080661
0.061853057029294 -0.0678883826841942 -0.164923383988101 0.28930211154141 0.220223485322292 -0.137375936580908 0.283202231409368 0.0365896432278533 0.200972771327346 -0.169009133213006
-0.0275242222756994 -0.236848573320943 -0.0316135056617537 0.515506486968951 0.223525947128731 -0.225690899482038 0.335293322980237 -0.113898660794606 -0.153934119868172 0.0193931994082383
-0.00173186743842354 -0.225048364850698 0.00574770730263889 0.51389599616487 0.228357942549437 -0.247905938004796 0.347831016850496 -0.11910022452308 -0.175674861847786 0.0414607464021512
-0.0564382894789674 -0.132153912138421 0.0419582998615283 0.43491785401543 0.245599960434516 -0.0387793909456662 0.503783486354294 -0.219572262474067 0.116399408727232 -0.139381134648754
-0.0062816450298862 0.0634630257528939 -0.191106772178915 0.382274807665011 0.228055174409694 -0.158492032905303 0.162607957236777 0.193339552103952 0.144609266644612 -0.18712471621688
0.167692049652403 -0.0606366703056414 -0.0189394505285091 0.51314843392009 0.0580088129537569 -0.278955611942767 0.209366346391718 -0.0771914500101645 0.0211704247617231 -0.0941821661828936
-0.0590552552931289 -0.244305797813387 0.15155934194564 0.45746410855917 0.27827995723761 -0.0282193729431523 0.445132294856596 -0.210748851253869 0.105029842268398 -0.137066258183767
-0.0558673049245973 0.12265019134915 -0.235826084863963 0.39907371958167 0.320354852094961 -0.167078741392764 0.219868767179386 -0.0181857065232845 0.229710516316006 -0.218918902837146
-0.0691366478213526 -0.208906671539332 -0.00818490826235113 0.503387063601347 0.220153959426358 -0.257226459268041 0.400749446858802 -0.0934605269201739 -0.121236341583168 0.0273595265031053
-0.0762497148346834 0.127732274839386 -0.210772645001109 0.410741333788068 0.227424535817582 -0.279647380844429 0.146988768297751 0.0214716325914014 0.118488837802539 -0.164957448456866
0.00348323257093795 0.0973672040643215 -0.228318665258069 0.494694948678209 0.371726902657711 -0.265864123074648 0.14429837278921 -0.159189039349194 0.180541745898193 -0.158749801238661
0.0185912925831148 -0.130047349794298 -0.18397828784117 0.392557490079522 0.40938412144829 -0.351184179220228 0.126158562130818 -0.0765467112601469 0.223473402899967 -0.25575733591969
0.0496197597537143 -0.000978898191828417 -0.144002146506047 0.537872488253018 0.209706565844824 -0.108150094577693 0.406088850378117 -0.102671389356771 -0.0852322762403372 -0.0758523923312751
0.0610924162271382 -0.11220020150733 0.0249047388558022 0.466618467475375 0.0237858455727839 -0.234237861668311 0.173024557738898 -0.0320735650037464 -0.163861217064858 -0.101390836095795
0.14663324041094 -0.034916141275687 0.175131759946034 0.378301102329947 0.195309832444519 -0.139294843484327 0.0922414554963112 -0.0191776405920621 -0.135067676271107 0.136303398055824
-0.118702091183126 0.211521279413649 -0.170419477326991 -0.0707511938727935 -0.16963231014223 0.0380775579812714 0.123908907206772 0.391206533262711 -0.20134700243703 0.138402256974612
-0.0487664223069174 0.147732121460306 -0.221081001139325 0.380503167320801 0.227113592339488 -0.159729679708043 0.243908462276808 -0.201943797656908 0.301858370925725 -0.103222785428443
-0.045310697408145 -0.0746494098427959 0.203186306997407 0.372908129967296 0.311764942595746 -0.133181984669285 0.419661346015327 -0.0962053753923429 0.0126645065362341 -0.0634115053305108
-0.116055478103617 0.0688360612986943 -0.300724447630179 -0.142143891978445 -0.0231969282663611 -0.0756637500803916 0.257052020590862 0.341821263613552 -0.24216029205953 0.244944504111668
-0.101307307616348 0.165125001773391 -0.27953157180075 0.362233697732637 0.249387440306868 -0.132587458942221 0.225891684293433 -0.0890532289100512 0.306382220756307 -0.0580257672198925
0.0284138448595234 -0.121348405499568 -0.280342042041615 0.380369017451554 0.321074130448092 -0.273664969178699 0.191992864588181 -0.0635204744350376 0.144915083403731 -0.253364764928323
-0.0776008396047643 -0.108005565994969 -0.165710593376604 0.354867772792475 0.308046051458359 -0.0884882221884344 0.18024300262311 0.105948261907094 0.164036411325442 -0.0343850381062048
0.0171934102045093 -0.124913327100535 -0.332097781588957 0.389102032336779 0.350561750584219 -0.245904601413469 0.183504070639663 -0.0581206223165967 0.104673778701534 -0.236500678910566
-0.0895031894167895 -0.0368697337073386 -0.0386720509876887 0.479906407687784 0.29007737796136 -0.32215755209532 0.503065595404887 -0.154344038142162 0.054118009211831 0.0584281999486321
-0.00553739875973489 -0.115813087042965 -0.298438662615426 0.375253074826085 0.365038915934302 -0.316480649844479 0.156382436811682 -0.0261228153952783 0.123434372079 -0.271886340175391
-0.0471043223740879 0.107924822275608 -0.198713725273196 0.416431048572785 0.265123929006436 -0.201437031337162 0.282991499395228 -0.0240752685010881 0.237070397543255 -0.160288982281343
-0.0604364658374711 -0.221624438081927 0.00753332535923309 0.561754655679462 0.234021345010587 -0.229013086066171 0.2461016568225 -0.0713297771918171 -0.1022404202304 -0.180112017527637
-0.0671990680797217 -0.123218857159394 0.0118511366755634 0.431120287611409 0.253823618239196 -0.257287179753512 0.537695798879899 -0.110306637928688 0.0709421140342028 -0.0825654324437609
0.146724814833548 -0.111749605850668 -0.0601001486958443 0.485637232269994 0.215228766106724 -0.0759141062436652 0.15181653158776 -0.0491705354684195 -0.107511312231025 -0.0574628422373805
-0.0666328590977995 -0.175041194345105 -0.0378982305288299 0.626072804256212 0.25995506763045 -0.215342917066094 0.266249891679617 -0.0839738446856691 -0.123709325487398 -0.143251873601083
-0.168000134973227 0.235085148837374 -0.303458443717947 0.408069188759034 0.3090177547108 -0.14621472081514 0.166848010658388 -0.0994100324457151 0.218420814651987 -0.0598999436301578
-0.0671990680797217 -0.123218857159394 0.0118511366755634 0.431120287611409 0.253823618239196 -0.257287179753512 0.537695798879899 -0.110306637928688 0.0709421140342028 -0.0825654324437609
-0.161677890243809 0.210951623469592 -0.32511649304592 0.352749106718753 0.279750732732838 -0.168078956876756 0.240937387803229 -0.108041854832833 0.303466746647798 -0.104721278614653
0.0354076103781331 -0.171557030781155 0.0504698256501069 0.641768862504262 0.282450782281325 -0.218920812801155 0.245076639390433 -0.0604425784694979 -0.0679757164993109 -0.163233023821868
-0.0363058343433904 -0.0921757728771623 -0.257355132732568 0.365462581311081 0.357736028532127 -0.298903567116051 0.214312723474502 -0.00833684183130388 0.129884843217138 -0.282638356228572
0.0120424428758457 -0.147739375956542 -0.305318025803821 0.348239951947814 0.32556895458051 -0.324866489449959 0.18062181978659 -0.080962967035896 0.210925419033231 -0.20256453339061
-0.153653841608434 -0.0232411226815119 -0.268467547868124 0.101098010711613 -0.027233352381423 0.260893345182312 0.161936429474783 0.333657794009976 -0.0350417510305868 0.208058564392043
-0.0145503438033459 -0.0656258439402892 -0.286417615589824 0.376937383750032 0.317791397439473 -0.291556366629926 0.196041095947872 -0.0103636898299379 0.233620761428243 -0.176707389416041
-0.030966856483735 0.0793920374819775 -0.187472328926813 0.401104287342542 0.236504090557385 -0.173265131616751 0.153173570779533 0.117570570648989 0.11356759351142 -0.23630720998911
0.12179770184742 0.0662623965773753 0.113334666564173 0.431898537970686 0.112363629372257 -0.240510171390179 0.131961343876189 -0.08891424988016 -0.111067703785463 0.158266907114527
-0.00348188992160715 -0.109267277711153 -0.132487171917803 0.364141816081965 0.282190950982537 -0.122533065876555 0.238697895012098 0.0416216061843235 0.108231999880827 -0.185353135684937
0.198179782205285 -0.143379119380324 -0.14284099530906 0.538766745199979 0.149536680921518 -0.338536512232537 0.106587294564738 -0.0340311142943322 -0.0450620835869246 -0.0284600605414387
0.00588290560652739 0.0557786633858475 -0.210492739064262 0.477532515292029 0.389169696551694 -0.262166663686148 0.14764068218091 -0.142763927632218 0.184688261880515 -0.106994459813452
-0.00173186743842354 -0.225048364850698 0.00574770730263889 0.51389599616487 0.228357942549437 -0.247905938004796 0.347831016850496 -0.11910022452308 -0.175674861847786 0.0414607464021512
0.0686108241894634 -3.18904252272767e-05 -0.15944104914598 0.518693313808732 0.155960186834167 -0.120569384600182 0.274669141957149 -0.104179479969746 -0.0564852030098367 -0.143233414815037
0.00499130382125062 -0.12548725885362 -0.24595958039064 0.407662202544965 0.210301468317118 -0.247220178061255 0.112238979801146 -0.0418004153815005 0.158842987064977 -0.0407926446878296
0.234163458258049 -0.138184031481864 -0.154339497463498 0.512840277122957 0.141559758121849 -0.339491015008767 0.085745801264129 -0.0346641883168146 -0.0712383491867223 -0.0488860843390141
0.208886648165625 -0.14273531934531 -0.153412772393691 0.530402708633886 0.152315673118994 -0.336844518149171 0.0805117712256543 -0.0388823577105795 -0.0891650958946407 -0.0801303609450391
0.0208975863200352 -0.0744418427830153 -0.228190326266277 0.395417512803118 0.249246730073889 -0.304317157018346 0.168493713011534 -0.011485350623959 0.173335794388322 -0.226874167789719
0.0174675794749425 -0.033144616367941 -0.195675493726652 0.30976657113226 0.19703336576086 -0.0900804507399046 0.217757151507438 0.0400210063542759 0.142108247185789 -0.152434801364727
0.020346636614499 -0.182649118200218 -0.247839871984301 0.395749534657793 0.247390311709249 -0.266236675667323 0.203609029101358 -0.0452109311192627 0.221714235989549 -0.254194525582556
0.0764388796158842 0.0461437913315274 -0.177515079894323 0.287232695053023 0.289451622492855 -0.15893200971041 0.281724102447517 0.0769349779671479 0.114464737739492 -0.200010985152547
0.0285023913080852 -0.145439426939024 -0.330352295013284 0.393510599270152 0.266369047708554 -0.251859141988348 0.158383721767601 0.0189320831171152 0.199658327087247 -0.190984928976263
-0.0839841716071565 -0.125075596130995 -0.249899778965397 0.292444409891536 0.181523529453496 -0.0459719293200385 0.221902342152097 0.104433033077002 0.15639537493271 -0.166169165080902
-0.0704917046119427 -0.145256403940526 -0.281884485478926 0.288790581658054 0.152664229302534 -0.0642508676498499 0.210734660062635 0.0954760045084977 0.171189252868713 -0.177676893002303
-0.0179517110140469 -0.167397173833735 -0.238447552266551 0.415526880449223 0.24890721132561 -0.250316136762208 0.246835202455935 -0.0751857734604609 0.184556426084233 -0.21437929411491
0.062443260518802 0.174140889262728 -0.317273910542037 0.327969073133165 0.296016777396646 -0.194577719483029 0.298857807433564 -0.062963570015978 0.237009684352662 -0.176414441129136
0.0955123982962164 -0.155260324270021 0.0483808624357596 0.524000464251852 0.324199729682239 -0.225077706825475 0.319243624391074 -0.0631838455359067 0.057841898701134 -0.0336995771153416
0.221308519969465 -0.0926848045201688 -0.132628070669916 0.617024293812064 0.180858347217168 -0.331043625899201 0.100878270367439 -0.075594342848928 -0.0563972736229121 0.00205233830026919
0.0438342732144973 0.0474337241844593 -0.19500807652017 0.33045211260947 0.298193091663488 -0.0978928049132944 0.287481309951048 0.0817592967581349 0.130924339626223 -0.206458769124322
-0.032260115556066 -0.0669937747093297 -0.11735189868872 0.513236138814559 0.190067982894884 -0.0908686989194146 0.283886114483289 -0.104440350614848 -0.00334035569665663 -0.122559321759719
-0.197486141024066 0.15049445842525 0.0611535774920173 0.0953371649551725 -0.224877493451141 0.25124952738353 0.239905400098086 0.32984057720868 -0.248402877517339 0.066024940496586
0.00298519421135701 -0.00319656442686734 -0.262129910311631 0.359323937293348 0.103572467956277 -0.0292962528263421 0.257711257419017 0.0637261759064709 0.146487107534973 -0.181584939140265
-0.142637224934943 0.112204672076653 -0.251399733485173 -0.0394980598464028 -0.0637862521708522 0.0421506520781892 0.267623632977759 0.343373464797808 -0.173668735824439 0.239572446884367
-0.154914839689781 0.146295614084277 -0.231500655932195 -0.0863339346878593 -0.0634034512358963 0.0431364133475089 0.222210966052522 0.326219406451089 -0.146231935779482 0.183736331995098
-0.165218097398863 0.105271390762991 0.0583760256105984 0.0613808791966196 -0.276069934805045 0.236167322354535 0.224493794242459 0.338713979808273 -0.219012042117916 0.0907456778507143
-0.229572415365938 -0.0614168510155995 -0.130654183516815 0.0765879584020344 0.0110817194239493 0.169835956650158 0.232592678827165 0.32178230775146 -0.117799001176349 0.207657605119557
0.018042224618048 0.149834422138813 -0.154877564601617 -0.0718955036007266 0.0340415773594244 0.108992354578692 0.129796481230589 0.277834231131749 -0.116661326370407 0.216204460311587
0.234917909170911 0.0943729666318268 0.0524396694946185 0.480124483708351 0.174483711340725 -0.302521832889695 0.0941662189277721 -0.0479872388486368 -0.156643659069023 0.12289553225941
0.15610922538006 0.0837652782147674 0.199483730645535 0.35062374605161 0.122173353311147 -0.244225743652092 0.145723093500504 -0.0267688414432786 -0.146978343700923 0.141606845236032
-0.144632250518475 0.147670176307051 0.0138612650988317 0.042495016300942 -0.165082373601123 0.151183597190809 0.258336252127854 0.223481263762212 -0.242922729236607 0.0791796004980693
0.0592040796409237 0.204993291196222 -0.220791958742997 0.278727772363094 0.279464341387181 -0.202048045448559 0.13882296075072 -0.107286633688519 0.263036631463583 -0.16809203092656
-0.101678111652484 0.120546978206522 -0.242354676297473 -0.172346673380376 0.000597848869896837 0.0545068124518088 0.222401219923802 0.269104506742725 -0.182665095261402 0.241092098687325
0.204535673390306 -0.0163510193239422 0.114284638742241 0.478682854794549 0.190036315256755 -0.287466321986868 0.110135672366494 -0.0700529530765613 -0.125021137893453 0.123178017791936
-0.037360449541358 0.172923137636132 -0.257714775919173 0.329031654408209 0.248216136369947 -0.28163851059632 0.161948456646867 -0.00677600039034461 0.235655077953625 -0.243164688071073
-0.0308982760188708 0.0265374293011388 -0.230317581488311 0.365128217237661 0.226951406436171 -0.130827383331623 0.169766942601872 0.0156451929614684 0.091453904473088 -0.24412823292668
0.130541889382391 0.00880253428420551 0.025241958842018 0.312889115262228 0.165183942697585 -0.2800947730608 0.0155797692798594 -0.138764416016671 -0.115423471927015 0.139623979611823
0.0868770142705152 0.0496921414111541 -0.306120256531457 0.437399028467336 0.387601394337874 -0.23300354964098 0.0691556109726855 0.0154993437436605 0.179887197549778 -0.0974126464248786
-0.155224463777103 0.136557430006377 -0.245896179639105 -0.0874181258802476 0.0695846006855203 -0.048841050326596 0.128945734270618 0.342714749024454 -0.0957741503723136 0.200239415270434
0.0633893683384707 0.0911216359792788 -0.181895490879219 0.390077929428635 0.21120637558709 -0.18583439928491 0.241599116547581 -0.0601036528612832 0.276300778354065 -0.137800791212538
0.189996635434159 0.067381958659177 0.235392505269732 0.366240899474674 0.159680647024357 -0.149410278390429 0.103515550149142 -0.073332359124426 -0.228349968478187 0.0520922983245281
0.119180904532228 -0.127517193241075 -0.326543580851205 0.268625858059216 0.21977578146593 -0.110450778630425 0.435862802025571 -0.250587005885167 0.1135003600708 0.170068162608797
0.0760900881638119 -0.081185730871519 -0.0555128375297506 0.449040639249661 0.0802958512194838 -0.0860017732404548 0.110732064677653 -0.0276835741420604 -0.125130623593906 0.0239268150145551
0.213726313552861 0.00600992508144606 0.155714513380324 0.342486225359022 0.148616707196351 -0.114352150427606 0.162813176647459 -0.108656163117437 -0.248723959909212 0.143167288260217
0.0760900881638119 -0.081185730871519 -0.0555128375297506 0.449040639249661 0.0802958512194838 -0.0860017732404548 0.110732064677653 -0.0276835741420604 -0.125130623593906 0.0239268150145551
-0.0967334128912028 0.0749921612203804 -0.240397640731244 0.331158434366225 0.222358139438973 -0.110750649931517 0.142362517326347 -0.0816399791335359 0.272694226378224 -0.106890000109056
-0.0078572647474978 0.0768958346939865 -0.231988884938455 0.471334786003126 0.257071100446448 -0.23206170767544 0.314600356522894 -0.0168463592068249 0.196755563485177 -0.169670936773721
-0.135242574951334 -0.0560281703498577 -0.258812131521128 0.154892504389364 0.0381666968716805 0.334136969251098 0.192670460191586 0.383533255374216 -0.0271765003483439 0.155936508532565
-0.086953714363979 0.0571067774949192 -0.262764669234528 0.343809610585775 0.195491823867661 -0.146630673846807 0.138931221009359 -0.082217035251688 0.191012395615271 -0.142429654154176
-0.0102487449668024 0.133572343356744 -0.177754267026297 0.406767068916939 0.316017832589575 -0.208471646885808 0.319706641325481 -0.0167259356512076 0.20959807989965 -0.128356317478786
0.0801672700377659 -0.0240520890904424 -0.0392858475109283 0.518778264591129 0.239692218409188 -0.281828322094652 0.299306560790037 -0.107462915855555 -0.00785433361008191 -0.124121361862116
0.147617445651448 0.00925663151491049 -0.0487820827281245 0.519312792856912 0.307813798440123 -0.244887515096312 0.30499205239927 -0.0807907963189056 -0.0438366611169226 -0.114822207583795
-0.0517962459432414 0.0596049175079823 -0.181837513666224 0.458072942838961 0.218928053267485 -0.230923071941669 0.154373177111357 -0.110032468572193 0.228568601614219 -0.194452950423949
-0.0447898425812367 -0.0265816919444605 0.13623278778565 0.458564589141539 0.188292229817352 -0.107606924360401 0.510011050929295 -0.162762069292881 0.0621792729250583 -0.0765254455727008
0.149412247088163 -0.0697522425980706 0.0927683918019517 0.369025975187393 0.100715726955205 -0.191318382837077 0.131686050995163 -0.120111159482721 -0.112406544426197 0.194373152842846
-0.0692384965483648 -0.0651541536994352 -0.258023287398388 0.30412004433215 0.2901744751573 -0.223339470877941 0.24523410309691 -0.00761849391490205 0.29733394475455 -0.216029600772181
0.111660864545527 0.0264573248683265 0.0339255694346271 0.415498996728356 0.131598866797497 -0.241242643063703 0.0504016968915891 -0.116918089427628 -0.114182200360753 0.198620712668534
-0.0314761351820347 -0.105827227157949 -0.244762957393978 0.365578789358386 0.320524816340628 -0.2599570885668 0.203573628305744 -0.0161236218111143 0.247587821682551 -0.248348173659715
0.111524840700166 0.00194557355746319 0.103887402006959 0.372464979352871 0.144865633893559 -0.26402344679864 0.0672590320707594 -0.103120252166364 -0.10723267120945 0.214965718176566
0.169252938363395 -0.025973651913818 0.0291061641174153 0.544295024810586 0.0617781424464531 -0.34040097992615 0.215134342141328 -0.0587147543632476 -0.011908473269752 -0.107901854871901
-0.0062816450298862 0.0634630257528939 -0.191106772178915 0.382274807665011 0.228055174409694 -0.158492032905303 0.162607957236777 0.193339552103952 0.144609266644612 -0.18712471621688
-0.158989049350454 -0.0186461171949784 -0.209037245474794 0.131462334445265 -0.00399598138434655 0.144744472006827 0.136737790764012 0.279338826654691 -0.0140821143649899 0.0979448061529501
-0.0909582007324484 0.00853706733176078 0.0866407731897161 0.0691857174872431 -0.274511064021852 0.262074400268035 0.244597239293676 0.345396977669595 -0.246161846697884 0.209738492478664
-0.193322667428053 -0.0677383017352749 -0.237888915951227 0.220097636480455 0.0870460901001839 0.176113707434674 0.147940931775024 0.361197434949117 -0.0593275623273275 0.177124775388307
0.20325062824248 -0.0293458581451534 0.0820204528561668 0.444270818749325 0.0560077848825526 -0.253580662311293 -0.0578714696991885 -0.104099221615437 -0.122094473145476 0.0940143737898252
-0.121244864613279 0.153792335516159 -0.233428887797739 -0.113625880765983 -0.0906539500154553 0.0383960404332415 0.241899664149406 0.290166667691041 -0.16922567689629 0.158253616354656
-0.0392871845003639 -0.0810263448658331 -0.233995806274967 0.395786315549857 0.258983666523838 -0.138488334114811 0.024092620594935 0.0699663734006433 0.136079347192748 -0.0764067969118648
-0.130707160266086 0.170080202566413 0.124594654538441 0.151366158585754 -0.342314967911762 0.199485589736366 0.230179841975168 0.245773219862168 -0.236645877762762 0.0360975671011877
-0.135289270147198 0.0994039217150474 -0.261973485513677 -0.0618834310205338 -0.0799138957834292 0.0496408653673788 0.214859724645565 0.340848445959159 -0.155267044559001 0.197788972556369
